150.8000030517578,150.89999389648438,5.400000095367432,4.5
150.4551118695805,150.70994868337777,5.401271200900757,4.503067908570535
150.99863085151517,151.25255088159716,5.404927142178928,4.50855741727931
152.0875010886016,151.1750073952709,5.410602028862851,4.507686149870621
152.32009698255212,151.17645196098928,5.413505115679801,4.5047970184338695
151.77136618000668,151.2542901116906,5.418758400071085,4.505150477131141
152.62659307827153,151.4115100473545,5.425584728272472,4.5029433557544465
152.54642382570466,151.5679784029938,5.429737330179519,4.502378450929221
153.01306828772215,152.19425712042306,5.433892797233598,4.499746870856084
153.79180144525088,151.9617111828815,5.439048980785511,4.496051996356393
153.71028739813278,151.8071475722005,5.445795082596509,4.492615232867984
154.02094983247855,151.80736201832948,5.449791565730775,4.49218634061004
154.64378597083186,151.88516510606257,5.455198560797493,4.492965074115554
154.71835929730008,152.35618918457715,5.462532582694046,4.489800966084618
154.79333859592933,152.82742326069103,5.469116382472196,4.486587196076625
155.33850606779478,152.59490748918998,5.474923614961261,4.481843520698745
155.10480617238923,153.37919605846284,5.472510257736469,4.4793102089392995
156.12517405168614,153.38092802067194,5.4666168943653695,4.475846284521073
156.20603945493477,153.46116979461198,5.461265838603688,4.471742487376591
156.75316209596718,153.62023653424532,5.460638677724273,4.466071328448592
156.90880031706266,154.63454776791056,5.461621962782786,4.467137088239704
157.45314835898384,154.63403803139323,5.466061315134153,4.468156561274393
156.98233954189158,154.63358198807637,5.470197387281135,4.46906864790813
157.83958563281607,154.71317258042606,5.475282932769349,4.466212711148463
158.2275072611316,154.94956843364062,5.481225873337586,4.462492723038911
158.93158343711087,154.32314731385802,5.4805691902562,4.46422770137997
158.92673481600045,154.94939992480545,5.490266432477046,4.4629734850461436
159.55672060697248,154.9458569584568,5.482575477002397,4.4700594177434185
159.1683242051364,154.94361423088884,5.476710744538834,4.474544872879308
159.8750859717551,154.9406511662827,5.471812206506131,4.480471002091651
160.0320879983489,155.01908189988833,5.470876883358039,4.4801438999001215
160.57741092040777,155.33382228172547,5.475833927862545,4.476721929724261
160.42045014449573,155.80517185199957,5.476684277826574,4.47323639475628
160.7307955512016,155.25929967889854,5.481962782641037,4.469534434062377
161.43438693737056,155.88596541024407,5.483402437211055,4.468311795289453
161.3563660286726,155.6510194152442,5.482928298727748,4.468655917651477
161.98551052905776,156.823090083625,5.476753174843545,4.472228100051419
163.16329876002084,156.2716838987431,5.468333040951949,4.479700850065768
163.3233092770552,156.8170062898269,5.461248859162465,4.484335050875412
162.9353866551968,156.8153281197215,5.454922300520751,4.487691391086227
163.48093825706783,156.65954927520076,5.4585579195529395,4.4864665593350574
163.4805068322864,157.83119301457674,5.459420769115819,4.489590118746385
163.63737583717995,157.20349301463872,5.458665010090301,4.493061115576114
164.02878970765036,157.7493478765949,5.45851504905702,4.49710028353429
164.65381645907325,158.2167352269687,5.461249334599002,4.501916424077452
164.80513329943037,157.90481365655978,5.472052269128429,4.498886334408125
165.5082218847598,157.90845756133515,5.477395253808133,4.491598524857351
165.27072817007925,157.91190110424563,5.481982631161778,4.4847114390363805
165.3465597923203,158.07256637369974,5.487078643976569,4.476899414722044
165.97050972428704,158.62294946769714,5.492869228324517,4.473112368973465
166.9852055656092,159.17521002323554,5.501085237529816,4.465764630431096
167.29458434205952,159.10149819112635,5.509313361222577,4.4564418755010955
166.66414621855728,159.02767807805523,5.516414341613746,4.447360193316645
167.28857506739885,159.03112221050267,5.521027674426752,4.440471928421737
167.362699824698,159.11323145337843,5.529421268407089,4.432896551248846
167.83274233556344,159.353608118572,5.529231045064938,4.422090620056137
168.53528199491407,159.90398326841142,5.532391333910566,4.416637792913697
169.00126954571263,159.9077490844283,5.539002918706589,4.409106160879976
169.7001097393691,159.98718588173656,5.549015302290767,4.406642874140909
169.69670437919163,160.067452463439,5.555826022645722,4.402633479717037
170.16393469026679,160.45962482952058,5.560743635228124,4.401103943164484
170.62980485506856,160.7743286101502,5.568684502378104,4.398150513074268
170.5494728965872,161.40153413488332,5.572661233302051,4.397236951918568
170.9421479479109,161.404230164486,5.5709773266195475,4.391844892713202
171.48398426893468,161.40475030102326,5.5836438743903285,4.390804619638695
171.48253738222004,161.79663064635216,5.586537647819571,4.391028271215626
172.10803652704172,162.4259784251777,5.590297672533844,4.387091027922192
173.12863242124877,162.35002732151966,5.588004356578514,4.3821548912029655
173.20582399828086,162.2736737387401,5.5903442298843595,4.378139029392048
172.8113300218845,162.2762385149237,5.5958644577262024,4.373009477024815
174.06213400046153,162.59281365583686,5.601369754271439,4.366637508623328
174.37399909636855,162.9850094125134,5.604340077910741,4.365621639586921
174.13882101835102,162.6718046788985,5.604584184781285,4.365215041264052
175.31041349451385,163.8462154824865,5.611916235186442,4.366910436818789
174.60231281257958,162.98437833819892,5.6165503507882795,4.365335866401396
175.4629132391174,163.45611817566177,5.621095704629298,4.363172304339345
175.70015291136656,164.08486986017294,5.617377187289644,4.361031141073503
176.55873081843865,164.0859495355488,5.625335945256455,4.358871790321808
176.78960625597583,164.08819865963497,5.634330266033303,4.354373542149447
177.41240217671316,164.16804471284036,5.644572245106334,4.351660663307172
177.32831741232195,164.40754674857564,5.655650311236152,4.343930979794357
177.953238067236,165.11788309726438,5.662886118103217,4.337470038698927
178.5775411901194,165.04203787598698,5.671397816395199,4.332020738246374
178.57377874368106,165.04562129063626,5.678922709271904,4.324853908947856
178.88634408557303,165.12652595881522,5.682506368638213,4.3202231583774555
179.1986319294652,165.20749126489025,5.686561308614861,4.315450203167618
179.1173373986763,165.75708869793982,5.692008807079248,4.316246278861769
180.77331738208858,166.7002721906604,5.682038435115541,4.316730490483935
180.7753606277376,166.77845647722623,5.677951943817527,4.317455429392075
181.25080198247414,167.3265601426232,5.669327469895398,4.320549373407569
181.25327466422448,167.08999818397092,5.664382106394753,4.322787253999794
181.57105157896044,167.08920884459144,5.656520656943121,4.324365932758783
182.12464006394697,167.08847931989155,5.647146119877036,4.325824982158549
183.30092495584373,167.48179381904308,5.645221440528319,4.322744352003799
182.5966277984927,167.87479299655953,5.644145112771104,4.319896353892653
183.22482283962495,167.3251611255303,5.640292678979495,4.323189653537384
183.38090235073625,168.18723517203512,5.641257893871018,4.321224864655227
183.93168082110193,168.10646030124673,5.635514641504022,4.326229793608508
184.6360046855675,168.1837166838137,5.635715721160254,4.3282557849841865
184.78949271124105,168.49708031846626,5.641889369648753,4.327827915350248
185.41340324518785,169.04457206244646,5.647365145275221,4.329479165469857
185.1759319792447,168.65045230000794,5.65198988916282,4.3338557103490345
185.33481098503677,169.59399989673065,5.648060936053245,4.3297348677510215
185.72590840429243,169.67501348450293,5.649803015242853,4.324495075746643
186.5060185247356,170.0692670139803,5.656868074947603,4.319630667087461
187.29208727866984,169.98777388202322,5.652300381721899,4.325859949537279
187.29483375881478,169.9848007057255,5.646807421432021,4.331806302132735
187.61144121281313,170.05992870819315,5.640800606987382,4.338352320585458
188.47457912835077,170.5282816248449,5.639512090178704,4.34254865870009
188.71001211093832,171.151652353644,5.639243334256658,4.3507330924434084
189.33807262165766,171.14624384793487,5.639082089306512,4.361550103861696
189.41442868796955,171.37865711903268,5.6435386422623885,4.368229618405137
189.5683662084659,171.77055235993527,5.650354667692321,4.371166802656621
190.19818434237314,172.39728395602862,5.650698311643823,4.3776835222359
190.2740059807323,172.23744319641705,5.656663880539114,4.382147350231765
190.82536662637142,172.23352752554405,5.658351264341719,4.38997869197779
191.53241765043947,172.46886286857642,5.665582663023043,4.393085821518788
191.5265898345447,172.94469319661363,5.6772382948125575,4.389947285416373
191.91615934376577,172.4699919841976,5.689169258485803,4.390065731710008
192.62681145638177,173.0259215025966,5.693448475843156,4.386993816926089
192.78241313918676,172.95020109913912,5.699072038926937,4.380021159494108
193.2569383907931,172.95354987005524,5.7003357431010055,4.373323617661879
193.33737638510803,173.1136547246281,5.697755574141946,4.369705547857723
194.20695052059045,173.82559257884117,5.698779330850795,4.369606952982865
194.20562444657423,173.74648341466903,5.701431478883272,4.369613807356036
194.76023155212187,175.01307569135662,5.699981692233617,4.3684622241422995
195.5533536520901,174.4579166305075,5.6958490915918,4.371302226334314
195.55523055377216,175.01043097946535,5.692095288227661,4.373634248550006
196.107986690238,174.92981840142033,5.693808730421718,4.376684302479192
196.81801481788835,175.0094238853158,5.698011198391198,4.375724303940485
196.81609773453044,175.32785324958047,5.701845365107022,4.372063467045105
197.1302058147022,175.72269743657046,5.706822468081391,4.373866672212488
197.92172544642793,176.35429883466597,5.707819920449307,4.377893248676988
198.39227792336672,176.43276621865172,5.717622214538281,4.379443022033243
197.99311458914164,176.7469894333572,5.722651876336041,4.3856341979442455
199.17944927385406,177.37997460241903,5.732539047438983,4.39036068143537
198.299010017774,176.8223308892852,5.743702025063892,4.392192767544194
199.01589302189902,176.82045746882696,5.743323299802879,4.395939608460727
200.21179622743455,176.89993454073246,5.741325582909114,4.39630604426153
199.65521154955275,177.05793245533286,5.739422434909911,4.398902358992924
200.77233612559817,177.6140597258498,5.73550437072057,4.401813361909753
201.40894337289583,178.57111106202657,5.736666063390556,4.399274970454207
200.93048017048326,178.57278715123135,5.737952233562233,4.395922792044615
202.12607815802892,178.6529389242297,5.73533145422238,4.3948575924313875
202.9233721357346,179.2095848890308,5.732553342867993,4.395832553669101
203.00813499025512,179.04723822927866,5.72218211690184,4.402216907023644
203.48982586003126,178.96601533605678,5.713401782273716,4.405562459313411
203.41211749543052,179.0455068158116,5.709797835077192,4.405600176201717
203.33441077507769,179.12499576913734,5.706245023190486,4.405588522142612
203.97400045192293,179.83725846501852,5.698360082811103,4.411269345355336
205.09000159146285,179.83555986406455,5.690731964444458,4.414666547263255
205.32876794272488,179.9958728122933,5.689667123570368,4.411685891905741
204.93680226705337,180.46997429543123,5.679809329506059,4.416029900118716
206.05072035894597,181.10254481872755,5.673463407070087,4.420311860011323
206.52555318182917,181.0258913937576,5.67570097444088,4.414968174428347
206.04885795226892,181.02807441773516,5.677504630232999,4.410602126473225
207.23607746585733,181.26968383453905,5.681380401870669,4.403046252628391
206.68579044141578,181.82289074214776,5.672520531266727,4.406066356897996
207.39738832942433,181.588293070589,5.674963691911381,4.400048721128285
207.79396222899283,182.69902563719447,5.673534464436957,4.395395588572461
208.27065674317285,182.93851632395604,5.669622182044585,4.391152588033133
208.27449815311357,182.38296438357796,5.661939362163164,4.395435584183198
208.83018016969461,183.01292612410666,5.65706247754803,4.400068844322314
209.86316716573856,183.01117728994478,5.646004400809256,4.403566512646101
209.94671871484925,183.01016620310952,5.636859602840016,4.405588686316608
210.42344911075767,183.16877275225906,5.630506868674818,4.404078273901383
210.42716142848357,183.72068678149358,5.6230822332230534,4.404357550989396
210.66801210697042,184.35086461144527,5.614242640396998,4.404966595479797
211.29960883397922,184.35131277457614,5.611011174882278,4.404070269218021
211.38059260957476,184.50884187711836,5.606474859936829,4.403874536624868
212.01286674648594,185.05787072651532,5.60079571027643,4.407327321472627
213.0384634519776,184.97788060282193,5.594864059203654,4.409979741173985
213.04195905084302,184.8977593546821,5.587872861472835,4.412942119224667
213.51791151727036,184.97216870604805,5.579295081241018,4.4213446085966055
213.59948362657434,185.5196796251637,5.5733771000962475,4.426906432607806
213.6809954320276,186.06724595388192,5.56757932451142,4.432354622423268
214.46960909078257,186.06482385114847,5.562605810934431,4.437198827890119
214.86281038732335,186.37962005107173,5.562341801766984,4.43651729517496
215.64845015788688,186.85143702388606,5.56318843447075,4.436159053844799
215.73108242724282,186.376198240252,5.555143681345199,4.443317907594722
216.36261738577073,187.39607456736306,5.549773958605227,4.447328069135751
216.36266705077048,187.5567214355192,5.549674628605734,4.440424686179225
216.75627427918104,188.10477744709266,5.547868970811892,4.443884981670537
217.61567771460838,187.94715766048984,5.5572738270303015,4.444904240862879
217.76847657456128,187.94868572601004,5.566217914606854,4.441848109822426
218.3184982854312,188.10695250555517,5.5676838762062415,4.4400315174005165
218.1598093396537,188.26619036258177,5.570358774805457,4.436258796303095
219.33988744265906,188.81820838061847,5.5701721750308595,4.433541909806529
218.6317346664746,188.66430851805973,5.570918335773822,4.426772881229376
218.39469028135056,189.1404195475657,5.573449122146805,4.417666789967611
220.16167206167262,189.6930224442286,5.563555334780547,4.425119407598117
220.59771920339827,189.96040873748223,5.552793916657806,4.4324101541152325
221.04079977306742,190.21561022027902,5.5472580929878,4.438392225092088
221.46703338291576,190.46277242022703,5.540530824741704,4.4462672148829325
221.87091309753836,190.70310761584528,5.53713927498858,4.451175747683879
222.28788215515993,190.96632825236102,5.531457981275594,4.455286099384724
222.7412651045543,191.2196419460336,5.528642339195087,4.459065293162308
223.1963813981198,191.46805410509853,5.521137654931395,4.465018505919818
223.61653792104218,191.72861623076525,5.516711844098773,4.46979870633746
224.07485184198896,192.00925210843687,5.509917793538233,4.477107120330423
224.54154218960295,192.2789375284737,5.507365606489342,4.483135382477856
224.9731879754283,192.53813590438662,5.501821477591198,4.49054204453866
225.44599237828518,192.79783382558838,5.496395672535586,4.497854089292303
225.87679192790256,193.07578915474673,5.493640873613789,4.501488898128021
226.324591173967,193.3327466973542,5.489635090921129,4.50478087777657
226.77470407207576,193.63364384084173,5.486532361841614,4.506658013919713
227.23255628500263,193.93954868440403,5.481640755211806,4.510311178536893
227.66891464895565,194.21041862256587,5.4868953201296025,4.516623464001109
228.117321863898,194.50166309941753,5.485199365832934,4.522909117777292
228.6010884788299,194.78465001539033,5.480128712872597,4.528569273075769
229.07586924205685,195.05718135385078,5.474416610796859,4.534564931629251
229.55900271743596,195.32636842285302,5.468989639590956,4.538921932730655
230.02631163122987,195.60893638811328,5.465938429979979,4.546499821976892
230.48755418431995,195.91306508722636,5.463903331389019,4.553388149600618
230.9601412911134,196.2137659482079,5.465344236251913,4.551949976890385
231.41840657924683,196.51228286915216,5.46938570217315,4.5522609947901245
231.8932663772338,196.82614109637584,5.464937377887814,4.55785854001718
232.4044015100001,197.12848644100876,5.455691206458817,4.563769012677188
232.8999906227692,197.41771960013546,5.451690937847895,4.568608621737153
233.40524338065268,197.69831451315014,5.444584438320425,4.574379950172815
233.89900668646655,197.9926248668523,5.43832606665442,4.581172645222689
234.37877679297102,198.30421168685672,5.433216324577762,4.586163416378695
234.87808909698677,198.6064502657494,5.428581439683205,4.591620285841565
235.38056963112695,198.91367544263576,5.423051191894137,4.596977139617389
235.89735086820173,199.2399500065799,5.433899166106128,4.590951651314449
236.4041285609607,199.53300040221487,5.4442133974970695,4.586283443490743
236.92621311092026,199.86485653004794,5.45426216536114,4.578773707750038
237.4418759116691,200.1889810557119,5.447507444155709,4.585641979414364
237.95257931097814,200.53866178252053,5.4546369330932,4.578787870235242
238.48881216405292,200.87255576251022,5.461896962104281,4.57433093345017
239.0215134056016,201.19537388055807,5.462923151874126,4.572857763745844
239.56481913040932,201.5144882271028,5.465549092772834,4.571662109461592
240.0860682044791,201.8289526208603,5.465775656145541,4.570939453648732
240.65047620079963,202.1542583406551,5.459547553825135,4.57760590273269
241.16582904726823,202.45887334115557,5.452105285247115,4.587380488992084
241.64696287318026,202.77318383419947,5.444310930018406,4.59642417792428
242.18754484327587,203.10312915127224,5.439588762624287,4.604158676013584
242.73356658123924,203.43535717678935,5.430794254073356,4.612722231335248
243.28275747241722,203.77028822487958,5.4233876285436375,4.6200754435822935
243.83287990642413,204.1074334975613,5.420150679673163,4.6263692874795534
244.385025443134,204.44577569587184,5.416589073647217,4.632554772778726
244.9387145349145,204.78643396785006,5.414284665341045,4.63825811336989
245.49643454510525,205.12812661561952,5.411622808153665,4.644924557918472
246.05966457899038,205.46996183742644,5.4056547588220205,4.653672229583452
246.6237124891069,205.81519791327275,5.4024328654423375,4.658777626774724
247.19274685138214,206.1616995767716,5.39685691880144,4.666430092441124
247.7666833646065,206.51005627444846,5.390175206576899,4.67434451881868
248.34308622100508,206.86102162571004,5.38372912421391,4.67989763799659
248.91812572412917,207.2144292922201,5.388919597931655,4.6831644993678605
249.49511714054907,207.57350948451324,5.395173949783921,4.679010019966455
250.0741393925405,207.935298658274,5.40350695535293,4.671107127183986
250.66315434353044,208.293594846634,5.397988334780191,4.675757596393496
251.2558787265067,208.65444757934864,5.391587629477786,4.681614748418702
251.8504081557196,209.01760729222028,5.386227437207289,4.686018724806825
252.44707198001208,209.38324419208607,5.381589925385674,4.690408299397954
253.04748175804167,209.7513098102922,5.377398841712228,4.694019299065027
253.65255633533172,210.11924029393634,5.370889732370316,4.700795973559484
254.26037342141055,210.49161674365027,5.3666095601324,4.700824689085524
254.86995980564106,210.86488350025047,5.364966590574372,4.702295715196412
255.48601933044108,211.23961602697472,5.355673851483991,4.705952887060473
256.10446224530403,211.61689732683206,5.347779084619337,4.70891305443931
256.72470992992965,211.99577997691915,5.340816675459682,4.71285842434961
257.3466451575357,212.37560695506363,5.335710164510978,4.720797569849381
257.9722045864891,212.7578641055596,5.331576733990741,4.728745625300494
258.59972768706893,213.14355525590767,5.330472909865211,4.733266907715805
259.2313268946579,213.52936222227967,5.328810101786164,4.739890029462181
259.8665720397848,213.91688313939395,5.326235663898231,4.746409199166445
260.50364032409294,214.30760886491868,5.32473915548705,4.751223791145845
261.14368578160173,214.70095185034128,5.3234528153635345,4.75453499094198
261.7865511421817,215.0967280247025,5.322650703917532,4.756994485002389
262.4352437217324,215.4940260168958,5.318268601933112,4.76160467668513
263.08526963520814,215.89587117831312,5.31823746488884,4.7590378448215205
263.73768899198944,216.30264811702264,5.32176292968316,4.751788405968575
264.39170110922413,216.71076334697136,5.32893762473582,4.747005822091061
265.0502585675083,217.12190739528242,5.333786636146424,4.743191464793602
265.71299171472396,217.53535236105964,5.339349092538489,4.740596373751568
266.3801247655053,217.95147032973955,5.3445710621501386,4.737552033585879
267.0582376743144,218.36455901356538,5.337384370761396,4.744982791527686
267.7381248219785,218.78142764864862,5.333936491904406,4.748622137803594
268.42399108854215,219.20051866972605,5.329551457953296,4.752749881149733
269.1116821277243,219.62188158948743,5.327794077109294,4.755217321979438
269.80283476147446,220.0433383040526,5.321404611675636,4.76088166194357
270.494813064008,220.46840202802142,5.3206998519688655,4.763884062870023
271.18575188398296,220.90234643405103,5.329480301557016,4.753795269127731
271.8829926287386,221.33456840921588,5.333184531839499,4.751892555056503
272.58276005128755,221.77387198039202,5.339411049647189,4.740602187911451
273.2861688711178,222.2154713511903,5.345861381000043,4.729474166267725
273.99332519176164,222.65936528366143,5.352267212926293,4.718573683248712
274.70488451753886,223.10562311110877,5.35741598270865,4.707772164353051
276.36610937935416,222.08148823021656,5.361877364384796,4.696525527614213
276.2264445808364,223.8673313946225,5.367323580199639,4.6917724083123895
