150.0,150.52999877929688,4.5,3.9700000286102295
149.49434846813395,150.63098006453993,4.511303063732075,3.967922206229087
149.4883012082883,150.29800089709002,4.523397583423414,3.9665678313380184
149.95118391775986,151.30194826615516,4.533030490557797,3.963098077659585
150.41437880747208,151.30367743774403,4.542694847669914,3.959639734481852
150.20916641340975,151.37250725792666,4.551670730016097,3.9557963960427664
151.6105633510377,151.9099838439968,4.560644090591916,3.9519926470764934
151.1376002741583,151.44312980791346,4.5687691992536665,3.9478996741461176
151.66919282868034,152.11501179635604,4.577837227796265,3.944452119244279
151.73180978608482,152.11696790692375,4.586719897034997,3.9405398981088604
151.79454727942402,152.1189471570724,4.595436041159304,3.9365813978115387
152.39525518420774,152.38938035419326,4.602380832974865,3.932764159740031
152.52516843036415,152.72716210136042,4.6111708980569945,3.9287420588930986
152.9914403889682,152.12452459009936,4.619282965962504,3.924602243412003
153.92903548830785,152.6642070784272,4.626226742298613,3.9207423953365037
154.1263471684457,152.39720232503242,4.635053162493096,3.916818861499157
154.32379219706363,153.13914026961638,4.643832169551662,3.913062874744047
155.19665622157936,153.88181685093178,4.648311606273629,3.9086545077507915
155.26137272382826,153.74928702062604,4.653508057834009,3.904455256245912
155.66203596252396,153.68376392729758,4.660033305844417,3.900859488669178
155.9962837825989,153.75182277702444,4.6649607586671635,3.8994264078099588
157.07231150220542,154.08798226102505,4.668704854855976,3.900794794621846
157.13734702571605,154.42462096316237,4.673451033144165,3.901603516894242
157.67610431390483,154.96258501034214,4.675163646886297,3.9049026126543724
157.20226500614842,154.49022909198243,4.6779615060163575,3.904733692991024
156.72856430322815,155.03014334018386,4.680199418157308,3.905092046530591
157.67245298375943,155.0308013974536,4.683312679673705,3.903775931991116
157.26278971620204,154.8973958077943,4.6920970181277,3.900406379089442
158.27646031142737,155.2346646310732,4.692326028743901,3.9017254662205563
158.40957105299827,155.708685767214,4.696496840868469,3.900056227371409
158.47756737657056,155.2336787084442,4.695737653327243,3.903436127687838
158.74228252775282,155.8433638044573,4.707412478834479,3.901552473373022
160.1624964298146,155.91328088837363,4.710923897890833,3.8971439828346823
159.82156259742206,156.25402766689248,4.715748572442211,3.892693416030708
159.95331749754874,156.25600706774944,4.723060813135086,3.8887346143167947
160.69651632271524,156.73137963921508,4.726718938764527,3.8862067833616427
160.28679921911746,156.25813383158945,4.733302749259431,3.88437293579546
160.21508676025152,156.80232460874998,4.741180961545414,3.8803650250417276
160.4144988265704,156.80421127962325,4.749166078945828,3.876591683295187
160.8849452614339,156.87372488334924,4.757927061104024,3.873229311826859
161.28809728645243,156.87594089120836,4.766093594615767,3.868797296108579
160.87651868047595,157.01328840803302,4.774457640437981,3.8656999845028346
161.95946540642055,157.49066423801568,4.782599249257286,3.862088663597513
162.15888220000048,158.0359097875619,4.791596854202145,3.859147410117631
161.7458518625346,157.69754046882375,4.80145232630883,3.855715045239759
162.9675827357282,157.63033051927823,4.808327262045156,3.8540051286572763
163.16674950695534,157.63196000493403,4.818616410660508,3.8507461573456667
163.96306683115944,158.45798883358083,4.825147870212949,3.8469646129813433
163.890147991491,158.93678317781803,4.834634218020683,3.843835245210904
164.15885496969767,158.39235507559374,4.8430040914173995,3.841123790039495
163.40758830469488,158.9352620120844,4.843705241418972,3.847551502515684
164.02233640955274,158.5910326101367,4.844016251245058,3.852784073332242
164.6374566936582,158.24659051361266,4.844389857351966,3.8579937250926397
164.63678100125824,159.26993307936166,4.845741242151893,3.8636857459832687
165.24990574476323,159.75084663053332,4.851935338831872,3.860425875398782
164.90398852239284,159.20462260305774,4.858868606574753,3.857032047153282
166.06583515104398,160.02582277836936,4.864709287583846,3.8590085941616117
166.61234841462255,159.8884334823921,4.868906475335606,3.8594812573888797
166.47352323447728,159.8871469026136,4.872106971170337,3.8620544169458326
166.88584239364735,160.43416910073816,4.8713629861165995,3.8665357984119098
166.95610254782068,160.43189857500636,4.868219731060296,3.8710768498755126
166.8877927153792,160.29398368631277,4.8674368227923965,3.8721014809609215
167.0940203726087,160.2923810741719,4.867203103959734,3.875306705242622
167.6430536014742,160.2913858898904,4.868781535779773,3.8772970738056807
167.29914087500185,160.358448420263,4.8690465508511505,3.8806841006351376
168.32897934569456,161.0853322002242,4.865280570946467,3.887923889735348
168.6162949443321,161.23072898632816,4.860725518908201,3.89698726327352
169.7871490856972,162.327036620621,4.86005001549601,3.907696963457665
169.99260469734025,162.52854665405764,4.862751714317073,3.9182898186915582
170.05756927048765,162.59325189071936,4.870906574488612,3.9269633518344267
170.7458828076899,163.14246237270146,4.877775733357291,3.935339374488779
170.1856716539281,162.37904494026841,4.88947255002288,3.9376766894251265
170.9440847757772,162.79373173358897,4.899534889397782,3.9411514208239473
171.2878239898679,163.41802052137677,4.90715015746119,3.943742498488888
171.28418981925194,162.93022131291306,4.914418498693143,3.9450980314850512
171.97620328813724,164.04690520264282,4.9235017841828395,3.940706609242069
171.7620636369253,163.1420643620637,4.933643575543693,3.938459075793436
171.89646560733217,163.14444977422235,4.943836104649313,3.9336882514761755
172.03056251185197,163.21659410390768,4.954796468360609,3.928976678480908
172.7240177195679,163.35863385606297,4.964571755158985,3.924234314616426
170.00023456571762,163.91861416201075,4.962227084329139,3.922204159855247
169.9989918449671,164.47926412490028,4.964712525830202,3.9182837472301366
169.99782938358155,163.99267207356084,4.967037448601262,3.913940002139818
169.9964883757171,164.55334643769638,4.96971946433021,3.9094863042028885
169.9959604903149,164.13614807570957,4.9707752351345595,3.906399548558434
169.99719655663247,164.06714306830045,4.96830310249943,3.9048629797927936
170.06793564994922,163.71888034454463,4.966308698924474,3.9039695120116287
170.13874196560727,164.27695000998966,4.964134810783055,3.9033401265186236
170.5576065159643,163.7189234905156,4.9627771920865325,3.9042311894433275
170.1404770123313,164.34633680781943,4.960702521024726,3.9039050723274666
170.70001092740313,164.06705637995302,4.956449842721052,3.905058352140341
170.14526466773506,163.64806869916316,4.951498091956868,3.9072005111447647
170.704303180844,164.2045670789145,4.947537221446101,3.9083199073492074
170.21935612879201,163.71634299945737,4.942876970095061,3.9102137108084967
170.77803600038578,164.20262755217865,4.938968699001609,3.911914643448229
170.22383215603912,163.64504685071228,4.934182888426112,3.9138825471121756
170.71185508486545,164.2003678603709,4.931891752860414,3.916103067322872
170.15651102323105,163.7138542850187,4.929709870860784,3.9153689634174107
170.5760165242516,164.33904960548446,4.925079322560725,3.9165490030974697
169.95243667231935,163.9214284767969,4.921134609522989,3.917721649204389
170.0925125057432,164.33759301016408,4.9189232882664635,3.919213619243486
170.229873304413,163.78284158904833,4.922122652977786,3.917032613271321
170.43997411698157,164.33740811659646,4.918843441269714,3.9196926606525255
170.78591181917446,163.85149617722143,4.921803171062434,3.9187473515526303
169.88261856450472,164.3364255717145,4.921427939225719,3.9218679616613286
170.5098436483958,164.265769001315,4.9183550686511746,3.9241391805484063
170.16118367837277,163.8499046993245,4.920516743571693,3.921677866378727
169.88255616012594,164.3361488976809,4.9216722908299735,3.9223635758277666
169.53221198072904,163.84966146580024,4.927092121941134,3.9219625008334367
170.2944357113442,164.33638830104172,4.933077605946231,3.9224207045911426
170.22499461898653,163.92019091572874,4.932730364339717,3.919438917285999
170.57257817210387,164.47786793238728,4.933441895025846,3.917490703042222
169.94770170405292,164.06126155313007,4.930799671756401,3.9157733553091045
170.85272319972637,163.64503351371192,4.928883368371699,3.913709424316691
170.5738305131337,164.2024068314449,4.930573472877318,3.911153326210205
170.0873042967192,163.71669752439064,4.930568293447924,3.909514328060347
170.7828313018625,164.27233729137902,4.929329793385308,3.9100872022627673
170.22654194629283,163.7175095910311,4.9301334997194255,3.9079675981534074
170.85075688387775,164.2048051463114,4.932251706405848,3.9060249957032327
170.3636103795999,163.6508573554415,4.933889806863148,3.9023149681876013
171.26879422779953,164.20596586536882,4.929424407766851,3.9034224389809986
170.78488392495774,163.78886246209694,4.9251889632551435,3.904438345357322
170.5090786286233,164.3428395505326,4.921532503308277,3.907018273717426
171.135712627434,163.85599021787257,4.917488052485057,3.909098624861195
170.72040463662154,164.4109821090969,4.915457621204149,3.9093100596203274
170.79252808591116,164.06287611028557,4.909957441384075,3.9117884634474165
170.51665093064096,163.71496939164348,4.9069012384487545,3.914088758887054
171.4198300139536,164.5455872559537,4.903553228306963,3.9171700977897634
171.00413812579296,164.40868745926332,4.902786642470929,3.913586237118142
170.590422749694,164.19945510309296,4.898486210705831,3.9161853574773158
170.80096661660644,164.13069057126194,4.893192692587086,3.9151163492373455
171.0805814005106,164.13127870139064,4.887961413950274,3.9139400889799405
170.5287359369952,164.13172227739412,4.884450075133957,3.9130529369729583
170.53024563987682,164.20142121029434,4.881430669370657,3.9119871245665943
170.67096475375664,164.27177737941466,4.876529383658625,3.909543257349826
170.12037831322948,164.34204991586665,4.872472738164119,3.9071518752644683
170.6059514266838,164.41160803309978,4.867695519269145,3.906088356228709
170.05653616236242,164.48111652630126,4.862828416947883,3.9050335736962634
170.54141882352857,164.55050326132306,4.858156249633452,3.9041305543694946
170.76337923937913,164.2779826335594,4.857266221335869,3.902352457850677
170.7961801257297,164.29670731708282,4.864959553550672,3.90138322434242
170.80491325848172,164.29025849843907,4.87164510781087,3.8974412016060582
170.83765483777714,164.30907763303017,4.878309430212983,3.893541132526647
167.5952087523325,161.61795029890845,4.880887339229916,3.8968541792164224
167.32003000412186,161.75345171251408,4.879185545691875,3.9018809969847843
167.87265223912522,161.8197617111942,4.8785029204011305,3.907331230214056
168.3581991922305,162.37030598125244,4.8744457772056355,3.911427562114842
168.98075062181712,161.95269337557855,4.872713310762584,3.9177391783091613
169.7137432150555,163.3295653303216,4.872364067852045,3.9235184606192
169.99226549507227,163.32423830233355,4.868584311432081,3.9341725165953116
170.06093971340496,163.25084098235953,4.869666577426823,3.942536453883257
170.54578715526674,163.45419228133204,4.870050619875188,3.9515819671547447
170.82197363267,163.45038088533212,4.872617578466586,3.9592047591545865
171.09830695155395,163.93150413728165,4.875541867042305,3.969242376356994
171.4420080803696,164.55434043503035,4.883664678662996,3.9755149055129793
171.99593354365965,164.20363754337453,4.890463854502143,3.980264374812585
171.7110114179149,163.99380111308906,4.902257937541575,3.9813996090459476
171.0756781349581,164.62412322932232,4.915515684068527,3.9781641959660043
172.0490715740162,164.69635351057252,4.9268156005716,3.9735669759384376
172.11432209775822,164.6986574778639,4.93627693988736,3.9689590413556703
172.67076520142717,164.7007362381594,4.9436543041147285,3.9648015207646594
172.24673124651508,164.70294395327537,4.951249656193219,3.9603860905327024
170.80625666583856,163.7814450240102,4.946162840851948,3.963547566207227
169.68659720892478,165.11138975806904,4.94393113552916,3.9654994583306196
169.68693740815038,164.5524256651954,4.9432507370779835,3.9626731167316356
169.33627824940825,164.90378503267362,4.944378666680087,3.9601447696572674
169.96486617671565,165.32421582817437,4.9473324094281725,3.959369576897721
169.40533530495603,164.62372727706733,4.946017095287771,3.9598753570372405
169.96594176759206,165.11284409090732,4.945085448675603,3.9618878481846957
169.6183617179441,164.6213477840451,4.939978095408851,3.9645060283213938
169.54940209096122,165.11223471588326,4.937879768065895,3.9628552338059833
169.4096800932023,164.69331154700274,4.937406474465339,3.9609497042117177
170.24900728440215,165.2534323126925,4.937798178490392,3.9600722304487177
170.32012481679982,165.11520193382208,4.935475409905961,3.956708395767671
170.25104167554056,164.6972634214492,4.933819536163514,3.953652482947758
170.1112401298864,165.18781638492172,4.933928159824406,3.9507771927687814
169.90253416288246,164.63006242407965,4.932233200174917,3.948666731366576
170.0432128322685,165.18972651401324,4.930160054619963,3.946475324368167
169.97480703021813,164.70234301691312,4.927396875347787,3.9442188349578444
169.97569272312887,165.26161623987957,4.925625489526311,3.9416390550138325
169.90738104519673,164.7744896950945,4.922821993501819,3.939904181362912
169.62909010786095,165.2623448598088,4.921980913183918,3.939684023165918
169.56121510029558,164.7746292700475,4.918391656263192,3.9397402983280174
169.70235406082332,165.26234187418837,4.914684015048904,3.9393110694905276
169.28315000040956,164.98652957967192,4.917764221129638,3.934050382025528
170.39762276444873,165.6842871326364,4.9157513196303295,3.930368167708479
170.39899979337014,165.40864622126017,4.912997261787474,3.9252790671028155
170.74646720239468,165.41121773407997,4.912902426672275,3.920136041463191
169.7741858644424,165.34416647202687,4.9131010048479435,3.9153554157316153
169.98307131405463,165.20790481905578,4.91175609733215,3.9102613938679305
169.98586761034113,165.07020718628934,4.906163504759129,3.908245807665218
170.05812265069235,164.86419567980366,4.900240442237138,3.9045077660953362
170.13073672872363,165.7652670072256,4.893447891850914,3.902027985044037
170.06297823539828,165.76608833164204,4.890673606905627,3.900385336211089
170.1355516288874,165.6279658820558,4.88374892567785,3.9001860238826525
170.2765803019943,165.07433271504928,4.877917015457946,3.90255061392011
169.93327550592545,164.4513434512051,4.874218437467675,3.9059744353781047
170.07411638657334,164.51796993710573,4.868657493850899,3.9107818724162717
170.07629167113848,164.9981122537867,4.8643069247206165,3.9168683024308524
170.35561611467534,165.13426887638457,4.857997440175889,3.9207247584996225
169.87054485448039,164.0281787717699,4.861786695483006,3.9240975046826585
169.6623225231574,164.99324865013332,4.863741639431396,3.9282431018779316
169.38468991445234,164.99145488811433,4.865965384292134,3.9318306259159175
170.35324777799602,165.05865288854065,4.8657858500595585,3.9357872102671476
170.6283362161607,164.50586743078242,4.869264482234237,3.934047108775473
169.58787689362455,164.71377416778577,4.873596414997161,3.9335509772306314
169.79356554685086,165.19956304043438,4.877711846461659,3.9314562870732077
169.79076475758293,164.717168860756,4.883313424997476,3.9265568644715754
170.07856928979083,164.99246300534074,4.886579116647401,3.921664202405455
170.0072585371211,165.61803017174373,4.890696362525502,3.9170682047519634
170.0680345487512,165.03214862510384,4.895733481578223,3.912695751574574
166.3263617252572,165.44984645969265,4.900117457984,3.9082958235727787
166.46264752246668,164.89792441415977,4.9045361751489125,3.9041786683029187
167.0820109322997,165.4532298958544,4.912274310468364,3.9015365537897178
167.2165948931585,165.3850828107128,4.920250024706809,3.8992589060949556
167.42115715688632,165.31690715899092,4.927096622248695,3.896953167872798
168.73472274128684,165.3887288815457,4.935730503573749,3.8920341990856775
168.52221239316938,165.73814280147428,4.944420798410632,3.887090361558486
169.14289679451937,165.9488307816332,4.952517556842412,3.8822029216178606
168.72208383196352,166.22892131278954,4.960899653578326,3.8775177448890843
168.43953145576722,165.67526517158143,4.970300334080579,3.8734218835247236
168.99067553378825,166.02404397882538,4.9800374047792415,3.8708800357497486
168.98622027486556,166.58104142172778,4.988947922624642,3.8697703183589938
169.47259925489672,166.50904477748057,4.9907913069738825,3.8745348433660274
170.16772435876894,166.50755983596508,4.993885959058874,3.8775047263969857
169.67566188654374,166.2284765059021,5.002000075836957,3.877950913567309
169.25263391467112,166.15904600068978,5.01068775382388,3.877250546365615
170.0859138475279,166.15960666560778,5.0203204213450805,3.8761292165295727
168.55217788087054,165.9600252703594,5.023198973144061,3.8854356097381597
169.67021124203683,167.00639810085147,5.027246239759729,3.892796813393055
170.86441637710524,167.352400113632,5.022045864338917,3.9017368745131495
171.3578805639765,166.78770095364553,5.016901627050255,3.9090961813960345
171.8512683550137,167.2056736310003,5.012197936583307,3.914926733778652
171.36242304043813,166.64161274126394,5.007656289726708,3.9204973406710377
169.40727726200174,166.6630197137439,5.002741662903989,3.927356341855165
169.42521989560618,166.74391097007071,4.997263523547236,3.930408558779606
169.44617872323107,166.81928794714614,4.9918976724774,3.9363520801107197
170.92175638881702,166.25680529066497,4.9882286160277705,3.938465478893197
169.5183841939756,165.48625997533182,4.9882802647905535,3.9358751020535188
170.57420528608537,165.83619399807833,4.981038488503714,3.937473859204716
169.17163409768577,165.97695859710518,4.982012144738955,3.9363615332073763
170.01400305810816,166.1162149993216,4.979737642926144,3.9382592986131386
170.22594175442396,165.55458643729597,4.976464052204216,3.939906284238559
169.73594583986133,165.62486445083707,4.975210798526889,3.939528126128142
169.24703447675637,165.6938261497358,4.971965779512855,3.9417572633626508
169.80974416120776,165.8346440992506,4.967658502713183,3.940399387358859
169.39043735858598,166.0452875441959,4.965966166220193,3.939265468336547
170.0218919811105,165.48337243387047,4.963116880028297,3.943042392225472
169.60079711113383,165.76408766500654,4.965160834951646,3.9417091199733774
169.32079003466922,166.18388455631137,4.965039068073772,3.9423192170742754
170.0899656392946,165.62297646916736,4.967150017328088,3.9437992760858847
169.95114689765438,166.04258871372804,4.9645907536603735,3.945165027808987
170.3037592443542,165.62183433596147,4.959772666891603,3.9461858553850804
170.2352891820512,166.1814193319376,4.956688739601903,3.9472082785981
170.51796975197956,166.1100603426963,4.951301096404799,3.9499328829158142
170.9400593342701,165.9685139994384,4.946851825315214,3.95311560493443
170.17288280224025,166.52587923409666,4.941882730247163,3.9578921604380746
170.59477895826404,166.3143644797406,4.937728084370947,3.9611028360645
169.404191356016,165.82307216040576,4.9401286177680594,3.9641920219287434
169.9619684833684,166.3112947714578,4.944692780545682,3.9678504151217195
170.17304034368422,165.89249493604896,4.942981344016768,3.9645855177339624
170.1746515557931,166.45432664024807,4.9397589197989475,3.9614416051514403
170.17649136978622,166.03552896662637,4.936079291812723,3.9592495798921252
170.17693242489474,165.61769347689392,4.9351971815956865,3.9556849612730405
170.17810098116286,166.24838925776453,4.932860069059445,3.952505125810309
170.24967150051555,165.83042379492844,4.929432953538927,3.950152512373313
170.3906910486033,166.38998001432546,4.926640322218408,3.9480259329991534
170.60229120029106,165.90130672501786,4.922077827224443,3.9485509587239784
169.62794622096723,166.4592998406491,4.9179852855600785,3.948440441925542
169.83936249844888,165.97099347864253,4.913412415298316,3.9491139016351124
169.90999011469648,166.53023737852465,4.911517834481627,3.9455113152994485
170.19084954586882,166.2527356889369,4.906891851293896,3.9434218153179805
170.53998481845895,166.25380808391014,4.904463289099171,3.941277025371488
170.88807866297526,166.25580432821428,4.903757550904901,3.93728453676323
170.05617405915748,166.25556691048402,4.899316220947514,3.9377593722237454
170.3359692485589,166.2560773233996,4.895567580660036,3.9367385463925677
170.61525921337457,166.25684159691028,4.892533181880019,3.9352099993712555
169.7159397709147,165.97809416491944,4.886576240924189,3.9374446092373088
169.78741293029424,166.5332628005683,4.8823897688741065,3.9371861116119877
169.78948917333963,166.11606564331876,4.8782372827833544,3.9394319728990905
169.8610301585253,165.62756790503258,4.87381934745159,3.945779204194248
169.9323465554992,166.10968809811308,4.86988550614278,3.9524314865063346
169.65530205094007,165.62258848927064,4.868989766353168,3.9554073936023975
169.3077949800361,166.17954026458818,4.870101039811236,3.951748432327104
170.00395639026547,165.69219691400707,4.865162680633444,3.955266010592724
169.6573852297496,166.2459052868703,4.864707521224531,3.9576052335712673
169.24287268791355,165.7593747320546,4.861230562915396,3.9594139608912307
170.28281473917278,166.4526237348997,4.862239022499176,3.9601776632691505
170.28279777137988,166.3836897105141,4.862272958084974,3.9592916952834525
169.93696214354844,166.10531812694092,4.8602431620470155,3.961074021069123
169.98133123428374,166.19107886630212,4.857019458012908,3.963514644150295
169.98177219399503,166.1208057468499,4.856137538590382,3.965333118868532
169.98219810861062,166.05053786000605,4.85528570935916,3.9671252839298634
170.04888315925794,166.0516186978232,4.8606750948616435,3.9649636082955975
170.11633335610196,166.05220008222528,4.86458207426825,3.9638008394913835
169.9755595989491,166.05202298273664,4.8684323659556235,3.964155038468662
169.83473193289294,166.0518276772638,4.872260694531327,3.9645456494144087
169.76418363184223,166.05221878995292,4.874378657129749,3.963763424036135
169.69363889717937,166.0525955799135,4.876469600040112,3.9630098441150188
169.5544839517129,166.05246156587089,4.8767425745141395,3.9632778722002175
170.4583923364617,166.0517975795323,4.876276640365844,3.964605844877407
170.31897285556585,166.05155666452868,4.877032980387957,3.965087674884599
170.10995114898668,166.05111637375302,4.877894221560269,3.9659682564359326
169.69225972273958,166.12034291624562,4.878747882006993,3.966603370125312
169.27449824882993,166.18958054329386,4.879601311915,3.9672397023473907
170.110530186267,166.60559683292607,4.877157318594464,3.9700170638597507
169.83210643051976,166.74413605804733,4.8774353755611735,3.971223340881147
169.7639045244929,166.81226465003914,4.874673042929183,3.9741323015832006
169.4152758519083,166.81288586007145,4.876076691795331,3.972889881518622
170.0415688490139,166.81309813841082,4.876040663857484,3.9724653248398325
169.69127535265253,166.81344781855844,4.880803659889347,3.9717659645445957
169.41285964078583,166.8138149525741,4.880728393296577,3.9710316965132937
170.24915881233795,166.95434613765508,4.878693733483771,3.9683966068998835
170.59775969694024,167.44186623354082,4.877190764843308,3.9673347359181164
169.62556501602074,166.8174251313733,4.874187206584414,3.9643214916187364
169.55714262152026,167.09722507516994,4.872027383697091,3.9607400515785525
170.60130200686882,166.54165800008585,4.867411119837959,3.9605661980998343
169.63169616619328,167.02885745725828,4.86286604460237,3.9580456620483577
169.35409636309555,166.47522932655374,4.863148965682754,3.9554685532272726
169.69871767980354,166.61570331893637,4.867365512497183,3.951904240554214
168.8660635860669,166.89112334115498,4.868286293442383,3.9558599982930405
169.14260824846613,167.09826557720487,4.870305325618799,3.9579067939243746
169.4190862295461,166.473533579135,4.872714223639576,3.957799854657455
169.9740169570925,166.8886963451896,4.873864677828124,3.9607332545092278
169.4174423204025,167.30536889603357,4.875481031546878,3.9610378425672472
169.48639294287432,166.5410671099273,4.876551158310367,3.9609563260014515
169.83396176182157,166.81802221243092,4.876345976299632,3.9629920857012086
169.27659975522076,166.95710253137867,4.878939814402513,3.9628639915804156
169.76179796589665,167.09605795085912,4.881921703101336,3.9630612412054225
169.27487096405181,166.53993366676082,4.882054440509755,3.962485505080602
169.8300934129808,166.88719996977557,4.884375638416357,3.963431708904009
169.34170668428038,167.16547780560597,4.887122035134778,3.9634629290617434
169.7585178830685,166.4678531095506,4.888636090531956,3.9668182328834756
169.27070357655245,166.88506492038593,4.8893960355156745,3.9679963266828575
169.82794660744906,167.23238349404627,4.889291460230734,3.9698476084298178
169.3389030474805,166.67677582340022,4.892096360533283,3.966454698711
170.17377281900292,167.16582769853744,4.894127389101718,3.9635504485442277
170.10282161205313,166.6800627949404,4.896731397733293,3.9599914188625687
170.1714000955905,167.23870470977565,4.898855214012956,3.9569538560273867
170.23979390682626,166.7527255869025,4.901331806633827,3.9540625961269837
169.6375465088759,167.1655340928341,4.901333335441655,3.9524634629141953
169.63813300575643,167.17832132217194,4.903742918744184,3.9498129528593893
169.62418842950288,167.1852854860723,4.92354541454957,3.9539077061436623
169.60668526425505,167.1874454592418,4.943847476460769,3.9621876484764833
169.58850478732845,167.18958689171347,4.957864244113693,3.9645267088657805
169.5632862735233,167.19028831905757,4.970200753197942,3.9631792726772397
165.48529929121912,165.57591114606296,4.979522951501534,3.9613648147869505
166.1138148942948,165.99851689262368,4.987648383785775,3.9595910806226295
166.1101557842667,166.56165277689777,4.9949666038419585,3.9586687933049776
166.10776762904902,166.06856475504551,4.999742914277279,3.959484035671417
166.81302738958132,165.92835349234852,4.997745614537144,3.958202116800513
166.45946846021258,166.63336232804446,5.000859367295279,3.9561926573674633
167.16194543058927,166.5644559209982,5.004064329871161,3.9531895811270386
167.15883518502366,166.56646073716246,5.010284821002336,3.949179948798515
167.2967748472746,166.63866884607143,5.01609816163535,3.9456100635480036
167.99821346331353,167.13338859647922,5.021994164216616,3.9423118269938495
167.78354145534007,166.5717634476346,5.028596308275382,3.9382504663146514
167.85054324207215,167.20809345640728,5.035541687873578,3.9341310263308222
168.55240256375114,167.20907342244416,5.041705107332288,3.93217109425703
168.47852322201084,167.21014226819412,5.0484132100707155,3.930033402757136
168.68743781852,167.2107197009905,5.053939110200841,3.9288785371644126
168.7554158346523,167.2118077810382,5.059167120453026,3.926702377068963
169.17988331387534,167.2814159669187,5.057603334018078,3.928714533976525
169.53057171279588,167.35178715759093,5.062413429097155,3.929209531216072
169.0319651184123,167.56463035712324,5.0703939865736904,3.927479974133181
169.6634350654553,167.70668545756396,5.0801687458405755,3.9261952517745744
170.22698343473851,168.3438912692498,5.085401186214234,3.9256539547104765
170.71762125071382,168.2748494812797,5.095411313431725,3.92212527934098
170.14547116360242,168.13513301435384,5.106050499234617,3.9181429660877094
171.20463371683337,168.27486340007232,5.114802364220097,3.922292457510445
171.84515183268732,168.7662147473166,5.1118232976428315,3.9336342247901026
171.70317682459574,169.25773842990907,5.111481835048945,3.9456070353248966
171.70544768889462,168.82543523932787,5.106940106451184,3.956199898596436
171.7048703808219,169.3901982575955,5.1080947225966895,3.966183529642316
171.847406221387,169.0306822535093,5.108260777299231,3.972121198232869
172.41494759998696,169.31619690170126,5.114922309614256,3.971964046606447
174.2699930860264,170.03101054443684,5.118081009830824,3.9705097120181825
174.4848573722559,169.9603655633668,5.116878124181621,3.9689577785549925
173.6988846844249,171.03181704512355,5.118042728469342,3.968028594188169
174.19885001378887,170.3194411297323,5.117718525715427,3.9647712021506996
174.4837824548817,170.67324928385727,5.1188253990352335,3.9708695882825222
173.98208523300664,171.17048891281095,5.122205940965693,3.976404232194862
174.55178071243932,170.59630027746988,5.1268219985448376,3.980774486432523
174.90978371743083,171.31022853063217,5.126528752902446,3.984343508789266
175.4817760436592,171.23637229166854,5.1281133448255645,3.988859831169011
175.26536468836645,171.2340587712893,5.131054448042559,3.9934868719274466
176.1971766949464,171.23060115454282,5.131813934458009,4.00040210542044
176.34023017403152,171.29825750449018,5.1327834341698955,4.008627634466816
176.98657212173512,171.7975075474959,5.133281116400559,4.0159354421736815
176.48286044600013,172.22468776932124,5.134011463144755,4.0244547168593945
177.49359824629252,172.22235460769483,5.128017257971806,4.0291210401122
177.6395841430074,172.29318765864954,5.123939618778037,4.031402015320709
178.1450456614864,172.43652075509002,5.120468716805197,4.032579289578366
178.79304970412716,172.79759344886256,5.119450224285742,4.029872564678886
178.43414280566185,173.29862478396217,5.11812316393026,4.034607094680189
179.29592893862758,172.79192380419394,5.121168087273232,4.040815693806561
179.87284376583762,173.65364293683805,5.119596190069997,4.045764064343549
179.58721404396073,173.28964675994408,5.114501605717023,4.053313882997997
179.22716620150334,173.2894278195053,5.113932065405094,4.053751763875558
179.8726930654664,173.43571221359707,5.120061188055141,4.049445831375555
179.50812721879015,173.72563521492626,5.128415850706602,4.046221453278044
179.5773785831591,173.9426311329791,5.134144100293372,4.044922552146372
180.1517656213638,174.5204742509786,5.139750626488126,4.043616918751593
180.72651002099667,174.0170300456273,5.145159280821524,4.039970057554895
180.939243262618,174.01910203583049,5.152849886038206,4.035826077148562
181.51365635337365,174.0221250473216,5.159511747977597,4.0297800541663555
181.00408647393834,174.02512668110418,5.167574349093047,4.0237767866011644
182.01299002685653,174.4609953398845,5.172280375912083,4.018830811607048
182.22638403278708,174.89627842494357,5.178862402584972,4.015004718556881
182.80226112763663,175.47517341590174,5.183068143559986,4.013174667314667
182.6603720897178,175.47562675439113,5.1777873041103755,4.012267990335862
183.1682469346157,175.6941018459498,5.173075692481272,4.008619840718568
183.6755436632235,175.9846761548883,5.168600630985623,4.004681734681537
183.24367296206222,176.20226502363855,5.167321202098663,4.002014412785803
184.3240013017097,175.62789157601006,5.168271983655537,3.9979039955884685
184.97327991357554,176.27432064576823,5.1662076119580025,4.001538708106254
184.75850517196423,176.0569337136537,5.16350988055193,4.004065357706622
185.19197362397287,176.12997542995447,5.161066882570449,4.002064242777764
185.62488366543124,176.20305864568462,5.159321270169472,3.999910223070035
185.1208153613789,176.2757824886012,5.159803166702406,3.998413210318602
186.12729320248184,176.77994591463832,5.161918804710885,3.9976220183515485
186.1257793757307,177.35544310320725,5.164946458213155,3.998252516158221
186.1955233746053,177.2130193241389,5.169468092339266,3.9950808105442612
186.69674758819835,177.21366619078506,5.17520906596168,3.9937870772519855
186.11699657760514,177.21488248042985,5.181961716344999,3.991354497962373
187.1250676376983,177.50239287007582,5.184019840552539,3.992962359925867
187.91813481889224,178.07851893292232,5.184248099602767,3.994428504369692
187.48191867463555,177.64811256843248,5.191227445788077,3.989788291021272
187.40613368487038,178.7321789328441,5.198524324066657,3.985752080973356
187.54675710680308,178.73494999418807,5.205914847406517,3.9802099582854717
188.05072183551158,179.02629506022214,5.208372971769478,3.9748841586630297
188.698092668484,178.37989842475753,5.21225669129963,3.969052044117269
188.6938345561844,178.88690549731072,5.220772915898825,3.9648283987127755
189.05040078907848,179.46356626483447,5.229223958761424,3.966040477506558
189.7694185972105,179.39242182234128,5.235841545246161,3.963864042218072
189.8409992279457,179.39385042232874,5.237210927159072,3.961006842243118
189.90986752885567,179.39587186337351,5.243979171869142,3.9569639601535647
190.3415370091627,179.54326532088567,5.247891767835517,3.951260897322758
191.13545560055317,179.9794969640987,5.249646228206023,3.945847598070218
191.27798283020306,180.48792705688874,5.25348490457866,3.9401133873436365
192.07097643106053,180.27467874879625,5.256021601315731,3.9333762130417163
192.06813511222987,180.27787833802722,5.261704238977059,3.9269770345797412
192.06531503033727,180.28106299679837,5.267344402762241,3.9206077170374805
192.496692745805,180.50108018881423,5.27040729545667,3.913482494820658
192.0613235285151,180.937082759146,5.275747805139246,3.9068752790543764
193.13918615303618,181.51696950636256,5.2831123144825325,3.9007496557601193
193.28131168987719,181.08775465671766,5.287296382098512,3.8938739311558885
194.21508755829288,181.16234359173748,5.293934634016648,3.8888645217892956
194.4282435456077,181.38160885108897,5.300184193369507,3.882895537068829
193.48838226176167,181.60062268236996,5.305512222671186,3.8774204602892253
194.06080747611233,182.17913151157745,5.314063901145154,3.8738049090495057
194.9235837577355,181.9639927033693,5.3194601391797605,3.871345325145594
195.3573017655061,183.1185866913542,5.317747609536517,3.8707533115703487
195.28496964863518,182.4695377840163,5.318160303674555,3.870587269812305
195.78920957674424,182.61515980018137,5.319465979431853,3.8678533894750937
196.00320881500275,183.19253242911347,5.324157494822385,3.8669481100309655
196.7982059474036,183.19284577584497,5.321312664005892,3.86632141656798
196.29055626438623,183.12297972745833,5.326982022386879,3.8618206551050127
197.07860902866926,183.55877917056853,5.332474496753022,3.858080356441392
197.5840131428612,184.064099827557,5.331533774066326,3.8573065481616626
197.07811625790114,184.56982850826105,5.33364891235746,3.855527818382555
197.72556441279806,184.06579555992818,5.3369364413335525,3.853895173782808
198.23046951533576,184.8599077073162,5.336985883814801,3.852593182310043
199.24026364533154,184.93331396931697,5.336827797052679,3.850025670682049
198.8070853876128,184.93383414758594,5.3379818534352275,3.848985314144096
198.9525565029193,185.00751862403905,5.3354412277261325,3.8458171636898633
199.45390168290038,185.36963044423024,5.341522278494241,3.842144530971949
198.87757894899556,184.72146048263787,5.34103186703297,3.8412065899769554
200.0338413283325,185.29669403175745,5.334413142255541,3.8436925086859146
200.39723068846453,184.79260635445368,5.327932844837996,3.843450071308282
200.39505260727395,185.94426258140868,5.332289007219177,3.843456980332521
200.46369142167913,186.30410563280057,5.339034990965563,3.843888940332506
200.5328755315658,185.7270257311409,5.344799743549655,3.8449849647925274
202.05076673312297,186.44600380357173,5.338023120527076,3.849412524736485
202.6314986903447,186.51651172856143,5.330226817563654,3.8526051261920644
201.98263582773464,186.59050906811194,5.33066803270244,3.8487531704334472
202.56204474036758,186.6618772673453,5.3245390275477495,3.8501028744806014
202.20261361145157,187.09478411428174,5.323324531861646,3.8483812848295074
203.71546297450072,187.1637119851389,5.320967267804541,3.8544941841647558
202.71074940947707,186.80223649949218,5.313927647417835,3.857278458874592
204.22366617145528,188.31173370456952,5.311512302517723,3.8617022277762447
204.29503691340258,187.30664952616323,5.3127791208079715,3.8557543540006227
205.37840311266257,187.9520172958619,5.304994269349577,3.8603873428401703
204.66274534320496,188.74079117820813,5.297431743145843,3.8656054497785046
205.24096171674364,188.66579057280927,5.291868544027343,3.8717479670813986
205.67599391985235,188.66327486700857,5.285054365059355,3.8767793786827975
205.60544566193553,188.73432077928018,5.282296782596182,3.87854165243633
205.67469137613074,188.8785812774546,5.287646471075056,3.877702889826066
205.7439916075297,189.02287903552022,5.292954621822237,3.8769246007850233
205.81388015537172,189.3115373527092,5.2971539845768865,3.8755138001619556
