150.60000610351562,150.5800018310547,5.190000057220459,4.599999904632568
150.55889202192574,150.38865101693975,5.196847530371303,4.599114406176502
150.17293705471465,150.8480575286552,5.19778094578674,4.605473205553731
150.78754336240414,150.30544738759076,5.203060269035524,4.610513041383346
150.71122587961827,150.91786194339582,5.201221218654791,4.621476057393262
151.09621131658778,150.8377105990955,5.204354219040052,4.627157971129043
151.63368383369297,150.83702739110404,5.21273088965136,4.6285243871119714
151.40020371119124,150.83557566516996,5.214954790257231,4.6314278389801125
151.47587940022788,150.9133178469049,5.218596466978964,4.630936530305216
151.94016262666688,151.3779898084587,5.2202803391407695,4.631842932237426
152.55871442572607,151.843271578827,5.2238355245194406,4.631773479123603
152.79233469647252,151.84204983752275,5.222004215487835,4.634216961732107
153.2590830505439,151.84151634232757,5.219389888176446,4.635283952122441
153.72573524168075,151.84100873145056,5.2168267894553235,4.636299173876465
153.414912338863,151.99659422092006,5.218072621158289,4.635328181903719
153.25768250740396,152.15136478810757,5.222324667799766,4.635994663805319
154.41841287074004,152.3099390339813,5.228570867654614,4.629207095594854
154.02616437209338,152.6235171118038,5.237223639516124,4.622726320295305
154.6421207735852,153.01455282548744,5.246906007104309,4.6166518745354095
154.63696912794,152.47459743850575,5.257209298394683,4.6097963711369125
155.02164110763152,153.25415602925406,5.26437670337743,4.603701918371856
155.4847508413211,153.2577700516474,5.270051534443588,4.596473873585158
154.93763446939485,153.26168184251645,5.277269636966964,4.588650291847082
156.10028525033636,153.72974947891626,5.281080693670155,4.584160066481949
156.48517942237254,153.1876162889776,5.287598229665977,4.58159821426381
156.17207178449715,154.0442688705407,5.292529637914316,4.576823686769503
157.02252895272164,154.04747815993687,5.300142835806704,4.570405107977137
157.33035384641445,154.1285502023882,5.305834898793785,4.563596485667675
157.71585973911067,154.28748089876694,5.311394084868265,4.5563634814969065
157.48012103178277,154.75572357152006,5.317019521514842,4.551582092009104
157.3992619346472,154.2151011940988,5.3234435799272495,4.545767895840535
157.4756115096642,154.83610611009328,5.326044407443475,4.546157884253307
158.01466476474263,154.6823119644008,5.335362882319139,4.543053322771805
158.5530475848002,155.53895870716048,5.346680493954938,4.539604947146786
158.31635844814778,155.54125900564767,5.353379418369644,4.535004350172416
159.2471532977816,155.6206113833477,5.3588600666600525,4.531888790402224
159.16465613007838,155.62411187872993,5.368230746417982,4.524887799637749
159.3187323781055,155.8568966594848,5.37138937072756,4.526284918673734
158.69297577815829,155.2353288527943,5.377088351956322,4.523606313389045
159.31410655419882,155.77915533256743,5.380999230328818,4.5263542304897095
159.30926258286954,155.46797874924985,5.390687172987371,4.525202920563669
159.851388519162,156.2503904362318,5.398484122180835,4.520449291997374
160.47618847749808,156.2498890213845,5.397289002475959,4.521452121692021
160.3192178216786,156.32683648601486,5.3991336455761205,4.5236055267006865
160.31871706079136,156.48322600691733,5.40013516735059,4.523049413831338
160.62878731761506,157.02962052666393,5.404466427864132,4.5230859791198
161.091142822216,156.48642003022633,5.41686719760369,4.516189896563329
161.7113109637323,157.0366450168419,5.426652899913365,4.509596660506679
161.31563902914453,156.49307992565375,5.436448416882836,4.502559149794482
161.39040054201706,157.1214724997758,5.443272363447607,4.4965497800285
161.9332351244863,157.1243288900968,5.452088404786275,4.490836999386464
162.6355401971333,157.12618775193445,5.455064406203233,4.487119275711146
162.47754081803157,157.20572371144206,5.458294751241624,4.484431563278464
163.10116816696998,157.75331978421315,5.462163927126924,4.483972807278132
163.6484954781111,158.29889706480242,5.462607379090266,4.487916320345192
163.88341462472124,158.2993379248997,5.462308402600085,4.487034600150569
164.34976614624108,158.30092509391807,5.468570946490825,4.4838602621138435
163.7257579120493,158.3022048363548,5.464273068202646,4.481300777240417
164.82319174048735,158.53893071534867,5.459451293760603,4.477144565488511
164.98370142383126,159.08542489292805,5.451013026008169,4.478190056603782
165.69017623864158,158.614919622759,5.443662387537823,4.48213460284172
165.46035211155035,159.31516411330696,5.434925741136517,4.4868003234971905
165.53713797406527,159.3178634078849,5.4374232156699405,4.481401734341302
166.16113244159507,159.3989799508969,5.437598065420082,4.4751891214185155
166.7875708782841,159.47633759982784,5.432103938285397,4.4763966668369815
166.55473113875271,159.71178509253843,5.430209971938304,4.473075126825694
166.24531307603638,159.86827334763174,5.425945929293252,4.471648700677942
166.9452182261316,159.24772198287715,5.427313260290824,4.467260202464442
167.1806210858886,159.79111020649162,5.423417268533537,4.469939786667673
168.03876321443067,159.7103004690535,5.418951953498386,4.475939357721289
167.96440006957582,160.48563383754026,5.4120301969342925,4.4817530834860815
168.42875046916083,160.63865875885668,5.417141372825769,4.486973899207084
167.88230990320355,160.87059637181702,5.419434697227368,4.490493447934871
168.50213986592746,160.24623884079608,5.426897602955317,4.492085678800972
168.5770242426757,160.86974580945648,5.433159786845938,4.493319240576506
168.80783732086664,160.79299685605696,5.439975351303195,4.4906699070958105
169.43642745989774,160.8723697789301,5.4324700767018435,4.488133436782087
169.12576503879012,161.0317510510859,5.429583215981953,4.4814767439380985
169.828860018825,161.19086683909597,5.426502654466704,4.475047256485677
169.82837924427082,161.66108743342977,5.427464203575107,4.469105118552245
170.36841010265258,162.2875418836613,5.437083323668352,4.46154574592551
170.20867911884045,162.29115734594495,5.44515618827222,4.454314821358194
171.2964111112054,162.29345424718696,5.449517895734068,4.449721018874168
170.5935215765645,162.29595463557325,5.454045330697596,4.444720242101574
170.9054672822925,162.37392982282196,5.452887321189492,4.444453218091177
171.21512973820032,162.45475765578072,5.456207360656594,4.438458789994287
171.75713799981474,162.5360968817145,5.461497987052875,4.431395645216005
171.59975479833588,162.77258208955072,5.465099758627356,4.425172176618481
171.20733593835192,162.93206086137133,5.4722528814972735,4.41728847181648
172.60292839947155,162.85828872037013,5.480412106586284,4.409313634522909
172.05432763790313,162.78439013968872,5.489007302260772,4.40159560624823
173.06253991158485,163.87721899290503,5.494368818912685,4.393245968755255
173.13699608481792,163.2593944214104,5.500925365802019,4.385143964900816
173.67810271332408,163.72969191882808,5.506778365998514,4.37717719053014
173.51911992132943,163.96692940247348,5.51394693856851,4.368897740368332
173.51427304430214,163.5826936738425,5.523640692623084,4.360499336489843
173.89819885853066,164.3637326660307,5.53271943758638,4.352282098954114
174.28197706259635,164.36764006318026,5.542120924444057,4.344467304654989
174.04783817209722,164.4483950086748,5.544173372608275,4.338365857943923
174.6668477709666,164.52987040181182,5.548879393340096,4.330755723978721
174.97768857787514,164.84238516126794,5.548353273035213,4.326881698578673
175.52056182585605,164.53212156804025,5.549131492048585,4.326537619333977
174.97692126203248,165.1522995922704,5.549843789624684,4.3279745195262596
175.75491077723697,165.15341466633663,5.546448588146186,4.3257443713938
175.9901479655312,165.23115111941146,5.5414847911880205,4.3254416584542295
176.5356562437294,165.31086424571998,5.536093805792454,4.321104773123038
176.4613120842828,165.8545098785561,5.529845731474431,4.318368259929243
176.4588419278043,165.31519825641732,5.534786044431458,4.313417121974558
176.53464671092618,165.86000808164903,5.5379678284125555,4.30733692308526
176.99561895644948,165.63024307840487,5.544469746812686,4.302643724850169
177.76918746446293,166.48401255640178,5.54497336644595,4.29750946808258
177.7692583452779,166.56408785670192,5.54483160481599,4.292047049655849
177.7693710724059,166.6440817898063,5.544606150560013,4.28665626545739
178.1573795488776,166.9556991661789,5.541118474169497,4.2814449339544565
178.77430542966368,166.8043802270422,5.542208393645365,4.275347391965852
178.541435721138,167.5011992326388,5.545092695011657,4.270274727827911
178.69449331296553,167.50453425550205,5.5474703906734115,4.26360468210144
179.31477589966565,167.7337587051744,5.540297583203552,4.267677919980607
178.77577676463073,167.73587468921934,5.539379473599231,4.263445951890758
179.39101817514455,167.81512577541736,5.541280148098461,4.258991716435585
179.31284797907082,167.97104953886992,5.543616174763665,4.255152920494888
179.2345133521279,167.3556756247205,5.54630797548341,4.2540811234647595
179.84947487798257,168.12769040860837,5.548393445502238,4.250062207849308
180.46325795995233,168.13092764209534,5.5525662168902965,4.243587740875359
180.38525490122626,168.1334718762046,5.554646885231248,4.238499272656854
180.46064870885021,168.21390765115495,5.557733454586484,4.2315019073592275
181.07493400633845,168.75309368155416,5.559619558198083,4.229779457825441
181.68941379699518,169.29207407142093,5.561121886646806,4.228472849133838
181.69212837101372,169.05988348696783,5.555692738609727,4.231426055856183
181.69456874356268,168.98337777717813,5.550811993511776,4.2306627467585844
181.92891313476267,168.9837624803492,5.543186724996156,4.229893340416397
182.4683899728713,168.98461769705972,5.539145915058783,4.228182906995393
182.24096765270082,169.0627565830585,5.533582234830986,4.22537457518744
182.01383162414834,169.14069582145902,5.527838016976585,4.222834856706183
183.08951369086893,169.6737120225898,5.521409721930416,4.229270373642128
183.24671272759025,170.20707302860163,5.513444801482826,4.235064397101125
183.0917824901044,170.21047124081386,5.516926334168027,4.228267972676659
184.0088860577347,170.21423661532603,5.520300972081571,4.220737223652302
184.00728374233665,170.21798382618513,5.523505602877644,4.213242801934083
184.08304841743688,170.29732552624748,5.5249633918494965,4.207546540981669
184.3128233436496,171.21558241857187,5.524162826462121,4.206029904485142
184.6979573656238,171.29116427329475,5.518292137880182,4.207745666112657
185.46306339840504,171.6753048782461,5.516259411848786,4.203554125975553
185.6150624773137,171.1435082686063,5.5176983362439165,4.198117557511527
186.14826092833596,171.75673572044275,5.519863801079012,4.192876787415222
185.61308534035788,171.22486806918076,5.52202027779848,4.188417390702547
186.22453279979277,171.91222314905173,5.519599876084054,4.186741062760367
186.14985142828348,171.83596930562146,5.516467569269222,4.186753699787472
186.07586649789496,171.83296941266073,5.51198992233575,4.192753485708894
186.22704653959565,172.0603243725837,5.514584194254994,4.1954750988438585
186.37830031446322,172.28780858292484,5.517198953699543,4.198190141931136
186.9153282948675,172.74340167839566,5.511660347751083,4.202875969441034
186.76271531010988,172.3599777047785,5.511611652067427,4.206537253678136
186.83727436954658,173.3520135541284,5.515189855170326,4.207517740670492
187.14312375778843,173.3519720673363,5.51455866831978,4.207600714254672
187.6796286818639,173.4265094571984,5.510859184483122,4.211284558003941
188.3696912301109,172.81355435847485,5.505594626262247,4.215096499208328
187.98985509122002,173.03900065357206,5.501546273135064,4.222436287559204
188.14337456347826,173.57172284676562,5.500111351153534,4.226605980044239
188.60100233908892,173.34171437881324,5.501944241224766,4.228078695302733
189.1349818156624,174.02895175268117,5.504285681293172,4.229704453129499
189.2860570503903,173.41572953010967,5.508059804495564,4.232450527639796
188.67381411986747,173.94853741061556,5.508028335457013,4.238287430451712
189.36021593126623,173.79533346739822,5.513658505132629,4.23837669633677
189.35733839335072,174.56200479003144,5.519413580963642,4.237501242293499
189.35517831380815,174.56253640656172,5.523733740048782,4.236438009232907
189.3500062594742,174.48702912221077,5.534077848716677,4.234083672337058
189.41940571078447,174.48911984894673,5.5487673136438955,4.2299022188651385
189.48888330339662,174.4911405728879,5.563456372683381,4.225860770982802
189.6353514927825,174.49303612261474,5.578124547461943,4.222069671529127
190.16891115023358,174.64910587736844,5.588752944391948,4.217858079688089
190.70283135477638,174.80520629743458,5.599312308969047,4.2137714606023104
190.54502756970186,175.19046611425318,5.606617529384907,4.214007701298115
191.1627515194294,175.11013661135024,5.605299937849078,4.220400418614054
191.7822191256908,175.10801660006535,5.60117044097186,4.2246404411838565
191.7046506402919,175.10640066492275,5.601950310714622,4.227872311469074
191.7051748053782,175.10568879661596,5.600901980542046,4.229296048082606
191.7864602568815,175.18133447787017,5.592760153990955,4.232433762029751
191.94308850396433,175.3359758226759,5.5882161953870915,4.231863607980084
192.6404733902253,175.9503866923976,5.581945777182162,4.237263516818545
192.7199680674509,175.95065811382923,5.577226721500832,4.236720673955235
192.7238385888972,175.87313264229007,5.569485678608257,4.237582123256284
193.03517878111435,176.87376401377225,5.563147395095687,4.239431208287736
193.65317871645064,177.02446801701737,5.559299859066934,4.246061285458441
193.2717264069327,176.40632343887557,5.551861873651162,4.249802274619378
193.27228449371552,177.0197206958127,5.550745700085474,4.255136194316749
193.81049572051182,177.02163374921204,5.552925199560077,4.251310087518108
194.3486010136768,177.0235481500796,5.555112682488137,4.247481285783019
194.2686147557044,177.25751926505106,5.561057395465813,4.241622464741566
194.3467413381125,177.71730729400554,5.558827148302799,4.246183912751872
194.888918375829,178.41011018116757,5.55291624231386,4.247147927713055
195.58568561611702,178.48558818067735,5.5452814556958865,4.250180783577717
195.43462026358296,178.56277377371114,5.539568540550194,4.249731407617028
195.43863154070044,178.79267971896823,5.531545986315245,4.251401402795911
195.4409936594015,178.87048334438003,5.526821748913132,4.249526212072977
195.90684366538858,179.48213046222213,5.516898011244054,4.255267008795529
196.44785673776806,179.01915804988207,5.509871619855256,4.2597834734441395
195.99098632030933,178.48045669335005,5.502386625970731,4.262422719572613
197.147276454192,179.63056980792925,5.491800301244103,4.264190433452871
197.22879520633603,179.70717527000025,5.482096066354392,4.264312778709271
198.15227103509113,180.3187457996612,5.473387648052195,4.266667212192737
198.15323941293283,179.47640411752946,5.471450892368797,4.267337375010899
198.2313667500456,179.93426535431024,5.468269615433007,4.270055285187818
199.07315612931413,179.93374906708095,5.468449376597609,4.2710878596463875
199.07603877583776,179.93278562537472,5.46268408355037,4.273014743058851
199.00093224123108,179.93343969990258,5.459865496986107,4.271706594003153
199.00465203501008,180.00945861745123,5.452425909428107,4.272636032889154
198.5487269267346,180.6201010310227,5.447064651575497,4.2742998382844
199.24099529672094,180.5412264003979,5.437850282068806,4.27923550281553
199.16606626764582,180.4640750225026,5.4349555526064455,4.280785470993515
199.23758566682946,180.38596509192686,5.444650413219412,4.284271673164767
199.2353710750688,180.38601479998368,5.449079596740735,4.284172257051097
199.8481270542903,180.99749920043618,5.447606534024498,4.285242351872937
199.7687932127692,180.54107844719775,5.4532745132389655,4.28008563538332
199.61792388460637,181.22885730611642,5.449007874885776,4.281551743600948
199.61994529278505,181.15140636738994,5.444965058528401,4.283492437419787
200.76718881320912,181.76075209537228,5.444440683318954,4.288247736462363
200.3099709690491,181.7586329795656,5.440875943259731,4.29248596807575
200.23378442041385,181.75762293616594,5.440234700967987,4.2945060548750735
201.0750493748218,181.75437234827407,5.441115403173856,4.301007230658814
201.07184195174145,181.83017363306772,5.447530249334525,4.302561041506952
201.60420392052467,182.286857618279,5.4557651905209745,4.30887211001546
201.1401493581184,181.74630006288723,5.462823821002277,4.3154283107458475
201.90817911131072,182.43513262422013,5.463993916846014,4.321269830085575
201.9102368258196,182.27595785520583,5.45987848782822,4.331947916920266
201.98897988448473,182.19757805263185,5.456338385899943,4.33476150666627
202.6054164808234,181.7308798141556,5.454964661536626,4.344533382383234
202.37507331602725,182.6506228643281,5.453426259491146,4.353946208589263
202.22420942130552,183.1078959052637,5.4467460851302745,4.364624018131257
202.84255096532164,182.56285037539521,5.444260159800593,4.374792560503475
202.84314714731389,183.18105649142595,5.4430677958160745,4.373590587188068
202.92095554711665,182.71681982071607,5.441814512274891,4.375882832221927
202.9980939844277,183.25589454243823,5.441919059950011,4.378403344857849
203.8479825248209,183.2575772315563,5.440804391208145,4.375037966621727
203.84868263976378,183.25904639130044,5.439404161322387,4.372099647133411
204.00493081431028,183.2591603826236,5.435474119690491,4.371871664487121
204.62149438356676,183.33824474885716,5.436100274525088,4.367922093688411
204.38984490369165,183.4187778068433,5.436904876817844,4.36102076353532
204.38938843461335,183.88378560421606,5.437817814974458,4.355397011183837
204.38718882385015,183.34901108948256,5.442217036500838,4.347028859471048
204.4619073126584,183.96786776248746,5.44670002968855,4.340675279894918
204.99569363630656,183.89511454618358,5.456327011794533,4.3322960511595205
205.60575035698866,183.89922964875916,5.46739160339125,4.324065846008332
205.5981776997856,183.90268469506458,5.4825369177973995,4.317155753397494
205.36055619995025,183.90668600877422,5.495621464749935,4.309153125978234
205.2777152463102,183.91079996159942,5.507180357361129,4.300925220327824
205.27066455028867,183.9147240082054,5.521281749404158,4.293077127115862
205.34256401475838,183.9959008780686,5.531736793440208,4.284977360364911
205.8784079206561,184.4614534404826,5.540022350061002,4.27956369417936
206.41094837701883,185.0045911328281,5.555183735648048,4.273530607800849
206.01706758513774,184.85314735921366,5.570677498024579,4.267511026475463
206.62845227530335,185.474225213744,5.584643567353916,4.262090767075359
206.3940157547386,185.47697193914274,5.5893667850055575,4.2565973162778645
206.081389297736,185.47936344108385,5.595823640845904,4.2518143123956476
206.77695497794915,185.48140921166035,5.597166942114343,4.247722771242637
206.69801224415784,185.56126859500372,5.600379317226863,4.242677097026021
206.84832960693169,185.87268500992857,5.60902393577753,4.238402955373184
207.3868057173162,186.49253278980837,5.614982914283064,4.236320194784578
206.84262122715162,186.03033887812387,5.620043358198425,4.232157844084611
207.53828042353587,185.56724012508772,5.6216318321791965,4.229750772324033
207.5337408139385,186.11179212240333,5.630711051373975,4.223912747171924
207.99388390068384,185.57351389720148,5.639195424010743,4.216903560426921
208.5324483341103,186.11865799306517,5.645733789402827,4.210282600944613
208.298667922954,185.88985585538728,5.64889230229298,4.203484566877925
208.29696558280037,186.51087412903829,5.65229698260028,4.19934846409469
208.29480189503082,186.51345479044815,5.65662435813939,4.194187141274955
208.5287129255587,186.5912782994295,5.6529110418831285,4.1932430382454555
208.99373568022432,186.97652187405706,5.650651466595,4.195910834026251
209.6943476872054,186.89595475370933,5.641190280403832,4.202404760524912
209.69662588547956,188.05597109283534,5.636633883855487,4.201412806813987
209.69593928806378,187.36002902000143,5.638007078687059,4.202642510392715
209.6968242697657,187.4362049961653,5.636237115283229,4.204848735661779
209.77814465340637,187.7426771567546,5.628163700360332,4.210173823917017
209.85976507267455,188.2800369231243,5.619454477333514,4.217175599744602
210.01930135541267,187.73660570763312,5.609409004841132,4.222443205283551
210.41072995939507,188.353447378821,5.598785225740658,4.224333349090696
209.87555239902488,188.12310844356813,5.588930120709283,4.222063979979942
210.42024846011276,187.9697479477202,5.578437659092955,4.220527925801668
210.1924592691577,187.96997994107923,5.572185390781564,4.220063939083636
210.9645138451981,187.9678299021444,5.566483121308575,4.224364016953293
210.9687887244255,187.96690345499573,5.5579333628537375,4.22621691125064
211.04516820703776,187.96805213372258,5.558898280469871,4.223919553796945
211.34840918640563,187.96842931807146,5.567220706424632,4.22316518509914
210.73134890141156,187.96857770951368,5.570816031869443,4.222868402214719
211.26541792072427,188.04584547697593,5.579737283790037,4.222198480225334
211.03324682027375,188.43061101231189,5.582107564786032,4.222620609395219
212.26152178892664,188.97357806512497,5.59009611458807,4.2149220918787424
211.71828268345678,188.51540305017,5.598367123379272,4.207094519947071
212.25254569555545,189.13455483027934,5.608034562646895,4.201012060831208
211.55484422611394,188.75122207038763,5.616759177429834,4.197300733892347
212.01178188585635,189.44790340651306,5.627768580566012,4.1912651455729115
212.54771749428332,189.4509990404759,5.635410777184162,4.185073877647248
212.0043921352248,189.4537248206491,5.642443893746524,4.179622317300873
212.69516150636744,189.53281448332262,5.64914391287497,4.175691743222005
212.4601487062913,189.6131020892039,5.65631087001964,4.169402745795294
212.3021512986063,189.6936078833706,5.663721532891518,4.162683233710933
212.45578127252708,190.0043103050987,5.665050603785956,4.158456427726656
212.52866285716763,189.38964979217067,5.673532818193723,4.153814384071909
213.06470984232783,190.08314149665978,5.681525252290787,4.155513495058981
213.67945726407066,190.08487704508278,5.6876087378544256,4.1520423982129815
213.3688752595698,190.08621163337548,5.690842004927948,4.1493732216275925
213.05888982567825,190.08773815130922,5.692861066496157,4.146320185760075
213.98448881340389,190.01141597273877,5.695284791290147,4.144496067880544
214.06225384914686,190.0103937458584,5.694230026434224,4.1465405216412545
214.21674886694575,190.00946428163047,5.694225726412082,4.148399450097144
213.5979962020016,190.08656020479472,5.695544483581763,4.148730925358436
214.0596807455611,190.1646732636135,5.699468061727107,4.147053585264921
214.59856390938617,190.24261823921142,5.7037671936306875,4.145744414005349
214.13415061670366,190.70730787857488,5.704846685521963,4.144112228752208
214.75255744758036,191.01758657257287,5.704945733888917,4.142011195816371
214.36606121273792,190.4779693160174,5.70503278452207,4.139178122254903
214.20967888876353,191.0210410777545,5.708725693037145,4.134785686798762
214.05285581280373,190.4827639004208,5.713332393828059,4.129701962515759
214.8248158530771,191.02551318813988,5.714472814923137,4.125745738226858
214.82626262309597,190.792454975416,5.7115792748853895,4.128487210883246
214.82837470537385,191.41162706909145,5.707355110329623,4.125819041128452
214.98174800947544,191.25651729843517,5.7093116968057585,4.127335387761714
215.14127485642814,191.2576820999548,5.6990703773723945,4.125005784722482
215.30056461245482,191.2588792552951,5.688916056304708,4.1226114740418485
214.69078396455956,191.25934657078437,5.676323382603954,4.121676843063288
215.23410856693508,191.26073416597035,5.6663642547542485,4.118901652691342
214.92317669077468,191.2624982023961,5.673763246859527,4.11537357983983
215.53842951147973,191.26306519773038,5.672621562613995,4.114239589171307
215.08050701730284,191.33750151971975,5.666659263057658,4.119001493177551
215.69471776780958,191.41375040886538,5.667216208261134,4.120126020663404
215.30869334912006,191.7950119949065,5.671018929511604,4.125848964709755
215.38387565834518,192.40694162424052,5.67445521186797,4.132396912494486
215.38143391990917,191.86468203059337,5.6793386887399695,4.139192195547892
215.45559605137933,192.4793006113723,5.685160656471781,4.14312487936713
215.6872683755007,192.01349713810643,5.684713462770229,4.14893691681651
215.91901974762104,191.5474612397218,5.684374018209986,4.154682114224914
216.46261250844813,192.16236176492154,5.678526798410385,4.16069626594491
215.92275397300477,191.69792814047233,5.676836333320962,4.162642769720952
216.46600188627264,192.31331356748387,5.671791840960549,4.167816297612509
215.92750348941019,191.92396701014698,5.667279717903713,4.1740030431564765
216.47160235808948,191.612260297552,5.66082107322242,4.179279843959429
215.93500100363713,192.2268700562318,5.652366320690708,4.186240282527138
216.5563788095006,192.14649356623318,5.645674805015233,4.192485250517989
216.5591391644354,192.1435874804257,5.6401540951455935,4.198297422132869
216.56305147317644,192.14126961783728,5.6323294776635215,4.202933147309767
216.56159349055156,192.14070450787153,5.6352454429132655,4.2040633672412735
216.55877561517153,192.13965879252427,5.640881193673369,4.206154797935792
216.71092426925418,192.1372545306541,5.645902658225879,4.210963321676126
216.70783406419457,192.13644415837507,5.652083068345125,4.212584066234148
216.70681663176768,192.13526092972677,5.654117933198912,4.214950523530773
216.78427916054028,192.13289152210302,5.654197599787448,4.219689338778251
217.40820779291883,192.5171598899575,5.647008211146408,4.226570025641871
216.94469624135996,192.97942957727884,5.643511475526645,4.232550489736724
217.48977497097454,192.43338571991833,5.639272538749912,4.238719682005223
217.02645489438783,193.051793017749,5.634907455653001,4.243245401371174
217.5707519019295,192.58426301698728,5.632538685283976,4.247255193139416
217.1069991178809,193.2031152171185,5.628817372632405,4.251186633875421
217.65101358798455,192.73565133177493,5.627272575645848,4.254842281801892
217.18383138822918,193.27760243952892,5.630147780913391,4.257677459577673
217.8068557755421,192.7322416849974,5.626805581317258,4.261030715489695
217.4981953586229,193.2736682952641,5.622757794561363,4.265572580996333
216.95469135155042,192.8060922258053,5.622283456136444,4.268596989139724
217.65348401170047,193.50569087460866,5.623269041987639,4.267970597684276
217.57426617924747,193.42822301063327,5.626303140755101,4.267504759496571
217.57438266537253,193.4269398184567,5.626070168505004,4.270071143849674
217.5762519541363,193.34835834128086,5.622331590977458,4.27175553739008
217.5809919552694,193.34540048241684,5.61285158871124,4.277671255118136
217.66281417524144,193.34102593867985,5.604608198124555,4.286420342592108
217.7452673901452,193.33743021646518,5.595119793091725,4.293611787021451
217.98318645895904,193.33323009309092,5.58545312275875,4.302012033769971
218.29867083205167,193.48464260355126,5.576003656440936,4.30994665278302
217.68130595645204,193.94868678225853,5.567815349324079,4.314046839105583
217.99606659491755,193.4023029337679,5.5595197758888295,4.319669554969127
218.46651226176533,194.0191965594712,5.550255510666139,4.328051728193084
217.84965025686404,193.55028022995958,5.541852047610413,4.334288782572593
218.2421367119034,194.1682824916751,5.533073416478422,4.3401951054564085
217.6261083509892,193.85474472945933,5.523525506842287,4.346468314155645
218.1743740312067,193.61907521612122,5.513088989070555,4.352338122547549
218.64461811304196,194.2363674803483,5.503152711717624,4.358489442516818
218.10557553838044,193.6915977516045,5.495960045174567,4.362751084138329
218.72912273581272,194.07672657994982,5.488855015004029,4.367486780381456
218.6558358982441,193.68410404864295,5.480462053272235,4.377898658649762
218.58240620155803,194.22285658580023,5.472314600248611,4.385441509105477
218.5091598307063,193.7531781715993,5.463803161214189,4.394773253079749
218.43559741328656,194.29271740151418,5.4559031848454955,4.400868471706761
218.3622712720216,193.82376162500844,5.447553174045456,4.408766264738441
218.28890196501297,193.35485217134595,5.439289822416353,4.416573378185311
218.2153008348329,193.8946350051519,5.431490686021829,4.422017487855711
218.99294205673218,193.3499091619247,5.425904676275415,4.426681670473659
218.9944468369675,193.890957216003,5.422895115804739,4.42930014717769
218.99630299038176,193.34611920468464,5.419182808976252,4.434289045497886
218.99583502689416,193.81076181584055,5.420118735951482,4.434877081843172
218.99587254579717,193.26755151724652,5.420043698145452,4.436278297344384
218.99621135473666,193.73110492499669,5.419366080266429,4.439317047244603
218.99664152952744,194.19365482438644,5.418505730684894,4.444594945637386
219.07614959310058,193.64566305102505,5.414624603535943,4.4546334923786315
219.31121689775426,194.2625520744723,5.410202378078467,4.462755135750332
218.6135957399885,193.87017597701902,5.407739608744261,4.471004505731504
218.69291473587282,193.32227835456655,5.404497441052332,4.479028982099268
218.8495998076469,193.86312747224622,5.402078105829411,4.485658575878181
219.31606393151753,193.70428840929998,5.402420470008838,4.49224649779709
218.693067997717,194.32430992139757,5.403159300327255,4.497456510884545
219.23588857745074,194.24483751090716,5.407782332748484,4.50064930445268
219.70464927266474,194.00701664395314,5.405509289274989,4.508666864883447
219.0772916847451,193.53957093986122,5.412472673227171,4.507744429151888
219.3128526737732,194.0823909346969,5.4095348423753,4.5145341162906405
218.69034158922625,193.6896572349584,5.40555236444475,4.519373611377349
219.08272757135842,194.3115016055864,5.401491453698428,4.524822555750201
219.5534127466038,193.9190055627949,5.397125618268188,4.5289775454494015
219.00687042910678,193.60381532822538,5.397040925673811,4.5346898273950345
219.5536696587406,194.2270004324796,5.397246683265414,4.538381581011436
219.01112214170047,193.7562134413027,5.388099118965474,4.542033336182279
219.56281835518743,193.36506508540086,5.378373195281203,4.543139688493351
219.0212273930491,193.98876100725622,5.3688143524416105,4.54459443577261
219.57182777524218,193.59887921067795,5.359485623661669,4.5444494320675455
219.0312703956131,194.14327374989455,5.349752636678583,4.54650809987563
219.58031649072086,193.67561330706468,5.341688079380409,4.54751958589197
218.96139043422363,194.21881277859208,5.334660528826533,4.5503903484418835
219.35432994163702,193.67254780843604,5.326519302357087,4.554087385053785
218.73693983423735,194.21517198533624,5.3174499999955716,4.5572073587691975
219.20743731175,193.66875862105144,5.308801973865449,4.562296003627717
219.67779526765844,194.21089860769445,5.300121205298555,4.565390364133325
219.06017465058525,193.9770587817762,5.2933253571195,4.5673061100977765
219.52998288101935,193.43128942614442,5.284790528760247,4.572582916767538
219.1458391845351,194.05129331406886,5.277413424978178,4.573638335719551
219.7692907386193,193.81852655300582,5.270795658616369,4.574064854668179
219.538459991743,193.82039957507934,5.2676369143004385,4.570318810521154
219.07351475604924,193.82367168862456,5.268540723181367,4.563774583430713
219.69203063857864,193.75011654209547,5.269430054238794,4.5561447394743375
219.22717732357955,193.75434905289887,5.271347701932373,4.547679717867542
219.844247563147,193.7587469912774,5.273409844716996,4.538883841110484
219.30408630478186,193.6852006721393,5.272820123494591,4.531560445393462
219.92059811075515,194.3844896458008,5.274111182666718,4.521586503079
219.30309382915982,194.38800690231545,5.275926836767483,4.514551990049714
219.7661418709127,194.3916737634923,5.274215774708017,4.507218267696004
219.14937106808256,194.39522473788446,5.276398228097455,4.500116318911715
219.4554611203429,194.3991391208782,5.279576022538389,4.492287552924194
218.83938224699696,194.40264214879807,5.281632139594901,4.4852814970844905
219.22214648233125,194.4066405232197,5.284512637499667,4.477284748241219
219.68164478568343,194.4106892728556,5.287101843430016,4.469187248969421
219.14166473814453,194.414735239905,5.292510774439019,4.461095314870594
219.60052220332284,194.41004313521094,5.295558975247581,4.470479524258733
218.98463758257824,194.4051258556299,5.298059391557374,4.480314083420804
219.44468191928968,194.40049050308406,5.301103452619939,4.489584788512483
218.82693885432855,194.3957270915245,5.304176781765636,4.499111611631619
219.28938031071155,194.39074179712753,5.304807637513916,4.509082200425527
219.75249749729625,194.38569109743855,5.305107597220996,4.519183599803539
219.13269419070613,194.30573371565208,5.3079987453243564,4.5245089302418435
219.5172486624354,194.3030139260472,5.312488279267161,4.529948509451559
218.97686684298907,194.29927405114452,5.309116548422154,4.537428259256931
219.28407788390822,194.29699679249384,5.314472867165162,4.541982776558302
219.74905659401534,194.21794818445557,5.3151187390637125,4.544979443949391
219.20290350397678,194.2147828394196,5.321314158231886,4.55131013402132
219.74518797143872,194.21291736484855,5.3242381590227685,4.555041083163417
219.67231317436003,194.20798882847845,5.31452648974379,4.564898155903627
219.12898395570784,194.1244373593834,5.3128985567816756,4.576531612627115
219.8317908883731,194.03940186120437,5.307964479160823,4.590971521461833
219.4456888170062,194.03472842499534,5.3012361590778365,4.600318393879877
218.9025817776168,194.03016950106942,5.296624200609026,4.609436241731739
219.44704091081755,194.02680623315268,5.299055521881504,4.616162777565199
218.89843351221154,194.10325040026456,5.303902413429648,4.619327001293402
219.52303961300115,194.7259791902089,5.304116894502791,4.623296104057094
218.97323908000286,194.10060239165276,5.310001036219962,4.62408750199293
219.51752228855332,194.4130856071084,5.315878201884926,4.624517404090701
218.97116363423956,194.64389544150035,5.313466652151311,4.63223867460444
219.43768492797238,194.95700595832966,5.319624479175862,4.632151250605886
218.9653122564734,194.33017760031385,5.324605640682778,4.632789057982809
219.59083671804623,194.64448352473465,5.327274469900195,4.63103608532279
219.19650870668667,195.0368722150584,5.332290809177925,4.6298983881166835
219.8212226629345,194.4115466141832,5.337161722219483,4.6262507643298445
219.4265450399793,194.80398537011192,5.342495720961045,4.6253944996413
219.97554112701596,194.1694126372044,5.342614987818277,4.6395554615356565
220.60321730803471,194.55554957770323,5.344078856893725,4.6527917249836
220.13011263210183,194.8630725183698,5.346266780285991,4.66709346263281
220.68114017160653,194.2256250062402,5.347411737051975,4.681188446005813
220.12971699754223,194.53388659932222,5.345353137574329,4.696039515616789
220.76230336485628,194.9213885917467,5.344576359237259,4.711283003449737
220.28800682923156,194.28100657943685,5.343480669683373,4.725795346998389
220.44269357002096,194.9943988114472,5.351100527458185,4.725480910068709
219.88183461005184,195.076451534716,5.362549555148722,4.719985305280818
220.43291084328132,195.31562747139967,5.371293197199139,4.717731764131752
220.0295544114538,195.5541932938663,5.384011462091937,4.71699687845587
220.66245294370208,195.79222888438673,5.390088551439534,4.717878505106495
220.57876911309737,195.23212944271475,5.3983636533778485,4.724429473552717
220.49329109807397,195.63038312627498,5.409993965320636,4.724550696952404
220.1695418038454,195.7929285769641,5.419461179514892,4.718475482705591
221.04156720815965,195.1545247296838,5.430538524662688,4.718826338156129
220.87623575150437,195.7123297302881,5.441732951434622,4.721356039832667
220.71078953311192,195.70888735099095,5.452729189975652,4.728240798426961
220.54509412438384,195.70541136404887,5.463662573439458,4.735192772311135
220.29798447503833,195.62321551995396,5.476353560952053,4.73907502344143
