150.32000732421875,177.6999969482422,6.679999828338623,8.800000190734863
149.9231752226489,176.9545415969174,6.716871360214084,8.804496235912874
150.0241353456619,177.8124081536582,6.758828745900135,8.795906544415628
150.01447324640552,177.79804419748172,6.778152944412923,8.82463445676857
150.01381453061146,177.7854308931621,6.7794703760010515,8.84986106540784
150.12386298783514,177.76964861383772,6.804964187888652,8.881425624056567
149.11950193944358,177.75926163283265,6.841781584577441,8.902199586066736
149.71617687125485,177.00976079759053,6.885458421585003,8.916769215794865
149.57192368926482,177.2533674944784,6.925625347970887,8.926234697207537
149.55853324651363,177.4949057471262,6.952406233473259,8.941434327351288
149.54972633175396,177.73802901594496,6.970020062992588,8.954800247456742
149.53909726352316,176.85623960470352,6.991278199454172,8.966299050314493
149.6557551737633,176.9761606190971,7.008781160848261,8.977275803401737
149.64443396359326,177.0985922009512,7.031423581188364,8.98368395589235
149.90587557599514,177.0753415526773,7.012015380136111,9.03018525244014
150.91274722429085,176.0547821734803,7.015334445318218,9.054241649060602
150.6457992614545,176.18266628038066,7.0441215069279846,9.051027867291317
150.37595606659988,176.31213308564784,7.077860219758522,9.045068095196312
151.12146066259135,176.44124186914877,7.107439740916804,9.04028198038471
151.00370507959184,176.4264135881664,7.0891119112385566,9.069938542349387
149.45519309699807,177.34444926328968,7.138198255871655,9.011830804092952
149.04949541274283,177.36946413260387,7.187884876211819,8.961801065464535
149.91462737672109,177.26497590410025,7.235214309077681,8.916835613782904
149.25015688394086,177.54661513446553,7.294064706515928,8.861593388301223
149.47436970648488,177.82570137425702,7.353879546371648,8.81166139366202
148.68166224541812,177.21528122913648,7.413395252702363,8.76091900406742
148.90640743439937,177.49402719500736,7.472889912683305,8.712412110269087
149.13131855925124,177.77220688648208,7.532467091275397,8.66545215561555
149.1073730043597,177.66968535893767,7.580358201058524,8.61556591626262
148.95963126678754,177.4416273545394,7.620918038717514,8.561834650088446
151.65167277036835,177.04065768755953,7.5863494871132255,8.599557633254257
150.90602134997047,176.13055064324823,7.549024574592444,8.636372676340892
151.28899563308133,176.25079843285206,7.5473089323693685,8.650621405132746
149.7586494185797,177.13925680832256,7.548750902703275,8.658267421748995
148.21975017036962,178.93558465613668,7.5656005504961765,8.636718716185786
150.28755570822892,176.21871325717774,7.510232759615298,8.715142202754242
150.9143452251403,176.0789877316631,7.533361317227578,8.739251735496504
150.6360185570421,177.25085956747643,7.577843351869244,8.700278920866023
149.72568995381008,177.39378823296545,7.605128680066953,8.670617572497434
148.68349551935646,177.28071838756432,7.640128583894881,8.640583642664827
149.0587310948511,176.49995496450336,7.658461793186752,8.664501768224358
149.44465230090884,176.47703798883754,7.657416751649233,8.710335719555973
149.41765690666196,177.13726555634994,7.7114075401429805,8.678013154986386
149.93567134948643,176.9751572737893,7.707334129020687,8.744240851475999
149.2777133214516,176.9615587805927,7.728493987737265,8.771437837869176
152.37560848701943,173.60784808653008,7.765783092122922,8.726356504179673
149.96632712001372,176.53117550498203,7.764754573755675,8.716658011813255
149.96301541356635,176.49279704604166,7.812136357480467,8.679268280351478
152.17218304817214,173.01074314357354,7.807296737534814,8.633706524688934
152.43455448077233,173.54546539588378,7.800217179064942,8.599588633529306
152.54654525292156,173.44286485205723,7.834423581930131,8.546601774018786
153.03611930186176,173.4714957710649,7.8869072688679935,8.489339936003445
152.24091328270123,173.4963354985945,7.930219140817219,8.43966048094419
152.6070584390287,173.01408425756,7.971215335252256,8.373114286893188
151.9445385436205,173.3024235160324,8.00939731004537,8.311178896357722
152.6947220989358,173.59045033187024,8.051065978892575,8.249137191174693
152.04071190269244,172.8476023529838,8.075629496531125,8.1946848991297
153.04606425476152,173.13235553735984,8.114714461584411,8.137625947675449
151.86312783672514,174.03975150229837,8.127160800224079,8.094881863127673
152.99324348514196,173.30347605729267,8.166115514606686,8.03464207899493
153.26122989569944,173.047461158064,8.140398574604726,8.036415996339278
152.4900705334993,173.07464635011877,8.15420728114778,7.9820456122297125
152.8652100825217,172.96821168144015,8.166259991952739,7.940804346637049
154.39772629318927,173.4632583909942,8.145007702031029,7.965304304666705
152.7392111401397,173.48422929468464,8.163915193484275,7.923362497285864
154.62386036719477,173.49992865453757,8.194654864283113,7.891963777579987
152.98760331665937,173.61766583550755,8.173991218966577,7.909810780746759
154.38465975849115,173.23860271878283,8.16595479917756,7.908097978594015
154.2427999480212,173.3778499785019,8.196547873529278,7.8827300057440395
154.09983485990807,173.38996167301474,8.229273132172182,7.858506616718384
152.34994724824338,173.49291510611295,8.182371780937004,7.9059337915622745
154.236712858461,173.50233734968884,8.209087447851937,7.887089304410477
154.59946770579234,173.39411536757723,8.243989007529434,7.85006285052032
155.61237838901005,172.38289979244496,8.24561287837576,7.845048763503083
154.5933435061936,173.27206391129616,8.256669714458576,7.840356839157065
155.3413734266158,172.90622625511136,8.281461586163484,7.811606295251984
154.83419046797212,173.41271243300847,8.282198965147087,7.812262477761509
154.82411298742176,173.29195251346843,8.302353926247804,7.800353243410971
155.33153857291038,172.52793643613117,8.30172327946804,7.807054611789302
154.82225811893048,173.03932051137997,8.30567763672281,7.798893011996707
155.72454980671864,173.03146147248836,8.276181496594496,7.814611089779955
155.48683575755777,173.02387892695225,8.244865107947108,7.829776180852125
155.24859565057142,173.0171180553566,8.215099608569314,7.843297924043421
154.8874398797578,173.00901872381755,8.178797538321284,7.859496587121564
155.52211236978337,172.88006986064943,8.172247794410527,7.8648352662296865
155.15665754114477,172.87313197653936,8.145534784738219,7.878711034449877
154.54851153056106,172.98565597464588,8.100118897174477,7.90600461998306
155.19835396949216,172.9718936837196,8.060735535006618,7.933529201835571
154.19919766180163,173.21155048504977,8.044038604129593,7.957967985739785
155.09798639422158,172.18576559258395,8.010455486468842,7.993544231038067
154.61661298773564,172.17868044734598,7.965076473691859,8.007714521514009
154.99623677417813,171.81685593985338,7.9604482756661845,7.976744161639887
155.25203992802298,172.08216260222505,7.95080071929853,7.948089588218571
154.63897325507833,171.3454604866861,7.92505294316195,7.9192364728654825
155.1459621708539,171.48309703110075,7.9091405698233,7.89347974858929
154.65270557989393,171.7385195049893,7.900213223971572,7.880355064698078
155.39146278796582,172.23767302387708,7.913775831292128,7.876099375898786
155.15679450446515,171.8588994119624,7.885793848068474,7.88766877439065
154.54823054984806,172.6012610055691,7.860916828593944,7.893351501627696
154.80557409919373,172.34801336580554,7.842426894728155,7.903649616329269
155.05738741193085,171.8538632248064,7.83473874975238,7.900072937330673
155.30784006545957,172.22852957987976,7.8294169947237995,7.894115555227228
154.54632807316895,171.37476330305034,7.866756008671681,7.86834897648052
154.79055247510664,171.50284131505546,7.873901061961496,7.859989881052904
155.03206137602507,171.50764498201144,7.8864388319532965,7.850382547140929
156.02129189876692,171.50689237042744,7.89056815529457,7.851887770308941
156.5262786917066,171.50138009197252,7.872244588030975,7.86291232721878
156.2826988522198,171.49237490866906,7.863808795401482,7.880922693825735
156.53851213199079,171.00117268301022,7.848079217401642,7.871533182059213
156.4197230805568,171.9792629472571,7.838104437982372,7.895775711863324
156.41966094980785,171.86225546200285,7.838228699480292,7.882013458338075
156.67466644872883,171.36434486568592,7.823342958768729,7.887584136711144
156.92913775693938,170.8671291496349,7.809231657641588,7.892352938225182
157.30277295308116,170.8561865999767,7.803765813020435,7.914238037541644
156.5593268873114,170.9893133095873,7.805501396995222,7.8955107095812505
156.79537591440894,171.00675551985222,7.82792137766037,7.860626289051391
157.28876154760147,171.01745034769274,7.8294045455732455,7.839236633370323
158.2671241570664,169.93050314735697,7.846681267775698,7.792378850267968
158.51617151941,169.94149983200282,7.841154623378731,7.7703854809763175
158.51109812841491,169.9568088652197,7.851301405368886,7.739767414542564
158.50359153636398,169.97594060217298,7.866314589470719,7.701503940635954
158.49513405769324,169.9964539309172,7.883229546812257,7.660477283147534
158.36059254523823,170.01899630254934,7.907536070931052,7.61539253988326
158.23974089518862,170.03127211898774,7.904794625782963,7.5908409070064415
158.1265059797524,170.03985269353666,7.887251222106653,7.57367975790863
157.87910781569823,170.05285788082188,7.895114133030152,7.547669383338171
157.87771117093988,170.0630132623878,7.897907422546888,7.52735862020631
157.74983182473457,170.07573367925656,7.91076606254788,7.50191778646884
157.62636582463583,170.0859033864314,7.914999982228282,7.481578372119147
157.61953869791813,169.9767235766052,7.9286542356636325,7.457496209903681
157.61889951549884,169.86427008220116,7.929932600502232,7.4401300199402955
157.73873313807232,169.7516992612929,7.932282857877137,7.423254159234956
157.86595178911062,170.4803772124137,7.9196318174545235,7.4166158269172495
158.35116326842035,170.00422439516248,7.9151417843878225,7.402988535866911
158.7184854977785,169.52031619350976,7.904087391441946,7.406018184811861
158.2428771296191,170.12576508567105,7.891015621280656,7.400481033589292
158.96380919534917,169.77816879638226,7.893831447424873,7.373333633364746
158.71940373583476,170.39506150613443,7.901856641187861,7.341512527025029
158.60885483610525,169.80330468888295,7.882941933885742,7.32496362772208
158.37340016044598,170.29499170284996,7.8749427397834895,7.299406690629634
158.38397353035253,170.29624342924453,7.853795999970362,7.296903237840446
158.51344552539263,170.18014026290655,7.833405400679945,7.290556179726649
158.64244700880383,170.0644790725596,7.813536698448608,7.2837442958294965
158.78055459419411,170.17391443362166,7.775037384157452,7.302589430194739
159.25908657799334,170.17957741937576,7.767628611415284,7.291263458686572
159.02615074080367,169.82862007089824,7.759263803389191,7.281823432033514
159.97538743000263,169.23636197270648,7.755491870982472,7.282151224672557
159.86586347499787,169.35538843327777,7.737755835174705,7.280882249347278
159.75508721615785,169.4780639744275,7.7228217277040905,7.2720177921984455
159.5283789293121,168.65724191719443,7.704013252373291,7.260874235086528
159.52393706146398,168.7876426495984,7.712896988069551,7.235714457255617
159.52725801220114,168.79798253077408,7.706255086595219,7.215034694904288
159.52290882815248,168.81094657523386,7.714953454692541,7.18910660598473
159.52434989746993,168.70292127498632,7.7120713160576235,7.170484123704875
159.5308232792437,168.35837601497,7.69912455251013,7.1565781882551125
159.29752671241266,169.0725600076866,7.69789955273572,7.131664603131354
159.18354577273598,168.7303210054721,7.69236755253158,7.115660968888022
158.25383485618298,168.73366910389186,7.686564725862448,7.108964772048463
159.18592076361696,168.38807687831036,7.686041493935243,7.101281004608664
159.30734110213925,168.854549646702,7.67602651283466,7.099638251601229
159.4291920714788,168.38994067382683,7.664967943204863,7.098282721154051
159.438628645411,169.08859286920182,7.646094795340478,7.095674210504938
160.26285571274087,168.25669860764694,7.622434346796606,7.134669047498828
160.15342317714328,168.1376228837395,7.608935827464367,7.140456904786323
160.97808770169,168.23721729655657,7.585319033701598,7.173512687056594
160.98796594095768,168.34020480331603,7.56556255516618,7.1999376003779645
161.3323599776166,168.45172500343065,7.574303697901332,7.2094069388330055
160.4128318700836,167.51106100564704,7.550987027291118,7.228362048724101
160.6487975759475,167.62342470786288,7.54451919695834,7.236366434989938
160.99284140730055,167.73833662875646,7.554703151345044,7.239299798900373
161.67953448129407,167.17672178549947,7.579096126746849,7.197713549257075
161.09322709748287,167.774600575813,7.588279460398366,7.165387402600877
161.66566521395188,167.21125112032047,7.60498996668869,7.130499574357576
160.85343512621435,167.92067726077155,7.605276017138806,7.103796543476795
161.54591537427092,167.12654137285628,7.609947200536509,7.070831359878091
161.42501337931023,167.02753750633144,7.620596802469611,7.03768470493946
161.30607572731012,166.81397602755135,7.627678663058818,7.0032207756776845
161.30046676809928,167.63599811011255,7.638896581480487,6.971664368367781
161.29817111717236,167.18868046305704,7.6434878833343465,6.946189327069619
161.1858931678496,166.97111957175022,7.638350698791854,6.921924943307275
161.07355263005053,167.558647215572,7.633805497436851,6.893001040429262
161.18856557650116,166.8848838840801,7.632473833530943,6.868362329441046
161.19003551155654,167.58510327552418,7.629533963420137,6.837605648773562
161.30445766842993,167.5906592172345,7.628433269317558,6.826493765352891
161.30671575682936,167.5950737065411,7.623917092518713,6.8176647867397
161.3093964274013,167.60047292556033,7.61855575137478,6.8068663487012575
161.64757593830095,166.93316234612567,7.623442963634956,6.778995039451756
162.32150313593314,167.06243791011664,7.635863940019868,6.747156473411323
161.5337175746103,167.4093926803335,7.626662095886689,6.732435347311421
162.44781733106785,165.94410563587553,7.606605531012112,6.724777145661468
162.549162519791,166.18039093845528,7.6294993829642666,6.70337499929877
162.33354276313582,165.5059138435351,7.609545441397867,6.698748824508959
162.22848956081376,165.84534616125183,7.594438533951378,6.6955241253473465
162.3474326709216,166.17565590699144,7.581479756256803,6.709686961431335
162.35690349780668,165.84007295533277,7.562538102486621,6.705993769804614
162.92947581114726,165.9533348292095,7.540393719643486,6.704070070818761
162.49349440916458,165.94884480867026,7.515454182284269,6.713050111897241
163.1770590373162,165.9496834769749,7.492215963132336,6.711372775287954
162.85809821374914,165.94528011460102,7.4593554750760935,6.7201795000357505
162.87225664732318,165.7180132135572,7.431038607928039,6.728265506153274
162.87833614482966,165.60644325944676,7.418879612915057,6.728492921093257
162.9926990592546,166.38878559880914,7.4128807223208195,6.722896810157926
162.99777488775234,166.27859063452428,7.402729065325354,6.720742375897515
163.00264931493416,166.16856895476948,7.392980210961708,6.718433697379186
163.23108910100152,166.17328235079907,7.380427655900902,6.709006905320015
163.45810411603807,166.17870480907035,7.370033357826233,6.698161988777455
162.8026099685664,166.1797133433509,7.3521223908165885,6.696144920216367
163.5821105670009,165.6269488947716,7.341326954178976,6.695812560066827
163.25916794989297,165.6159346190135,7.3242155695971,6.7178411115830015
164.0405820052866,165.49467287083627,7.308969857259106,6.739281408159021
163.93906529698754,165.48411268438826,7.290816451830124,6.760401781055013
163.9472055375582,165.47409977523975,7.274535970688737,6.780427599352038
163.95386992623506,165.46644087601848,7.261207193335041,6.795745397794589
163.8490290601971,165.5739790258388,7.249549935179824,6.802008088385122
163.8561007754201,165.5689687859893,7.235406504733834,6.812028568084102
163.74780685898915,165.567991196916,7.230800007671815,6.813983746230703
163.64034479503084,165.5664349408847,7.224570790666072,6.817096258293281
163.74715072460586,165.5652731789279,7.232064268687987,6.8194197822069045
163.64162143963316,165.5637367813261,7.221863480792361,6.822492577410535
163.64501459150588,165.67033512137453,7.215077177046888,6.830444502080424
163.65037838670887,164.56237362287038,7.204349586640932,6.834681674654165
163.76716108638726,165.54864548748182,7.19185213173297,6.851749445470656
164.21452498678582,165.43095956540668,7.18169579421253,6.865978423801758
164.88313256013407,165.20413160094776,7.171736134104763,6.8772158571900555
164.22072103531337,165.09263130142386,7.169172079668156,6.878985272224865
164.87556246663496,164.87714211452558,7.186803363362386,6.867525597242265
164.87350078657636,164.76963979372118,7.190926723479596,6.861216502057325
165.5319442087474,164.11163146612458,7.201710069313478,6.849562967074602
164.98122066755602,164.8812655837821,7.196844567228866,6.859132350013934
165.0946615097286,164.8837059995292,7.191300877158888,6.854251518519665
165.97855756089956,165.21049088780035,7.192899810142052,6.86420338022428
165.97843239556352,165.53877094216946,7.193150140814126,6.871712992179027
165.97817679942324,165.86735068011828,7.193661333094691,6.878991855224639
165.9785511592283,165.1970026434425,7.192912613484547,6.890071521099015
166.19200002463023,165.0941213591796,7.209547798352537,6.87406763178883
166.40599418718992,164.99082960549174,7.225106448898285,6.858877651332051
165.61837352117044,164.66991118979675,7.24791383423458,6.835385648420891
166.04929997669092,164.45662415740048,7.273102745495567,6.81843880206243
166.48076422284126,165.13173349555646,7.297714896362265,6.799531090501535
165.80933088090228,164.91317537226584,7.308766290954027,6.792708907320738
166.5823499230083,164.2473179965362,7.316961278859586,6.792223882679168
166.68627316385607,164.25769007333034,7.33126826959781,6.771479729090911
166.6802738116133,164.26791834114053,7.343266974083325,6.751023193470549
166.67853400352175,164.0585303983937,7.346746590266407,6.72598241582218
166.68614776554315,163.06412718535074,7.331519066223643,6.720714009427718
166.68647340829847,163.29928777704578,7.3308677807129765,6.692878305375875
166.68734379372572,163.53330408427775,7.329127009858476,6.666424197017542
166.68161321731466,163.76745532302056,7.340588162680582,6.638802922842171
166.67708450124212,163.0134647007476,7.34964559482569,6.60623446731195
166.6763569333566,163.2444439195822,7.351100730596741,6.583675371972628
166.6688236736568,163.58569319865126,7.366167249996358,6.559263053837439
166.66635420966375,163.70489346476577,7.371106177982425,6.540068578366311
166.43602165841662,163.82476585389236,7.393819541338334,6.519299669682283
166.32347823407278,163.1783410148286,7.399910383165643,6.498173306647552
165.87657894605886,163.29966691100185,7.418699923701469,6.47427377317406
166.744475955276,163.52860816824847,7.432190474865047,6.4537124010802875
166.9551741399013,163.53413085327657,7.4478738401842435,6.4426670310240866
166.83880752299456,163.98121477254958,7.4620016407995315,6.422920925270651
166.83108207654791,163.10834694189197,7.477452533692812,6.420599996081842
166.70970256109825,163.11574186366514,7.50150285452988,6.405810152535485
167.04799236930043,163.11183267402922,7.481451659350678,6.413628531807301
167.7194128711602,163.0993044543106,7.450562034402026,6.438684971244507
167.29649546483472,163.08844092007584,7.422064303575041,6.460412039714067
167.09224452666453,163.07900660769718,7.3935851712749825,6.479280664471397
168.0838417729815,162.74680319115706,7.375555776752671,6.488632464847796
168.2090659461828,162.84322875053476,7.343329384943293,6.514003300685591
168.32800305158764,162.07513420383205,7.323583160973002,6.523296486215115
168.7756186506621,161.96201988075816,7.300232077680539,6.531555103648718
168.02295349359227,161.9621578806153,7.28138719610667,6.53127910393443
168.7968214557012,161.96080850796713,7.255745983717446,6.533977849230807
168.36262178890937,161.86069620957923,7.25579881244677,6.517115819792975
169.24567779140824,161.96216140765168,7.224233140264936,6.531003715250125
169.25929300668972,162.50158092343995,7.197002709701979,6.534910276908112
169.70625748064663,162.6039614003691,7.167824754456366,6.546337071216899
169.61338749758207,163.03104720204604,7.137649116460132,6.555827884364416
169.8406828150759,163.0298617987409,7.114251758059408,6.558198690974697
170.49890128745858,162.921447593465,7.089432767614664,6.559757442473079
170.18975364018655,162.81408468115993,7.0630058280436,6.559575855711495
169.77538601617357,162.81142254132368,7.033772199288455,6.5649001353839935
170.43300628279007,162.80758676783017,7.003254632010245,6.572571682370998
170.23200319087866,162.8075969411311,6.977729530161312,6.572551335769148
169.71145759810176,162.80688385631106,6.951988720824912,6.573977505409258
170.5705917539261,162.70367914887834,6.937612771155729,6.567400375027272
170.57441192851056,162.60444644278618,6.929972421986819,6.55320839336343
170.5757525637637,162.50854446879262,6.927291151480523,6.532699510654242
170.78530538991654,162.30456796575842,6.932076667952355,6.516761347945125
171.0962634148129,161.99471896110552,6.9454630470343774,6.501156928376183
170.5606247586162,162.7471119085401,6.958095891487512,6.478473288623452
170.8707711114185,162.11820771115558,6.972500617750345,6.466886819657666
171.60315142005692,162.7619163652252,6.988985138356002,6.449108201131945
170.97634834186147,161.91568841532978,6.973106394238044,6.44891756691088
171.5096722897976,162.022522962972,6.963109264778128,6.446578624908896
170.88243440578728,162.12923331999892,6.950762927470988,6.4442949284096995
171.20210501588883,162.23795649295954,6.944145988063797,6.437756676087069
170.4703217070502,162.34354509616398,6.932806306556355,6.437280369561737
170.7901104871822,161.5029061992628,6.92477791859229,6.434427037230932
171.1083715919813,161.61050143258487,6.919292951643632,6.429582318136705
170.58610269355214,161.618585658467,6.912915046236515,6.41341386637241
171.1138763406359,161.62192984407267,6.9065006970883225,6.4067254951610755
170.59105588257515,161.6296501766868,6.904040762339742,6.391284829932836
171.21925774860352,161.63679722849457,6.903654679456588,6.376990726317294
170.5939757276051,161.64212252115993,6.89960129378786,6.3663401409865585
171.327656223835,161.64680587266577,6.89433213962955,6.3569734379748635
171.12004986456557,161.5499600419041,6.8922667016921295,6.342026021260123
170.90755759874727,161.4537699231553,6.900513193890253,6.326037239038426
171.7411069292948,160.93856808528233,6.899358611447349,6.315225865626892
171.74542584471058,161.56567374139226,6.890720780615746,6.309331701459358
171.32931459670618,161.571490906045,6.89164556176081,6.2976973721538965
172.05893424481476,161.574467923479,6.885980974288643,6.291743337285906
171.64809461289818,161.57683688803777,6.877778391871434,6.287005408168356
171.1313837284177,161.5812071510933,6.874863979961032,6.278264882057267
171.85812085707482,161.58554790154878,6.8709680066668,6.26958338114636
171.3485272171613,161.68824818854478,6.855737129037001,6.271066438645715
172.1839928435091,161.58142626398978,6.838166253536624,6.278040240606373
171.98927714039732,161.57445186800848,6.81458297821532,6.291989032568972
171.69058571566873,160.94104213231432,6.792880767815569,6.3206383842434235
171.49529708505793,160.41117004694993,6.770500763268739,6.347989390551087
172.32987685370412,160.80911904518067,6.753850082518707,6.378345822360795
172.33628024071228,160.90189970570313,6.741043308502349,6.3995695986724295
172.34062751717374,160.06532043460587,6.732348755579413,6.417357600681989
172.34761585376654,160.16391259394814,6.7183720823938335,6.427240418232414
172.3560975632743,160.56731503158358,6.701408663378335,6.448454851684022
172.3642141561673,160.9711886484667,6.685175477592363,6.469007162248611
172.26895566898654,160.75215697201594,6.668546962441477,6.49277953612532
172.37607161356718,161.05424145776726,6.66157543669812,6.510391654876324
172.58511176848796,160.21904203100075,6.65835340038969,6.521357414276811
173.00167753225813,160.21788460684053,6.655428664253479,6.5236722625972305
172.2793580651797,160.21461760471354,6.647271473764972,6.530206266851231
172.59183190816964,160.21386230623582,6.644875649656998,6.531716863806625
172.89956049623288,160.21720697816878,6.651928916311776,6.525027519940738
172.2823782293747,160.21559496407858,6.641241134845485,6.52825154812117
172.91007106213274,160.10878335716637,6.630205532895582,6.534483084684472
172.19063797252988,160.00461058911628,6.617855785957014,6.535512059906931
172.92565343826288,159.89393046193806,6.597795309014264,6.549733677902883
172.72880538301675,159.7839033323227,6.5773967100465445,6.562740582403652
172.6323424205264,159.6768376742522,6.563391371262318,6.569940634779705
173.46388554223714,160.39928825283585,6.554898085043683,6.572808315164918
173.462877689938,159.78344351286265,6.5569137896419525,6.564084880545165
173.46183258458524,159.27031235642838,6.559004000347526,6.557197730399535
173.35951404244503,159.890932371335,6.55708672715301,6.555283845435446
173.46294159250135,159.3783354141183,6.556725651317631,6.548007638482746
173.26021667804184,160.0986213520481,6.549427997879623,6.552051950872771
173.26318258551146,159.47952049166543,6.543496182940381,6.552318564577161
173.266468278442,159.8927323283348,6.536924797079264,6.550828056881587
173.26733258219684,159.27711337799988,6.535196189569609,6.5454280670541305
173.78546335006018,159.5920601772069,6.528904988975297,6.533516669719545
173.27287064248222,160.11328038927755,6.525553281676405,6.519613368032999
174.0986967820226,159.39647729399243,6.5173865221708756,6.515169728974886
173.89202617665262,159.50892204035898,6.520253521760877,6.495517341816826
173.78905217488534,159.61915897744353,6.52122884833075,6.48001614461243
173.6803774503731,159.5313414311567,6.533834538884474,6.45090747871534
174.49156337784902,159.44340927692053,6.547327353629454,6.422288703475627
174.3838295623568,159.35534251190066,6.558551435468492,6.394178684369924
174.2765709001226,159.26715563659775,6.569092864239175,6.366576539278047
174.16914300645178,159.07658248996592,6.580243563677943,6.340312656735932
174.0621744378802,158.88598763436937,6.590716145267317,6.31457325682149
174.05523097182743,158.49187747142102,6.604603077372872,6.289908494227964
174.05165550145776,158.9003964741496,6.611754018112197,6.285062709772921
174.05105507500718,158.0932180803802,6.6129548710133825,6.274754016652361
174.15315880978793,158.19748086702944,6.611685975488378,6.2691670173904495
174.46154026092177,158.09338154079433,6.603413519129857,6.274535521224253
175.07539326198352,157.99260659604704,6.592422395788839,6.273299597588476
174.26982913925517,157.98985372798415,6.582796939115386,6.2788053337142395
174.37532011934437,157.98997333797848,6.574345752381233,6.278566113725569
174.68294697100973,157.78948548420746,6.566276033470715,6.274752498320831
175.089973412607,158.5999995128555,6.5610547229229805,6.271387586318257
174.88840151019113,157.99296187764688,6.560052860038121,6.273025853585804
174.28507409341987,157.6918546362392,6.554209152526192,6.268991065873955
175.08996705944296,158.20059050709398,6.559844600495536,6.261157686674114
175.0897748675496,157.49331129749578,6.560228984282216,6.2624731580075546
174.9926856820945,157.9951116994739,6.552488649049738,6.268465884764833
174.99382975808476,157.28637838142302,6.550200497069221,6.272685653102918
174.99217777210785,157.38474592196002,6.553504469023032,6.277873963775527
174.89262616841287,157.47993329174884,6.550550380192661,6.2895565204182216
174.89419729209402,157.57688805152475,6.547408132830346,6.297842965409422
174.99640741325643,157.47081181469693,6.545265764464654,6.307717565105938
174.9906724841816,157.57137575140055,6.556735622614319,6.308990235377456
175.08622832588208,157.6725411812473,6.568224403998812,6.309259840469323
175.2828845809977,157.57409744919204,6.58048144526285,6.303362528832239
176.08856958800865,157.0724167755781,6.592179007033437,6.29230664118982
175.8851022404553,156.36145057603218,6.593330608648505,6.293998213060772
175.6815082473403,156.56481795284262,6.594645847702788,6.293136206615623
176.49295253344727,156.66742398023416,6.595303769593602,6.290867463595596
176.28945258753058,156.8706979016733,6.596468317746671,6.290154964397603
176.28745112127882,156.06440489562004,6.600471250250142,6.279344047817631
176.28494016748357,156.1712609148008,6.605493157840695,6.268447984927301
176.37998243240477,156.17490698911044,6.618130487801933,6.261155836308031
176.47621251718934,156.17676063364178,6.628474247102819,6.25744854724535
176.4795456308027,156.17345474070413,6.621808019876067,6.264060333120645
176.57751868027077,156.17298031251275,6.628769429346922,6.2650091895034405
176.67848863196255,156.17219151059274,6.629860955115616,6.266586793343462
176.88010845402428,155.97565185644973,6.632768352629057,6.253519059992532
175.96617266955195,155.8794885459185,6.634434734645634,6.242933993618557
176.37371089935706,155.78044398580832,6.6304373824559715,6.238253336983827
176.97956245242995,156.49256260044203,6.634532381745829,6.232447230724619
176.37596932310316,156.29265141714166,6.626089452754144,6.227059868110281
177.08644936925825,155.89167848168697,6.621841251891752,6.21945608676378
176.78775053624392,155.38996297158334,6.612637919306237,6.2118854426140615
176.68952134461045,155.89941902861702,6.607159957986994,6.202655051477476
177.59706656042698,155.19820858731538,6.607407544834018,6.193146364151772
177.69765427998195,155.20011072681163,6.607789239112636,6.189342085159214
176.79420127922194,155.20164993778198,6.601171020704782,6.186263663218513
177.00060648349682,155.2015488962504,6.591061455849888,6.186465746281726
177.10610584092277,155.19832230039216,6.581258420996956,6.192918937998164
177.41301040415553,155.1961602455874,6.570884014215393,6.197243047607673
177.61755236556772,155.09461081501627,6.563902775804865,6.199290566543007
177.92167367184388,155.0945080132955,6.558584160243842,6.199496169984559
177.2238350986834,154.9927310169662,6.547998025185894,6.202155408160455
177.82373396312997,154.89895873172176,6.5528284009935405,6.188928627865891
177.52725937360913,155.70333593603038,6.543866185188002,6.185271272174597
177.92196816218737,154.90241100630223,6.556204490814077,6.183609366065717
177.22113508819868,155.0000846078754,6.5536318747142985,6.188867700644677
177.62102525382315,154.19536599213032,6.556446460030501,6.1931150990046575
178.22458244252397,154.1936071295482,6.553892766373858,6.196632824168889
177.72547611791674,154.19168678919053,6.548225552559694,6.200473504884279
178.4319871129022,154.089619262197,6.5404412468331925,6.203860318264984
178.23509039491773,153.9867128371485,6.5328743563168095,6.208993005119309
178.0411701285141,153.8801742723118,6.519428645324579,6.2214270128929225
177.84511118216065,154.6786503759033,6.5102871879035,6.229512206221937
177.6473439656264,154.5719985633444,6.504592459911858,6.242201250809647
178.55681707616145,154.36585660985662,6.492182723610059,6.25303260561452
178.56006284050576,154.05798842163867,6.485691194921482,6.266659325694612
178.46742553166192,154.05256582650452,6.470148800705258,6.277504515962905
179.0788431695988,153.4419301851445,6.451781814889887,6.2943075086245015
178.48333674084628,153.73467274397643,6.438462754843948,6.310988349736108
179.19249187477618,153.9278476316072,6.42558622714078,6.3261910716622065
178.79730427900174,153.22021701481407,6.412705956950979,6.335755247205753
178.20135789922978,153.40995030584816,6.4000251910812,6.35781317360872
179.01379194350392,153.50046754542095,6.382441626155031,6.3776892599159565
178.81942060653716,153.59448336073757,6.369290420881415,6.390604568886239
178.32187244123443,153.8900616911962,6.359670960985462,6.4022773822698875
179.03192643059407,153.079495406328,6.346389973438396,6.415607676380884
178.93743266284469,153.1745624270059,6.33440190700936,6.426449236952933
178.8372236394081,153.07255208836105,6.333862975165487,6.429512935525552
178.84300561638526,153.0669382893263,6.322299021211154,6.440740533595091
178.84746584044254,153.06177717388772,6.313378573096593,6.45106276447223
178.85181111068812,153.0566642533901,6.304688032605421,6.461288605467495
178.7529382274007,153.05339172074812,6.301398578583511,6.467833670751445
179.65601115983375,153.05578841249852,6.305026725138885,6.4630402872506245
179.5525107371808,153.05860388516808,6.310959498487126,6.457409341911514
179.23986993316095,153.1657928881756,6.333021002384726,6.4441047039439
178.9272839371493,153.27272211185738,6.3545549635625225,6.431458933528786
178.61475062575207,153.37939385625546,6.375560669299213,6.419469083751868
179.41045812950193,153.48601422572386,6.396115541244903,6.4077245797457545
179.3033959526051,153.48788262011095,6.408604638262649,6.403987790971587
179.1964439158603,153.4895399823241,6.420735605905285,6.400673066545324
179.19149457875895,153.28873906002096,6.430634280108012,6.398451139551692
179.18700011186644,152.98748247215386,6.439623213893024,6.394866268303373
179.28379501412695,152.2784879224776,6.448151046732679,6.398031906130908
179.2803619644431,152.88680531782657,6.455017146100355,6.395207368391735
179.48338687769498,152.1769226180321,6.453697704393319,6.398416421192213
179.8928528902083,152.17410565711887,6.444345799216657,6.404050343018669
179.29134211502435,152.271447840959,6.4333471594798155,6.411702673689222
179.69969231031757,152.37065745201323,6.425783479077699,6.415567629126887
180.31358393662995,152.3662337951091,6.411356140687073,6.424414942935154
179.71406780423004,152.46384763416228,6.397559798597925,6.431325365976963
180.32651019066205,152.4602046327887,6.384852101864656,6.438611368724144
179.82668444891763,152.45752634517484,6.374784270474069,6.443967943951838
179.3273622066558,152.45507272764533,6.364081862027636,6.4488751790108845
179.9382671694641,152.45247386054797,6.352938414954572,6.454072913205592
179.33071538139689,152.45072720767402,6.357940117279428,6.457566218953506
179.94027279184888,152.44898254379802,6.349730133458972,6.461055546705494
179.43705702743912,152.44792942765787,6.347447902223011,6.46316177898579
180.04028692261608,152.44524326424207,6.351427075336994,6.468534105817392
179.43238955162744,152.4467375636482,6.355899537378671,6.465545507005094
180.03437241575293,152.45063268635286,6.363397856580658,6.45775526159584
179.42635468058543,152.45433341268162,6.367993990079541,6.450353808938318
180.13007133556593,152.35610839523542,6.3735996023932895,6.44494114064861
180.02366336083819,151.9604495951426,6.384549550091902,6.42879473380655
179.81728751273303,151.76410990174796,6.393731949097404,6.41790482339106
179.9198724546176,151.9615270963845,6.390320034955718,6.4265863733729
180.02163491198152,151.25230752038368,6.388635964023973,6.432139618801793
180.12403433922168,151.45010425966473,6.385738796640586,6.440349514433479
180.226325869276,151.64812178569596,6.38314092150765,6.44828483232246
180.3285163072974,151.84635433107266,6.380829091332474,6.455957833304351
180.42988582560423,151.1365589877401,6.380243313964366,6.460475705250824
180.53194282576476,151.3351260356123,6.378344374348344,6.467771730916497
180.7325462084562,151.33660211744638,6.381737240059248,6.464819567248366
180.72658062633215,151.3463717986367,6.393668404307327,6.445280204867707
181.23357617670536,151.2440940981926,6.390616096837127,6.447647847100712
180.63143931810095,151.14097846960658,6.381828496751668,6.451702218057056
181.44643482767984,150.63489310702246,6.3686542536848245,6.453362458168444
180.94752396887628,151.33908867570364,6.356873864288914,6.458414270610378
180.85271625321903,150.63571648154064,6.344675318176768,6.452460816949717
180.85946338655484,150.8393743699921,6.33118105150514,6.448200871700294
180.86327127488263,150.04279718621936,6.32356527484958,6.431371241788944
180.5687417975127,150.04952282023783,6.310034184653424,6.417919973752032
181.27384935544546,150.15346916975392,6.302888028523685,6.410465697539228
180.67862334583117,150.16000628070807,6.292089029973148,6.397391475630931
180.5812901287149,150.86167441009863,6.286922845704254,6.3928835463601805
