249.4199981689453,150.82000732421875,3.799999952316284,3.799999952316284
248.67742724824615,150.79962140934657,3.8064016422417404,3.7982520850064576
248.5548167943008,150.7402198256745,3.8121059316895733,3.79729694312922
249.2718260033371,151.16085792988085,3.8160842264861694,3.7948521505568915
248.37052048628706,151.46161746557277,3.820838022821891,3.7926188250944843
248.30751789186158,151.9420727940733,3.8269464593321305,3.790882186819135
247.94509875608964,151.5233170239337,3.8319919147295245,3.788635441594044
247.52230247300082,152.48443058103555,3.837518722526604,3.7865586322601548
248.60072315848072,152.96590063758012,3.841821067847691,3.7841268375180865
246.37647095401078,152.48666060687714,3.846891559611155,3.7818644303453626
247.27503919924519,152.9683295026736,3.851807046381946,3.7796210266135137
246.91207841400526,152.54882689794465,3.8566568636805045,3.7773758573599423
246.42882734105595,153.51175589298686,3.8614040739389757,3.775027738555815
247.20818267422433,153.87368621137864,3.8660323982834357,3.7727081743943724
246.30370568375366,153.3335054884332,3.8705931388428376,3.7704336760560686
246.1808145649291,153.81596425796246,3.875718283565647,3.7681445087026804
245.99714376830784,153.39560812702092,3.8819414413170725,3.766247087773094
246.17575674446127,154.36036389970363,3.886036895089473,3.7637830414972124
246.47551433874324,154.7834122069946,3.888850502681177,3.7609467415331577
246.71511519211595,154.3029890303385,3.8915089485314485,3.7580727896539674
245.38665229091262,155.20714374316603,3.898286763485667,3.7566824463528596
245.68437864924917,155.32800221763992,3.905561745396632,3.756056576838648
244.95693925509434,155.44894427036266,3.912644569867534,3.7554717986996553
245.0143291397606,155.93293023190085,3.9186161968069535,3.753511045798975
244.83076541232995,155.57158413639573,3.9233019306787855,3.7513197948302928
245.0093735962474,156.47871951560165,3.928643356353599,3.749838003966674
244.34141729314678,156.53944824095086,3.9345154964227427,3.749293322916605
244.82410675226774,157.14547121285898,3.9371051689927508,3.747208117615204
243.97488889292495,156.60222991183866,3.941490914266959,3.7446585938914425
244.21460891195122,157.51085827991326,3.946178082814465,3.7428788824922745
244.51547678954842,157.51172580366642,3.9498269756771194,3.7411438349859427
244.5134622208909,157.45220436975927,3.9538561129922023,3.739080199029123
244.14848759383955,158.0593018208366,3.956984572245302,3.736253288290397
243.29855566963764,157.75773273413526,3.96087603491361,3.733687038216085
243.1145300289574,157.33488613626884,3.965444267511999,3.7312531201707335
243.2938237080798,158.24461469537965,3.9704383236847294,3.729703074036669
243.4134951971824,158.67026746149165,3.9735898511359182,3.727128311609982
242.56267694010143,158.0652841886695,3.977647634765899,3.7245386211600184
241.59045594223988,158.55173394921366,3.9816432737921104,3.721862278420163
240.73889359562858,159.0381551235232,3.986598740937922,3.719402344702085
240.85869667829152,158.61492547483562,3.9896647932203813,3.7165088804481914
240.85605630659452,159.1621444308788,3.99494553661438,3.7141130080875033
240.5503747120836,159.04204952617644,3.99939694326768,3.711538104544826
240.42662675756011,159.043268895434,4.004071067604975,3.709099366029727
241.33522900348007,159.46957924891535,4.008542223972016,3.7065939615635903
240.48265206986142,159.95675532679869,4.013046891376492,3.704041348558536
240.48101525251843,159.5325103461612,4.016320526062504,3.7019991819878264
240.53965420444695,160.5055309527431,4.020565763730734,3.7003282332290257
239.8089314594556,160.9917719930127,4.023258463058559,3.700348013126405
239.4415250582279,160.93210632550355,4.028441147234272,3.6980743284313946
239.1958125087474,161.17662908038318,4.033267848420471,3.6956272164470034
238.70660790305817,160.69109112476826,4.038190307673672,3.693216375551656
239.19087538723176,161.1790564896464,4.0434483925092515,3.6910786989781452
238.70178358911954,161.0580213558773,4.047456218883535,3.689605024053764
238.7599652368507,161.97249100974588,4.052903822145723,3.687829197183664
238.8792753164651,161.9734530669664,4.058018481104539,3.685905082742559
238.3888560217268,162.03544330662348,4.0635262828327035,3.6838409518970345
237.8372309177502,162.40233031341035,4.0690541558539755,3.68188182827794
238.2013639067392,162.09845337261868,4.072931622110636,3.6795161729990853
237.58927205905607,163.01497110175058,4.076650467238844,3.6771779900923547
237.22078029550246,163.01608934260952,4.081231903792586,3.6749415083744204
237.27958789496128,163.13911811504752,4.085719265900833,3.6730890855502207
237.03333804631103,163.56751655218477,4.089647952436363,3.6712914801144567
236.60349653045714,163.4464739731219,4.094105161586617,3.6690264032237745
237.15197997362858,163.3866236439993,4.0970121975404155,3.6665188478804804
236.4785961622392,163.38802315212877,4.099433169314791,3.6637198316215205
236.78285343625495,163.69429060773084,4.101949767168992,3.6622160663030883
237.1486368529285,164.18370524018002,4.103710691051564,3.6611571443775826
236.53670966619163,163.75647618487386,4.105247849731165,3.6599932046339716
236.35201808925297,164.61323414231688,4.1079200240982106,3.6577951941290374
236.04472640443635,164.55322542108325,4.111286605935434,3.6555692790370777
235.4929615587044,164.61560623686668,4.114475902633257,3.6530676913331583
235.24606113082385,164.92256016119907,4.119198537142311,3.650507619233368
234.44845216292433,165.41302233367907,4.124491649079097,3.6479985504963253
234.87429659791067,165.1084041975646,4.129210107855772,3.6455153021900295
235.54576216976625,166.0884514564369,4.132430024845594,3.6434586909194997
234.93182898239388,166.45632187089882,4.136352420632409,3.6420842493703924
234.31763071661834,166.0281812420085,4.140416708898034,3.641332936851232
234.07054560376778,166.88682305796655,4.144650083304473,3.6388282844664173
233.45557944736134,166.8268712084638,4.149485021671458,3.636222246027252
233.63673016060338,166.82811043592127,4.154812410670483,3.6337437911123263
233.75634634075735,167.01296505568916,4.160751622864966,3.631791910330222
233.8760128652081,167.19790218027288,4.1667116133647,3.629857220264806
233.56608242439657,166.70691626463415,4.173033389591849,3.630166482908776
232.88854979181065,167.5048571123653,4.177181283533883,3.630823498899898
233.00916843324046,167.56608447976785,4.181714849812488,3.6312541886638745
232.20757822961585,167.62737470084122,4.1863825597969075,3.6316362616913773
232.36327363746096,168.26046460878834,4.191459241662076,3.6295760322226402
232.13930147947428,168.4602881222875,4.192575576325821,3.632622803621646
231.58305447084595,168.5226221640513,4.19669646808264,3.631107289593988
231.9499649526384,169.01591252204383,4.202027678202697,3.6300628052155584
231.20805627423806,169.44823392110212,4.206751957812395,3.628224302127052
231.29767586113314,169.29045057566992,4.209998153336408,3.6277801675628063
230.80162413664962,169.59945106396975,4.215346288551693,3.6265012620580253
231.35431951076455,169.90861282089935,4.220614862130577,3.625210704759232
230.61075756772644,170.46509175679253,4.226130774549394,3.6234588132159256
230.73127641958908,170.40447306528364,4.232141999910779,3.6211717316903402
230.79074078811357,170.4058607118425,4.236793892264204,3.6183964385726353
230.66478975155798,170.46842238245716,4.241480136144953,3.6168810119585455
230.22931706123507,170.96365907540633,4.246833832181985,3.6156552656130914
229.8559968780008,171.4585161381908,4.251160539836054,3.615692685130103
230.22491594136807,171.33530584851508,4.256040599229452,3.614540535772215
229.29372363508605,171.0885978595232,4.260777341432774,3.6125837483264833
229.22906312455268,172.20421902172583,4.266213516082728,3.6112686594246006
228.95382541033396,172.1029851404055,4.271644795210385,3.611016800574898
228.57979558876468,173.0342390729273,4.2755402331599175,3.608919448503723
228.48386164659493,172.67551129335726,4.272767079919341,3.610401976837456
228.73000669461996,172.73847217878014,4.2766161506039415,3.6085149976753215
228.06752541657818,173.18475016308628,4.275898680823141,3.611253544331198
227.69264601788103,173.8057608934533,4.281076568240041,3.6102002668927975
229.1200083486362,173.80485747344792,4.282026219944545,3.6120071069035418
228.50015856539355,173.9907217583102,4.279690904387671,3.6128890017916326
228.62611344451844,174.3624832274624,4.276144451516783,3.614455979623801
227.32476916054097,174.49916380258327,4.2726477178497575,3.6167556105653325
227.1403606510076,174.7331073551014,4.27263336351134,3.618438201000989
227.57597067305784,174.7325988166946,4.2705475718530685,3.6194552778145757
228.01151700943925,174.73209923825718,4.268478318522037,3.620454434689404
227.1417136564755,174.98070234830007,4.270260376263263,3.61976954265687
226.8306325867577,175.47728405632787,4.271688391156312,3.6197807258692816
227.51272765294289,175.0428714075404,4.273357787132296,3.619422687223871
227.0153946460808,175.85046758243348,4.274511352102404,3.618688066662976
226.2036801592525,176.2936749348057,4.274244445054479,3.623036496110502
225.82923164876377,175.3632857274533,4.277576195558703,3.619901734632117
226.88523719656797,175.7985838345226,4.278016919506921,3.619138622663933
226.01536091814242,176.23381715897273,4.278179947142238,3.6184667383715285
225.57869351956538,177.11780689358758,4.27956700632717,3.617902819036703
224.8309152850435,177.3043233292097,4.283998305710224,3.61765124020768
225.01516027860927,176.43527749491432,4.288482599522621,3.615196264393094
224.26640924275327,176.93336114454854,4.293731521564348,3.6138643982382277
224.32570919136876,177.8676784134798,4.299545576613601,3.611439144579107
223.88765650417915,177.86839302159606,4.304399021588032,3.6100099283466074
223.32451207040125,177.9316450545779,4.310040515626699,3.6080222372181523
223.5077990357977,178.36851167350417,4.317180542839187,3.6062882347113976
223.56684498394546,177.87052372430819,4.3237420657548835,3.605036779413709
223.56342571048927,178.4330243348102,4.330580612667216,3.602644714234158
223.1234770247482,178.4340769054864,4.336870080505338,3.6005395728817677
222.68332311765678,178.4972430861844,4.343129602575523,3.5990712532161777
222.92993624738136,179.06003533652483,4.349650288732273,3.5979173801486466
222.30190822501976,179.81102965770253,4.355521338675723,3.5961507315289967
222.674941544856,179.81208806791366,4.359936785190047,3.5940339111067674
222.7352867420015,179.81358348363767,4.364360510084765,3.5910430796587534
222.35733414627933,180.1272986967038,4.369462401416869,3.5892820702867096
221.7911730720852,180.7542930278583,4.375129290073751,3.5871325854569918
222.164038663402,180.442273566395,4.380816162315249,3.5849897959876547
221.28440133173515,180.44365377817394,4.38604265616281,3.5822293724297856
221.21930878678518,180.50784107495545,4.39090286706611,3.5791796578633783
220.65269353684351,180.69725940921234,4.395980965464162,3.5763937898446985
221.15130137444746,181.1370789555786,4.401831211077014,3.5744373778303054
220.5209396980542,181.70203407408607,4.408139923240817,3.5735003173758315
220.8318390835528,181.26337353627426,4.413957136347344,3.572159015254263
220.14075703491594,181.38758322197344,4.414622236418633,3.5749212797109196
220.51748073638285,181.88986327267023,4.415049257348903,3.575527076802893
221.01934545571083,182.39275536201552,4.4166166084657945,3.5750396878851327
220.26573587287564,182.4543322674701,4.415696444255395,3.57756415446602
220.58038238711538,182.5159817648192,4.414928436114883,3.579970163835625
220.07589940670078,182.64304608934543,4.418037243311625,3.577305803191285
219.44572424135347,183.14537652233915,4.42101989562217,3.578539079911108
219.00257688289514,183.774202555858,4.426696925409023,3.578912280201604
218.7497026927877,183.70995011778177,4.428862382572457,3.5815214255912373
219.37824340413448,183.77319071462216,4.431493079899577,3.581011443912545
219.1881661257001,184.27740477519384,4.433637604718011,3.5806100749033734
218.99830518243053,183.77373392118005,4.435270189509257,3.5797136449365525
218.3040234328503,184.717707991333,4.43739023554605,3.582370213435622
217.8595199935307,184.71855848338245,4.443586030533718,3.5806692293367104
217.22547293665494,184.84586255823518,4.449845930004618,3.5784279224873847
217.41059988178066,185.22553589859913,4.4583215723793765,3.5765403070118036
217.47037024555087,184.91110987297088,4.4651234659170775,3.5736792528774597
217.5297181316355,185.86029774339192,4.472828266654602,3.5713121056371397
217.210342781893,185.8613428372386,4.479177297062061,3.5692219179438025
216.7654063494129,185.9249299817141,4.483243822999165,3.568591391710441
216.57460594262452,186.30309977916127,4.485057053707323,3.571826962553174
217.07907376402665,186.11268548706147,4.48953048577349,3.5726271436764314
216.56984056855754,186.99920377638392,4.4939354932772675,3.574197986041777
216.63128335288914,186.93534099473106,4.497900585737396,3.5750728882241316
216.12170774924425,187.06079391777217,4.5016468738459565,3.5780182719372804
215.6748504990298,187.50368275480628,4.506145724762544,3.581456247381413
216.0531315680546,187.24898034629524,4.512516724058306,3.582238972839891
215.73378565255518,187.2492965875166,4.514879358283465,3.581606490397154
215.79547606091253,187.25006969012335,4.518790313193694,3.5800602851836456
214.45608425040234,187.31430300394612,4.523715616559847,3.5789202440930916
214.7724705454861,187.88695114861014,4.5278606120261555,3.5800756089058954
214.00550816963425,188.71568483035267,4.532196322515413,3.579663040069744
214.19676775667745,188.7149443561778,4.532253490950218,3.5811439884194938
214.38850295355337,188.84102933043766,4.5314342084047325,3.584074780704056
214.57936554951345,189.41353561625064,4.532465245356983,3.5873308956953576
214.19490103915837,189.2213815641849,4.535469896038341,3.5886768148124064
213.80979138881943,189.0938683599981,4.539357621753156,3.5882593648649115
213.10687991379973,190.2415268781745,4.539658983805652,3.5928867452179247
213.29814660942932,190.1132570618365,4.540688887425085,3.593717514641609
212.91393911831332,191.51777961245043,4.541801718220524,3.5981136353476564
212.01732294032135,190.6864653444969,4.543424701776714,3.5971048968574935
212.53013884957898,191.5805889392899,4.54163754452885,3.6005858644893918
212.97884392671358,191.57972118435302,4.540295359515782,3.6023213743631795
212.338199854147,191.64291774607506,4.541410357030841,3.6039455656808737
212.85159394115368,192.15327000818718,4.539108218771749,3.6077270772108907
211.5703747827877,192.85642655400952,4.539809694588685,3.610369248069434
212.85018873720585,192.79084446117116,4.542990940878134,3.6133929759898864
211.50425716214815,192.91775620531294,4.541850584520662,3.6160460121323172
212.27470035085514,193.30095512013278,4.540130092682767,3.619231125280653
211.6326438016048,193.0436944418808,4.541352040998896,3.620596021710739
212.66118170147308,194.00394890470645,4.53755594248799,3.6250368159585653
210.96009946553994,193.78519012696276,4.537824037434957,3.631773009644354
210.0613720336068,193.78204264894427,4.536879324563884,3.638067965681334
211.0267562231326,194.2937926104637,4.53428068627957,3.642925237718394
210.19044401473218,193.7778090946899,4.535319730398363,3.646224347615491
210.31830713399222,194.29033028839308,4.536899249560217,3.650404990936793
209.9296741408753,194.09681223355096,4.5416962182657805,3.6512065918569423
209.21858441364267,195.19223766552662,4.54673001145108,3.6504899317019266
209.4101841272155,194.16142504486874,4.550221703237774,3.649762538712059
209.73154578637943,195.70647554952654,4.552192457775517,3.65419307915151
208.43867409083597,195.64182409126164,4.557119102770085,3.6544551583767046
209.3410974424189,195.7066154806338,4.559961576021042,3.653993035090777
208.95170473395467,196.09478120976118,4.563806412066539,3.652602157718979
208.10851653661848,196.41931764464692,4.570671408773631,3.649495210241889
208.16978145367472,196.03304871092814,4.577389649603299,3.6465446280269758
208.10223502488307,197.069150493113,4.58317929876864,3.6431923983440613
207.45186232037278,197.19984717845162,4.590549154229915,3.6404741383786674
207.9011235729697,196.3596421810943,4.597871176293397,3.6386014396154516
207.7681764360909,197.33207361003522,4.604789215174734,3.6360603433058865
207.31100546324518,197.7216117813646,4.612261568170809,3.6343007943859162
206.27137939234362,197.39911481122417,4.617295747759836,3.6311016214748815
206.20412255253387,197.9844580989225,4.622145722325684,3.627388391561031
205.8128206985708,197.59708466982303,4.626683929138894,3.6240697486470235
206.39416189329376,198.56934575515933,4.63123919893752,3.624943676715298
206.00238650048155,198.5684882365681,4.636128200452623,3.626658713897793
206.12893774371813,199.08822257235934,4.6427849760995565,3.6262270907957843
206.1905496757565,198.69902885552395,4.64953553500777,3.6247679865568125
205.016754553277,198.6989567765448,4.656155288744776,3.6249121445151133
205.60045076454833,198.69823759949057,4.660180079531337,3.6263504986235837
205.1428441194753,198.9567376954146,4.663696585191509,3.6303198979103626
205.66124704069352,199.28366162029934,4.66977665090246,3.6282757407329065
204.67927790968037,199.80519897126044,4.6774087166966885,3.628564343467849
204.6752361414055,199.34821367978793,4.685492253246436,3.6287426841578245
204.2140999084824,200.3293609201085,4.69308754189112,3.626470726091154
203.75342735239994,200.78848438064193,4.699202238072382,3.6234542210080636
204.14299028030587,200.33127963619665,4.704825122108021,3.6223235134098206
204.20567111814702,201.44405337131963,4.71032234117644,3.6213772539255387
203.15452810884327,201.8381149842696,4.717769921552694,3.618818442362292
202.7580370618936,201.31564685755043,4.724755765507018,3.6157596958739338
203.27861636958536,201.84082512515945,4.732046013203158,3.613852023735536
202.29081754551325,201.90709475347842,4.740600390132127,3.6124489851786303
202.08974218347686,202.10562670496205,4.7490196910773665,3.6091165053388523
202.6766845592159,202.63212426209319,4.756995196658272,3.6066638417957164
202.27794449034548,203.55316090220782,4.7660792427096945,3.604181442175164
201.68099173587177,203.55360992040218,4.776509471613278,3.6032834057864482
201.7417652517737,203.68564591990798,4.7866039396708295,3.602494406497737
201.4073616336745,204.2125076443418,4.796499338016128,3.6030298981950275
201.073509627094,203.7501183817681,4.804494275425503,3.6042157172901588
201.66414376001183,203.68320141148396,4.811972419385568,3.6059667234366723
200.7341336022403,205.13761305287858,4.8208369161595215,3.606102584427364
200.72965211498789,204.67581298169975,4.829799890664341,3.603164739644965
200.3935341968236,205.33927098150411,4.839781223037461,3.60075774794715
199.99193044692655,205.3394727684688,4.847608590964208,3.6003541740178373
200.51824907184738,205.40681848154077,4.856377740156945,3.5983385477531367
199.98355717890567,205.9385813398228,4.863552428750644,3.5970219284787848
199.97870529690428,205.60701972280995,4.8732561927534706,3.5958269384462436
199.9745541161048,206.1389193029227,4.8815585543524165,3.5959602189375452
199.97091479708132,206.13797703981066,4.888837192399363,3.5978447451615887
199.63306846466506,206.60509922151823,4.898222917057504,3.5964300979905435
199.16318607353335,207.20574237400928,4.904322288979765,3.59557074916143
198.02783957480386,207.26983341458697,4.906206904855522,3.6008479845697923
198.6272555852993,207.6674759640026,4.9095453418447805,3.607009857725294
198.15746398789693,208.06559548954607,4.913044750016955,3.613128338037667
197.55252021610792,207.59418136847725,4.918014628019781,3.6187983958389527
197.95048193395945,208.46280326827176,4.926380439712237,3.6241812989403
198.2830856448014,208.39242639233368,4.932490818172287,3.63067149078768
197.40329728353618,208.59295794914297,4.944051151299158,3.6329967747237943
196.92695182213507,209.1305444086845,4.954006226885797,3.635236252458605
197.39476480563633,208.85829060489027,4.962431678728762,3.640285906421022
196.44608680137023,208.85396289986247,4.9687338252579005,3.6489413164766438
196.1726137027485,208.91828074471306,4.974428223929155,3.655618576418464
195.89936309663784,208.9829125855397,4.978893655739053,3.661863839868026
196.91482341229613,209.59070093155333,4.983160773578545,3.6673997973344563
196.37025345047778,210.33455964688775,4.9856225006441575,3.67386488695079
195.55235573356885,210.26398943177134,4.989680010262147,3.67902715683371
195.75532784587114,210.66947668767884,4.992109079627513,3.684799232958697
195.4156987586332,210.19003016351272,4.9900875306837245,3.6899006685034634
195.0747577375352,210.7327807546122,4.990425527530039,3.6948699588639617
195.34795528523458,210.66232462989672,4.989611856025534,3.6993868523214095
194.73199542893903,210.7960526506515,4.9934188509500705,3.704844748071061
195.20876994130924,210.86101505123858,4.996099519690222,3.711524188822673
194.30603892308065,211.96375604081558,5.001241901333743,3.717353209443002
193.75570548670052,211.82444307052205,5.006484518811232,3.722123086209371
194.2300262268004,211.96203819583798,5.0174440802197235,3.7211045617512997
193.67522948459109,212.03034584493037,5.029150706102514,3.721725120883498
193.4644975381506,212.99123986207056,5.038342567863456,3.723873231830083
194.0098299822948,213.40476930954347,5.048469133268569,3.7224079271543915
193.2489678367821,212.85301965957828,5.055176346896482,3.724076625341137
193.5188668731213,213.54281522783356,5.066810661961572,3.7230664581893977
192.54706679696926,213.54273364657496,5.078154724608043,3.723229620706627
192.88739328323376,213.8885929772175,5.08846810607459,3.722477313417042
192.46769476413104,213.88868145664793,5.097839907168293,3.722300354556175
191.97890890630313,213.8885654025694,5.106073207393705,3.7225324627132363
192.53069539300995,214.02469546695147,5.111345829491861,3.727483732827084
191.55848517334252,214.71375249254635,5.113028228034021,3.737039710774954
191.13902259970192,214.77964400577787,5.118257110773234,3.7442060617355835
191.69471936104404,215.122899356656,5.120034441542155,3.7534271433875714
190.85952830170228,215.81465860535863,5.118521102702286,3.7631548605851344
190.99735201119708,215.6027929551055,5.1217960202000645,3.7685026563602824
191.06198211772056,216.16201377709908,5.132134409626229,3.766849832158457
190.77846311725827,216.15964812507863,5.140258217231751,3.7715811361993623
190.63428725385512,216.15662651425498,5.1487508766949635,3.7776243578466553
190.1383346672088,216.2942229038478,5.159552586380208,3.7827468539774314
190.13137353919277,216.99589134813098,5.173474842412266,3.7834670504216255
190.12438096514086,217.69861139567112,5.187459990516075,3.7843162716528957
189.83554812585334,217.77000720459307,5.201704972218483,3.782379828027141
189.26452270477455,218.12173512034536,5.215439287160804,3.7841218260321074
189.82359270810335,217.20290574344864,5.227511671314599,3.785185444757008
189.2510733744721,217.7695901172844,5.240733221676803,3.7836338139857486
189.31511017871244,218.62032090052276,5.254311747772544,3.781997862425961
189.3816741526863,218.62040919238208,5.263014880287655,3.7818212787073158
188.31338710503405,218.97270407640136,5.2701878169536664,3.787031896881542
188.73477876026462,219.46488107906998,5.2803313953149,3.7977592618369713
187.80149124566705,219.24795928638994,5.294606115704749,3.80414892978047
187.79682626545113,219.17317410358947,5.303936076136601,3.810913233667662
187.43479998581176,219.1701294657921,5.3126950908842945,3.8170025092623816
187.07193385976154,219.31043443344208,5.3219693381889845,3.822975775880714
187.4990872082441,219.87985572268283,5.328844996389171,3.832376337619671
186.8468613035955,220.74122605140636,5.3391939587317365,3.8351061427788733
186.9854714566159,220.73994349745885,5.349955527956868,3.8376712506738833
187.70501599401373,221.16750823700792,5.352828444258887,3.847718966234385
186.1816782321029,220.94882131812966,5.366998697812194,3.851877765381123
186.75408871272006,221.5240226925544,5.379682933648688,3.8589802136023437
186.2425467813702,221.59499907176632,5.387786513302942,3.8620246384707726
185.8027033762121,221.520946947501,5.396453035019324,3.864958838901454
185.290880247706,222.67896058403466,5.402651933336475,3.8745255285655458
185.57728745143467,221.9502247294025,5.412241306247408,3.8759877869092585
185.35401358587987,222.60282795986225,5.4214781886438255,3.882713872129215
184.83995412335875,222.52577280363062,5.427450871812051,3.89080329289616
184.32662023745587,223.61867150481493,5.430407269877561,3.8986731199709808
184.76470332071696,223.10350086650558,5.432753588688962,3.904083163700402
185.19941578329673,223.54139682011962,5.4425884145294745,3.907551007472445
184.3897790731936,224.12385577245897,5.447618802457981,3.9166280353593903
183.94701301979308,224.1944041256132,5.451301517091965,3.922506227745403
183.5036670390552,224.26509068424687,5.455229170408259,3.9282604951713362
184.0174419686192,224.77742433847126,5.458650089178359,3.934563964620759
183.13211369989446,224.6999603127566,5.460062173158562,3.9420549782609666
183.20556834748936,224.69766640574497,5.460734469763726,3.946642792284216
182.83554229583348,224.9910036759162,5.462450614801128,3.9506370185612205
182.31675318448458,225.43186056089417,5.465716835597694,3.9554763930920305
182.90711965425493,226.09393570661163,5.46808721102498,3.9623173309960857
182.09247519534995,226.0163090186214,5.468977206053121,3.9695344412690856
182.31428980259304,225.93670658375248,5.469852961766525,3.9805709876070567
182.0168280452514,226.30270972891245,5.471325044453665,3.990378987282307
181.49562792536736,226.8170289344102,5.4739017609637575,4.001564099544869
181.8645218737832,226.81254134878083,5.47995837793369,4.010539270803582
181.26493255958476,226.88347414227047,5.487071993740922,4.017681810398024
181.1867416119356,227.25210413487926,5.494220563655603,4.026588452098722
180.80925231565948,227.77155500379595,5.501759198178055,4.034102655507128
180.28358301601236,227.46786734296379,5.505017649204984,4.042575035304494
180.65497152787188,228.73797611116166,5.511811529953554,4.050898574098566
180.50392404195188,228.65799184736315,5.513598754017125,4.0607132278073585
180.3526079658214,228.5779281582505,5.515547029403867,4.070498667595518
180.42537328213078,228.7233633804859,5.520548328899702,4.080692087353829
179.89276617163023,229.24973217080048,5.5303376878573,4.083379368768111
179.35948890823738,229.7767267003461,5.540117566739463,4.0861649575803956
179.9633870317184,229.7724929325714,5.541618033904388,4.094632493129859
178.89903762007145,229.84559997234973,5.551785683589359,4.099742068830929
178.97158877877243,229.9956816993311,5.558245288365094,4.1027024592235195
178.81627089688706,230.9800991650774,5.565463830817412,4.106079466300649
178.3526852202578,230.98000708721904,5.581393230039806,4.10626362201738
179.03247867165865,231.05152751026142,5.590874845093251,4.11534150013867
177.9580788917139,231.6598048952215,5.6059119135286215,4.118079582478086
177.5680029711073,231.58291943831583,5.622639048812287,4.1191655551034945
177.63798163446387,231.9632526219941,5.635638525462154,4.123283204562105
177.6316167077088,231.80890517679634,5.648368378972313,4.125534595264066
177.39600112536704,232.72938437182626,5.65924366232165,4.125999730540623
176.9279018735654,232.7260677448264,5.673694123171264,4.132632984540331
176.99908924419307,232.95282986591639,5.685272265069525,4.1409673918211665
176.83854794400332,232.95311320006724,5.697824013408919,4.140400723519458
176.52366529905794,232.95219242718295,5.709802962288106,4.142242269288038
175.97502114784604,233.10550020351297,5.724481308652264,4.144943846930743
176.20078840443017,233.64657380092646,5.737723570265757,4.147275793261167
175.18521602718127,234.26714993652726,5.751726797083974,4.147441385246985
175.18087959774292,234.34402214715942,5.760399655960652,4.149076732728569
175.1782262042683,234.57370530342018,5.765706442909911,4.156324802620374
175.09859368210337,235.19051866678066,5.769233745072486,4.168600013237633
175.79862098543938,235.18537559019262,5.773116159565038,4.178886166413693
175.24653293124408,235.2572125625336,5.783745860599099,4.191433137068375
174.146037228065,235.87975877006645,5.79250127028943,4.199047005812841
174.20387216897737,236.17496182896102,5.795717944609937,4.2056834118847926
173.10153065247482,236.24962427521206,5.802345178639488,4.213362505023831
173.09759542240778,236.32387246131356,5.810215638773596,4.222096788404268
172.94020395608007,236.7123612620984,5.810011545344887,4.232586752044822
173.5651288702658,237.65657039949116,5.821463003560699,4.23612040714028
172.93337557053147,238.0478145228495,5.82181392001152,4.243104462309733
173.17018710542163,237.4116948710415,5.822234198472389,4.251228170615772
172.06309620760143,238.1980355675285,5.822257589415479,4.260088495282732
172.93346517953236,238.1936552881807,5.822818786476918,4.268849053978326
172.6189575148871,238.4256421840273,5.818025467224906,4.28023174869207
172.06223441012872,238.81512557191942,5.821509547788111,4.294095065017543
172.21890112357517,239.4463267940189,5.825868538377283,4.302462290746653
171.26340667507822,239.5220942526429,5.828262500203916,4.309976951429257
170.939467655751,240.15726993457145,5.839304159886081,4.313298345516628
171.57321822116361,239.99459464302905,5.847253833942703,4.319786227380976
171.01405649343846,239.99470012200288,5.847967852913276,4.3195752694332805
171.0902435887084,240.31300438107,5.855259549165633,4.321630298468143
170.04711081164464,240.87414607672295,5.863990084644289,4.3180196095116035
171.00346740038577,240.7905739047203,5.869883400362835,4.325280079083558
170.52007068577282,241.98965264146997,5.876122204085479,4.328509169342241
169.95727117574296,241.42570996908972,5.880040054728978,4.33471334468644
170.19574008887201,241.98386756047196,5.884306415062844,4.341207930636604
168.99280077434975,242.05782388512893,5.8815949307868385,4.353867955544026
169.6311234358191,242.61638873160567,5.8908607715674455,4.361910530844887
168.18041561924915,242.77484234483165,5.8940692249827435,4.367026324362307
168.42044982276553,243.33893904491333,5.897433080280672,4.366841536304016
168.58024003083486,243.01481582745018,5.900237071958482,4.370319155597446
167.85188509537042,243.7416173630817,5.9053207509577,4.368342276264049
167.76769848905002,243.90166973267938,5.912357262941969,4.37091093838173
167.84301353542133,244.22410727138808,5.923212917715161,4.371978851027674
166.70665181499123,244.94839988038018,5.932580928942897,4.3784078378071944
166.2133009872969,245.35530646182653,5.947786721661028,4.374174560473272
166.8540540499549,244.7898611276088,5.96290168509834,4.370521776249577
166.27934003279145,245.5226200957651,5.97659850414186,4.365229688158503
166.35691558497584,245.67996207870115,5.983815853942882,4.375282630625933
166.11071376455217,246.2453369714319,5.988290508985501,4.383033812041978
165.94918573026735,247.05520208554012,5.98567034755222,4.391684733840215
165.3799989584171,247.4598864970613,5.983462255853063,4.397017078940515
165.87073276318728,246.8873325014755,5.979959494555819,4.401166080495099
164.9718386196799,247.53758123394897,5.984649284920166,4.404740249475683
164.48401375126502,247.6983881280184,5.981466201909369,4.4094040679503905
165.2961919060182,247.85864750095976,5.988778780330713,4.415219099653186
164.5588748380358,248.50897106333625,5.993053015981397,4.4215585529572525
163.41253225909134,248.58966617030072,5.99614768652399,4.423710516695887
164.3127300386434,248.58601660468116,5.995621367353551,4.4310096479349905
163.9010351188408,248.74854430627954,6.000330769868348,4.433426419574425
163.24391777704315,249.48341242838944,6.003787299170841,4.438315598934003
163.49218721027117,249.39704131189512,5.999188186507864,4.447077913991632
163.49076768674686,249.476442683364,6.0020272335564995,4.452328707639799
163.1606015141606,250.13131327565378,6.005628775192346,4.456049130133557
163.1630464867759,250.53811204776426,6.000738829961722,4.463943559529756
162.50623511767748,250.61526759910643,5.99953531017657,4.473985739093153
161.7625953215995,251.18880996794107,6.0063208403342445,4.478396382978077
161.75984955910718,251.7582478810408,6.011812365318861,4.4922438891496626
161.178369422887,251.42379371759617,6.019878278619499,4.501212582244793
161.260169564911,251.58440608102168,6.021532382461893,4.510496631174531
161.34201440959663,251.74523133919018,6.023274117101474,4.5197089628592115
161.25979454625605,252.4002232981512,6.02210525397734,4.534593763380042
160.9294012380079,252.3093664438492,6.019555407523552,4.550473356246554
160.51391408695613,252.46872496999862,6.020256070692424,4.563865759521519
159.93361530194062,253.04890732214562,6.01686476523117,4.567489930719833
160.35067557660037,253.62838090077176,6.014202222068351,4.572583982086938
159.52928959711483,254.08791993775515,6.007866051005648,4.578595397108535
159.25353727002542,254.39832744370156,6.00043827726113,4.583540229882203
159.03425047560756,254.68801239821133,5.991736701157497,4.5949027929801405
158.8054995098325,255.0246428593618,5.986291402488499,4.601004741328883
158.56363278261193,255.323062279958,5.980206340390294,4.608087001306828
158.34438438408228,255.62992749417677,5.978417740711089,4.6235744249711095
157.76548235730715,255.87375505974128,5.969886438815816,4.635777303318675
157.83402288202046,256.2348894721409,5.965897345263359,4.649432623395868
157.5549390973346,256.5405862680928,5.960537867023205,4.66304708531701
157.29304799656347,256.8641652068152,5.958688695159739,4.669219470592864
157.04469848735144,257.16145301137294,5.966307174538498,4.670952258209469
156.7100821828123,257.32518610256216,5.966719414929024,4.6778962601750225
156.5078743365119,257.7731764210222,5.966391211926905,4.68032436315678
156.09396179362946,257.68621392256324,5.957422669687458,4.6868906344737695
155.9605082402292,258.3758149534752,5.948130898461275,4.698942463970145
155.65157454681992,258.70998612504786,5.942337330947904,4.715336083135425
155.3812817847723,259.00822482315596,5.932342279822315,4.725774564856286
154.96767569694612,259.75860309558624,5.921678137454784,4.733195392431539
154.62729849971876,259.7608415208926,5.932304048682153,4.728718541818809
154.12968889655986,259.67358800166306,5.921788698295044,4.73560315416033
153.63232175070888,260.4231199854761,5.911085887576486,4.744694840165074
153.37636312323662,260.3392663653476,5.920334977827071,4.744846025523982
153.96940257438123,260.25159371766597,5.908158695391332,4.752490946622547
153.38585804475312,260.24976045975,5.90178560161251,4.7561574624544765
153.80325894019091,260.416806258493,5.904979000307302,4.757263940796622
153.21626203091222,260.8316838211266,5.905311059733637,4.765838643480114
152.48367958656584,262.0637635117317,5.905221688144124,4.7734413793885615
153.82680252757007,262.0587700669092,5.905881892418616,4.783428269033644
152.80656295376392,262.6483515701035,5.929120071493254,4.780989160958595
152.53997198049228,262.9883102968744,5.957039981080925,4.774754423357677
152.61078370921615,262.90667469636907,5.9841645706371125,4.769277577364354
152.3441079951409,262.91070740612616,6.010290563234229,4.761212157850215
151.8259030157308,263.50552918482106,6.030632943731341,4.756980775170689
152.32277821949373,264.1016597623718,6.054406984465565,4.751831476372526
151.20711795581025,264.02113674175445,6.077448389033065,4.743009892776569
150.68526551163433,264.5352191911375,6.100693365373818,4.735304906021434
151.013617145107,265.1337562606307,6.12521663010278,4.73037719746491
150.31931749797633,265.1384111862349,6.1490073913221845,4.721067346256533
150.30710766942778,265.3143807595298,6.173427048419299,4.710753454661563
150.38295225013294,265.74396993640573,6.192754933991204,4.70666033582094
149.8587688535939,265.6619811466656,6.2136516948239615,4.699392909927063
149.93375036954825,265.922612160766,6.235133524601213,4.692465466784109
149.06545381932784,266.00921282051615,6.25513727724772,4.690923082063281
148.6251180705441,266.69914310742286,6.276117165817975,4.686569082645374
148.9594419042189,266.7013246081047,6.296215229775291,4.682206081281699
148.2590749311773,266.70295149832793,6.317582827961806,4.678952300835251
148.33519426607296,267.30967257326205,6.338036605790958,4.674357284309816
148.41242800784332,267.74386582976797,6.356497181213117,4.670611066112505
