259.4100036621094,203.10000610351562,10.220000267028809,7.21999979019165
259.0352612931641,202.86372790638555,10.243112932700894,7.239812040015087
259.01831390305443,202.99293245331276,10.27700771292035,7.255707125762701
258.87629893306354,202.02381255072103,10.285958701303535,7.268394269756779
258.727308339863,202.1528151369419,10.308516368262746,7.28581261675697
258.03733871392757,202.14773439825854,10.308196070822117,7.295974094123707
258.02830006425353,202.14368777123687,10.326273370170117,7.30406734816705
258.01654357357324,202.14484353263262,10.349786351530708,7.301755825375577
257.728870944958,202.13934121460645,10.371253555654702,7.3127604614279065
256.8853858439001,201.99270529184614,10.393552745659093,7.3285871382633125
256.87428917542644,201.42736572997146,10.415746082606447,7.347092622550535
256.31779337669474,201.41536717756276,10.414000782990874,7.371089727367921
256.31423315737777,201.26630731743938,10.4211212216248,7.39015601027476
256.17497316485054,202.09841294972745,10.420165816580997,7.402797086289036
255.89455185024195,201.94944180684698,10.42167004302448,7.421070170663145
254.9128065773315,201.104841948966,10.425209946418166,7.43031219291606
254.78639946822585,201.23748474431636,10.397825428337454,7.445225338507372
255.205815571504,201.22574549021886,10.399081698621922,7.468703846702421
254.2228473277253,201.2207733548964,10.401974540011635,7.478648117347269
254.0863223422789,201.07801972261265,10.394382302882505,7.483513173892837
253.70264501714342,200.78261892437092,10.319915517252065,7.513100479775403
253.7341599053227,200.06799411021635,10.256885740893491,7.542530569113074
253.76500418271735,200.33184857356227,10.195197186104236,7.57380115597574
253.51512733502759,199.48715486895796,10.13682200673569,7.5888019409403675
252.42322362967218,199.89417146596898,10.093255481071537,7.610033973058906
253.41777468420327,199.3267828613517,10.050891505688698,7.632389391619632
252.45642584282606,199.32338933251404,10.028814373989057,7.639176449294924
252.32170256134933,199.31729684251655,10.020661818873887,7.651361429289925
252.03643044378663,199.31623316006574,10.035858910003958,7.653488794191543
251.48431457806032,199.30660100620204,10.028330297568703,7.672753101918969
251.49060597954,198.75266796083284,10.015747494609329,7.668061316254178
251.3585580340291,197.91824078924355,10.00197242157243,7.66968987508052
251.22951192105393,198.0530953569861,9.982377342430846,7.677668044687313
250.26158346806966,198.05447042294645,9.975606538182143,7.67491791276663
250.25095503399112,198.05154886175828,9.996863406339251,7.6807610351429565
250.10586318706723,198.0498239093907,10.009257304614762,7.684210939878067
249.53724351594428,197.773477572781,10.034355796192889,7.680833187763637
248.55516312104726,197.35012660692584,10.049974362729102,7.692445595220573
248.69987548214854,197.21015655132499,10.039340498717165,7.69359484823168
248.5542270264926,196.9375533513166,10.051990081140584,7.681506590471476
247.5697887591869,197.08385171904334,10.070364156499613,7.667553063482678
247.70517776927943,197.227203161348,10.078281952003696,7.659545994562434
247.13391880479168,196.2602232800743,10.106056418247665,7.6427046973295845
246.8408834499275,196.26418655489394,10.134458672946383,7.634778147690334
246.82632268997887,196.26731045486378,10.163580192843671,7.628530347750683
246.2544718663119,195.9960610236123,10.189366669331188,7.612071624830368
245.54530407074768,196.42996470184136,10.209691679357574,7.583070617033497
245.82380713005637,196.15734560480507,10.211558864288182,7.5694355075580955
245.8212364346307,196.45216345961194,10.216700255139555,7.538283309111955
245.8265108000253,195.7714040482862,10.206151524350318,7.5057544814515
245.16803809665464,195.77238665157714,10.132516817270595,7.503789274869626
245.34044721262975,195.77700254508835,10.064663321435203,7.494557487847225
245.51115524111793,195.78256545951797,9.999028918978768,7.483431658987947
244.5844056015061,195.6599184820478,9.930322147940997,7.454124749605229
244.62049897304738,196.49580522530937,9.85813540485843,7.42080508280512
244.65541505818288,196.37274172767266,9.788303234587408,7.395500403487151
244.82378530829314,195.44159212079737,9.721517128792529,7.3681188562585405
244.85792411357139,195.5822134489455,9.653239518236013,7.355365606475238
244.76318022340848,195.5864933850126,9.575487058907855,7.34680573434102
244.66838305178482,195.5900360193667,9.499167023996408,7.339720465632886
244.44142122955773,195.58475772240138,9.423823409742626,7.350277059563504
244.08529116797067,195.45468687790267,9.345121514714245,7.34676474249343
243.99196782023407,195.58914666900125,9.26937523462323,7.34023813586046
244.02650878650337,195.97494598553817,9.200293302084642,7.352021332703459
243.93020888422174,195.0677065512216,9.13263331644177,7.34468166989396
245.12414820042358,195.829629505916,9.076682436465846,7.375454262123702
244.37859870595548,196.44728553455636,9.015327950321758,7.433853434076458
242.30393659559064,194.5014595585616,8.966721149443654,7.4705675930538264
242.0903985322845,194.44354315174806,8.951146621467238,7.450068521101445
241.8916393968884,194.34117176855494,8.91356170948161,7.458599321800678
244.98771049454044,198.47210296014853,8.903211230536849,7.439125893759311
245.25345386001112,199.24976565368695,8.885927121384576,7.426408372049636
244.48283163260933,199.0063131262056,8.88739168767261,7.400053464173808
244.59463358997039,198.90010331972434,8.920015468780369,7.356245381306522
244.8464601143947,198.79285723288524,8.928408711625147,7.314714409137972
244.7027156936751,199.58627872342777,8.960416113334498,7.260760066432198
244.1656554220418,199.616415935079,9.01413353076311,7.200485643129714
243.50735774412323,199.64111129180023,9.055985449380309,7.151094929687244
243.61225955689088,199.15999732506467,9.100970326018176,7.0941688544659325
243.84775506418333,199.5674769242146,9.139082476470055,7.042864403721229
242.93785528941757,198.57999933787295,9.178791059390926,6.983429900278032
243.04540810233408,198.61014536056584,9.217620907493004,6.923137854892262
243.15372634768812,198.6396645141545,9.254526711645685,6.864099547714919
243.13503733166937,198.54289778038165,9.291904743683192,6.804495188673683
243.12006737798202,199.45376462707836,9.321844651057884,6.751863221554686
242.40398373435679,198.92575697217757,9.303332761634044,6.723060819256592
242.65734130499396,198.44220243705345,9.299747722760873,6.683909684702563
243.41864932293777,198.84048732715524,9.282333733096554,6.639940927610628
243.69502479643353,198.73109421389987,9.229342312069324,6.6088473911392445
243.58508213284358,198.0042210300959,9.20066228219608,6.571201616428662
243.34932754098148,198.27162793123915,9.17714875969002,6.5314105203724315
243.99421646683686,198.15871515227008,9.11987158554102,6.510735942798221
243.40494666666575,199.02989767488006,9.071948885465144,6.485418118163667
244.03313713303783,198.92641925629997,9.036317559890326,6.448225033890036
243.6862495972952,198.8233147548227,9.001098489480398,6.411435989546208
244.31304958889743,198.59365337008737,8.956793605752168,6.387040719226331
243.97496082183787,198.24382154615543,8.910611647565672,6.3643448747845115
244.71172825247655,198.9748360490928,8.875357824103917,6.340596906725406
243.78021064604837,198.26519455956463,8.828083620754843,6.3271478236276595
243.80020583516708,198.63182773476868,8.78809324251745,6.307435247319182
243.82117504249277,199.34792235984526,8.746154827866048,6.296772250221571
243.9602335037096,198.6412108317963,8.704148003700734,6.2935347167100115
243.86200485212012,199.11794151581415,8.66518528623838,6.2817534312392596
243.87860329800966,198.42259029059443,8.631988394459338,6.264642776706119
243.3140828508389,198.5396534026749,8.591774964162584,6.2643674174728465
243.79796157222393,198.65875181901507,8.556962083741604,6.259406725379796
243.46337032520546,198.78233271878295,8.528265831100967,6.244871174736543
243.82829266460243,199.01599264842727,8.494277276096206,6.241455397974058
242.11691833984125,197.6215401893649,8.446328823415868,6.253802634336584
243.74759118292488,198.3193578800661,8.416932198072443,6.243288279001565
244.08322109129506,199.14624393452195,8.436375359320794,6.201156452063323
244.65004031133904,198.706813768196,8.451934038297418,6.16065908946356
244.18614408183282,198.15133933239866,8.46208148841084,6.124551699934469
243.81098323554446,198.77212914541334,8.46229133961597,6.09398157937603
243.69874755214929,197.99086069016153,8.4582898342514,6.057208384795504
242.79922362668435,198.46137959373934,8.434878956712316,6.027399941874303
243.5664850478781,198.28778283349848,8.428749756361585,5.99704250476565
243.6201110800364,198.27283947796164,8.401432340643343,5.980422516662491
243.64991508481629,198.2361713881074,8.363443512971608,5.987664465793513
243.66430085231482,198.18438078952144,8.378208892532916,6.015271539610561
243.699803907876,198.1254673191396,8.388331177410842,6.045746732448934
243.74471092725014,198.10541296540998,8.383404867674379,6.075861499423578
243.77519730165824,198.0913842677946,8.371727453116307,6.106087908348523
243.7759443732737,198.08610236319294,8.364328853488923,6.132131693240021
243.78503450869476,198.06347376996004,8.35304009212948,6.1559223132851475
243.8148077130371,198.06140383015654,8.328024168205435,6.185027132223901
243.79370066723035,198.02271071398664,8.320916786442126,6.199238860785675
243.78098568664063,197.98185648652634,8.30246743422862,6.217778435095145
243.77091410590342,197.93844854164828,8.285612021944079,6.241631344820039
243.76696105766732,197.87780543245316,8.252167146941188,6.287594387625698
243.7598683862894,197.86356806240013,8.220366616601602,6.3287832132529696
243.71400156685263,197.82785578023262,8.18791818398153,6.3707346672327665
243.67063282735927,197.76083176320998,8.159335482598928,6.429747234948934
243.6533485696072,197.72646475650254,8.140852409093855,6.459444094366418
243.6566212381388,197.6740104193771,8.103583804638875,6.516604809516269
243.6548316106583,197.58539400052268,8.064771406622487,6.573209999105525
243.62388245980364,197.5223860565245,8.058402488922038,6.5947882093660795
243.63931563651093,197.42865130114734,8.01683570898403,6.659992120612222
243.62114642724265,197.3796109125629,7.9852474530854085,6.715062846243962
243.57562203386775,197.35717011766548,8.065642921382787,6.710230244504942
243.52260104933296,197.34070378577218,8.12916486188037,6.68555138097881
243.50790856903032,197.31264119419941,8.176860082658626,6.662674075175527
243.47966771861175,197.26427084687307,8.22446578485702,6.643657926660869
243.48821330491248,197.25238986584054,8.275598218070687,6.618624031923143
235.743536777134,194.56803682912008,8.308310233223152,6.60092489431404
234.7102421906496,194.68956028775776,8.265246379829911,6.59228386885675
234.96487897043068,194.57986375458168,8.22318430208243,6.57807119430157
234.52162359786902,193.89118709398784,8.178773366777977,6.559041994847632
235.1232057516202,193.3201174925582,8.13431353594661,6.542476721035966
235.49190339138266,192.86848794439953,8.089289586137136,6.522574044399349
235.05565681365678,193.2206941932954,8.042674068001853,6.507493051797821
235.76537088022013,193.23022581652634,7.996150437697315,6.488429805335934
235.90115357120067,193.23828879278005,7.952379533548882,6.472303852828555
236.0377434808907,192.90196240209224,7.906060935977347,6.464372968778569
236.1737210574321,192.56680560852652,7.860126935228969,6.456623098906784
236.8720395416692,192.00462021542907,7.814627708865942,6.455045766675633
236.44635698073208,192.11372513879493,7.768136323976104,6.461300046634982
237.14161364195675,192.10996274952637,7.720718363800971,6.468824825172082
236.3826410161219,191.4416853990911,7.675984696366808,6.465940452525002
237.06998341532417,191.56003894198847,7.636321360431514,6.45173694380849
237.86458360973685,191.23952507889936,7.598762156779553,6.42777559062667
237.88411633360911,191.13553903679968,7.559696709035048,6.415049837962542
237.79493739948592,190.58786124425822,7.518164465034596,6.410954861811224
237.81602374124824,191.2468682754118,7.475991781509961,6.408038150124221
237.94541594630596,190.59238217694474,7.435691746430249,6.406104096844105
238.29111496080634,190.60085639606822,7.3977844079142825,6.3891556585971205
238.9589215101497,190.50496908180924,7.364002485918762,6.363958424333265
238.4347591630838,189.8727503926152,7.332102646054374,6.332126361925936
238.55780940755864,189.88763382093092,7.301042761904178,6.302359505294487
238.9989066893033,189.79586679706495,7.275177929633618,6.271811120221713
239.02006729855557,189.9120435076356,7.2328567111290845,6.252649769686119
239.038575322089,189.38844498313435,7.19584066406225,6.23869739914617
239.26744135477426,188.5509216734672,7.160975099539473,6.222278015089364
240.12102833656928,188.46025505979057,7.138843100482926,6.192980996875988
240.02276831185557,188.1626362307261,7.125545305571801,6.158765121989246
239.92699797929137,188.80554331430602,7.108022778510712,6.127330107966413
240.872055805833,188.19699159027007,7.092496083391488,6.094707584062269
240.2652759873209,187.58553116292433,7.060912733218488,6.072485451556583
240.7966500214674,188.01259306856704,7.0315580655709775,6.04507636078754
240.71002458489627,187.4071467126687,6.9990242335540795,6.02126084162896
240.92713887952362,187.52383330420875,6.9745941843785895,5.992786928588508
241.0431074039647,187.6374590096672,6.946721478169646,5.969599860344819
241.76835033845225,187.64990032005093,6.919063117033905,5.944717239577336
241.48083377496917,187.4533824801373,6.886794573844682,5.93288513930104
242.30221124762912,186.85782817759,6.857999202424163,5.91352406397112
242.3162068443223,186.9667663995719,6.830008009037761,5.896636432512228
242.4301082838632,187.17890153205414,6.80248993127883,5.87293577019344
242.24401548646023,186.5906281168698,6.775717991851691,5.852609997862861
242.35167027981757,185.8079350992483,6.759146837890722,5.828088571076177
243.05170822962913,185.62433603126374,6.745690889828194,5.7991095780280615
243.7510958035519,185.53762388020326,6.728822574722426,5.775118618329006
243.75687108235036,186.14124516690322,6.71727201712549,5.7484913431160445
243.96116966050963,185.27128137652878,6.7010008031266,5.7229521834264645
243.97154539172104,185.28205811132864,6.680249340703757,5.701398713826751
244.36907335660294,185.10114000744088,6.664530179533455,5.673566537305477
244.0814449667523,184.43598983934868,6.657354970972363,5.644858900877478
244.76692629580134,184.64292126119827,6.641393133605702,5.61813914881585
244.67589351718465,184.65687061200447,6.630563387425316,5.590240447203419
244.68194557725502,184.67018008683195,6.618459267284538,5.563621497548454
245.35717260068503,184.49083754849053,6.609652581324209,5.538978756831418
245.33578206742925,183.8134042763636,6.620024416987691,5.559345832363427
245.57077544141944,183.59529003156584,6.618298227490404,5.5494570551828
245.76177937729537,183.37421781831523,6.652436821018166,5.570507234171404
246.00790484396012,183.17409419315996,6.628294490151454,5.567763898520682
246.20622226488527,182.95819197957934,6.612674646344373,5.550026175269269
246.42863972732323,182.753316937587,6.593694057737243,5.535334585996319
246.67308901879233,182.54106174013532,6.593561848609394,5.520109877670459
246.92741347648354,182.3187001546498,6.5675599633159205,5.53007909809322
247.16068904011934,182.09297267202967,6.564323775974465,5.508529629947651
246.50470175290604,183.13166426564496,6.54670550991835,5.52050662061841
246.70873167545884,181.99322318495308,6.518371607100574,5.519033128275423
247.38416531664157,181.90253774533315,6.49331862241755,5.5110019649892
246.83092213499208,181.24194325560651,6.466488279374062,5.509988120376204
246.3662096144106,181.34733358210082,6.453635860641065,5.487662959366788
247.12463881178047,180.60700089206682,6.4399619964758115,5.465143808860279
246.9437847948579,180.61750827666663,6.427020453351682,5.444129039660633
247.51186144791703,180.53424197844603,6.411588969238244,5.423874665767704
248.26271147551677,180.2656410556564,6.3996722946118965,5.4024077436320725
247.89601916293293,180.9265104753408,6.390282630329214,5.380523910801374
247.8990279271418,180.28933467050564,6.384265101911528,5.358500457385248
248.0905777621354,180.39181754901315,6.370663377526035,5.33828367317116
248.8339632664528,179.94177669666954,6.357601141408551,5.31729739503502
249.0267916505394,179.30158651009947,6.339292581576672,5.3119590389806115
249.21948017169328,179.3968258909392,6.320527291802517,5.304786153567956
249.77581183509474,179.49321696868253,6.305270066549966,5.294905015006334
249.5083653901272,179.31897779987528,6.292643131801351,5.278370136165055
249.2421243064368,179.14509169588305,6.27898855162289,5.262051179109996
250.0682644822781,178.60672789539922,6.260857812183075,5.249345705249209
250.3505069544106,179.14945941414547,6.239636808335139,5.250410548590815
250.99250957165304,178.42815908561968,6.221076867455321,5.246788012950928
251.00156995426454,178.70495347368114,6.202956102232361,5.234499086437329
251.01135261730718,178.7050252085983,6.1833907761470845,5.2343556166029925
251.02101216046285,178.70523451868564,6.164071689835745,5.2339369964283335
251.03127419255927,178.61309256060656,6.143547625642868,5.238874191692232
251.21973283162683,177.98448407326688,6.124848626242277,5.242327190800792
251.8541510879321,176.73740777705848,6.1081421261620426,5.232219758156923
251.32740612067653,177.2787382346009,6.090901185002452,5.220289718742845
252.04774453133328,176.57232738102064,6.074200619977451,5.209135169614873
251.87902541916506,176.66437941275353,6.056519397442606,5.202590829584658
252.14979516518076,176.40722604841173,6.046523765948838,5.18535369773066
252.42329893160337,175.79506300987916,6.0297660431504,5.1724302180199535
252.43146169841674,175.80079420146723,6.01344050952367,5.160967834843799
252.52891301782475,175.626909250471,5.99438474018001,5.1570439978915275
253.1497613670445,174.93187647675356,5.981112713489239,5.1431956347564425
253.0640019935315,175.20335970209695,5.977569787481067,5.1254142031722045
253.15339587664948,175.21195531762115,5.973503369212617,5.108222972123828
253.24351715298985,174.69761186108752,5.967643144038929,5.090615920148605
253.68043268141528,174.09736249190092,5.963856264158005,5.073052810763893
253.85746995609395,174.19275867497566,5.95711772024876,5.055928447338507
254.46709878155505,174.20025244602863,5.9508800766002965,5.040940905232567
254.81522022485592,174.2083327321482,5.946441975816924,5.024780332993408
255.33521178995758,174.21523345570944,5.942194885899696,5.010978885870957
254.73875707049947,173.7052184197735,5.928759265102293,4.996998906559721
255.43163444212254,173.10992408000936,5.918226060432252,4.9842687398339445
255.51995942758228,173.11679460318229,5.913111354549571,4.970527693488107
255.6982685526061,172.86538495819912,5.898963345029029,4.959641622663872
255.87570649838844,172.44471381953127,5.885770704810685,4.946775771633653
256.05351383611804,172.53351892679365,5.871017993472751,4.93959653916952
256.57106380600004,171.85884702122553,5.856445174255995,4.9282375229094155
256.3226196763532,171.86520738964046,5.8442928648169294,4.915516786079549
256.329091979038,171.44758986822214,5.831348259447239,4.904312175279196
256.8365821113997,171.62401600958833,5.829815186277824,4.889275623064804
257.2590237327831,170.95679607403451,5.828142176785031,4.874579120934091
257.8470134009592,171.55375868098196,5.830819121671843,4.8593101882782825
257.51432155191435,170.46797202988625,5.823504402147768,4.844613633224856
258.8564369340357,170.30782244565606,5.8244728629184,4.8292628985586346
258.10278032765024,170.1479084800969,5.823455726243707,4.813906307577872
258.2703339776046,169.5699583186987,5.823006024686745,4.798505036143102
258.6046136842552,169.7446605984096,5.8227396225147645,4.783246982285918
257.9397906019701,169.83544185722656,5.817803882591633,4.768507202713716
258.11039707783846,169.75907630328052,5.809608333558302,4.754729609254057
258.77946859429426,169.26665627597646,5.800745697922697,4.742609365905268
258.4558136543447,168.77098611837164,5.7847439361756745,4.738982218645718
259.28881666481027,169.108305576848,5.773970706353872,4.726436418136683
260.93392368946985,169.44385416649376,5.786854630541762,4.715958833546625
260.0397659523605,168.0559983790098,5.772922392424594,4.706000666800575
260.36480724737675,168.80372941187719,5.7820735372680305,4.693814504536861
259.7923923023429,168.15154300393374,5.773639962490898,4.680171932029534
259.30516081829484,168.32215746974396,5.761693007527775,4.667746308095437
260.1273002030526,167.18048022940658,5.757585323670163,4.6548612688492295
260.6995866850778,166.7778172274539,5.75923076891008,4.641459837547108
260.2065616600812,167.4384603556096,5.763958257121482,4.628603663611609
260.69833967471476,166.87285571070072,5.760910520774424,4.615886611689199
260.45752300163497,167.45023180303937,5.753048196563192,4.603290991210444
261.1974168742989,166.3976670261955,5.738824869243335,4.591494163331096
261.60985220682494,166.2382099058944,5.726109974554901,4.585546095787854
262.2647373597638,166.07780401659903,5.713457701867261,4.582078366081082
262.19144698028043,166.07800576013545,5.698148958914611,4.58167487900822
261.79350607543694,166.08034457091918,5.685790189509934,4.576997257440788
261.7995949102963,165.9214509216891,5.673612519791189,4.572019131035082
262.44759944945605,165.8455764781172,5.6665251108580845,4.562652809505564
263.73982027781443,165.04414562863784,5.655759459568452,4.556967005072342
263.2644036462534,164.56333946490537,5.643008001169209,4.554994611015889
262.7103508441334,165.04409198135286,5.628524993288265,4.555708388510276
263.99745092302226,163.92815509028725,5.616868995172786,4.545356030937066
264.48281636046875,163.45269488240038,5.605013007218961,4.537401559771715
264.0103524387614,164.09354880808934,5.592930697583626,4.53170724579383
264.73054103470463,163.30299389373735,5.585569539877667,4.520577036519485
264.4158561510763,163.38824414706946,5.5792159608058585,4.509007366437389
263.86578241012376,163.39322610421755,5.568841365111236,4.499043452141229
264.42581491598224,163.3954751803717,5.557054428023397,4.494545299832932
264.27184747192854,163.1603512009855,5.548845984452155,4.49057826108713
264.11824254878195,162.9252856881726,5.540292983819987,4.487065016324973
265.4638798393207,162.2925608590821,5.529803329879313,4.490968826441603
265.5258934969331,162.0826497691569,5.5206973046192624,4.493936024762785
265.72178580114814,161.85280968272298,5.5195995737985335,4.486032541038521
265.9090955394423,161.60944631201286,5.514347827888684,4.482706880508861
266.85349429490947,161.69065849264337,5.512241034825862,4.477506745737168
267.00944626677165,161.69383425589368,5.514552574940363,4.471155219236547
267.08972573873865,161.5397027611351,5.51103411178184,4.465337247202732
267.17060229542227,161.07347936917924,5.506173298266004,4.456430232005807
267.3329081806954,160.44864080756693,5.494908542251538,4.452719297103227
266.7888575781305,160.45039832041633,5.4879264399412495,4.449204271404422
267.02951411432036,160.37216655981928,5.475442468655994,4.449391425567045
267.6600955643952,159.82785303148222,5.462980746453143,4.445404951537746
267.66619197577813,159.2844852370571,5.450787923687226,4.441318508726347
267.74985943209026,159.3634693480274,5.439031298495438,4.43892857421826
268.066443794842,159.2858037450107,5.427298460769393,4.438900808307342
268.53765402610605,158.9018791942344,5.415947062498076,4.430859022979251
268.07807948441115,158.4403095854751,5.405853971893131,4.424756066503195
268.77944872996596,158.59899577021505,5.394694513575015,4.4166234820881
268.7844423028321,158.6013698054243,5.384707367842778,4.411875411669613
268.7895778332132,158.29633754883042,5.374436307080584,4.405593489402915
268.79492649639974,157.99117366456022,5.363738980707502,4.400612576153775
269.4143125597689,157.4560313262517,5.353624408489204,4.395821892565797
269.41989238778433,157.45676488922956,5.342464752458313,4.394354766610008
269.4254360359439,157.45755182397207,5.33137745613914,4.392780897125004
269.6597907735517,157.1543218451615,5.321541713199877,4.387409211711108
270.5049520695382,157.307851333759,5.3111373705058,4.385789916203133
270.73908217960854,156.08892932656946,5.3004779277162735,4.3830964513759225
271.27770901135085,156.5446237500528,5.2895066683945995,4.385663950834544
270.7505950957436,155.93509060917594,5.278344380122692,4.387141524603959
271.3641707907105,156.08568875951704,5.267597249568638,4.390046288766733
271.36951351615477,156.0843051633705,5.256911798680066,4.392813481059807
271.3746952983351,155.85581079450174,5.246548234319455,4.394366865373711
271.75901959330537,155.0992341442482,5.236285056002183,4.390749342634135
272.3700782913426,155.10192651889682,5.225852329832415,4.385364593336877
272.22422270617784,154.9528953213402,5.215137513064724,4.381001001352933
272.22974401104915,154.57857414469905,5.204094903322166,4.374755882127707
272.31018150206745,153.903263071288,5.193926551708905,4.369018355139501
272.7656774418893,153.9831787775335,5.185679185586105,4.35964436156857
273.22103654842755,153.9867232720187,5.17603661833332,4.35255537259821
272.8514935474363,153.9145413130184,5.165540576321261,4.347002881799911
273.6048420932179,153.5431438025676,5.155494691570037,4.341472299295528
274.0580931210761,152.87291043227583,5.145519377565737,4.337148927310794
274.06251004455686,152.87699398575188,5.136685530604268,4.328981820358728
274.06783739910503,152.80482008788138,5.126030821507948,4.324399722003118
274.07306802783194,152.58235764500893,5.115569564054113,4.3232493192128425
274.07829499988196,152.0632543356804,5.1051156199541055,4.32187309226998
274.157596435322,152.13751272806766,5.0948411069365775,4.321684665358043
274.68120358676777,152.0634395501111,5.084793907500248,4.321664292206114
275.2782378826753,151.9889786748747,5.074815531882043,4.322574765654343
274.98751834988707,151.91522313147846,5.064767329743067,4.322214035517972
274.9923585991078,151.47129434787303,5.055086831301656,4.323806777229988
275.3658929017095,150.73196603232083,5.045952366639549,4.326595127251779
275.518352158628,150.58560359514817,5.036014749846305,4.324339104553332
276.0386105909225,150.07172893060547,5.026602046242186,4.320984272653943
275.96984278701655,150.3657906736461,5.017036459444957,4.321265565009008
276.6359147104747,149.55906528656365,5.007512738897317,4.31818062916782
276.71304985337406,149.5627833082152,5.000003429109991,4.310744585864755
277.0090450157137,149.42003624806054,4.994115009715214,4.303187753531819
276.42748509093735,149.0574536081551,4.986730005011011,4.296787499432164
277.08948957297235,149.27735354314075,4.977586430418976,4.295276092620205
277.09382257723615,149.28026013183197,4.9689204218914265,4.289462915237767
277.09819977262725,149.2821495004369,4.960166031109188,4.285684178027892
277.4654481483852,149.1403082258992,4.95320453607801,4.278352624509488
277.97791786588283,148.56144305046234,4.945237051900159,4.273829317306151
278.41730594180757,148.05669439438427,4.936976065446024,4.267725603167532
278.8560833967996,147.5524313101852,4.928581837681006,4.262230975643473
278.49835863154186,147.84522633206737,4.920820984741337,4.255209238643194
279.15093678073896,147.920975367462,4.915348728114276,4.24812050582808
279.1545016727366,146.91397016440197,4.908218944119023,4.243177842018252
279.23078788702884,146.91640217843155,4.899667832716898,4.238313813959119
279.66615872651096,146.70259626078533,4.891791971059236,4.234492740598275
279.0957912561319,147.20707855914534,4.883504519668875,4.23092273700808
279.60198584879186,146.5621486514621,4.875211305102345,4.229802018548901
279.39123564778237,146.63433824171682,4.866823858621815,4.228718787539324
280.468985656421,146.56369784931937,4.858554961958343,4.226850830959954
280.616030259196,146.13472299462464,4.850447295635079,4.226855922669536
279.90563339585754,145.63500788826337,4.842587996613017,4.226229017402801
280.19315110128076,146.06681743831794,4.83848670693748,4.2190110990499585
280.76543628170236,145.0723082823806,4.834351020700065,4.212268730364609
280.3400940522106,145.07546964057755,4.830742151461954,4.2059460139706575
280.9834960232992,144.86456136853565,4.823963103654064,4.20108759326471
281.05754673616303,145.36486383488332,4.817903812204761,4.19477760051838
281.13173829254976,144.87085656414484,4.811367857321347,4.189862036765627
281.41903040700686,144.94337854575994,4.803452237785511,4.186485225880043
281.98885136035915,143.81182995790317,4.795733884508991,4.185735294737501
281.5687097556956,144.44855607879003,4.7878638033588645,4.184512988679731
282.4904677157408,143.95507264176166,4.780173855850408,4.182958185192259
282.70517061682887,143.39429752900674,4.773988049669611,4.1759217547146195
282.07536016913645,143.81802942661682,4.76582603102472,4.173646568847559
282.50142574004053,143.88973206947435,4.7579060170815275,4.170943137776665
283.0674243234636,143.39795031723196,4.750195419756292,4.170755893930579
282.72033985068197,142.8369411898817,4.742297786172095,4.16946762199499
282.6526981151029,143.05072172329653,4.737310994743864,4.162717342924518
282.7263583950358,142.42301255437465,4.730075318266429,4.15737173027275
283.15013091798943,142.49497380545026,4.721853052026081,4.1533363580660225
283.57320628403323,142.63668379812322,4.713872657105788,4.149306485109188
284.134854729767,142.21930692900756,4.706630290309419,4.147019329837108
284.1384704525009,141.52364717240627,4.699398844841684,4.14475977019661
284.1424463699114,141.6638728329535,4.691447010020622,4.1427276521626615
284.1462768851815,141.94245551008748,4.6837859794804135,4.1417773083583835
284.4974683412768,140.90136745982025,4.676001608693686,4.1401577846813336
284.7093333429176,141.52607851234632,4.668590695050416,4.139692948544346
284.1583257519479,141.04166283016693,4.661401088604528,4.1379701230660295
284.7158473172089,140.5588722254246,4.654449713853458,4.133971046251208
284.6502846174897,140.76771414687857,4.647235477676163,4.1313061101901125
285.6210824949117,140.76915645887595,4.640230387950426,4.128421486195336
285.62474041596306,140.770375599473,4.632914545847732,4.125983205001253
285.69725669353863,140.63447616143586,4.625759621846447,4.122026818775836
285.0812260083601,140.1542046726494,4.61849125418862,4.118646666781565
285.3596552691183,139.74334915688948,4.611778416229229,4.115139172965757
285.7753818036257,140.22524364798127,4.604582100751327,4.112983069908629
285.9160278735358,139.8818884215001,4.597749778679526,4.113543978499985
286.2621833491926,139.33423572010858,4.591102517486049,4.111787477090788
285.85475889349783,139.74628409617935,4.583942966414216,4.109699187410568
286.6109952910412,138.99375114620975,4.576895138356303,4.109340120320888
286.61432482829275,139.13007272354452,4.570236063853227,4.110180077347564
286.61760852168794,139.19860362087536,4.563668677062908,4.109769743713217
286.7568591799952,139.1994175810644,4.558252989704529,4.108141823335155
287.03230151224375,139.13166578624043,4.553098851964244,4.107212781293936
287.4436022213877,138.65464894961045,4.548523405793922,4.10688282041654
286.9697391424021,137.70168084767096,4.542420861880712,4.105161620526607
287.7204859208763,137.7029121307893,4.5384548888581095,4.1026990542899435
287.5177204714192,137.7050326145237,4.535872084404511,4.098458086821096
287.4509436182059,137.2315818861795,4.533495715082325,4.093849013268136
287.7236212234886,137.77748254656174,4.531418850464304,4.08860438439839
287.9279966306968,137.23741862208183,4.529778869991527,4.08310334284181
288.4732919237255,137.30637429649238,4.523910939372777,4.080782325950583
288.07020781767676,137.306558649614,4.517306845692158,4.080413619707314
288.68263681938697,137.30700318468374,4.510630012864817,4.079524549567868
288.6181218153415,137.2408097565371,4.504424592539347,4.076675977444699
288.5535774255591,137.17498589714543,4.498419909626667,4.07323023375062
288.6240621087259,136.83922252595693,4.4923956352563685,4.070031516311555
289.2335693254396,136.09912131041455,4.486584387760076,4.067430053480567
289.77518304962007,136.30222868907939,4.480704553740438,4.065220651528891
289.5765421398367,136.30260632562923,4.474361183823088,4.064465378429178
289.5791685218884,136.30501130258338,4.46910841971979,4.059655424520898
289.64868155069587,136.10605598683404,4.464354902863092,4.054748433744682
289.6517403842441,135.63781595927247,4.458237235766643,4.05238615208403
289.78822846510906,135.03753144464045,4.453235996449226,4.0470680304914985
289.8579897194164,135.37434636814615,4.447538333542887,4.042562412021718
290.0613217500422,135.4427532975381,4.4418672995854385,4.039412895669238
290.5306904328695,135.37844850000997,4.437811018615871,4.034496621484791
289.99905167968774,135.31413514453618,4.434013578746158,4.029738964153154
290.5334113177028,134.98364341514096,4.431289692415494,4.024475304381511
290.4698022915173,134.585985103555,4.425384624826994,4.021053207796178
290.4720970452909,134.1231686440016,4.420795117279659,4.0158494897862225
290.4750727911086,134.52389863969967,4.414843625644409,4.011323167357728
290.7426218972123,133.59774157287382,4.410375392915854,4.006432372833192
291.14274869278336,133.66629305178526,4.405181720621784,4.001839401485019
291.6750853930131,133.6016466913476,4.399355802078967,3.9987761871207708
291.61181954928156,133.60235577536164,4.393671060238281,3.99735801909269
291.21816560392915,133.60384901874016,4.388346920208407,3.994371532335669
291.88013206637646,133.2105008683546,4.3841625937781625,3.9892186740282143
291.8829939355604,133.6736858589108,4.378438855410238,3.9856418734862773
292.1475549001088,132.82033024436998,4.376042883903602,3.9804937404002487
292.2810711971092,132.82282595825254,4.3721345710404895,3.9755023126351605
292.54552110611974,132.69387632664183,4.368921734901117,3.9705580849157607
291.8888115968756,132.63081306201005,4.369411488669984,3.9653916877074042
292.2177144626257,132.2396957826706,4.367696683827716,3.960317134396883
292.74327213322454,132.76665526993497,4.365466065028521,3.9552828822665207
292.35118178650714,132.24535591173284,4.363673121359714,3.9499167491993665
292.0266599777781,132.70536576016056,4.358306072791617,3.9460719847807213
293.00956773801045,131.79174201932798,4.3535503290444995,3.942997008175982
293.1426275507988,131.79349058818912,4.348659283869106,3.93949987045375
293.2102533622038,131.79559782394531,4.343890084858136,3.935285398941347
293.7320497181086,131.66778637974582,4.343025480248039,3.9302262605404397
293.27701616334537,131.4748429300248,4.3413644463408625,3.925372527082398
294.19061820806706,131.93049601403104,4.3361710454720095,3.9250717033572213
294.193017237432,131.21566825842177,4.331372986742209,3.924088834992907
294.195389257148,131.4110771451499,4.3266289473101605,3.923174199958868
294.3264371420013,131.6077994562571,4.32429180502573,3.9193675188775505
294.78279107890575,130.63555915079368,4.320059666326064,3.917114411713079
294.2663393209449,130.6361379871195,4.315519427288676,3.9159567390614627
294.85211495072593,130.5068096601218,4.310290416391801,3.915430671131277
294.46623738977104,131.02522813759657,4.305035953710562,3.9146064956364213
294.85651214854227,131.15526357435195,4.300926496191879,3.9133489754668926
293.8892076598878,130.25030760698323,4.295695493206941,3.912743595263377
294.4081961683869,129.86359619257814,4.291571141631929,3.9107769250060747
294.9268665646047,130.57502715104,4.287318597541957,3.9084113495575994
294.67114269352095,130.0587105222644,4.282637839775819,3.9087876072415404
295.6391209588389,129.3513898758973,4.281159826549963,3.9048113205418207
295.640482823744,129.4162773805138,4.278436096739692,3.9039151781150068
295.7058414891713,129.4175529322931,4.276540941984075,3.901364074556441
295.9647043768592,129.41925571267484,4.2738232447097895,3.897958513792956
295.3231594494363,129.35668716427566,4.270358695691233,3.8944401702049105
295.64590949469783,129.29424314384144,4.267585778687465,3.890782776369438
296.09592311588847,129.2966894958023,4.266666413238515,3.885890072447748
