150.8000030517578,150.52999877929688,4.5,4.96999979019165
150.52144352605126,150.17896849537382,4.504382841508396,4.9702362181012845
151.0404366051286,150.85169309917595,4.510527206436709,4.967240540175157
151.6368390648319,152.0440013687141,4.511425133334526,4.9700296937075725
151.1890113696382,151.4453698817664,4.511457059336674,4.973128048422698
151.86189773306,152.0422479021725,4.509558047890958,4.973926421297486
151.86333765193768,152.2651356328943,4.506678210135562,4.976055294970359
151.8646801972392,152.48805449973008,4.503993119532533,4.978083493691004
151.865198565401,153.16156093314308,4.502956383208986,4.9745669815833855
151.86647951804318,153.23530208586763,4.500394477924616,4.976290808993263
152.16552373861083,153.68326184097555,4.49907438449702,4.975523820339056
152.38888710831193,154.28275758212604,4.4998249440441676,4.969805135236383
151.86846960713956,154.35783191083598,4.497085177439322,4.968738587666368
152.39112501591507,154.43285578201755,4.494927111574214,4.967712666972664
152.24312052033852,155.03138242879473,4.492993218581943,4.962430909999675
152.98796027183172,155.03378860534653,4.49189802766334,4.957618556896092
152.98867724377416,155.25893316126226,4.49046408377848,4.953627729120356
152.9888684145828,155.78188162765073,4.490081742161165,4.948498737451714
152.98849005167835,156.52761372888943,4.490838467970067,4.942986817683874
153.1366982213013,156.60323636467518,4.491465153986453,4.94026305874349
153.58123322565055,157.19240183821515,4.4933297966469965,4.94984498014231
152.98604079181945,157.2624053896662,4.494370955754519,4.958505840809517
153.50622435810206,157.33266728701736,4.495739165460286,4.966801380717355
152.98228124957257,157.9245314128033,4.500833861047581,4.974834867970234
153.57649810150446,158.96602514727104,4.505811734961417,4.980317660145617
153.1260583335336,158.96251748850415,4.510644465689933,4.987332977679383
153.79682635125832,159.48259284376886,4.5148545401050475,4.993873685933526
153.7932543148841,159.1831351081281,4.521998612853425,4.99400419236791
153.7904858519892,159.18379146582444,4.527535538643311,4.9926914769752635
153.78776204056902,159.257603610898,4.532983161483605,4.994947276057978
154.23413124355264,159.78355585078305,4.540257059787605,4.993057151270998
153.7072178699964,160.53455901306694,4.5434636704693645,4.991936735889961
154.30673761221942,160.75780145517237,4.545402257759476,4.995818628580138
154.15372986921793,161.50791797198337,4.55099057393603,4.997721444090249
154.75156257555662,161.50922631100417,4.557983322574752,4.9951047660486765
154.74968475265587,161.73295496621452,4.561738968376214,4.998856317963761
154.7478345048189,162.25836880789274,4.565439464050121,5.001677100153323
154.82263264991133,162.1840208118955,4.566467265470032,4.999749000543072
154.8966661025044,162.25799859454884,4.569010799304175,5.002403874256736
155.04398475063178,162.85982828209052,4.5757581127387,5.004282937930497
155.1929906130436,163.54046001417146,4.579404488951738,5.000480928433799
155.56682799511736,163.54274055254913,4.585869222984795,4.995919851678441
154.9615900146908,163.8463584999913,4.589467033307445,4.992123032059309
155.56358315838114,164.45083296108567,4.592343698215527,4.990037062159261
155.18540307842093,164.5253506516295,4.594348159201395,4.991872820858469
155.94042205928423,164.67701124474993,4.593626760091711,4.990414947141008
155.93627745364765,165.35723000204615,4.601915971364849,4.988054480774965
155.9328389338234,165.35956277167986,4.608793011013333,4.983388941507531
155.93017336824133,165.51250039750136,4.6141241421775065,4.9795720576816365
156.00201033023572,166.04234956008546,4.62150464242062,4.97725470213674
156.60521358065574,166.04169639666452,4.624183004328126,4.978561028978639
156.0766286945126,166.11630921609634,4.622962790926852,4.980533959498899
156.68184579854577,166.19109490422002,4.622208256040213,4.982172542399069
156.53164900765273,166.7946177319455,4.620154774685585,4.984915139510824
156.4570908285139,167.85203623694827,4.618037459749897,4.98734955449265
156.38306346653167,167.85066530072675,4.614854200781634,4.990091426935693
156.38482629584675,168.2274219812473,4.61132854215145,4.992728697770052
156.45823587871402,168.15044431431093,4.615724553800531,4.995468854259156
156.5312165251673,168.14860272349773,4.621091099208849,4.999152035885544
157.0575108449936,168.75306500913737,4.628796957553545,5.00199260517456
157.5840343216858,169.3626564320968,4.637212555348224,4.995909817746114
157.0522526313439,169.28227074089654,4.639040994950218,5.005004779992062
157.65802617749853,169.58195596277542,4.642273078655843,5.013023924241727
157.65553824132633,170.1153424816812,4.64724895100021,5.010418147307278
157.6522026442264,170.0353970370378,4.653920145200075,5.0182466765961715
157.72536919099213,170.1873241940092,4.659877622693245,5.018973504702664
158.17914771825284,170.72049590565754,4.666700312571308,5.0194064498720135
157.64117750642626,171.40854085338756,4.675057924978176,5.015923026014358
158.24933174070713,171.4090727628553,4.679471618366371,5.014859207078946
158.1710170019431,172.01845092682453,4.6834573112895965,5.017253155979166
158.09657346233885,171.56288453079225,4.679599907888201,5.011919052384238
159.16298176774106,172.7073469918868,4.683182076919545,5.011992822876335
158.39904986697653,173.31524658874287,4.684466216680862,5.017457358578409
158.47330703450308,172.934290938528,4.688715580012472,5.0155501670844815
158.9291415481782,174.0804209883954,4.693855028000031,5.015311255694142
159.53991092937906,173.46879173791058,4.695350700196522,5.015535322065534
159.00197094254347,174.08184169501968,4.700884782215512,5.012687855449893
159.38528370227834,174.5426001759084,4.699008983826074,5.008870558968775
159.3077741878446,174.62040817804439,4.701167490299883,5.006115077090505
159.30750529673784,175.08104019269416,4.701705272513366,5.001961444209068
159.38091036840174,175.00751882534493,4.70769048841159,4.9962088196815495
159.45523868767611,175.08599799712925,4.7118342744776776,4.992050900727769
159.52961151877523,175.16443262765773,4.715889772192011,4.987982799583326
159.83208634096167,175.77796057212984,4.722147614516618,4.983341884034175
160.44089665478225,176.9264596736426,4.727155119258922,4.978771429227547
160.3641591479735,177.08081084931777,4.7277937367818454,4.975741870066325
160.28686965751746,176.5480165095357,4.729573605609581,4.971736765039862
160.28740454043867,177.23785145102656,4.728503839767121,4.966948655464209
160.2876912531081,177.23756580097148,4.727930414428284,4.967519955574358
160.2865891544674,177.31524895236174,4.730134611709681,4.964826255366131
160.4367476009705,178.00410728380186,4.735148448661301,4.961097877295975
160.89184217563974,178.92345195758202,4.741077864448828,4.954645659987725
161.4246281122126,179.00282032525158,4.744261082938127,4.94858822345363
161.19238893878443,179.61615798924234,4.750834978559326,4.9429914320990225
160.88421830014127,179.08387556493577,4.756571514436755,4.938997983246545
161.79701568357538,179.0872762310852,4.763129270483335,4.9321966509476605
161.79341597726415,179.5472417549566,4.770328683105785,4.928324569111559
161.8666720323042,180.16118226410202,4.776546203229396,4.922280592450131
161.94038080068677,180.08768167240206,4.781861785622367,4.916548656691927
162.39525246274468,180.6216085945651,4.788481607758413,4.917785149659653
161.780142540538,181.15743427194988,4.795891822203256,4.916092221112492
161.8536622530141,181.77220352269765,4.801794099360698,4.910087336494012
162.61667035669348,182.23261464019336,4.805184268845254,4.906908927608629
162.00410243747714,182.23414752154335,4.806766089983288,4.9038431649086585
163.07362291973197,182.23615985096052,4.808620105264544,4.8998185060743085
163.14983875632376,182.6935418656927,4.809075542697736,4.902377140310359
162.5369601996275,183.22881440417362,4.811356670654483,4.902373550604797
163.3020480979049,183.46038808927133,4.810885380880484,4.898137532443644
162.76985201147681,183.45919264702974,4.805002368005721,4.900528416926827
163.3851633969386,183.76394116599002,4.797108826450799,4.902395993690541
163.38891978315993,184.45210396974102,4.789596054008163,4.900783104767614
163.39268453196325,184.75509303870422,4.782066556401531,4.905212506239761
163.3958305760415,185.05888748920404,4.775774468245002,4.9078335819173455
163.398525178503,184.82843162122657,4.770385263321974,4.911262659767486
163.62667586074903,186.04613473588313,4.7714724822221015,4.915262208546087
164.0843392176047,185.50971177344732,4.771402576595142,4.920308523985907
164.61375412740443,186.12070099170614,4.780918832961804,4.919297031429475
164.53485132802118,186.19950846670864,4.785969012714258,4.91443750043856
164.53622056750805,186.65850671965111,4.783230533740514,4.912994742965473
164.61076504338524,187.27110316110108,4.786834624436516,4.909346199668644
164.83908493784165,187.27328502307412,4.788272977095354,4.904982475722549
165.2202267171879,187.42842375570825,4.78922404827392,4.8999988624026845
164.6086817385093,187.96346328847673,4.791644449563445,4.898005658424936
165.14034208400471,188.8803237242139,4.796458076400766,4.895372188941834
164.52766833472987,188.88026880929158,4.800803486667742,4.895482018786507
165.13727029905604,189.18547880707425,4.8031642754623025,4.8958443819446105
165.05967015664692,188.7280134624483,4.805626009812636,4.894343768389011
166.20603354393174,189.64583602973715,4.804206719257787,4.89174462102318
165.44293356275764,189.94962661105225,4.803500768214534,4.8949258237495945
165.74944725885865,190.55684287117853,4.8013910995234905,4.90232875051895
166.1319319770231,190.17142437929908,4.800483758119743,4.909103639352707
165.675347129159,190.2434080186138,4.796226476833355,4.918040856892379
166.13624111103425,191.3871625850224,4.792303998920107,4.925195438668345
166.74979690424811,191.8450295121129,4.789415690061496,4.92762904266424
166.37005330704275,191.6874124511513,4.783800601823394,4.936822251527893
167.06066645335133,191.76226715117065,4.780257705584564,4.94018878442007
167.06079013778793,192.0687251520957,4.780010336711364,4.939563652806558
166.98452805247027,192.6048037737635,4.779475505973651,4.93881941908209
166.9837329348681,192.60277961112268,4.7810657411780095,4.942867744363775
167.13755729657177,192.83302975157474,4.779672039515298,4.9417499960765605
167.67824191843198,193.2905636719436,4.7699183828767735,4.945209801409036
167.14685068564134,193.97980490672256,4.761785418898627,4.943618598427547
167.6805494220894,194.51634980330314,4.764228059418595,4.940368918682455
168.21466171801262,194.44167675835604,4.7657575055814325,4.93689300314679
167.83256905056052,194.8996116025258,4.765984321581852,4.937773537491745
168.44321612350993,195.35855738271383,4.7671629562335935,4.936736562528615
168.44483731949086,195.36176375699748,4.7639205642717375,4.930323813961314
168.44589217325972,195.74487892590216,4.761810856734016,4.927391691063002
168.44706001459082,196.12778380565967,4.759475174071846,4.924483414665876
168.52347303716857,195.97770999253805,4.759146878970976,4.919635540799907
169.05593283359437,197.19987578170523,4.761143008945818,4.913968471783091
169.58786667535293,196.5922345140921,4.763789783553727,4.910377340580822
169.20711316915703,197.20380750333953,4.763573215264518,4.9059890911755115
169.20602131427083,197.35772933841554,4.765756925036915,4.9026903063948355
169.20592856325294,197.81610721989804,4.76594242707267,4.899465706242955
169.28007468181053,198.42806735282085,4.769857710587989,4.893205605441375
169.81140993531798,198.43066128780328,4.772385085331525,4.888017735476501
170.49807191661182,198.7363781960841,4.7682275521467945,4.8851023319828535
170.42296935062328,199.34709212182545,4.766414526576784,4.879819740877005
170.42149544149262,199.34922226192015,4.769362344838075,4.875559460687612
170.42272094468905,199.88349755529828,4.76691133844525,4.870212487972011
170.80107232664528,200.49502224099396,4.769026323642822,4.8612715151568
171.40879870888068,200.49941135082042,4.7668255138414874,4.852493295503835
170.9542508368159,200.6531433925412,4.7670182556436265,4.847996879504747
171.71327391736008,201.1858159388129,4.763134280934228,4.842565317426719
171.6386577863766,201.18910774621034,4.761096976057929,4.8359817026318535
171.6387841154336,201.5681312115982,4.76084431794394,4.833604507207928
171.7107870926193,202.17553519729586,4.767930959669225,4.827537304586307
172.1614400047317,202.17727448367512,4.773279180833147,4.8240587318277965
171.63163490573692,202.4049879279053,4.774918822952299,4.8220477958833134
172.2347842938256,203.01370220550828,4.777683062655993,4.813682256558369
172.15919737671794,204.07430697908194,4.777812039709674,4.807100709673981
172.23620167036358,204.45170774165,4.774746784106294,4.8070158429774965
172.3128967469463,203.84954743318113,4.772250316653872,4.8041869742111984
172.462857195101,204.5322818180952,4.773949073181579,4.796006642150059
172.9907661177013,204.53627965460467,4.7730862755766825,4.78801096913117
173.51915349030477,204.76491743239214,4.7702904331718194,4.782440657614246
173.44308287337606,205.670455167089,4.771994987359371,4.776605344258733
173.44296733276192,205.74818318268717,4.772226068587644,4.771520967446074
173.59302155151758,206.20139911598503,4.772708088699082,4.766860473718568
174.1919772230573,206.05540758436064,4.776632098609191,4.758384698719968
173.6649687036452,207.1849651128282,4.7795454047427315,4.751634783264741
174.4157159004648,206.58706664751796,4.77902266015826,4.746654394641486
174.41412643779208,207.41544525746852,4.782201585503666,4.740012078204753
174.413306782717,207.418456863668,4.7838408956538565,4.733988865805758
174.78600613875048,207.49611621681615,4.78787502786512,4.72855672836519
175.3081641322497,208.2480500769593,4.792609415122698,4.723332399873134
175.23088453371525,208.40020683282026,4.797312253580073,4.718731605374191
175.07792682253864,208.92714887824167,4.803512313833485,4.713851281880611
176.1969969136557,210.20089408399787,4.813543315175004,4.71428821175397
176.12016257774195,210.20502283714583,4.817169431432399,4.7060307054580495
176.04441617389426,210.35727070590883,4.818693136646659,4.701473172894106
177.16586225082742,210.96074162218576,4.824616548408564,4.693899642008605
176.48833955274588,211.63844123814673,4.830612713448733,4.687549641209621
177.0107702657745,211.79150616630335,4.834967900475587,4.681195960063271
177.60684317861825,212.39461375702982,4.841669728944921,4.673828432767158
177.52820728827763,212.32314554529387,4.8490969727581446,4.666920319371062
177.60082893946674,212.84893806176171,4.853705344845753,4.664297007696293
177.74764980790403,213.45250296694462,4.85982836977957,4.6562262445640865
178.34394192616392,213.45607096555526,4.866048552021008,4.64909024734285
178.34728758419595,214.05947530380715,4.859357235956978,4.640961307613796
178.34879850468872,215.11106991237745,4.856335394971426,4.6321921434677495
178.35080941549973,215.11511094513685,4.852313573349413,4.624110077948929
178.42718257627266,215.48981227989677,4.8487914518054795,4.620828408438771
178.94778498119018,215.41912759362273,4.8514061229798315,4.613080712271246
179.46960892038405,215.42230053742588,4.851004803990454,4.606734824664938
179.39892215717657,215.8704990220538,4.843449968441059,4.60390802719541
179.39922873712948,216.69246263550295,4.842836808535261,4.596399482030369
179.62148499226205,216.69401175561177,4.844234472228076,4.593301241812761
180.13991822632158,217.29266257134407,4.8476343303662,4.584875411784861
180.06304680517593,217.29630838284268,4.852848121522133,4.577583788787634
180.87707619506486,217.3001456290409,4.8582334794972795,4.5699092963911765
180.87299122067185,217.82301029177614,4.866403428283339,4.563381291174232
181.16496083198365,218.79085468420593,4.876389714629254,4.557950410465496
180.56584547278288,218.9409359918177,4.886211426964112,4.554890046758624
181.15610821320772,219.53901249826325,4.894932932961888,4.54798402071492
181.07992567732146,219.54053628123378,4.898615746747107,4.544936454773841
181.07850988846116,219.76353781588506,4.9014473244677355,4.545007226872771
181.0741811390628,220.3617611266919,4.910104823264402,4.538453294576449
181.59221468950525,220.43767730026184,4.915409601076692,4.5353883586790325
182.18540333323855,220.5140543314183,4.919443357580648,4.531435676862444
182.03557287685817,221.03457185925603,4.921501511026033,4.532010278790813
183.1488242954589,221.92923523508068,4.927637806910262,4.528794833610088
182.47507381390483,221.93110360654606,4.935155038414378,4.525058090679366
182.9941124315789,222.45183901634215,4.9396909481253815,4.526200416146325
183.5883210598031,222.37943247479055,4.9435424570654956,4.521979903575953
183.43652050609612,222.37997521490155,4.9490908023624645,4.520894423353945
183.58404902655406,222.97734377846243,4.952224776937005,4.518921358193639
184.1029150395564,224.09851051068236,4.958282909349458,4.513281090361965
183.80289099379493,224.61994911085736,4.961861696749699,4.5142251722266185
184.92126240837965,224.6174389308731,4.962940116750401,4.519245532195151
185.36835975259345,225.13550406310435,4.964454729090105,4.528109451961159
184.76943950853763,225.65352397155513,4.9666975276125775,4.538217613450108
185.4407804276563,225.65007305307532,4.970826763929814,4.545119450409757
185.43665636494134,226.24893771043605,4.979074889359765,4.545949549903122
185.65670789705499,226.25279294045964,4.988856654287023,4.538239089855942
186.10140139768947,226.3300537471689,4.999415906088459,4.533708518615835
185.57392145567133,226.4805006341211,5.003793722200072,4.532981049832721
186.40121760368004,227.0058070134175,5.00073777748739,4.533345969342921
186.40090320346746,227.9072196320438,5.00136657791259,4.531696010783432
186.77353970201096,227.9857931510243,5.006500644638895,4.524630385585128
187.37256106361315,228.51353066818015,5.008846617305703,4.5194954601606465
187.37151379138555,228.3680798546008,5.010941161760887,4.51039078551693
187.44530318231793,228.3717333394155,5.013252805810019,4.503083815887528
187.89558532021283,228.52294567821158,5.011546852817808,4.5002785792278965
188.49565866132207,229.12488381258203,5.009307531402619,4.49430967129028
188.42099063505063,230.24946536917003,5.009035267144898,4.489271310123319
188.42026209777254,230.62598210139697,5.0104923417011005,4.483856004131721
188.71767879111079,230.55312331144538,5.013498084715507,4.480113801612222
189.3124795281572,230.92574951042442,5.019470182018566,4.482094885776578
189.23554237695683,231.5263768313262,5.023773377339804,4.477409100608932
189.23552690761002,231.45029318575288,5.0238043160334005,4.480013331283228
189.30900693838055,231.52205150661712,5.026449412146212,4.486101847208581
189.9076301434328,232.04721575586095,5.027151193732109,4.483978016450023
190.65590038114553,233.16893628307616,5.02781558363755,4.48634426001595
190.58248706045617,233.5408940958899,5.024873610430934,4.491271707315186
190.58247525330404,233.09152564217734,5.024897224735209,4.491198742765376
191.10594697092944,234.2158940939532,5.026559715145538,4.489474537058959
190.6574156513966,234.74189085420502,5.024827611520872,4.486074883027392
191.4831533788553,234.67008421451254,5.020249111854789,4.47997025738951
191.48280430549497,234.74872432232573,5.020947258575485,4.472239299644533
191.85391671718978,235.35018342750422,5.025905214890776,4.464813536815363
192.44868412670215,235.35401758043378,5.031528994312561,4.457145230956269
192.44658748186353,235.4319119856062,5.035722283989798,4.450715901535244
192.7436655975185,235.95738598844707,5.038852831693145,4.4450197591267475
193.26384632051895,236.55824609001186,5.04344516738431,4.437532449359579
193.1886464865178,236.56168522809241,5.044614346762889,4.430654173198515
193.1877643165906,237.01150124786497,5.046378686617309,4.425853104219357
193.18692050988633,237.46113595471346,5.048066300025805,4.421117463841113
193.55972452852183,237.3893977703558,5.047654609553648,4.415554563196644
194.15589356146398,237.90765484319047,5.046866782188749,4.4216468762317565
193.93031616656347,238.578957144433,5.050934088804289,4.420304723303247
195.19596520799746,239.17667032242562,5.053837694094737,4.4174438676278625
194.89981500346937,240.36862922641922,5.049858733998443,4.418643536250498
195.7228944601064,239.8466622662266,5.0430013825467475,4.419385553657876
195.72432575218193,240.44561217019378,5.040138798395685,4.41295007814481
196.17286310924655,240.5187553933007,5.035777712141113,4.415449236576762
195.7294994331527,241.03562010024214,5.029956762602614,4.423026174707691
196.62552130112928,241.70289026663352,5.023382759521685,4.427588141579073
196.62825912297066,241.77520491350188,5.017907115838907,4.431719081388069
196.85304245325833,242.29223697809465,5.014564694622025,4.438844844038929
197.44675462124442,242.29312090692983,5.01756880589388,4.43707698636858
197.4489507567188,242.81286199920297,5.013176534945086,4.439347991283051
197.5235988721475,243.48440149527013,5.0126703693024846,4.435379586081737
198.04373871227997,243.4867219405878,5.013421842986788,4.430738695446404
197.89934957242733,244.0045424911014,5.004887817455006,4.43569066274908
198.86889412765328,244.59667387208899,4.997637135222813,4.4402515489091625
199.1675152478678,244.59865735575508,4.994648312535859,4.436284581576938
198.72264911832744,245.11799943571495,4.993659339342069,4.436775192644124
199.5428760781898,245.7863244069803,4.986111767668613,4.436139534882625
199.54771581952716,245.6371180281542,4.976432284993924,4.437914883205196
200.06791292012238,246.5996434373241,4.973415580323743,4.439422272688692
199.5515123240155,246.5987061367482,4.968998619353675,4.44129687384048
200.14594490384448,246.74603286874225,4.965216391389375,4.442914142775819
200.2967565732044,247.33582386569418,4.959797944511252,4.448151716238588
200.89280155334532,247.26179004918907,4.952523205306769,4.448117446614184
201.48865898596,248.37020824327706,4.9447147287517685,4.451105537202578
201.4187665716453,247.9258156593746,4.936584939455996,4.452402997456465
201.4937235232928,248.59400681987128,4.934479954472391,4.446300941265594
201.93664010637409,248.81757703158124,4.934719676458377,4.4421969619199055
202.97231717172164,249.48259488670917,4.930004176324271,4.440714657024711
202.8996339719267,249.48191801422962,4.927850500729848,4.442068401983838
202.97672483290407,249.69983404909334,4.921176971070824,4.448760909143632
203.4953550936992,250.28839219555766,4.916494728986824,4.451734078507835
203.0534756024811,250.2877976331989,4.915339105166095,4.452923203225404
203.12962026284052,250.87648663552002,4.910536536842542,4.455439217745719
203.64473255390683,251.9815709590257,4.912476965747106,4.4570527372426865
204.23742248257685,252.0549751019081,4.907161637116478,4.457752517566568
204.24133201813754,252.56893055242836,4.899342565995066,4.4618971388211355
204.31808274205156,252.56811888768243,4.893221971062708,4.463520468312967
204.83678225723202,252.63920741589934,4.8870029058935,4.468654835477983
205.42885768291367,253.15166339377484,4.881222963488537,4.4748174250655115
205.3581077116295,254.03677162131348,4.875418442128837,4.472254537125499
205.3607425703299,254.03814674216866,4.870148724727981,4.469504295415088
205.80319038514082,254.54984211772475,4.867536981123141,4.4754447446560315
206.61526561260212,254.55129936588318,4.86149945890936,4.472530248339178
206.69006071097127,254.6968750779968,4.85886994467076,4.475300189111341
207.20422912945955,255.28314898621082,4.859279527810074,4.47846256710142
206.83783182145697,255.28269418575113,4.856971737745491,4.479372168020823
207.79621488569043,255.50079598823243,4.8511922517342345,4.484165480547944
207.87015101852234,256.0152684334891,4.850305085527231,4.484116286232442
208.38364788765833,257.04496072809843,4.852104709832818,4.482318422168852
207.86911135162245,257.0451772297677,4.852388134499888,4.481885418830261
208.90032048517105,257.6326155838282,4.847514611580887,4.4827485645254255
209.19518708192203,257.6317714385975,4.845402233361375,4.484436854986834
208.90290964394248,258.14523012750203,4.8423606850262,4.485813219692735
209.8584031275861,258.7342415735209,4.84072982695997,4.482778702560294
209.9315116947247,258.73207606020543,4.841312543855478,4.4871097291911255
210.00432581020914,258.7310382372442,4.842562123500517,4.489185375113641
210.58944448076446,259.2477381982315,4.847767255426629,4.484297617046181
210.589834039025,259.9104235409502,4.846988138905539,4.481330965984305
210.5923552044634,259.97966725514226,4.841945808028741,4.489717982892158
211.10822982549288,260.7124169169098,4.838700697908982,4.493510276413132
211.11008534579506,261.00377611399557,4.834989657304617,4.498547145289297
211.1119016994153,261.2952137654542,4.831356950064126,4.503515667712546
211.62663584626853,261.29370077394907,4.830771065302356,4.5065416507229035
212.28918634784603,261.65847600723447,4.828869237067573,4.512101836885521
212.2883786609072,262.249450971517,4.830484610945213,4.506797982742655
212.3614911098075,262.1742978764325,4.83128144340534,4.510082442650982
212.95138459832987,263.3489779451501,4.828185269118483,4.51410391073151
213.68980505033502,262.83441147553737,4.822363134651556,4.513523711276685
213.69241784072594,263.64183267813297,4.8171375538696894,4.515700304607505
213.91368995826102,263.7131667216362,4.815457292675755,4.519986875559838
214.5027363049244,264.30031833632603,4.813336268756394,4.521655315587581
214.43130017700284,264.37277066212727,4.80921872487212,4.523740463712618
214.43394548148348,264.44569563932936,4.803928115910803,4.5248490540658715
214.94812000699173,265.18104289612626,4.8038331512683845,4.5230889495778435
215.60574439498862,266.28439957838657,4.810360619974265,4.519335992889947
215.60169956401492,265.6987125433941,4.818450281921692,4.515458183922113
216.03951229327254,266.2898642837189,4.8246527547388025,4.508925278382285
216.77836138581497,266.28970244995725,4.816599124175654,4.509248945905566
216.85424384012381,266.65569347819616,4.811678023810534,4.511485930690759
216.93007416067792,267.0216164601352,4.806819834017524,4.513652223388664
217.4420214504857,267.97866857488805,4.810251793453553,4.507440137836019
217.44228415399027,268.4904962643515,4.809726386444443,4.510796288408491
217.51340080543804,268.49250020559055,4.814254094223414,4.506788405930483
217.95133666637878,268.49305322413204,4.818991000564317,4.50568236884747
218.5389904090219,269.0078297084964,4.818279720877959,4.50390108001863
218.5397262532008,269.67018280683095,4.81680803252015,4.5002610107472725
218.53946285098039,269.6720283626496,4.817334836960985,4.496569899109957
219.12614865890973,270.18819324219487,4.817194561727461,4.490817563066412
218.90579368072758,270.92447513645675,4.818223502311054,4.483857160478221
219.9332685765789,270.9254501818444,4.813794883702605,4.481907069703017
220.00865078712084,271.21762027682206,4.8093961420915665,4.48302959763897
220.5207471734998,271.8772278623195,4.80940730086344,4.480648052896746
220.52311248172515,272.2411986123771,4.804676684412759,4.484092455232903
220.81418561616505,272.75438609723324,4.807562604016357,4.481523815366668
221.178526595522,272.536238268417,4.8101921295366195,4.479032582458636
220.81270651507126,272.538156182352,4.810513481707341,4.475196754588692
221.9079919557541,273.12505248256474,4.813059891629636,4.471066709516769
221.9799391072834,273.78570224202105,4.815347505826491,4.465404445903017
222.41663781312675,273.7876197116496,4.81871567729679,4.461569506645954
222.41653806108914,274.375050540749,4.818915181372023,4.45566116568093
222.41377804002437,274.22985827689286,4.82443522350156,4.453989071456436
222.9242711555367,275.39893704341273,4.826063595523826,4.453236345381085
223.58555840107343,275.18214192510936,4.8184000607139685,4.448522929900051
223.58716920030906,276.1325256150973,4.815178462242679,4.444543051490031
224.02583127672756,276.496998076128,4.812613388213423,4.444564028435002
224.7551667672041,275.98886277353654,4.811477542720821,4.440560038795678
224.82968251214479,276.57326718678985,4.808118157056629,4.437128046026961
225.40983370524083,276.5747846456168,4.812336734022382,4.434093128373053
225.4083226012752,277.08517270819397,4.815358941953653,4.432395253838247
225.40683572639747,277.5956052142656,4.818332691709091,4.430749157573504
225.7708727965327,277.5973877340412,4.818372835803691,4.4271841180222795
226.57171735363565,278.1804688815695,4.817917824228436,4.425555715787995
226.57169376859432,279.0571965475167,4.8179649943111125,4.4185050688593455
226.79164662344195,279.1290776156406,4.814325914121502,4.420165142446766
227.37298259511306,279.63885864656487,4.81478944100249,4.418346617043564
227.37548270794545,279.5657928364767,4.809789215337703,4.41910803160644
227.4506646101959,279.70972289810356,4.804729815676485,4.421856718032014
227.96192954447466,280.21655800303455,4.799085022051658,4.425071583102786
228.54512141867212,280.7944523736591,4.794560897222364,4.431142465419304
228.5475771991919,280.936816217961,4.78964933618284,4.436931744344433
228.91175728612043,281.51785764438563,4.7876588825729405,4.437040443890665
229.4936319803329,281.5174364923926,4.7858664527625185,4.43788274787663
229.56708816388013,282.0237541414764,4.784184133072577,4.441857781540836
230.0024855257568,282.8944260229945,4.784991367091004,4.443717934048225
230.51158924890305,282.8951001190583,4.783948039633292,4.442369741920555
230.5111982305467,283.4032000523112,4.784730076345953,4.443070006115224
230.58326012150815,283.40394448677614,4.785901077066724,4.441581137185331
230.9455349437964,283.4776292069912,4.7877983658560614,4.439501083428466
231.60005687860433,283.9138719882582,4.7863277779554245,4.438731042037958
231.60214600447216,284.9302073916163,4.782149526219745,4.4395704895965915
231.67821828969366,285.0746024972052,4.7752038386694835,4.4411780442042375
232.18639167512316,285.65746702507835,4.7746693447817465,4.436377304996428
232.69653596320893,286.3818891245866,4.769600521414303,4.4378470385572815
232.55018834915424,286.529114651066,4.7723444656569685,4.433347269465174
233.63700915592318,287.03897008265164,4.772907064898833,4.428265038924458
232.98694490463865,286.67683315112583,4.769161157832238,4.42816422995619
233.56535642297484,287.836373944044,4.770857165712466,4.426120733225128
234.36485961025193,287.2566129437537,4.7647482336589695,4.4271718665326505
234.87297901397983,288.3406296107619,4.761621109376521,4.430092139316185
234.29501110210347,288.4871294297789,4.759734140233905,4.426548199506032
234.94749026833355,288.9943570483904,4.756554464861394,4.424587473351234
235.23686036656548,288.9940082636108,4.756059397796166,4.425285042910491
235.8156148266556,289.2130223631721,4.755067608656178,4.420950767927966
235.456166495566,289.79039829157455,4.751562891363185,4.422041118278714
236.5384648824895,289.79169243967107,4.753609655541796,4.419452822085633
236.68341217200734,289.93699093634274,4.752582502204718,4.41772325444099
236.10682045725122,290.5154030434667,4.750644397126199,4.416020574783788
237.1160250346767,291.66990601748716,4.752895575171542,4.416340721481467
237.25782417293382,292.24631823029154,4.758043504008038,4.41850111727557
237.83560483922705,292.24307823613566,4.7583844146974466,4.4249811055873804
237.75960204897413,292.74551282154545,4.765793894980064,4.432284636330459
237.75631667259148,293.3207782690747,4.772364647745324,4.440376334733995
238.26147480756245,293.39236911717677,4.777461259722367,4.442253621661141
238.33349509181184,293.3933875192201,4.778589058674177,4.440216817574552
238.76836297374675,293.5391660418218,4.779774863609121,4.438966961972693
239.3476383768114,294.1204394409726,4.782441918774923,4.437638024966173
239.4207707577093,295.20743257585326,4.7813498809364425,4.441242614564445
239.78288968924582,295.7153995131106,4.783176944546933,4.441799637406796
240.2895959282145,295.645471236228,4.78651692826853,4.436405839506366
240.21610188357047,295.64726200822355,4.788288304193124,4.432824295515233
240.2904703867794,296.1558740811952,4.784738692988233,4.431911916062682
240.6515029631933,296.88365362830206,4.788261108205736,4.427527957939587
241.23086072083612,296.9546451503282,4.79036749871352,4.430647652111516
241.22908858214691,297.46115215860175,4.7939117760919165,4.433930108410003
241.59114238850154,297.4615615968875,4.796267654686999,4.433111231838474
242.1702018464486,297.8216837451825,4.800680081731635,4.439449024585242
242.1695639743226,298.5493467778197,4.801955825983608,4.438983385178994
242.53546376799216,298.55226083693765,4.797648908078121,4.433155266943123
243.11861156484966,299.1301163529263,4.7940625956270635,4.440153516229724
242.82912001594994,299.7086315718344,4.7914696006152395,4.446275264036037
243.92334023448723,299.7093360177259,4.784792705863628,4.44486637225302
244.43231932141526,300.2893028095111,4.784104738806677,4.447527310738735
244.288067639992,300.28849698323984,4.781896353421532,4.449138963281254
244.21728804833785,300.3599445797918,4.778108516202253,4.451590790704934
244.5807858398152,300.9413227976107,4.777747208657549,4.451449195723061
245.23451294699169,301.9579739434121,4.778163676742651,4.452612410134959
245.2331114481361,302.3940712264428,4.7809666744538655,4.45248153995427
245.37703943722022,302.1036591841867,4.783881951193388,4.451763114650927
245.96074840632758,303.265387582197,4.779821751352193,4.455021795377483
246.6171721632025,303.84461191006653,4.775647298937311,4.459838083047179
246.61920135445132,303.77202133420263,4.7715889164396454,4.459599779835954
246.68878120241595,303.77343184291306,4.777781512697034,4.4567787624151185
247.1961984663675,304.35636208459937,4.780776238379783,4.454151711711922
247.12146354712348,304.42982201710697,4.784836882942553,4.45264104062184
247.19245728351973,304.9407175657754,4.788297985110667,4.44898996800916
247.554403210774,305.59784145009763,4.7916289550738425,4.443743283413955
248.20681879007307,305.60002975766224,4.795516006499865,4.43936666828476
248.20511817577417,306.11090850834734,4.798917235097654,4.435438448235005
