277.6499938964844,150.5,6.75,6.599999904632568
277.0268670993764,150.42311361286093,6.78602069297911,6.5947042838583245
277.2273401215287,150.32047752997127,6.806504035898191,6.589261756025813
276.2609354925498,150.41869896062389,6.840763237014266,6.603768901036352
275.8261899850664,151.05787420169375,6.86338748512513,6.595718569180512
276.1352439815508,151.89397938914507,6.881111332816742,6.619059769372448
275.1645669462024,152.52960050121598,6.909145446469374,6.623364183260074
274.7282096231799,152.41598697454762,6.929466063345301,6.637492729304554
274.93127717605756,152.52049741867876,6.950612007301407,6.642112365897951
274.9212054044335,153.26270949551935,6.970755550549528,6.656002289969092
274.36771423614215,153.25606229674065,7.004836388556683,6.669296687526486
273.59800025423806,153.36225844896035,7.036993062753747,6.672228853031505
272.83071869954773,154.32932117607177,7.060437103708245,6.680970772499294
272.7114717841766,155.07280802339957,7.08255143913461,6.708653545055912
272.05358889893694,155.06071044318773,7.095330959152904,6.7328487054796
272.0421955736481,155.27742617286557,7.118117609730624,6.734913053415561
271.9220663367361,156.02915106303013,7.140238988007737,6.758422941914292
271.150643572651,156.01894096913392,7.151093096105994,6.778843129706703
271.1419517807159,156.66553359005488,7.1684766799762905,6.801754837303314
270.7043119771536,156.53743459558916,7.163817506080906,6.837968130979746
269.83314755503545,157.62288711058937,7.142261284532644,6.871919433210066
269.49210385632557,157.60703928285878,7.162292202231289,6.9036150886712235
268.71584308455397,157.7086574439932,7.164306841388594,6.921879752743302
268.8284899269693,158.25391753679952,7.1608346534868295,6.94046705177549
268.49172932060054,159.24172502061128,7.1681729736899475,6.963400761755407
267.7222819514511,159.78841050910955,7.149297321658308,6.98272292070917
267.8414295014886,159.66946848733565,7.133549856437971,6.998059329402402
267.62068082755184,159.6582681699947,7.1299622656181505,7.020459964084293
266.8461233641159,159.87235367458015,7.1191998043082085,7.037968208679627
266.8495103564865,160.7606488668813,7.112425819566938,7.044950706106763
266.28797081374245,160.86762759516392,7.120754013189813,7.0539434279145565
266.2774165166386,161.64351171131952,7.141862607397609,7.064735928630935
265.4852663095416,162.20292577790312,7.160087062924395,7.06453348022598
265.37950397065663,162.08621156393394,7.147603231906325,7.073953399376398
264.69293476507994,162.64608267828675,7.176977017439675,7.074015025354166
264.7971301374155,163.42475157748873,7.193009879953294,7.087642477243129
264.6771717131808,163.42542934942614,7.208036095707575,7.086286933368355
263.88183467222103,163.87490010311166,7.22297232178294,7.0877670579083505
263.8739092533481,164.6588681068956,7.238823159528835,7.097375269729399
262.95083999791734,164.77330356802423,7.278848413192436,7.094268504621857
261.8056370833741,165.00370986511982,7.3058179245917305,7.086143173968184
262.24413806680144,164.89312661354222,7.335369782048156,7.080671221045655
261.3248053437654,165.9084611356653,7.3579119526185295,7.093140861738881
261.2032649653022,166.48404085074446,7.37342662431414,7.079811857734919
260.5115178976451,166.36546877242216,7.391330881972172,7.089357701436846
260.4997444452551,166.48209248566152,7.414877786752235,7.084140218453049
260.1539009977292,167.27396712908555,7.421616260558522,7.098603914511281
259.22544700923703,167.27917333413586,7.449318323446328,7.088191504410647
259.10111041926814,167.7375282647414,7.4690720004073645,7.087159655106574
258.41344504127414,168.53600832526647,7.469129143413896,7.0946854158682005
258.4214608436508,168.54197232076893,7.453097538660625,7.082757424863222
257.72809596289267,169.3495788069239,7.4664721358615695,7.069792144254433
258.1799181731162,169.23990221090378,7.478412666124305,7.060249098617187
257.1609743673672,169.3564744676963,7.455915640197053,7.056036211412749
256.23922445699833,170.16188051584973,7.4713115941513975,7.044814998541382
256.251482635043,170.16269538024812,7.44679523806207,7.043185269744557
256.1439083887591,170.39171602316014,7.433777192841292,7.041477059497848
255.35458062356244,171.30491792736376,7.416881913305871,7.038559891009063
255.36948183591483,171.4166524303288,7.387079488601122,7.042716146335794
255.03968962374935,172.09598003435676,7.364989818572948,7.047409126998146
254.24557032030663,172.10381676568932,7.364556469366569,7.031735664333052
254.24182865126699,172.22221369848847,7.37203980744583,7.021639913876222
253.90624550196995,173.13287820225992,7.363240117954248,7.01355354122834
253.11333434586516,173.14231315310997,7.364336239698809,6.9946836395282785
253.1105848299125,173.3764902716305,7.369835271604076,6.978544530273568
252.54947881255842,174.17633568202615,7.362358653396951,6.960417823563704
252.5579739278752,174.3020970972877,7.3453684227633875,6.934428322910219
252.45072064204027,175.09704545715658,7.335019586104509,6.918519461473577
251.89113993286216,175.10205772463388,7.331974889744782,6.90849492651898
251.00291260568144,175.22375831663646,7.31455293812412,6.889328318261587
250.89325284578717,176.01977428265565,7.310214349058597,6.862903148201819
250.89780032968858,176.58040904902163,7.301119381255786,6.857488159931965
250.79434773249267,176.57991944100968,7.2850817425908,6.858467375955852
250.0156392230108,176.81109658508774,7.283544688315854,6.841528537296523
250.01823715301623,177.48015809748065,7.278348828304943,6.837894720457283
249.79866324181498,178.37906454605934,7.272944664355079,6.818289768709378
249.0195057347825,179.0518521238051,7.278097404378194,6.803996562396537
249.01580049669,178.94183365655715,7.285507880563232,6.802299660112058
248.79420426375177,179.05532117684317,7.285055129166772,6.7971472281764616
248.02347449131076,179.72314455193,7.274378865247099,6.791902599832804
248.03884343247825,179.71383279994637,7.243640982912147,6.810526103800042
247.3781922299179,180.04759954330012,7.237148249857518,6.806890186180216
247.50343574635622,180.71054154025978,7.207801227175193,6.807846253427101
246.63314665501233,180.59545697644435,7.182808291413252,6.817318991251754
245.97341194249844,180.93219631698736,7.179543743926428,6.805207296423044
246.09666662485034,181.5913829540578,7.153246953697546,6.808109469131572
246.10819295158032,182.46983582788678,7.130194300237598,6.8099803977384346
245.68124500674384,182.57775167759678,7.106026868319511,6.81366452871625
244.9126191217953,183.24383711829947,7.108909085840433,6.796667549347564
244.91826141212766,183.1389786328196,7.097624505175679,6.787412863494914
244.2549010880374,183.36187723798736,7.112454978234327,6.778912378200039
244.25290596943083,184.1374979845812,7.1164452154474604,6.758892360619613
244.14690934147586,184.14786677208,7.109947356268549,6.738154785621987
243.37792197546048,184.7080075369117,7.121497198872235,6.70817674840646
243.4842716325157,184.0664937986732,7.1265637079702495,6.6846092856326464
242.51114024488854,184.94413164752993,7.11558796862722,6.669101156450202
241.98110672411806,185.0529026372734,7.0903887668541445,6.668612425626056
242.0966010938186,185.70609663697786,7.076051758566549,6.662134812898431
242.10480000828824,185.59792721751134,7.059653929627284,6.662148807369101
241.35853854310773,187.107087203451,7.0396958715561455,6.668790812354142
241.35745510964514,187.00479375920708,7.04186273848133,6.657515776468409
241.2501867805267,187.11765581808177,7.0406823801251415,6.647508675312083
240.39399181375356,188.09110690727056,7.028753659987538,6.640464982328839
240.2945191059323,188.31008636174576,7.012457503130414,6.632989218377786
239.54021756779963,188.2067613450682,7.016983524280355,6.624771101002109
239.53342175228477,188.20770170780068,7.030575155310063,6.622890375537186
239.42138454705994,188.53679538806225,7.039658324951142,6.609676737439957
238.77512061370322,189.2965045345543,7.042645234520387,6.59472289445747
238.77020244007846,189.29830439157087,7.052481581769906,6.591123180424309
238.663790659774,189.73350485872024,7.050475937356548,6.580039066214427
238.1434311591325,190.5802698847795,7.018085859963472,6.603483539977672
237.29625842275928,190.8936500454508,6.996526842340664,6.620187402523534
237.30696561773635,191.20468663203783,6.975112452386509,6.641362135887317
236.6727448170529,191.20249029787365,6.9570546531142465,6.645754804215672
236.6695951540887,191.52060225500406,6.963353979042621,6.652141232505558
236.54490682196754,192.28055162223924,6.9983273992037045,6.6330652066037565
235.77747365470393,192.28559444422734,7.03065540547517,6.622979562627543
235.78241295646018,192.3922904466654,7.020776801962654,6.624581468211371
235.78653019075006,193.03319638698088,7.012542333382899,6.631958902012754
235.67996341542423,193.88470242992605,7.010822746579889,6.647771915759571
234.82093593239838,194.42341046403686,7.008261856909552,6.645740757364212
234.7008231253541,194.2139751860139,7.033482755721981,6.634601882857878
234.3737471025894,194.21007016193818,7.0419672670119455,6.642411931009288
233.62421595479583,194.41982658099857,7.032676083348535,6.653857229817233
233.50614843079012,195.27871443775405,7.053295814485133,6.660204051305009
232.6420456583506,196.03031188633378,7.053993791869398,6.668578275703441
232.53595116418032,195.91902344442673,7.050100592941533,6.675072972249072
231.78303119390563,196.03159712617241,7.0430704836224765,6.666049901596092
231.7830884306526,196.68110928058533,7.042956010128517,6.662253080744528
231.66897497294832,196.68331093740477,7.055373679353608,6.657849767105643
231.02032696376935,196.69286734102968,7.057068161508364,6.638736959855814
230.91176287304168,197.55588898594087,7.058539526983222,6.637948197877117
231.12294814239397,198.09830895337797,7.067503576986657,6.631444734772956
230.80597591855195,198.20200648188077,7.054335592485102,6.639753821829256
230.69314859303066,198.20224908967396,7.064360000736693,6.639268606242855
229.8302342097309,198.95959933798673,7.063955041704038,6.635022619545429
229.7222101903546,199.06171211745678,7.0642975882381895,6.646502552823821
228.96728456303148,199.70928768043782,7.062897493525413,6.646709726312294
228.96651452511617,199.60457302577248,7.064437569356082,6.640264581587104
228.85464160777536,200.4681428160796,7.072387168049662,6.639494888877039
228.08729965000632,201.01999892429367,7.095713362014877,6.615323902143813
227.97189474888344,201.02532430982632,7.110634452524938,6.604673131078515
227.85678608604974,201.03031112851303,7.124899427731478,6.5946994937051
227.0931771446555,201.3616905070429,7.140002945278477,6.579989750320262
227.09012436974535,202.2264032312094,7.146108495098752,6.578707309104229
226.98461565768181,202.22578141593027,7.141033267951868,6.57995093966245
226.4392783768646,202.66382769810977,7.151541222038689,6.567991661341545
225.57203214617826,203.52842001736087,7.157979519042762,6.5668611872079135
225.56880104027672,203.52563012878983,7.164441730845856,6.572440964350021
225.14154191494083,204.16524110822348,7.153845446842285,6.590890807495653
225.2565167212802,203.95072797571655,7.140302980253069,6.587102780330427
225.25550799896288,204.05449101117844,7.14232042488771,6.595712438595059
225.038110530054,204.48297749255383,7.144507046361129,6.603956108533014
224.28652127379317,205.23672517111547,7.132399827208819,6.611746483083745
224.39475947666844,205.23396172716522,7.132327841565044,6.61727337098418
224.2826989032486,205.77372392724106,7.139957818568195,6.620204820015323
223.52043608011138,205.7699779297642,7.147885689963174,6.627696814969062
222.7679420267084,205.7720318880024,7.134576344705432,6.623588898492638
222.77088720098618,206.09705934974392,7.128685996149847,6.623413946824904
222.6681644057905,206.74444613590327,7.117599630731987,6.627832109361519
222.12722255387152,206.74532219400825,7.117337650660653,6.626079993151563
222.1294700823676,207.07736947488655,7.112842593668536,6.611177044220838
221.91484409090796,207.83157885809825,7.109914191659765,6.615389625045592
221.27059525469477,207.82721559592403,7.101743226681798,6.624116149393991
221.27604836610675,208.1481470587682,7.090837003857813,6.630620862312063
221.16399551709287,208.90641884986766,7.09888713840775,6.626466224457996
220.6144631544398,208.90893858371444,7.117375434887517,6.621426756764458
219.741087500522,209.13256438370897,7.1335359848536,6.606822846242799
219.62918987683582,209.7863055967848,7.14098737760503,6.597403547816765
219.30435106763446,209.6806646590681,7.1417341843592705,6.592375152700679
219.4096473810068,210.66415756035002,7.14738348350248,6.571566683128284
219.30434005762206,211.41944000080554,7.1419992517724165,6.57299395171433
219.1987496808313,211.20185276965248,7.137242335485988,6.576293074284641
218.43318763915423,211.31749788131503,7.156954317320571,6.560918865462328
217.46125142675254,211.9651681507062,7.157020119309944,6.561449408555993
217.4569037249177,211.6424174222085,7.165715522979605,6.558986905728894
217.02053386041328,212.5072767876641,7.174118287657497,6.557942103479592
217.01837240694275,212.8387501679913,7.178441194598594,6.543590801412114
216.913192134037,212.5114815658504,7.172764573761686,6.55001650574875
216.36650781312883,213.38145192225926,7.18587746444261,6.538484994747698
216.36812970363823,213.92225476394043,7.18263368342382,6.5372371583187485
216.37374660267324,213.80993463424673,7.171399885353841,6.54587623181612
216.15562779209083,213.8155224886357,7.175709630033644,6.534700523038168
215.40376423491102,214.14197010417317,7.16846596850727,6.529364195914346
215.18946889126843,215.1206250592615,7.1657463463932745,6.512950678034034
214.54237839945665,215.55818901512333,7.167820030240033,6.4992276328282745
214.64865897087682,215.44862406547898,7.170423589860322,6.503192829656328
214.53545522875953,215.44595749270914,7.181562633772048,6.508525975195982
213.87942057181678,215.9829453683947,7.2004711308686105,6.51218423781569
213.01796615319986,216.84505837774415,7.1963454808074685,6.514992706411741
212.91212412245946,216.956052670601,7.1921696170058205,6.508864045980507
212.26432108100806,217.60809692285878,7.193592402950035,6.498958838423482
211.6134024118071,218.36028256249438,7.202061651148756,6.503516997722769
211.49990069167373,218.4731324338615,7.21329930391569,6.493583042488359
211.06700909411737,219.22916661886626,7.215954454593118,6.491988750240605
211.17276837856448,219.22983499411671,7.220233727711298,6.490651999739676
211.16801963198637,219.33729952061879,7.229731220867502,6.491565971432869
211.0571588918147,219.9903563439326,7.23544746648,6.481483733189935
210.41774744812287,219.883794721807,7.218671935054168,6.478673907639584
209.98112905865435,220.6463175083597,7.229398626502098,6.463020987640184
209.23477658623239,220.6454577521061,7.2132941709054235,6.464740500147331
209.24004148440133,220.97686264512896,7.20276437456755,6.447895106778656
209.24537391540224,221.30756152683946,7.192099512565706,6.431163825289108
208.60450982032478,221.20197511840996,7.187092318254015,6.427880744737015
208.60487545951102,222.1753482825143,7.186361039881546,6.410065446660366
208.60733157898352,222.18416018026642,7.181448800936549,6.3924416511561715
208.5042716666648,222.71913679799977,7.173896870755821,6.390847189780213
207.64450086430682,222.72789121878492,7.185206348077187,6.3733383482099555
207.7469550271103,222.7381395116612,7.193722693873731,6.352841762457398
207.64597292805104,223.05765778927588,7.182457941677135,6.3534920581733205
207.43105817895616,223.80133777648913,7.1861582243801125,6.357584337950457
206.79065113767751,223.80891776972635,7.187847443232245,6.342424351476016
206.9069543590109,223.91137651031138,7.168212134808493,6.350478004548987
206.91735728609183,224.5421863001722,7.147406280646647,6.365630618752115
206.8138306559026,224.54826497190396,7.141744861263211,6.353473275288599
206.18315104682236,224.65870411126846,7.12850929913234,6.34502745994149
205.34155939616755,225.4034792607116,7.11495677016415,6.340121012548319
205.23230977091515,225.30656648281374,7.121652885537328,6.322143433212444
205.02154631868623,226.26241490156846,7.119940369528273,6.315023987804276
204.17403709914598,227.0074752371314,7.1231244804650675,6.305258353804137
204.172048444814,226.80288143361977,7.1271017891290045,6.291700927969772
204.06623328806174,226.80301465021708,7.127514778964865,6.291434494775179
203.43332096198276,227.33997519170288,7.126022634574539,6.273610742260409
203.6463927863422,228.0875642433557,7.121701141281278,6.254810182944433
203.6409731636471,228.09668673388978,7.132540386671508,6.236565201876272
203.54544697889048,228.20537278585962,7.113173895793835,6.229611958327453
203.44521712208274,228.73281935027327,7.103626205588604,6.2247558486037535
202.7132200903808,228.63395758085153,7.099148581570189,6.212697717815522
202.718578574048,228.64108084481458,7.088431614235784,6.198451189889407
202.72321949461755,229.06478810010123,7.079149773096674,6.187536152885375
202.42077416268376,229.4854657997442,7.057621847346103,6.181405539756979
201.70220573340006,229.38207088307365,7.0361376825149735,6.179820941183957
202.02438941417134,230.21750577626077,7.0158185696655755,6.173079817991544
201.40901066609632,230.2170938531202,7.001017116419106,6.173903664272695
201.41613600841754,230.52581207559933,6.9867664317766875,6.178597698287937
201.31268409542292,231.24186629844965,6.986439369726228,6.197105468865047
200.9034650937537,231.1365142809509,6.9747900612913085,6.200287675919194
200.18077730866153,231.241837461193,6.96842236706394,6.197033210350943
200.2837931158845,231.35216043021305,6.969631771821402,6.183628291514171
200.18363325111355,232.0753575370804,6.9629060278139265,6.1865523926253205
200.08960565906463,231.86379413577689,6.9439733755199,6.195703522448584
199.58107233190424,232.7927397898829,6.926839296042454,6.199373535073374
198.75808818495892,233.20316741233788,6.919746516833406,6.205048826713201
198.76942585962817,232.99030118497907,6.897071167494939,6.217555150011617
198.78129057196816,232.77823314084316,6.87334174281492,6.228770779785164
198.5853992001719,233.7016765583524,6.852584387598872,6.238314389405133
197.87428887456187,233.90507894179325,6.83211106615982,6.243707900426026
197.9896103667543,233.4906224816494,6.807334362541383,6.249155697648097
197.90004175801892,234.3088698845971,6.7809045425498695,6.2571971914511435
197.29163210141843,234.4096617298392,6.766025716860105,6.260896524115397
197.71249972614032,234.50562159496434,6.744729753271968,6.274086615329047
196.90384435992254,235.21875398274818,6.722142606304149,6.282732484239331
196.91448178219966,235.11273239170836,6.70086776174993,6.290003711932622
196.82479555417822,235.11041786489676,6.67568514589498,6.294632765555843
196.12164114251394,235.7182323803598,6.652349412568351,6.3044133546199035
196.23863063885395,236.321925162326,6.622395534793199,6.3211784801168625
196.25064190405575,236.3157515595037,6.598373004389625,6.333525685761539
196.06002233495204,236.41420355884304,6.572329602186495,6.3402629572880596
195.35996480208175,236.92055035912,6.54906673950912,6.344267877032681
195.37067362359795,236.81812013440725,6.527649096476681,6.346090090556846
195.27307740172424,237.943121289653,6.520110530522448,6.326128886783527
194.7725951705395,237.54488249041498,6.509588909012877,6.313417618156329
194.27311974986335,238.1569685541688,6.498883735901418,6.300832708005225
194.47660400392746,238.16585325368496,6.495043838191057,6.283063308972906
194.4828844573714,238.27457082774416,6.482482931303207,6.26685127206905
194.4863733086576,238.48475310154816,6.475505228730802,6.248026199054858
194.29261635474094,239.08956529243494,6.462294001396172,6.240577222784994
193.59899898479412,239.09694727303105,6.44926555424223,6.2258132615927835
193.40478051423494,239.80353038924852,6.438502923899903,6.209845529270306
192.71166763500975,239.81126753640152,6.430479514952562,6.194371234964328
192.7149813258589,240.01785603184786,6.423852133254243,6.178809953666693
192.7190005308982,240.6195383705048,6.415813723175612,6.1661917180071715
192.62460200855747,240.6245333284622,6.406478698947822,6.156201802092341
192.4331447518103,240.72484941265554,6.393737866753081,6.153397306550225
191.7465128465579,241.3236800400568,6.3839163566338915,6.141237755139759
191.74937126966114,242.12035959576954,6.3781995104273825,6.125776766761263
191.65283219313213,242.32089864311237,6.374374682522087,6.118504634002172
191.46002322533676,242.81679367239528,6.366536736809904,6.110354278693806
191.1716669772643,242.3296639130421,6.353820879185939,6.102233207785329
191.5696249250255,243.11634688666751,6.342498298565381,6.098053890338155
190.7885078396222,243.11576826169977,6.337494448786396,6.09921114027364
190.79014886930963,243.4133908767673,6.334212389411583,6.091499842278045
190.4042378826327,244.19806912620638,6.323349663437893,6.087512742054844
189.72186960363084,244.20379617718743,6.32002141115173,6.076058640092729
190.01495421727407,244.30491065335139,6.319465406014485,6.069034095147896
190.0177993125239,244.6982955887232,6.313775215514852,6.062602283110216
190.0247479545861,244.30731719989046,6.299877931390418,6.064984868509916
189.73715593573584,245.08269051316125,6.290921574932419,6.0719459597243866
188.95562375297618,245.37803984206374,6.296520403045437,6.06529687844676
188.9547794763303,245.5752013582483,6.298208956337223,6.060305394113671
188.8600032181587,245.08811930148454,6.293148214782022,6.061403218149503
188.47356446383108,245.8684352006999,6.287820492518367,6.05718188155662
188.0889749453897,245.86797308327584,6.279395514166896,6.058106116404735
188.1851797849399,246.25970101534492,6.28126938594628,6.051784455785851
188.18226977186993,246.94482934303193,6.287089412086207,6.041018201618325
188.08427036436598,246.8541422315552,6.288954468900446,6.028258666378104
187.50244471626365,246.85833867632587,6.2888397738567114,6.019865776836769
186.7315344003904,247.34540296982752,6.280049909235445,6.014868750063337
186.73584748524323,247.83273257911173,6.271423739529783,6.008257066799494
186.64345000344895,247.6403388670598,6.262849005587048,6.006305095840787
186.16772728658742,247.6404406074388,6.2482721123665845,6.006101615082796
186.7518550796447,247.73601774480855,6.237853580638203,6.007920182740996
185.9879503963141,248.3137512681286,6.222956291304461,6.009483128097093
185.99285516152972,249.0846282970506,6.213146760873174,6.008765131343861
185.99715829967394,248.98652346390475,6.204540484584748,6.012510472252995
185.80861293439276,249.27271935621903,6.196854092144953,6.017284372127681
185.14006664677305,249.84883066881835,6.187542585153609,6.019122388841118
185.33336385323744,249.75163994381384,6.18540091239842,6.021277468763427
185.33251993955992,249.74964558083704,6.1870887397534275,6.025266194717032
185.14138345007584,250.1317158023686,6.1847290605076894,6.030391068081747
184.56723124817714,250.80565646788025,6.1788719176590545,6.029031541478812
183.80111295980484,250.80601355561646,6.173133872230103,6.028317366006379
184.4767865256217,251.47547229503323,6.166804924956201,6.034418071532649
183.80108119025,251.4769461041882,6.173218680983725,6.031470453222711
183.70736302745976,252.14989481523176,6.168458418451228,6.030949147926264
183.70472087949042,251.57226804684365,6.1737427143899275,6.0335210641294985
182.93525448492346,251.66930177721457,6.174777873202519,6.031690807177811
182.93485589075783,251.95863820626565,6.175575061533765,6.0296916033793595
182.84262603585302,252.63238102054032,6.1678292799426355,6.0276444146355805
182.83940979314357,253.2121693221447,6.17426176536152,6.020377002086082
182.46334990491107,253.02277547939775,6.158230610797828,6.015089222065649
181.70154250867975,253.02536150565018,6.148225316586553,6.009917169560787
181.89867671591546,253.02673219821614,6.136884329342515,6.00717578442887
181.90227940621673,253.2190193007588,6.129678948739984,6.005086207321555
181.7150978584928,253.98223301407845,6.121849752873057,6.007427945941195
181.43071177212522,254.74681412218118,6.117591558380592,6.0063467090095255
180.76333557154092,254.749091008587,6.11586089313143,6.001792936197875
180.86096443345542,255.31860669031892,6.111430249744979,6.007724055389426
180.95900805678028,254.74413758224264,6.1061940798687875,6.011555810900943
179.81739454375196,255.50470835045698,6.099470082089294,6.017048290363003
180.58060047683585,255.50165886007673,6.099539890084749,6.023147271123472
180.00565852197133,255.78629877732016,6.103978730236351,6.026589971425438
179.24365528835816,256.3541326039757,6.099732348659627,6.037111954716714
179.24459005506955,256.16208423825935,6.097862815236865,6.03894714546127
179.23910875746895,256.1612504033278,6.108825410438058,6.04061481532442
179.13457300211533,256.2569430774017,6.126567907659789,6.040558480662184
178.74660173493834,256.83232593907394,6.136082071116394,6.039435313663742
179.02716585720202,257.5985019547009,6.150170589855321,6.0409946511200285
178.2540216923007,257.59695361139717,6.1605794831845255,6.044091337727492
178.8306295417291,257.11529186044567,6.160547895353485,6.046428080442467
178.1536136049718,257.88205399034774,6.168943575028766,6.050773756454688
178.14992248788664,257.88047546886287,6.176325809199089,6.053930799424372
178.048310960509,258.45687555123106,6.1869488088636295,6.056730965232279
177.5622874091178,259.2302933277268,6.194940269430438,6.052384439785803
176.88243039120132,259.2315099188579,6.204578383185385,6.049951257523599
176.97375538981953,259.4216326617694,6.214909263956581,6.055667527715896
176.96530845580082,259.71326631676084,6.2318031319939955,6.052100302857631
176.66781311407993,259.6152915511922,6.246467446060991,6.054607710870102
176.27422953022955,259.6137006421619,6.258787300566876,6.0577895289306145
176.84910527392938,259.7105048454344,6.272768109711437,6.058136505143029
175.9704918590133,260.3917198676556,6.282373859322246,6.054967300872762
175.86933181267165,261.16841518714403,6.2904133662802,6.055821347698833
175.67200068748963,261.0711321741937,6.296235380009388,6.055967255282083
175.08816504384407,261.26457072850224,6.296824611266569,6.058117498676342
175.2818233137403,261.84765659391485,6.298621948499484,6.059287398927189
175.37817738410442,261.65204415771956,6.3005174288331265,6.0613050291939174
174.5989341955994,261.64789450122623,6.3016817494577495,6.069604342180539
174.59030009122216,261.6468156057682,6.318949958212291,6.071762133096608
174.38554221574785,262.0391784899087,6.338226475507512,6.067514832122436
173.8877579454452,262.6278003676869,6.3570231366212155,6.062397331955962
174.0738024893137,262.34100627738036,6.376069379976046,6.049282515931324
174.55732804263656,263.12494668003427,6.3873078431953685,6.046665022407531
173.57057862190538,263.22342534522693,6.402884436828672,6.045499916805053
173.0732314992085,263.8124404464841,6.417491929883378,6.043573817097581
173.65119049027777,263.61910143373524,6.438864954234978,6.037821507098676
172.95558624888457,263.6192906947256,6.4548683196305285,6.037442985118023
172.84856813075416,263.9166216743283,6.472202702796244,6.032886585197732
172.741846329892,264.4117951071739,6.488746148014889,6.0270405020347795
172.14313481551136,265.1063863870206,6.503776348109376,6.017316242452571
172.23376720244556,265.10913703355334,6.5196569273073814,6.01181494938712
172.32133912582202,265.11256531803116,6.541818577481919,6.004958380431519
171.3261093717597,265.5068541775376,6.556859946088545,6.006547917225802
171.1223763282557,265.1134267539186,6.568723061342422,6.00219682095569
171.90788080981594,265.9068506655848,6.581049917314856,5.99868481671611
171.30619507424473,266.00722644247935,6.5961035029900605,5.995986243838158
170.60795096425053,266.6032468303573,6.604881499502003,5.993411373919118
171.10600902246296,266.30461607365874,6.600464795797507,5.995653239684059
171.3027820187122,267.09783378198995,6.603532581415295,5.995672935486828
170.3049139811057,267.1990781930139,6.615719185183508,5.9915390605833245
170.1980467410134,267.398803376502,6.630975007235426,5.989046009872561
170.09859606421148,267.59683458912133,6.631200158978908,5.99033598835459
170.90039147291353,266.9989283775625,6.617211605627492,5.993946713432731
170.7088012862842,267.59356713957703,6.603311431493196,5.99591083158262
170.02183276746914,267.39415201631607,6.588761382240986,5.9980304818524015
170.02733942418817,268.58672450269773,6.577748068802912,5.990836845066144
169.93560694676515,268.28984849129597,6.563336510327114,5.990959327904159
169.8431216428273,268.98238463303596,6.550653048487292,5.989465532432984
169.15587307643864,268.98405328715177,6.543121005789427,5.986128224201315
169.45352087412928,269.08727069165803,6.539612198463314,5.976955677873865
168.57237898392088,269.48534956430626,6.528342394712277,5.9690439699853926
168.58290791729016,269.77392651538986,6.507284527973741,5.982169934186352
168.49350440657764,269.5708919990235,6.489450693091032,5.994957254303551
168.10763632011444,269.5689144413092,6.474921705969493,5.99891236973227
168.70488845505508,269.6632421446429,6.458832862903886,6.006659534200828
167.9236342310024,269.85740979809873,6.451143898563081,6.0108735804006415
167.93284629758963,270.440818769818,6.432719765388641,6.0213853730085125
167.84069295284596,271.3201106564104,6.420925559951538,6.027709654144044
167.55178057119477,271.3154485006506,6.410699179159478,6.037033965663697
167.16423021545296,271.60698117796983,6.401779043639727,6.0419842462777025
167.36309073286432,271.114125014928,6.395946602477051,6.047975088211258
166.6872100647948,271.79311745454305,6.376071130269672,6.061627017327459
166.69402802713694,271.78808994021625,6.362435205585445,6.071682045981149
166.4062585157341,272.07708079072376,6.350575770000409,6.081098803356731
165.7265321159636,272.46675083588275,6.33968824391961,6.084810327679796
165.92679945093812,272.26636475741594,6.33045577804047,6.094280280543557
166.12658948866613,272.6547160197868,6.322188297179697,6.100202944992411
166.12921314418136,272.5500561478802,6.316940986149234,6.1139022891410075
165.93665971990137,272.54548110789625,6.3105382684795615,6.1230523691088905
165.64255805531923,272.641667853505,6.311344562424118,6.126477889631343
165.05239665128187,272.93293477687257,6.3164725060598,6.131541475115641
164.93925513987628,273.3309432529703,6.346729220944742,6.119629754625402
164.7329876788324,274.0206685508393,6.366639203460325,6.114366447390012
164.62475581368727,273.63090983545976,6.386561701457596,6.107718948977064
164.2232480842965,273.6301314629213,6.402584861814529,6.10927569405397
164.51404069626614,273.8293881826525,6.412070553112404,6.104809531416281
163.72401882438857,274.0233729481154,6.415303307405663,6.111042747856041
163.72261875394554,274.71099087436266,6.4181034482917125,6.116562101089345
163.523914717867,274.7076997231681,6.420747465034642,6.123144403478513
162.92943153092057,274.7071996432064,6.424547609572358,6.124144563401822
163.52244506543698,275.19605385126243,6.424138797783283,6.134451361659533
162.72995724134375,275.9822209518726,6.427035093697604,6.1441965127113
162.82826603467223,276.0718455364433,6.428377131252806,6.162906967782117
162.62783340353468,276.16550432178497,6.432688552747996,6.173866317488712
162.1285730907313,276.75575131895175,6.438619365333122,6.184480098781134
162.32191216997623,276.3585682424334,6.449498998298184,6.183730668907989
161.42340605652652,277.15560602564295,6.456073793407735,6.181155041857658
161.42359672793506,277.1565306389021,6.455692450590612,6.179305815339384
161.3250366747287,277.35207618339945,6.453848108036032,6.18614362427935
160.92398110869217,277.94779748963083,6.459783933480291,6.188963971759691
161.116206020976,277.84948013514327,6.473697040410808,6.186417214985634
161.2096138441538,277.85061027047135,6.486240439249479,6.184156944329462
161.20248298680286,277.9545065622894,6.500502153951368,6.175883999741245
160.89819534918018,278.1584669786182,6.510242137651971,6.167186694780117
160.49270694605946,278.7583716166304,6.522713849089376,6.165135060961671
159.78769958066928,278.4595634715418,6.534206941043934,6.163384934499275
159.98485559622785,278.46124568812746,6.539776425266805,6.1600205013280025
160.080331795255,278.462838520616,6.548798474297507,6.156834836350892
159.27450409348833,279.3683222043987,6.559934604657663,6.146451651105332
159.268752386172,279.3713512692712,6.571438019290348,6.140393521360205
159.16566775813106,279.5724334473566,6.577449726118983,6.138544263695795
158.86510719438547,280.3703298388733,6.577904702889526,6.1445278825839855
158.36715302865372,280.36337944232025,6.572192000207297,6.158428675690108
158.9724369337084,280.3561951606456,6.564358638379577,6.172797239039315
158.27058802846375,280.8502601348895,6.564126402790054,6.187474466322162
158.26808596162195,281.6514964166939,6.56913053647364,6.191327586879174
157.96538540195584,281.55064513199875,6.571741427607385,6.1921000802033275
157.65765951313722,281.6490536199542,6.584243758936546,6.196266253061685
158.2554199913494,281.9502629795068,6.5961909316183265,6.197581598509468
157.45237689821266,281.34477879884736,6.590658846855586,6.199836256551349
157.4467181387945,282.04503410864913,6.601976365691934,6.209136912331359
157.33941938718903,282.0439184010601,6.614847767518479,6.211368327509372
157.13016196055563,282.1454857850858,6.629437283934696,6.210196227883296
156.41133741633652,282.450769893096,6.651882343719068,6.20614402414314
156.4057570637959,283.15876492388844,6.663043048800319,6.207361254375098
156.3964744137726,282.9602334510104,6.681608348846906,6.199120658534175
156.29093871768865,283.0653722662639,6.689869194952493,6.191653574089501
155.67973964910314,283.67677769914076,6.695343186663657,6.185766853795711
154.96203386323444,284.3928029098037,6.711067678306916,6.173403512563987
155.16032078262083,284.09218877785406,6.720215613392082,6.166049115676239
155.15427838994668,284.0934630190606,6.732300398740405,6.1635006332632
155.14465649980835,284.09639810498084,6.751544179017067,6.157630461422721
155.14594423313827,284.1927712730006,6.748968712357199,6.168124419199571
154.64066314552844,284.8942943008962,6.742694048364163,6.1886499383061055
154.12944003459916,285.60088541873824,6.747157877305943,6.2006430527054395
154.44123325504637,285.5959807944643,6.735142324091284,6.210452301253277
154.44177080799972,285.5970690719921,6.734067218184598,6.208275746197722
154.23247370378868,286.21117283045277,6.7451126830019765,6.202714460090475
153.62340087544052,286.1078930679304,6.74010999700373,6.205415928019413
153.71901695451197,286.00757829345,6.75270091045304,6.202222405387892
152.80092636613333,286.0084548809679,6.75316567503151,6.200469230352156
152.68791455908575,286.5195639020625,6.77524146530371,6.197990307277293
152.26732997394657,287.2318473286714,6.79940145534228,6.203189519479176
152.86865308295222,286.82361043338443,6.825023574848304,6.200817751708205
152.14278431961682,287.8448907152883,6.841253821780537,6.208981873241432
152.1362262570096,288.1446589871366,6.854369946994966,6.225810967746648
152.13012900092576,287.41804959000586,6.866564459162656,6.23753632508896
151.61058978191065,288.1349080197879,6.874121174047914,6.247949877927886
150.7786133724458,288.13547954323656,6.88537030899699,6.2468068310305185
150.87533472890863,288.2403632694829,6.898672402820272,6.243784185286863
150.7648256057816,288.8566126048861,6.912787077068893,6.252706946512955
150.55406296464992,289.68062097851504,6.919781444127482,6.262813860074123
150.2400655719351,289.6688788092374,6.9251698315745935,6.286298198629383
150.13160573400984,289.4570272043146,6.934095716906344,6.29401382743754
149.60796768122333,289.4528035120956,6.940093283773577,6.302461211875578
149.92033744873982,289.5584034771862,6.940804906513372,6.299745000952009
150.12579700272912,289.66137401747727,6.946788778421507,6.302255410313244
149.1845441157068,290.28805155291775,6.952032849339053,6.300408141516959
149.07588739497027,291.1234789410715,6.960709514061022,6.298647579218532
148.8651359274166,291.1181868147911,6.964725072275487,6.30923183177919
149.5979440266893,291.11819029744873,6.961933609086453,6.309224866463924
