170.27999877929688,190.25999450683594,8.119999885559082,16.799999237060547
169.67203102459138,189.8229967030458,8.33593539497006,16.673994844640855
169.76593968225038,188.8848021537653,8.53646460076235,16.608651337650386
169.09967929513223,188.92116009505128,8.696430344098571,16.53593545507839
169.01392298435846,188.9500101190136,8.867942965646112,16.478235407153754
168.94153464515756,188.55916036179917,9.012719644047955,16.470677505249856
169.27985021316232,188.5798809307194,9.130075612004092,16.429236367409374
169.04034941532242,188.62064314260826,9.210692786027654,16.347711943631666
169.01098127932946,188.6591959156128,9.269429058013598,16.270606397622593
168.80768065300612,188.65835824479802,9.277620896376371,16.27228173925216
169.00685087175754,188.2279855563655,9.277853835387317,16.33588036308966
168.81640573546719,188.60051641792987,9.25922507014328,16.389856715610456
169.02355102470642,188.16684053301495,9.244935706721641,16.457206055326548
168.63352497471584,188.55378083337865,9.22347898076778,16.484834280534212
168.64955562653876,187.88249116707874,9.191417677121906,16.62502073212085
168.84689532953726,187.85423821433596,9.199060835251831,16.681526637606407
168.83634736379813,187.8095553058467,9.220156766730103,16.77089245458496
168.62669119236674,186.77512389893607,9.23450235189716,16.81492147992761
168.41003640167406,186.75823491514,9.261950363017348,16.84869944751974
168.20197067398976,186.7283779221476,9.27125302870807,16.908413433504574
169.36631020129107,186.9338636321482,9.389787754315776,16.905310976871757
167.88534820551155,186.9195692368959,9.482791192685493,16.933899767376317
167.84436640113887,187.10170476791217,9.564754801430873,16.981481673362186
168.00257818972773,186.87131810168864,9.66228305622111,17.028303173841273
168.17943882918902,187.6837367387844,9.72486504236997,17.06867895993564
168.34604700527106,187.46502634812157,9.80961316484699,17.088135266620217
168.31831849168358,186.82890955307326,9.865070192021983,17.101294105704127
168.06920789534368,186.78638761932314,9.942464005151521,17.186337973204395
167.3927149293914,186.3302407408787,10.025248311241164,17.251830646216625
167.5649629957926,186.93860451783345,10.106526986393824,17.312427516172303
167.59827568088005,185.3833728226012,10.039901616218891,17.42653778174724
167.62434183573453,185.93097192953357,9.98776930650994,17.61718174538469
167.39956949598422,184.3749302441829,10.006761152048698,17.715395278352645
167.57658983501742,184.11051299514872,10.085049745146085,17.81190050525727
167.1850350782679,184.0003597089267,9.997981815934178,18.032207077701273
167.14940303315115,182.6866391991735,10.069245906167694,18.038466208893908
167.15585168700235,183.05515494998897,10.056348598465252,18.17777628868868
167.1457186433381,182.80285705524395,10.076614685793738,18.242362831461435
167.1261066002595,183.42901835182192,10.115838771950964,18.3139666383995
166.8592278907181,183.01217837017288,10.206560789316127,18.26157579826237
166.76789782634535,183.0873611781294,10.389220918061651,18.11121018234929
166.66944936888964,182.94423932912306,10.58611783297306,17.952765805136
166.37913573161373,182.757001805894,10.721072754589446,17.881568498658655
166.30457933939113,182.35490383574935,10.870185539034665,17.791979136849957
166.25695876962033,182.81054334587228,10.965426678576243,17.776840255405556
166.27994212934385,182.75257356168638,10.919459959129226,17.892779823777353
166.00606828601002,181.41169527851997,11.016806136084263,17.87212733183447
165.98174493361208,181.40035891647034,11.065452840880132,17.894800055933757
165.53210300760114,179.35565025853697,11.058965417784147,17.908246633770045
165.08481822117204,179.35034155458996,11.04758031044714,17.918864041664058
165.06622595060506,179.16023503953755,11.084764851581074,17.84613256784538
165.04548085098264,178.97022042840428,11.12625505082592,17.773678393273613
165.02322302548276,179.45613686045039,11.170770701825681,17.706039897768413
165.00813529983753,179.26004881581045,11.200946153116169,17.64638392595688
164.9970024077044,178.83397283312655,11.223211937382425,17.595646138473015
164.7464505656114,179.0944349124771,11.273257634110044,17.52577996723022
164.95553904213165,178.9141212194057,11.305928714094716,17.435559320347934
163.09673546208487,176.74752761245531,11.423206508020952,17.268334826539498
163.57197434409156,178.3503418891412,11.371698973703523,17.20910207710371
164.2588517820997,178.1769409490864,11.341158901878384,17.108165689149597
164.33418275442588,177.93442067470033,11.190496957225996,17.14749257666403
163.63718804301428,177.1137127854621,11.25309934571263,17.013725642691796
163.63735505055726,177.33647094241593,11.252765330626668,17.011039155678446
163.952018405295,178.38035192461166,11.066222529345252,17.1371967322571
164.01401125303175,177.9156993986485,10.942236833871737,17.183365052666247
164.1081458468484,177.6562786959682,10.753967646238435,17.262018254312956
164.19972089155885,177.37784403420784,10.570817556817527,17.380677049877686
164.29193793665775,177.1076861504065,10.386383466619726,17.48408994177202
164.32821280698457,177.107593443776,10.31383372596611,17.48427535503302
165.44012959324618,177.12632570107678,10.26054662742653,17.446810840431475
163.9684045868293,177.1330238418115,10.175434160860124,17.43341455896201
165.27483732743136,177.17170484329287,10.14864491800324,17.356052555999295
165.2621898262493,176.9960273597208,10.173939920367342,17.277996588415377
165.32439119822624,176.75370851988478,10.049537176413505,17.33395447861018
164.87674507860928,177.00781806542892,10.090020271271282,17.253139959709966
164.85500251605396,176.8246266092607,10.133505396381878,17.19263186380699
164.84967872050728,176.2158814026822,10.144152987475275,17.129938106398907
164.83252837904993,176.48199562971448,10.17845367038993,17.023686116543413
164.86554820066064,176.65513202840876,10.112414027168533,17.102389087627355
164.8706768034306,176.02438651250475,10.102156821628647,17.08878785390563
163.53775559373003,175.44588277178812,10.220067418626456,16.971829424137216
163.77365991629648,174.88445998285212,10.370870310541576,16.81991263797439
163.4941313342181,174.95058566402972,10.504747789825238,16.68766127561916
165.2527592839586,180.88252702292638,10.391095848518797,16.73639241143673
165.08687880380276,180.65869610383714,10.298583994812681,16.759781435597432
164.89526805143348,180.43701766901603,10.258737521386996,16.780070327075425
164.70172900727403,181.49920380935603,10.223115097402765,16.7692006079112
163.98153541396442,176.32154162720428,10.370217706814943,16.66088013594782
163.7967267324679,176.44924965940615,10.317040120972544,16.828259020379583
165.503979605294,180.89697439401363,10.297729962789052,16.84519796827006
162.4445192323093,174.18624085244682,10.476069156010865,16.68819293083763
162.5942918390903,173.83666354057354,10.601501872172943,16.537391695135966
162.52903997549976,173.68165957964996,10.732005599354034,16.422578888891618
162.47729534225908,173.9517656321649,10.835494865835352,16.307644059031517
162.65415067726533,173.5759376768192,10.907057996528646,16.20875236831138
162.22629032648084,174.02838801109806,10.912828285236484,16.153802112614827
162.89851390443903,173.60836880016984,10.841112421217751,16.145353006539438
162.73557812791026,174.44000469466016,10.744057526598809,16.17378700826495
162.5338718723502,174.27556057318264,10.725728503168787,16.08093371666985
162.761964088758,173.68782296275117,10.689585013135876,15.996286109184954
162.3198098780592,172.8982187755974,10.737558523297976,15.90282466102162
162.1092590981006,173.56414948565128,10.741102573016844,15.823635771508819
162.51743645812707,173.54547647001883,10.757595291787721,15.8609818027737
162.3167808054996,174.2049716616659,10.741646905468661,15.793770494201528
162.3401516609077,174.2376093475902,10.694905194652438,15.728495122352909
162.10014930561772,173.86223397431866,10.760685236284509,15.650796531000253
162.686568736015,173.07071518679294,10.830274507823937,15.577263262939635
161.60492203887796,172.432694117243,10.922650002750796,15.610754662431164
161.3364721219148,171.8050416538168,11.043334702453464,15.61741418661265
161.50710741243896,171.81342331352099,11.120370785392053,15.600650867204283
161.94966963516165,171.33598285591546,11.073890614498154,15.716887507863806
161.9812596977805,171.28663899882756,11.01071048926047,15.815575222039614
162.00745734671736,171.2429706035204,10.95831519138677,15.902912012653937
162.02776375139516,171.21399053106293,10.917702382031187,15.960872157568877
161.8129648303716,170.99183235008107,10.925882377800026,15.983770673254362
161.1578273443037,170.97641468070276,10.970461810246452,16.01460601201098
161.5607327135058,171.18310187892388,11.010854242190794,16.024333200743012
161.33036439222383,170.94679463323004,11.047673996095025,16.073030803470928
161.97195157566713,171.98206035483727,11.040281833590118,16.12880303422609
161.51219629135358,170.494745342919,11.107833556418,16.121577097765243
160.6285897280923,170.72959020590866,11.16709281252753,16.07887583938917
160.62881011115402,170.49653488930676,11.166652046404042,16.117662715278072
161.04240683233246,170.53003962109898,11.195262743153993,16.050653251693646
161.02605854425553,170.53714288318832,11.227959319307839,16.03644672751494
160.8092327620382,170.33289906969105,11.233922804343637,16.0172462751106
161.23354599777988,170.32318597938223,11.240288954467342,16.036672455728233
161.2410813505008,170.32283862407544,11.22521824902556,16.037367166341802
161.01304628789526,170.33322190214,11.253631631802316,16.01660061021269
160.7902971467273,170.3221791658195,11.271318153676031,16.038686082853705
160.75096053574833,169.02624699753562,11.34999137563396,16.059925682102886
160.71313084829458,169.26667481792583,11.4256507505415,16.009126171654007
160.67456787620569,169.28046195186377,11.502776694719282,15.98155190377814
160.66764253601463,169.4752898595583,11.516627375101407,16.02328105646213
160.85986563432945,169.44205598455417,11.564426368340516,16.08974880647039
159.53219833074763,169.19341269657556,11.615529063412673,16.152996730412305
159.7211177905956,167.8633167040683,11.673527797040276,16.198162795485565
159.9183381412705,169.39006675904815,11.716563061502255,16.206994446208412
160.11349001818826,168.71951375628493,11.76457658282093,16.233148626272254
160.1077789148635,167.99571336449145,11.775998789470481,16.362240806221468
160.09139343400196,167.72477433999043,11.808769751193566,16.462470899544915
160.12479957620474,167.63960031872494,11.741957466788008,16.63281894207594
160.13483417235332,167.57110892800557,11.72188827449084,16.76980172351464
160.13755805594897,167.51679877727912,11.71644050729954,16.87842202496756
160.13177792543024,167.47518538519333,11.728000768337004,16.96164880913914
160.12636298783605,167.43376206345056,11.738830643525368,17.044495452624705
160.35703125287796,167.62393429569437,11.728845537612456,17.115502412307965
159.91075045423517,167.36475442154125,11.716892852118534,17.181605019224516
159.9019980353594,167.5707225349458,11.734397689870047,17.222724471182556
160.12928975260493,167.0862656003152,11.733779635084016,17.2837075810337
160.3406577163122,167.0831716724274,11.765917668634135,17.289895436809267
159.6568357705708,167.0789841081093,11.7670620055704,17.29827056544546
159.66331464926668,167.06719418092547,11.754104248178638,17.321850419813146
159.66918078685146,167.5056453609047,11.742371973009096,17.35651899121234
159.67970275744602,166.35044711622234,11.721328031819946,17.386350129033325
159.68686818971202,166.5731260937615,11.706997167287959,17.39720528305148
159.6830359964531,166.56731315994546,11.71466155380582,17.40883115068356
159.6919577676301,166.56459748732644,11.69681801145181,17.414262495921616
159.71508943399493,166.8020996325738,11.650554678722106,17.395484607245407
159.74184623765188,167.2701141560263,11.597041071408224,17.369806937537398
159.74547218125875,167.7765984504029,11.589789184194498,17.264639400075467
159.7252308214181,166.70489733431882,11.630271903875757,17.147051131648414
159.72951801803893,167.23181112398495,11.621697510634148,16.995422549706586
159.52646564885563,167.0486059344988,11.579129713023017,16.913160392701176
160.01386750932596,166.61190511661283,11.497780881918423,16.893107138637053
159.82618533879537,166.85965947007224,11.428067533158817,16.842676121538993
159.4327687191879,166.8334807195016,11.328575900901717,16.895033622680263
159.43770724776587,165.9368486899595,11.318698843745777,16.919098167285895
159.48077076261777,166.58325181511785,11.232571814042013,16.953785452402677
159.4804443287099,166.61396694701213,11.233224681857715,16.892355188614072
159.49714284900372,166.65091793974628,11.19982764127007,16.818453203145808
159.55865335967823,165.77483627112383,11.076806619921042,16.814579740750496
159.62321260547438,165.75251547108599,10.947688128328776,16.859221340826213
159.68122950282387,165.73784901968125,10.831654333629773,16.888554243635664
159.92608859336468,165.96605656371375,10.775861852735948,16.866064855758466
160.3711044920775,166.21186839494698,10.751143026890121,16.807097679081878
160.1658748205565,165.8100315602516,10.730241972809804,16.7480505542279
160.1935548936546,166.2707363136867,10.67488182661358,16.68689479527305
159.96630708696955,166.0946900137707,10.701091563963569,16.610701519085033
160.18419504009904,166.31222271433467,10.692898107712292,16.60321856796477
160.22180830585853,166.29000524942225,10.617671576193297,16.64765349778957
160.2348834148812,166.08632490480306,10.591521358147922,16.6282722346965
160.18902542331838,166.1402200520113,10.683237341273577,16.52048194028001
160.18750145501042,165.72336300676466,10.6862852778895,16.50233146050647
159.98933334889085,165.71335767270207,10.656910432769214,16.522342128631635
159.78934777696801,165.714898460113,10.631360863689473,16.51926055380976
159.5940429596932,165.6881715265448,10.596922579537324,16.57271442094617
159.99209114929008,165.7047228642249,10.651372499107781,16.53961174558603
159.57699245684086,165.49811405431876,10.630195830347041,16.527142338568666
160.21717807825956,165.5086900376937,10.62526423028083,16.505990371818793
160.01774102753097,165.51950487259177,10.59939105080278,16.484360702022652
160.0437536937918,165.51626392265624,10.547365718281087,16.49084260189371
159.83677973860213,165.53366044007961,10.538094700422864,16.456049567046943
159.6162350417306,165.34546806641643,10.556641114279712,16.409891334487096
160.04308293359367,165.3476617870195,10.547268215257883,16.40550389328098
159.8281933625476,165.15004273105828,10.555108191196494,16.37880283904991
159.63449002158706,164.9447746536252,10.520844837033756,16.36766895783223
159.84958005064448,164.71999440339067,10.511595796663164,16.396298440556944
159.22535780319376,165.15066001073882,10.496424282439408,16.377377898610817
159.4470500160798,164.93221786082634,10.473708317805228,16.39359373729786
159.6588130173987,164.93892359425047,10.470713927647044,16.380182270449623
159.89829241984188,164.95174823698352,10.412035881398221,16.35453298498352
159.91784489330942,165.17337530021075,10.37293093446309,16.330194520601232
159.93624440340042,165.39569392609926,10.336131914281108,16.303454559292188
159.74423390956434,165.1867069264158,10.303271443905539,16.304547100611305
159.54282038147016,165.40547469023258,10.289750751918731,16.283359321152965
159.3397837463877,165.00224659016675,10.280019521314935,16.258206519747187
160.16573096668483,165.2416171397021,10.289186667695246,16.19473081742011
160.17173385411894,165.6863608608214,10.277180892826998,16.134181831600813
160.15502465638298,165.11750982764556,10.310599288298924,16.031797091451427
160.17109566824075,165.34123683723712,10.278457264583391,15.99673071481268
159.76100935198951,165.35348936153807,10.275978994622102,15.972225666210774
159.96851500221024,165.14174521022395,10.27188463854775,15.984797024471897
159.54518837764647,164.94226094861787,10.296464101655033,15.972728654673931
159.72474184534522,165.14901107818642,10.348623722892512,15.970494952171787
159.7410932872521,164.9053198647783,10.315920839078721,16.045773736002623
159.7330089535349,164.69439653295007,10.332089506513178,16.054934486798746
159.32530166605562,163.8398670500934,10.321317684009248,16.111620657587114
159.5446315765224,163.8062852820437,10.296420219451829,16.178784193686553
159.1223126709893,163.78801477105029,10.312354836632466,16.21532521567339
159.312640469916,163.5938506443375,10.346864227270391,16.188488480607614
159.48965068589277,163.19433531442766,10.408184146569326,16.156838437922225
158.87221858203563,163.58529504069966,10.395376033045546,16.206700532870254
159.0495392554708,162.9807517179058,10.457158500018274,16.166515736928627
159.073960056061,163.15077699054342,10.408316898837908,16.24331854214827
159.279879119579,163.5687591900489,10.413667239439548,16.24173107841265
159.4954476012479,163.15108149138086,10.399784371601086,16.24257828475008
159.07697498230985,163.5771543661723,10.402660025055775,16.224502119588607
159.28558563800325,163.36279847922825,10.402250851799643,16.236401755346023
159.48605037493496,163.35801019100376,10.418304892798158,16.245978331795005
159.04095044903457,163.16421161453397,10.473714351290667,16.216180288080473
159.60497335643532,163.42522836986672,10.599290825964436,16.112020873906744
159.57002448780895,164.06761898843527,10.669188563217176,16.08245452562192
159.5318060082984,163.8743306517117,10.745625522238292,16.049907304853548
159.53055990119114,163.6542374414543,10.74811773645279,16.070188853726023
159.5264637654017,163.22316941596176,10.756310008031699,16.09182222931676
159.52733878687332,162.78500582798532,10.754559965088436,16.1267237961356
159.53128973374317,163.181876456266,10.746658071348747,16.17539971228807
159.5507761510242,162.51503310228236,10.707685236786686,16.243659380495906
159.5570366374115,162.49751008815505,10.695164264012066,16.27870540875052
159.55912014599932,162.2629443590373,10.690997246836428,16.325332806362212
159.78862200685498,161.99738957334296,10.655128114335499,16.433307788540496
158.94553730207966,161.5390089894032,10.6446720888656,16.501756238909778
158.92986660414704,161.5201598716488,10.67601348473085,16.53945447441857
158.94438377325443,161.70034813748856,10.646979146516072,16.605174020504688
158.9700592951197,160.38235586467022,10.595628102785469,16.681583868787982
159.00127162706295,161.40517899503917,10.533203438899045,16.770342887830665
159.03340471567597,161.35761487734192,10.468937261672965,16.865471123225166
159.21474759268222,160.32522718650216,10.533757912502182,16.792714480696358
159.43748846108426,160.75470760871457,10.515783012353744,16.788767309582937
159.41020136953287,160.79515836518246,10.570357195456472,16.70786579664713
159.40206269424326,160.79714241095397,10.586634546035732,16.70389770510409
159.39942198910853,160.80588878124456,10.591915956305181,16.686404964522925
159.59482839832617,160.83361689706774,10.62799421950967,16.630948732876536
159.80578293533884,160.83698486581264,10.63274960166101,16.62421279538675
158.76132888020837,160.81620779544784,10.588442259286973,16.66576693611637
158.7789195933202,160.59570530799346,10.553260833063275,16.68024775055986
158.78036961023358,161.01554859969497,10.550360799236545,16.692865231717256
158.80185664344816,160.99705525400228,10.507386732807413,16.72985192310263
158.8258018898187,160.96985079637736,10.459496240066326,16.784260838352434
158.83032235650805,160.95074369353517,10.45045530668764,16.822475044036796
158.58458871483361,159.67694054806643,10.515368305668034,16.81075562876352
158.56124590436417,159.67792096647443,10.562053926606897,16.808794791947467
158.54005983049697,159.67628646049516,10.604426074341287,16.81206380390604
158.5307969844079,159.66696590551308,10.622951766519392,16.83070491387017
158.7454059369557,159.66494302248458,10.623302871553047,16.83475067992717
159.18305987145192,159.64149951646382,10.60726577891028,16.881637691968695
159.81611288990288,159.63053047861038,10.631362901834782,16.903575767675576
159.5689946699055,159.6640474115592,10.694799949069921,16.836541901777917
159.32490042179728,159.69297443263008,10.752129516985642,16.77868785963619
159.08857361525625,159.70889685874556,10.793831679385214,16.746843007405218
159.5179646410452,159.69282446809194,10.797391572799594,16.778987788712456
159.27459761326406,159.72573550706053,10.852413565243742,16.71316571077526
159.03218448122405,159.7424010312105,10.905596065622115,16.679834662475333
159.45616778885272,159.94416823900605,10.921690246587152,16.7083306449955
159.21130364042418,160.18170089138266,10.978692337660387,16.66599154602612
158.97055404114224,159.98047431748444,11.027151536191045,16.635404693789383
159.42290784887624,160.1758464652576,10.989217572127892,16.678047223945452
159.22044177916268,159.11735685030175,10.960753457104158,16.628045181603095
158.80223188785905,160.2022660627749,10.932830218949068,16.61908430856265
159.04161648866705,158.89927851980642,10.885633119012617,16.635626784422485
159.23638059977227,159.3388053823916,10.92713923217754,16.61864173000291
158.8226911626257,159.33077859744446,10.89157670406133,16.634695299897192
159.25888747957757,159.31718511815777,10.88142283416945,16.661882258470595
159.07410232916007,159.294512310909,10.819634967591584,16.707227872968115
159.30444830273416,159.26005646165902,10.78995091727021,16.776139571468107
158.69642677550732,159.2296251099068,10.71135860060176,16.837002274972523
158.92468053322347,159.2242141073331,10.685993911250083,16.847824280119923
158.9801225485953,158.98321602937793,10.575109880506425,16.89894004710589
159.16994297614264,159.89776017462765,10.625256352024747,16.789001063058553
159.41003905375592,159.46222901271378,10.574048082288865,16.80209561590484
159.14988568064123,159.12446218370778,10.66603266044705,16.62098493777446
159.14910423685487,159.17971371221927,10.667595548019808,16.510481880751463
159.1509715523567,159.2322128474746,10.663860917016102,16.405483610240747
159.35571860731747,159.28562304412597,10.678251587999464,16.29866321693804
159.55624680019736,159.36487036293792,10.699717169262186,16.140168579314167
159.56512274771887,159.43409613594565,10.681965274219163,16.001717033298686
159.1701586765392,159.47943960924027,10.63564835159388,15.911030086709463
159.4318240305165,159.49047964504965,10.528306813445914,15.888950015090725
158.85020862879625,159.51342414372962,10.449918829274289,15.843061017730735
159.1068912968027,159.52843796961935,10.348432800940431,15.813033365951283
159.10502411762306,159.57781383635583,10.352167159299732,15.714281632478308
159.28695239110965,159.4334273697472,10.39662876188044,15.594736416141679
159.31266590564044,158.81898221383727,10.345201732818833,15.601842942009995
159.17096402342693,159.1865922622309,10.222092381923929,15.679649075866653
159.21916122260205,158.94344053830923,10.125697983573666,15.760321021068622
159.09288551023212,159.4712328047717,9.973017110879383,15.920433380446186
158.94646081813872,159.40845180601232,9.860793622535251,16.045995377964903
159.15956984351652,158.7966443069473,9.83963916816011,16.054419586953625
158.80576887204026,159.3596880312301,9.737573929622293,16.14283291062351
159.21633165023968,159.1429788934619,9.725314012319307,16.171818366611944
159.03771049292894,158.92084132344283,9.67789868029671,16.211435860006016
159.45530763350726,158.49755810158933,9.651599007611196,16.249107695241914
159.27981196309545,158.68751268456333,9.598026874354604,16.273762003374078
159.27666581079637,158.9096310870389,9.60431917895275,16.23354986999148
159.48033494916677,158.9167900456807,9.600514430682457,16.21923195270784
159.6830136159625,158.9482849192953,9.598413556814986,16.156242205478645
159.89713379587243,158.9538431498594,9.572457891222136,16.145125744350434
159.11697299917094,158.95291632900577,9.526055295203612,16.14697938605771
159.2859146700711,158.97197787123443,9.589096407729837,16.108856301600373
159.51070449485687,158.9708728895745,9.54093959683819,16.111066264920225
159.27160782704667,158.0581513365418,9.618490580220229,15.93329760979372
159.23558939641407,158.74011930573036,9.690527441485406,15.767281018419718
158.84701965359858,157.36970552571694,9.671577359690001,15.721795092454204
158.62661556807154,158.21431125643056,9.715337685588992,15.62077501164713
159.78947606701487,158.08184522266717,9.767267089700884,15.48943201217419
159.77098122362935,158.74322186592929,9.804256776471966,15.352227888505308
159.59117365531063,158.56021168477096,9.770122711413974,15.324499049126505
159.2249068816513,157.7758359508494,9.717129503525362,15.322197006555058
158.84690353729528,158.0007972516541,9.689451309417292,15.264116846355739
159.02386050901404,158.03958483608446,9.726047695232142,15.18654167749504
159.21618623440526,158.26045333543573,9.73135733683388,15.134765771176678
159.01398187092036,158.51617333040443,9.746491775531425,15.012600069511533
159.02297404718993,158.54439396968777,9.72850742299226,14.95615879094479
159.023726176749,158.57973833335268,9.727003163874132,14.885470063615017
159.0264772752467,158.6119376690761,9.721500966878722,14.821071392168184
158.8191802994076,158.07963492888635,9.751689226649493,14.73245979682533
158.811099687724,158.68817445981017,9.76785045001669,14.666112985960803
158.78662983374167,158.55716112194622,9.81679015798138,14.545290691725425
158.77769634621237,158.40448412094884,9.834657133039983,14.468800779270412
158.77201906152928,158.26467166262154,9.846011702406171,14.367437476973013
158.9800504821699,158.04625254050816,9.809597385776453,14.42462719654821
159.18519405765832,157.8488654146089,9.779217587510818,14.439494095635546
158.8158580613946,157.8701244612109,9.75863423917115,14.396976002431531
159.00339774745657,157.8961602295703,9.762200869247112,14.344904465712707
159.18687060060404,157.74029480795022,9.773175842223448,14.278714629681641
158.42494649723486,158.71922553740288,9.788604670575229,14.206377393759574
158.42495009960973,157.62428589448038,9.788597465825504,14.138641410676932
158.5903396984823,158.42477315279973,9.833065156754053,14.038654448732999
158.7687545185874,158.46018832981076,9.85070676891735,13.967824094710945
158.932654848342,158.33085251079677,9.896597555625963,13.85280428652107
158.97320928431455,157.18046162137986,9.815488683680886,13.917345463378643
158.83440310196195,157.8920912947181,9.720753801298004,13.983475105054339
158.5078346976852,157.4891511264212,9.630324813544313,14.045789645340907
158.90413439174557,157.29895105570657,9.580180771839968,14.054962113562018
158.73297552211105,158.23538688045542,9.551963004013478,14.03476799954199
158.36600036627559,158.4502385000484,9.546386028747625,13.97482840382441
158.74087033019947,158.2831412185936,9.534181918884666,13.94025505774159
158.59131266416858,157.90511462722986,9.465252641446403,13.960219021469005
158.792051482282,156.798810328176,9.430978289624518,13.969607913146993
158.25816780229087,156.98638937863836,9.39841695103334,13.961226045080103
158.4590287871237,156.97816139172534,9.362804746866964,13.97768201890614
158.62952505587336,156.82416101320877,9.387578352992264,13.919916632314695
158.83189488421885,156.62976651056803,9.348146798155494,13.943397535741973
157.94589183334404,156.4427376674711,9.295118165094962,13.95244827497379
158.51528658224788,156.6147852808294,9.249114970006238,13.972615149163492
158.34798431032746,157.15241193288622,9.219919232800915,13.988762688188444
158.53174665124914,155.88650960512317,9.215951577889932,13.975668155188053
158.33532124231223,156.27742309094705,9.245508074232019,13.920429826603687
158.68853812784803,155.55713950734594,9.264986442286537,13.909172715553582
158.1516112128879,155.7256511513802,9.249508303545449,13.93526008370553
158.37557873701252,156.0554728571943,9.164818736331583,14.002107634148096
158.5826232085772,155.6813970295875,9.113569577616365,14.024579720533454
158.0675522996813,156.02542216108668,9.056743516186305,14.061174710349636
158.266726689523,155.66585309893017,9.020317619054534,14.056467069559364
158.468868880903,156.0132469589448,8.977277183264745,14.084167243470414
158.64697921687795,155.31186374912667,8.98199580629487,14.043176483186375
157.7107921826525,155.34170956969876,9.052347272815862,13.98348484204216
157.72346894210415,155.51319261766366,9.026993753912588,14.001203860959096
158.04818850924534,155.5649920172432,9.098609635653407,13.897605061799975
158.58648860211915,155.57405962219968,9.102514324081664,13.879469851887075
158.73639835189056,156.55164343603613,9.16265595891547,13.72410789609739
158.88414880565543,156.25931601219904,9.22578245543127,13.591507935680497
159.0359873664276,155.96340348077908,9.279784646860747,13.467974372572852
158.4759984601249,155.82170268497296,9.329628647344604,13.394664693477878
158.62355604348687,155.4896401718484,9.39094204836939,13.345932584229526
158.60038086720354,156.2399007275411,9.437292400936007,13.272228291616239
158.57333496362332,156.10539707244286,9.491384208096456,13.184882442190657
158.55100698770732,155.2450368197965,9.536040159928456,13.12600120195008
158.5408172060639,155.45180613024917,9.556419723215287,13.068223879824103
158.71153796028787,156.37930729427927,9.570197156073803,12.989316258296089
158.72560928404155,155.4665810725976,9.542054508566414,13.043536815468995
158.74340916718225,155.4756098925276,9.506454742285024,13.025479175608993
158.77169258643326,155.47554940762993,9.449887903783008,13.025600145404303
158.79810084246466,155.26357693116128,9.397071391720191,13.096722012239994
158.98712668924304,155.79786370890193,9.372052803543202,13.087247772898008
158.12965285244425,155.7902289206069,9.324610849778239,13.10251734948811
158.13365886271308,155.78612861832528,9.316598829240613,13.11071795405131
158.32783324715996,156.1493341063279,9.28017036676332,13.088147590879062
158.52738842216186,155.6001535168292,9.232038552179423,13.133573163616921
158.54081063798375,155.965075489853,9.205194120535609,13.105473300889988
158.18514474208482,154.7911016620656,9.21651725974298,13.003390672397977
158.3753816528947,154.98668630384856,9.184690489144197,12.960868439853101
158.56439229060123,154.82418095337312,9.154148342251986,12.938400012283145
158.38953900882333,155.22754478647295,9.157219106498182,12.824943944702651
158.57850420389352,155.0670244867686,9.124257763352716,12.801015497116465
158.05879472696188,155.1144874049383,9.131484641380952,12.706089660777046
158.2412636692973,154.78212517199472,9.109291800191913,12.685324039700596
158.42527987096383,154.43520353202013,9.083324722421692,12.695036668524068
158.7780016234112,155.8417141154744,9.06145166476978,12.616297290586637
158.9594534996913,155.512496354614,9.038780321540687,12.59426799364521
159.31435939850252,155.40461325025254,9.00801984836425,12.47050854014507
158.82027477914775,155.29556545487037,8.984757156772497,12.351460154142304
158.64448570421507,155.51976158223505,9.001379268306053,12.238023937744776
158.83179640189022,155.23420830688505,8.960264329014597,12.142117576327193
158.49846369834097,155.11388459812053,8.964179317601873,12.051389784600612
158.999020265878,154.98334570796223,8.953245856755489,11.982407673507943
158.8319978876133,156.02251901350323,8.958459183299528,11.877049642337989
158.5208842573032,156.06555122344167,8.926061489124708,11.790985222461055
158.69206686323116,155.9488023166844,8.909168154812214,11.699011158432215
158.86882724493734,155.9948595224065,8.879441337205648,11.606896746987994
159.19972400317738,155.87681446429863,8.86145561926871,11.521082963932132
158.41853443613633,155.9213274708721,8.822329875827943,11.432056950785238
158.59272734936036,155.14727990867283,8.792248159970597,11.388631522230305
159.40407063891212,156.29720031583392,8.755316028596843,11.30884693472977
159.25955928646596,156.334274324198,8.729008043252252,11.234698918001625
158.9548570053599,156.5364005903199,8.71087382438133,11.144215776299358
158.32616140088106,155.49146713523015,8.71990111262479,11.049445825228862
158.49084390834406,155.68606419381325,8.701323562595764,10.971039172959623
158.49371377483394,156.03983151334873,8.69558382961602,10.882074664910517
158.50200110129717,156.2343096082461,8.679009176689519,10.800946985994655
158.3387283016009,155.05048181148862,8.699239153145209,10.718077596014387
158.3502967968766,156.1555271518585,8.676102162593814,10.64558423596592
158.19269536886134,156.20367189738596,8.687421929948986,10.549294744911052
157.58213000901208,156.5485037804881,8.698210745405355,10.464801930827877
158.9412532869841,156.4361392513096,8.693094925513673,10.388072018512334
157.88225711238283,156.33078766778914,8.7097272811891,10.298580900763662
158.03111113665992,156.22059771523712,8.711101121193844,10.219878917308783
158.03920170031168,156.1022299435274,8.694919993890345,10.158725593325453
158.0439126754925,155.83699403594824,8.685498043528712,10.095829411175625
158.05126945530264,156.3106654260295,8.670784483908369,10.035167796699712
158.19805911879794,155.92079632115298,8.671591119750142,9.931748117955697
157.9115695909689,155.66802984401477,8.658974393432334,9.851685290256228
158.64832926263693,155.41635575699536,8.64223070661936,9.772323201685792
158.36986165981924,155.7458611803757,8.619453070955812,9.693025196224097
158.23438554625378,155.20597172103083,8.602143734572506,9.619757860856911
158.10603556963247,155.23791018423066,8.571996498151572,9.555880934457276
158.26088933709238,155.27024957876986,8.547662210534467,9.491202145378834
158.28588529747955,155.28967503356577,8.497670289760093,9.452351235787027
158.30829487080467,155.30908979144627,8.452851143109834,9.41352172002606
158.33683767584768,155.32873007832438,8.395765533023825,9.374241146269794
158.3616953291631,155.3471404350179,8.346050226392979,9.33742043288276
157.83337618912435,155.50248148020574,8.289206804223038,9.305108768068939
158.12673376197608,155.6575365789697,8.256412342826973,9.271958912694705
158.8421534054565,155.94786017168983,8.205180532883158,9.243154718061234
158.178149603009,155.27405047031522,8.159911357436277,9.21749734046859
158.48348645582902,155.4214096179491,8.096304148578334,9.196312293591843
157.8362606199687,155.43243099362604,8.02982136423953,9.174269542237997
158.26930974324424,155.8590898872569,7.976065098158493,9.133293735446287
158.28537764174007,155.87907328755472,7.943929301166827,9.093326934850674
158.30159902912555,155.89971195960678,7.911486526395821,9.052049590746563
158.17375583100682,155.78714196604776,7.900181623077548,9.010198278308849
158.19261724331534,155.80342586521746,7.8624587984605,8.977630479969442
158.21596465826957,155.81874848360394,7.815763968552089,8.946985243196508
158.23818748344772,155.69995933679294,7.771318318195758,8.920733551872178
158.52687416883094,155.84495429707547,7.71936716286266,8.893454739023746
158.67972387254102,155.9935252905599,7.675123606476158,8.857768603088548
157.7769291948353,156.026463294156,7.659355504390166,8.791892595896352
157.92245156028426,156.17714523721753,7.627232024590526,8.749449960871544
158.0585519758868,155.30239619356826,7.61278027393614,8.694704484315217
158.32364557128972,155.4573711129438,7.595931971995968,8.641424089996917
158.4390707988419,154.59856062965162,7.620655362990006,8.57002813389246
158.0446345590738,155.39734107986033,7.644942482354319,8.501637953818664
158.66863023924103,155.30272558648682,7.6678879474188495,8.43668157548587
158.53301638197973,155.33452336057977,7.685572648977676,8.37308602729995
158.40055675376004,155.36296276088632,7.697657590883405,8.316207226686885
158.14214814390849,155.39038565453038,7.7101951874066526,8.261361439398751
158.90177309408003,155.40868734073834,7.699844081603693,8.224758066982794
157.91502726468454,155.550410041472,7.66735914890146,8.192059739452167
157.79360874171394,155.69376876374574,7.660475741153523,8.155062748593862
158.05860259542126,155.8338306310891,7.628554333496892,8.123972163786085
158.069969736689,155.8530982517083,7.605820050961401,8.085436922547716
158.0873244051205,155.86845227810284,7.571110714098373,8.054728869758637
157.73462250129995,155.2714759058664,7.538374278580404,8.01844787563306
157.38367693202426,155.9015209756258,7.5053849353175295,7.983158539138041
158.01067560495696,155.42670706841008,7.470812875700948,7.957246124570442
157.4027685432009,155.57441742311602,7.471970166211716,7.904756781758807
157.6450174104385,154.75158139940558,7.47173083314696,7.855524424242955
157.5255506482776,155.01399304162965,7.469309177325021,7.8134115000822675
157.4066826415653,155.15560728585857,7.466387676098532,7.770840526275574
157.2886063965177,155.29304751664822,7.462595791707729,7.735904439182265
