157.5,174.60000610351562,6.699999809265137,9.699999809265137
157.87666329691106,174.11880376237457,6.746969371658445,9.662404491547266
157.72581976207852,174.13285374122407,6.791262774332166,9.634304533848258
157.57334902870835,174.14447151159743,6.838504394963044,9.6110689931015
157.4213410485237,174.1574784025669,6.884393503966574,9.585055211162569
157.2717170352409,174.15889452050675,6.925153364790138,9.582222975282866
157.1211415084994,174.1583912006751,6.967189010452996,9.583229614946138
156.97348116853306,174.15794292756524,7.002688436393156,9.584126161165885
157.8684736694526,174.15656452173425,7.035626797799859,9.586882972827881
157.71807409826727,174.02836234959716,7.0754260818411385,9.582287458772683
157.56458030645993,173.89600153037583,7.120831167638101,9.58542659939758
157.2794340186091,173.76298889620992,7.16637580602937,9.589077899074184
157.26274173995998,173.7679521843332,7.199760363327589,9.579151322827633
157.24749431727943,173.77246349246911,7.230255208688665,9.57012870655578
157.2346024287191,173.77507055937656,7.256038985809332,9.564914572740905
157.2205420348488,173.7729497016216,7.284159773549937,9.569156288250833
157.2071590322543,173.77595089421305,7.310925778738906,9.563153903067914
157.1934067866196,173.77989566463395,7.338430270008339,9.555264362226108
157.17936530968538,173.65437907235648,7.366513223876778,9.540828364421635
157.1652798065298,173.52643645646984,7.394684230187943,9.531007253357783
157.15450493556224,173.4006108744462,7.416233972123034,9.51664341557824
157.1441581167827,173.4060189877344,7.436927609682136,9.505827189001844
157.13445246075625,173.4107017365677,7.4563389217350515,9.496461691335238
157.1237798401086,173.41477211475646,7.477684163030323,9.488320934957688
157.11303724225832,173.29021078426786,7.499169358730887,9.47073188092346
157.10394387398378,173.16160178250036,7.51735609527997,9.461158624040115
157.2276853401457,174.10454703578804,7.536812920720426,9.443846421814955
157.21549971058963,173.97897629227643,7.5611841798326065,9.427997881401328
157.20192166355113,173.7130440593254,7.5883402739095605,9.425578208282168
157.19539890996364,173.446655342317,7.60138578108454,9.423265839122454
157.1843237023178,173.05512641386392,7.623536196376198,9.403161652049485
157.1761237271296,173.3300649164216,7.63993614675261,9.388825787423025
157.17273122075724,172.93567872680282,7.646721159497359,9.374151145396425
157.164932876779,173.47179272732066,7.66231784745382,9.372722754022423
157.1565975692745,173.07194477224544,7.678988462462818,9.368628409647103
157.1490427496189,173.60944792472122,7.694098101774027,9.366168299964157
157.13800287285346,173.07648966513767,7.7161778553049185,9.358713529792432
157.13499951835544,173.60796394935366,7.722184564300961,9.370103814003837
157.12623981981187,173.2019952609553,7.739703961388088,9.375470322301819
156.9828167234598,173.33398107621355,7.757327775914467,9.380721069963124
156.56096707122055,172.40214224712787,7.792264112097706,9.357285135445508
156.0062033906053,172.41255913939517,7.8226300558300315,9.336451350910917
156.26054180587042,172.416452816091,7.853870677072311,9.328663997519223
155.57113568709255,172.42280903765757,7.880973897461083,9.315951554386114
155.82709434174137,172.4267466928196,7.91022041257871,9.308076244062095
155.68368555277075,172.7187917474984,7.92610719823326,9.265847719277913
155.80877057006208,172.72714989774835,7.946471013901616,9.249131418778024
155.80225602295684,173.14521062099692,7.9595001081120715,9.224817651984308
155.92665847272573,173.01573361082995,7.981130922138494,9.213335958754016
155.7821466197745,172.21102554549054,7.99954950338975,9.199121341525345
155.63365218049262,172.33900391606062,8.0258579220285,9.213845060310206
155.49078580050877,172.46307221705436,8.040260494182839,9.237038646136039
155.3474252647209,172.58751992151016,8.055061351516565,9.26006345146651
156.2933471046664,172.7112376549176,8.070815698722832,9.28514198852269
156.14749314100266,172.83828673394606,8.089368756011183,9.304198700504843
156.00305836608237,172.96697262158847,8.104490932563262,9.320574298508564
155.86042141189742,171.9947290788721,8.115521481931808,9.345357870932183
155.58328309687113,171.98576359520996,8.120190293572271,9.363288838256432
155.29392552309864,171.9862560148722,8.148592767275533,9.362303998931992
155.96856886259647,171.986282361046,8.177288611734076,9.362251306584378
155.4061697511449,171.98981869291447,8.1978644645658,9.355178642847441
154.9862299194515,171.98978989439757,8.208917240428814,9.35523623988123
155.25809333158784,171.98769004746933,8.218097478215284,9.359435933737714
155.53796997893656,171.97985799856798,8.211675438456417,9.375100031540418
154.98211564088479,171.97104917860574,8.216161923762211,9.392717671464904
155.25572005127708,171.81781017463302,8.223253898289343,9.422045281754503
155.67376957350385,171.6712648083929,8.220309929231146,9.437417655769664
155.2563447683551,172.3625808178107,8.22143176450809,9.444331928634869
155.6682974372112,172.08472199648534,8.231629358481474,9.443980950161846
155.2477950621635,171.80478540449718,8.238057115979963,9.447469472406894
155.663715440198,171.668995158384,8.241264492014757,9.440700587265352
155.10507770063785,172.36177926831277,8.2453562323055,9.44661204094471
155.1122652266441,171.3952048387122,8.230981180292986,9.43058941290669
155.39470324516714,171.809094941531,8.22205420432411,9.4367327988849
154.83277111096956,171.53913746633873,8.234212029148777,9.42079452748413
155.11163679634618,171.82765556891198,8.232229793911275,9.399507457853403
155.24802287028064,171.00713095733042,8.236970636793648,9.375478736508743
155.53379174436725,171.15586887620455,8.219865880932158,9.355219394916338
154.69979371404284,171.30405914212722,8.228090456906296,9.335467443850122
154.83694050559427,171.44589147187037,8.230250862126239,9.32825677268662
155.10177382867906,172.26017431356263,8.253337686231378,9.357951500126276
155.36950582704992,172.11551909507887,8.27228712630688,9.37005521868521
154.66392926411967,171.96899385345054,8.294951912974494,9.385408034103234
154.92952490683078,171.82340579939154,8.320357511290057,9.398285700352332
154.78940645539097,171.83241208111514,8.321689780563085,9.380273136905137
155.7616979697619,171.84055948732978,8.327631749458048,9.363978324475848
155.61921132025537,171.84782137165584,8.334116544493224,9.34945455582374
154.63176628759285,171.01072606189834,8.360440047422887,9.353445264714113
155.3348627429339,171.71381750842903,8.348493255442095,9.341508490354027
155.19820632730983,171.57809097290013,8.3433331323509,9.3344886070725
155.19505526520874,171.71689078522445,8.349635256553062,9.33517046106035
155.1851740887867,171.7232971951756,8.369397609397112,9.322357641158044
154.78216482255803,171.58229184417098,8.339888375061651,9.325859087569643
154.78193533088353,171.57533913299056,8.340347358410696,9.339764509930514
154.78153623116518,171.56870831069403,8.341145557847387,9.353026154523548
155.4921922144675,170.73349956362986,8.312505788308542,9.352237012172857
154.52749322108056,171.69818291741146,8.295452750724444,9.36932132896767
154.51850427412205,171.55836013602925,8.313430644641448,9.370910010940616
154.51449177540422,171.41277295033322,8.321455642077126,9.383715334136502
154.79886800904512,170.4411144716799,8.310095383130422,9.376159562270303
154.65589091752534,171.13845455700422,8.317652388158598,9.373465281678582
154.93703204332363,171.1452087298598,8.312322561738496,9.359956935967409
154.9346178551904,170.8577357369235,8.317150938004925,9.378540255359988
154.10692193034515,170.86261332420082,8.301261059476776,9.368785080805363
155.07770378239567,170.58319475033238,8.306687561230525,9.371339312583785
154.93665086396382,170.86321657531093,8.310525519660978,9.36783141949315
154.79117657868406,170.3114416556208,8.32319927507339,9.358281998284935
154.65012313228084,170.45365665029018,8.32697694948512,9.352181227340871
154.50808056478257,170.73266364253215,8.332767198843376,9.350757014133439
154.3717139953232,170.87298490862412,8.32713502515531,9.348479794556306
154.25108463992862,169.89143477076303,8.290153794649987,9.363900481216925
155.101699748934,169.8841077590446,8.25625167323773,9.378554504653767
154.97676604731157,169.87747546757907,8.228546229102939,9.391819087584834
154.84472527176428,169.8747250820084,8.215292930020437,9.3973198587262
154.70626700777805,169.8763939018266,8.215001680132193,9.39398221908983
154.56111293639236,169.8786793496106,8.228158420612854,9.389411323521816
154.41699896224108,169.87924370951902,8.239095042579617,9.388282603704944
154.27085641558716,169.88660100061293,8.25393115579464,9.373568021517151
155.09849024100313,169.89277765918564,8.263413820806381,9.361214704371715
154.96200892606115,169.89647445602978,8.258957883930472,9.353821110683459
154.68537050759372,169.90646769124118,8.257769541629758,9.333834640260664
154.55020164635135,169.91069070265465,8.25120372874367,9.325388617433683
154.13843731768333,169.77908080406905,8.244729973772058,9.311940943835662
154.42326823012837,170.61770561672026,8.227778700800652,9.292822974289326
153.73824828921627,170.49014202348465,8.218881019509622,9.272162648137513
154.02121201442722,170.3652899617253,8.20360281352664,9.24654214943677
154.30699847413425,170.0914258243266,8.181395298183118,9.244905020163644
154.71927446183568,169.95614460418918,8.179749715459428,9.241165329545401
154.1750178273814,169.81787888117472,8.171391836511221,9.243478988610153
154.45783065104396,170.22683585382447,8.154006155997413,9.247924993527576
153.7802500052215,169.9485480733289,8.139613644850073,9.256679033401788
154.06228596621298,169.53826535843513,8.123173978726484,9.255796079400346
154.2073103704466,169.80988949285154,8.106664393922179,9.259626257893517
154.4880956365723,170.08072854557204,8.091762200487901,9.264616491269559
153.8146537010711,169.53509039485974,8.072782375862024,9.263201836191554
154.0949882371313,169.81133403508727,8.057806636070623,9.256407888065482
154.37424801423998,170.08732274550803,8.044289902485254,9.249433287855977
154.65298845624548,169.54892797626306,8.031162473159329,9.237515916975791
154.2557397766748,169.68447227846906,8.010314587647459,9.238209060781543
154.53758816664725,169.82244662087163,7.989534144961572,9.233718544605864
154.00455086999315,169.84376899553737,7.971387368261599,9.191073795274324
155.09507871047512,169.44031397576921,7.951166054961819,9.187670946936612
154.02544553342912,169.03750043148318,7.932614178593868,9.184116199086187
154.97806933538115,169.43937556195704,7.912988928463582,9.188489804041522
154.9852543854097,168.9013019509564,7.898618828406468,9.188127856811665
154.98975057255015,169.17915107665118,7.889626454125546,9.170211580472314
154.85627688439905,169.45854692306816,7.88810425532936,9.148359037835041
154.7317590416566,168.7905883967182,7.86903275893839,9.143740181155506
154.60422108920346,169.06283138702045,7.856379056309131,9.134713415621956
154.48023746199112,169.19432218673853,7.8369594415898955,9.139118685329734
154.35694278097202,169.3330263054337,7.8164056827033885,9.128853568864173
154.2289515615352,169.4704082648862,7.805733822612187,9.120743948923925
154.10630174445367,168.67735640815224,7.78467593495629,9.108702531478183
155.04073142763247,168.8230856248209,7.776648294020453,9.08307720177255
154.91370665781253,168.96751205495136,7.765389697457974,9.059532477713942
154.78178951593503,169.1107169886082,7.764460600448526,9.037885991164718
154.6531899992474,169.11738687312416,7.757245801138029,9.024546222132788
154.26990928491085,169.11473428545796,7.731532032407914,9.029851397465245
154.01497951187892,169.1177065180244,7.713870069698794,9.023906932332373
154.54854219663773,169.1260407385713,7.7002851915901145,9.007238491238503
154.29266338348285,169.12768398312818,7.686224261434159,9.003952002124787
154.29241034003434,168.48075396819544,7.686730348331181,8.984649316303939
154.28856640419517,168.62264086717295,7.6944182200095295,8.963217943476314
154.2848848072036,168.7575980632507,7.70178141399264,8.955438218072558
154.27892100763245,168.90003796037269,7.713709013134946,8.932691043563844
154.27310867316478,168.91021584943388,7.725333682070321,8.912335265441477
154.26985935627312,168.91449612161117,7.731832315853613,8.90377472108693
154.2702299307789,168.91649929792416,7.731091166842072,8.8997683684609
154.2689568865176,168.92026999265303,7.733637255364668,8.892226979003192
154.2672379816538,168.92467522507727,7.737075065092247,8.883416514154701
154.2638510630469,168.93097144311525,7.743848902306089,8.870824078078716
154.26530360181073,168.80007586479323,7.740943824778424,8.871117362689086
154.26668025149976,168.6692801017572,7.738190525400324,8.87125302695916
154.27096304138885,168.4009049638567,7.729624945622151,8.88517562283224
154.27511281159704,168.1314346731053,7.721325405205817,8.901131903974095
154.2793295636822,167.86171713442536,7.712891901035434,8.91735480272515
154.14929826621992,168.2518123745242,7.711232624829343,8.922329935919475
154.0196671883033,167.73192922900347,7.708722554876786,8.915007323817806
153.88690446202915,167.9955024985725,7.7126293512747095,8.911098096980409
153.75542635410144,168.2580479880165,7.71396472213467,8.909248808083309
153.6216825796704,167.47489929231418,7.719838621134616,8.905864300314944
154.4055012683532,167.60344333153827,7.722134185653231,8.910431712180758
154.27577135364726,167.7278386240431,7.719831016406418,8.923404125829746
154.0150567552078,167.85710909104554,7.717406610877135,8.926789993028954
153.7551033423762,167.98272630817394,7.713432850508043,8.937495851788277
153.49560741531636,168.1139758325417,7.708340395888061,8.93703895742263
154.02165346528705,167.201908042317,7.704061729537127,8.927501029088857
153.62731895199067,167.20923425838586,7.707519296496869,8.912848596951115
154.02032978628608,167.21383561736332,7.706195477010582,8.903645878996217
153.49773883838256,167.21884553465654,7.705768119242029,8.893626044409775
153.89744266788202,167.08634041229206,7.690081656670926,8.89739589032945
153.24251845014908,166.96044745645224,7.694694685815136,8.888134720744757
153.50040648586082,167.87960853669827,7.700874194850639,8.876657091859235
153.76699969368127,167.74414776171326,7.689486323033349,8.886679369917413
153.11172071776028,167.62027878387363,7.695685696625971,8.873545609946785
153.37325980507927,167.36472249634545,7.694143322192784,8.863122384798345
153.50239248768122,166.7304898701021,7.696459782691146,8.828678508773583
153.77016470523006,167.2558658543306,7.68108664550555,8.818269136140723
153.26569081348805,166.99152212924662,7.65132226268949,8.827600503158664
153.53156753328102,167.643738436768,7.63825934169302,8.819894184589474
153.79572684506206,167.39719834173633,7.627973646589397,8.794941446194342
153.02575568028155,166.89176912034054,7.617124169162627,8.771938684327456
153.2888057647865,167.28756559441553,7.606894497916161,8.75415148282258
153.42121339113723,166.5238854850932,7.599575103512466,8.73653655168092
153.548875451364,166.6664682588217,7.60135676844448,8.708476789609472
153.6784953401186,166.80976957611432,7.598816784092757,8.678573948181667
153.80769166948508,166.95162567732078,7.59661995349561,8.651057573904588
152.91245286215286,166.96951023009865,7.596958196083336,8.61528846834885
152.91134333404105,166.995424091613,7.599177252306967,8.56346074532017
153.6753874838233,166.4958815367392,7.597587702347292,8.544880021997857
153.41916915401148,166.63509710355893,7.601819087791709,8.520551525448068
153.16474272445828,166.7722286288521,7.603086906123778,8.500080995248858
153.92614844966093,165.89355163304953,7.601244372569293,8.482971250528113
153.6734158155178,165.90329995368222,7.600310506312915,8.463474609262722
153.2953208058857,165.91202289927074,7.597855495937457,8.446028718085703
153.0464835892178,165.92339595325652,7.590387305267244,8.423282610114168
153.6797721098567,165.9300480134748,7.584302703416985,8.409978489677572
153.04835672043615,165.93999586609795,7.588160859949658,8.39008278443129
153.556722253846,165.9413323523774,7.577616373182648,8.38740981187238
153.06017997359064,165.9440082938611,7.565353471091484,8.382057928905
153.44152406117914,165.94685975138435,7.555839266298229,8.376355013858484
152.81829276561155,165.82621777952497,7.548214354733401,8.366821457037265
152.94435597609368,165.70823125630992,7.546635519569581,8.352246917666884
153.073777206166,166.34082331647616,7.5380887914215515,8.338541457317582
153.2001362962263,166.22099487585535,7.535316830049631,8.328252119810525
153.3278874826814,166.09979711476709,7.529556407528227,8.32090569159831
152.83418606900506,165.9728881090683,7.518816071290171,8.325187912098206
153.58555001643666,165.84505023098072,7.512674617817713,8.331432594708243
153.45843616359699,165.72216012366817,7.517472125449768,8.327782611286075
153.33789898872527,166.46495138783746,7.509096489660891,8.338899996141524
153.3402312855881,166.3335788141278,7.504431895935202,8.3521559392278
153.34761438184685,166.19922914221522,7.489665703417717,8.371234468869227
153.3543930581441,166.06545497172584,7.476108350823191,8.38910132714312
153.2345236386502,165.80900792368124,7.466104814482198,8.402510672574715
154.10535165092185,165.31219211140387,7.472983400885226,8.396979662302943
153.97983703189894,165.81251673946196,7.4741978843975,8.395589424321058
153.84944351312606,165.32030011727213,7.485172339887684,8.380772340478488
153.7209192956084,165.44266469728086,7.492462915494096,8.38580103988987
153.593804531113,165.56544392042792,7.496740001622549,8.3901950364582
153.46573889600845,165.56119621759592,7.502782248346917,8.398690442122168
153.33588236076753,165.56871386955444,7.512177809075263,8.383655138205134
153.33129650660436,165.5725239647067,7.5213495174015765,8.376034947900612
153.20162606549152,165.57572389708653,7.530428357758256,8.369635083140961
154.076354965939,165.57548676112233,7.5331230073810325,8.370109355069374
153.95393739396965,165.57032610591233,7.527600275886549,8.380430665489367
153.95246417237647,165.57141229643986,7.530546719072902,8.378258284434308
153.82434813752232,165.4520207256359,7.536335361383356,8.366597998644393
153.70414409895807,165.1973552284392,7.526388885319051,8.375219886652195
153.58006361349302,164.94643102283544,7.524220030781015,8.376408646923418
153.46195692808146,164.56506860640454,7.510119723514768,8.388192445517197
153.3473818599346,165.0517476956904,7.488998222697133,8.415920815391024
153.2320212952072,164.5407589237119,7.469354547581977,8.436439141068384
153.86660292741445,164.79348615669713,7.452037114113804,8.431723007476473
153.62223853884316,164.0422368362609,7.440727934249296,8.434107777327636
153.37270571410562,164.1717529094977,7.440043548379024,8.42495064852673
153.00204612709433,164.2958254739409,7.432196608456897,8.4265275576219
153.6344701635813,164.4134606365063,7.415453202273234,8.440878165849194
153.26731799512936,164.52647888549834,7.4010312421629,8.464417100203216
153.7694896882851,164.5222347677445,7.395524808594556,8.472905335710884
153.26687793705196,164.52819404010393,7.4017382971955055,8.460986790992015
153.77182877455508,164.53696243479214,7.390506296682373,8.443450001615567
153.15369659727156,164.54865647679114,7.380691800620811,8.420061917617577
153.41065195708416,164.4313683571308,7.364173371183702,8.405942011844248
152.7973456973777,164.32047511109795,7.349722058017629,8.379515737394167
153.42214014289598,163.71027596553455,7.337992061353743,8.362055134148232
153.18062906387172,163.8382005563468,7.326787591506289,8.353319266471773
153.18029981623562,163.7169399246673,7.327446086778459,8.349042040137526
153.2978458463684,163.59524824456366,7.33909676782091,8.345682659036733
153.3013595569069,163.46699528070084,7.33206934674395,8.35531138173333
153.3062490641515,163.4599006187799,7.322290332254736,8.369500705575215
153.29996675128473,163.34386060150132,7.3348549579882905,8.354603531458872
153.30404058380836,163.34206714955502,7.326707292941023,8.358190435351428
153.4274776065403,163.34443544868122,7.326705944797422,8.353453837099051
153.42142264551285,163.35422613686518,7.338815866852327,8.333872460731115
153.4158953290861,163.4840703754635,7.349870499705798,8.320873579410268
153.4111696833767,163.61296232144315,7.35932179112459,8.309754593209052
153.40367992938374,163.62080828128677,7.3743012991105115,8.294062673521797
153.39434841787332,163.62201325986803,7.392964322131377,8.291652716359316
153.3891572640367,163.62629701425539,7.403346629804599,8.283085207584561
153.387173639998,163.6248412243751,7.407313877882042,8.285996787345146
153.39056327991747,163.61487701453845,7.400534598043044,8.30592520701844
153.02944837444662,163.85318075041758,7.381035215095903,8.323803864519462
153.5352063338281,162.978963628503,7.358354769187997,8.341776030852172
153.05425453782672,163.09007981564199,7.331758896877007,8.366668522652617
153.5577082110308,163.20624443034404,7.3131915111283075,8.381424283413384
153.56351101825223,163.93370855234596,7.301585896685454,8.408592859980963
153.2010127111987,163.0618708993378,7.28483014064139,8.42151263564462
153.8213430123998,163.0598915405965,7.28007950383895,8.425471353127174
153.45390720740204,162.93293887701532,7.273450050873825,8.432209659302677
153.08600585190183,162.81762184403388,7.267758142282652,8.415678852068393
153.2172972853754,163.30653019886702,7.251993086025588,8.425133385162244
153.3448177236331,162.6865628603441,7.243663220079789,8.431513009360291
153.47306219256473,163.0516071495417,7.2338501944025815,8.44145216752319
153.47422944164552,163.292719817799,7.231515696240967,8.452570738495842
153.4760302202539,162.42530344811234,7.227914139024205,8.459759486785043
153.47272643558594,162.4155809162743,7.234521708360152,8.479204550461114
152.86077726991414,162.66102675221163,7.222089526288478,8.482845083952627
153.11438365296092,162.7820292695613,7.209121742733233,8.487962540522476
153.11495581906385,162.6558223013859,7.2079774105273895,8.493383477062991
153.11503412389214,162.52665052931047,7.207820800870829,8.504668729760466
153.24013017370785,162.53486386749853,7.204858689107507,8.488242053384347
153.24256590538445,162.2908720717564,7.1999872257542705,8.482368137739302
153.1202035978019,161.9241799559405,7.197952124539013,8.475473220229922
152.99920962846213,162.5391708591547,7.19331953102482,8.478594074770118
152.87706963052813,162.1680780312065,7.191005319374297,8.480997108111
153.74343015866611,162.77427575610852,7.184442825103936,8.501572059739555
153.62221057246467,162.02690916695016,7.180075948111071,8.515468941682045
153.37029240731403,162.14392249681117,7.190011919873699,8.528392461229371
153.49518523335718,161.89576282842472,7.1875357634603505,8.53009280665634
152.63309420163108,161.52743632851602,7.1806467824988855,8.524858216010772
152.7559839059311,161.90535700755754,7.18197158286667,8.51032948483101
153.615865436222,161.90932865948602,7.190518336750943,8.502386180974048
153.37615684605038,161.90845423567148,7.1761027573356895,8.504135028603143
152.88520497638208,161.90606376999045,7.171161027491948,8.508915959965202
153.38891426680797,161.9002774829231,7.150564750479603,8.520488534099915
152.65616090224063,161.64686910776203,7.136757143889275,8.534200505847032
152.90898523012814,161.39250293097226,7.124191100178277,8.549850247362558
153.03185047348902,160.76904305152956,7.125040515824521,8.563870494407745
152.1620396192009,161.13880887401976,7.136995206962448,8.564767571186604
152.28117328063485,161.3885278599077,7.145744039046628,8.559361909314896
153.27289860385474,161.39760911672172,7.138884624605068,8.541199395686832
152.5380131011469,160.7790300585303,7.1285548853136,8.544940224813647
152.9092787001756,161.01969691907607,7.125747502075921,8.556755713602001
153.15709453684346,161.1420188872363,7.123538584831317,8.558823155327099
152.2970740941958,161.1413000819847,7.116626217098608,8.560260765830295
152.29588964910553,161.13996443399571,7.118995107279162,8.562932061808267
152.29564131934154,161.13545489426474,7.119491766807101,8.57195114127023
152.29885015161173,161.1291675352286,7.113074102266734,8.584525859342506
152.29960661657987,161.1301198641154,7.111561172330455,8.58262120156895
152.2996974853125,161.13135339349873,7.111379434865256,8.580154142802268
152.42121269344784,161.12750903038534,7.115189001915376,8.587842869029048
152.4183291814959,161.00350654941644,7.1209560258192806,8.5888280056104
153.27503030812926,160.14668368370323,7.137450049082188,8.572577460507185
153.0266932721762,160.14449165966982,7.139836517676892,8.576961508574026
152.77818152556398,160.14222248382544,7.142360379018003,8.581499860262774
152.2785571373265,160.1397428768576,7.152167467047336,8.586459074198464
152.89332843346403,160.13763193949217,7.16059962509253,8.590680948929334
152.65037730548406,160.13151607173484,7.150909997197,8.60291268444399
152.4085163206534,160.12554668942258,7.138975739544703,8.614851449068533
153.1484267127421,160.00043816536842,7.146071603262766,8.61724905586089
152.77705040924832,159.87374873867861,7.144911690426097,8.622657069299114
152.4041082436481,159.74862863721472,7.1466898473779175,8.624861880810686
152.90011572218947,159.49706566937428,7.147066997135328,8.631791763071488
152.39897457573753,159.99612159875613,7.156506090977446,8.626523103369506
152.7704727802362,159.49704927073358,7.158355606335186,8.631539860274515
152.02475287281416,159.7411743244195,7.159461066903735,8.640067870994537
152.2740124761286,158.99444120724166,7.1580182559909185,8.64230491820214
152.39706204665143,159.11914769898047,7.160468473430586,8.64144129320983
152.5186903183873,159.24320500870735,7.165787527218076,8.641902271015342
151.6493112237152,159.23953872723177,7.163866130115333,8.649234833966487
151.78142762714828,159.23495145479694,7.148383728480626,8.658409378836128
151.9108852431356,159.23453533595745,7.138110247445652,8.659241616515125
152.0399154379329,159.2335914389878,7.128538558197905,8.661129410454464
152.29049201176608,159.23277300281518,7.124111781995099,8.662766282799693
152.5428223948027,159.23313832752774,7.116084762930347,8.662035633374543
151.80379248182004,159.23474814939348,7.105088696765804,8.65881598964305
151.93502144498083,159.23031302681105,7.090579599981284,8.667686234807961
152.0594285129146,159.11038986745677,7.089616229807191,8.65968178782309
152.1877255895196,158.985910771745,7.080734212746051,8.660927843097728
152.31009387982093,158.62038562604192,7.083585372313487,8.649214913993665
152.3077595604197,158.9898699331423,7.088254011115993,8.652607544559972
152.3015176427688,158.25604970088352,7.1007378464177435,8.634759880161846
152.2995577166754,158.6266590134011,7.104657698604593,8.63606690956925
152.29937690690548,158.99751008304082,7.105019318144417,8.63714066630514
152.29166512159924,158.26304850162907,7.120442888756879,8.620377889046846
152.29353031915292,158.51060813818796,7.116712493649522,8.62046947008635
152.29277767737992,158.63358364760535,7.118217777195545,8.622065071372957
152.29609039122394,158.63575272650337,7.1115923495074576,8.617726913576924
152.302748438088,158.63235055361147,7.0982762557793295,8.624531259360708
152.30470848761067,158.6331016000409,7.094356156733999,8.623029166501837
152.29624354426832,158.64415643814877,7.111286043418695,8.600919490286117
152.29317429802938,158.64609645204894,7.117424535896596,8.597039462485755
152.29488383759056,158.5189618579656,7.114005456774263,8.604111170883254
152.29100515706165,158.5183174987247,7.121762817832091,8.60539988936502
152.28502393361242,158.3905029047686,7.1337252647304865,8.61363288950294
152.28485900795627,158.2612962344077,7.134055116042828,8.624330266850695
152.27754037253453,158.13603003836408,7.148692386886304,8.626976697450472
152.2763715472358,157.89300586151515,7.151030037483757,8.616699257561216
152.2712205442683,157.03122600282262,7.161332043418795,8.603962421736009
152.39548810004132,157.01952422987827,7.160809286575184,8.627365967624709
152.53839012807248,156.77105317209453,7.1233696019339545,8.62757934034993
151.68698407793715,156.40188533819884,7.091837200910745,8.622624507586783
151.7001932453634,156.9018169584537,7.0654188660582244,8.611473763781198
152.56618696006487,156.89869771325485,7.059490559366852,8.617712254178908
152.3232359435568,156.896545654871,7.052232558151357,8.622016370946595
152.08047776229907,156.8953295019918,7.044691132770622,8.624448676704993
151.716637205751,156.64696396306792,7.033039097090424,8.628290988701924
152.2039020987962,156.4018398838442,7.043769499685828,8.625909052806492
151.4626490810067,156.15543662747086,7.047563952294041,8.625811704562837
151.82866994895872,156.77339640924458,7.055057537396739,8.622451009360002
152.31990648844828,156.1540299282641,7.058909393373276,8.628277802626467
151.7068289891533,156.52096795192395,7.051399063216129,8.634600952555061
152.19927202667833,155.77953014537027,7.053348454990779,8.63722336542535
151.46017053416688,155.9020853155184,7.0508673137996025,8.638893712831482
151.70212451714008,156.02154497465784,7.060491845372375,8.646740643312247
151.94811962525287,156.0173744179647,7.06258653028426,8.655081756698502
151.94650894255577,155.7707609330922,7.065807895678442,8.653899699109187
151.94195340547986,155.52269266633328,7.074918969830277,8.655559380385641
151.93840447421246,155.89748151620287,7.082016832365052,8.648215339018389
151.93403314586962,155.1564210697358,7.0907594890507735,8.645858039530525
151.92791339456474,155.5281032360226,7.102998991660534,8.645047865739333
151.92753692278833,155.64757524107603,7.10375193521333,8.653807176152526
151.79781181397405,155.6505271734605,7.115351949713697,8.647903311383608
151.6750730123988,155.53345307105582,7.112882791681401,8.634104755010165
151.55410761759742,155.53390863746665,7.107118978068143,8.63319362218854
151.43139901863324,155.53508536557544,7.104948664459046,8.630840165970914
152.17548827886253,155.53459853653365,7.1018676871620245,8.631813824054516
152.05722577481322,155.40728365949366,7.0909112153086955,8.638962098182532
151.8134056637586,155.28581111447818,7.083722527194232,8.634492733101611
151.6938424772528,155.0330848366594,7.075619315942783,8.645486120213016
151.22155993947214,154.77836187504892,7.0311136588789545,8.660396677121497
151.23751282182792,154.7662660265727,6.999207894167404,8.68458837407388
151.2530612237888,154.75490014211235,6.96811109024565,8.707320142994599
151.26581967010787,154.74502353124964,6.942594197607477,8.727073364720036
151.2765436288041,154.73346991640244,6.92114628021503,8.7501805944144
151.28488826299707,154.60112087508608,6.9044570118290975,8.768506703793763
151.29328736434917,154.4695959102478,6.887658809124874,8.785175109214759
151.30098329038293,154.34377884182342,6.872266957057403,8.790445609381436
151.30749982686444,154.21830617420449,6.859233884094323,8.795196919613392
151.31344863759963,154.09346935885577,6.8473362626239584,8.798815827643175
151.31964314350571,154.94523219711317,6.834947250811816,8.816705618970518
151.32420959611346,154.57392919472554,6.8258143455963225,8.821346775630811
151.32886585918692,154.32150865690932,6.816501819449389,8.834366854761743
151.33090997695905,153.82938698712167,6.812413583905137,8.834779364508437
151.33340388529646,154.4412212073238,6.80742576723031,8.840597968568549
151.3332434300071,153.70808352135035,6.807746677809044,8.831443372253624
151.20755241556262,153.83640744256704,6.813358271056215,8.820565965462022
150.95498207892692,153.84698282193463,6.827107501228099,8.799415206726849
151.6824209611681,153.97753797352107,6.845808450033711,8.783901355768636
151.42638881490413,153.98890551176427,6.866545488921027,8.76116627928222
151.30447969426538,153.99662688162783,6.864710602260026,8.74572353955509
151.05160422761728,154.00589451386367,6.8796874790054385,8.727188275083467
151.90152340377227,154.01560409745505,6.897275865188368,8.707769107900694
151.66344432440926,153.77328127462903,6.882764221477964,8.701744951116265
151.40981218836853,153.66576780710935,6.900014375775836,8.671764827263788
151.16176109016348,153.55747046087623,6.906461134253858,8.643531800763972
150.91708708500224,153.44965547567756,6.906810145108221,8.614662271427271
151.65064474775332,153.34075257512887,6.904069456479841,8.58840563304568
151.41107065162916,153.21688416316013,6.895987157277492,8.59252721125782
151.17133903884144,152.97766077876122,6.888355326722802,8.58387892392557
150.93945100931856,153.21973489700497,6.865548982157914,8.586313091048728
151.43425660771385,152.36694566196496,6.847773364481383,8.591179297679174
150.9571354087707,152.48765314373088,6.831034704882783,8.592509598518573
151.2059244028017,152.48548528456314,6.81844497512455,8.59684531685407
150.36208796772104,152.49114238993855,6.809623964966837,8.58553110610327
150.60690444660872,152.49945388355536,6.804070575113824,8.568908118869622
150.73183087000567,152.5082116600695,6.795912722000081,8.551392565841349
150.8504938188921,152.40446656934304,6.799881075709312,8.517588495812179
150.9699627105276,152.29982077657763,6.801783805256178,8.486039568525145
151.0886498855385,152.19491891947638,6.80479703785632,8.455455700105691
151.20608490168445,152.9341135013865,6.809894218238726,8.416869812331603
150.3698453751568,152.70861734198326,6.8061709112636475,8.388947171129342
151.20912711508552,152.83090744394568,6.8003864799236755,8.383335402707031
151.09266846921108,151.9952148907875,6.79451511892757,8.383199939808268
150.97355465558624,152.12254392841703,6.794051180609831,8.367233430116638
150.73696503045247,152.12635705780167,6.790352759277034,8.359607171347374
150.38158733097177,152.13337921310088,6.78632257933108,8.345562860748947
151.09125464231633,152.1446931337676,6.794873477132958,8.32293501941554
150.7412677719178,152.15089709731677,6.781532744699568,8.310527092317177
150.3950892663368,151.92028719115817,6.76179443117284,8.297016688175221
150.87909124701594,151.57455841793643,6.741143805585158,8.277959232790803
150.77283549385416,152.51234997467674,6.71744376054809,8.292068530195753
150.66605603007355,152.50643431729736,6.694957819829561,8.303899844954488
150.3178975934003,152.39697299537454,6.683687227198212,8.286960000140859
151.15173117312492,152.39278275295743,6.663959971223937,8.295340484975103
150.45744897100494,152.16206278538394,6.641150025108553,8.286322303336977
150.6915179847543,151.59317250640788,6.642454220524364,8.250497304002694
149.99451885430108,152.071651142032,6.631296659731805,8.230310580553828
150.11433612145538,151.38484320823054,6.62536427028453,8.201713578988494
150.35429943379822,151.74301128617202,6.611771951705448,8.1848788822654
150.82902781053437,152.43673970670875,6.5930698705812505,8.19355404971404
150.14375254595532,151.96667589569404,6.568506658562141,8.203605844292008
150.62032644815062,151.49886809882614,6.544459444442433,8.21012084775686
150.98197029855166,151.73057396954462,6.517127180086371,8.210679397283906
150.30206376736936,151.95788019024155,6.4876384749972775,8.219167545041278
150.30909020355725,151.84007083211083,6.47358560262147,8.223584672881682
150.31611057679777,151.7224175690393,6.459544856140459,8.22785024624762
150.3207107580844,151.60883086671294,6.45034449356715,8.224145559393236
150.31997999397524,151.38085038125118,6.451806021785503,8.218762776799762
150.32724674147025,152.18716746867625,6.437272526795464,8.22042148683245
150.32928855789623,152.0784093448447,6.43318889394352,8.207535320925313
150.33490136571538,151.62007086358327,6.421963278305191,8.2036567053268
150.33928771232652,151.39022502214593,6.4131905850829245,8.2035542455206
150.34015349820112,151.9688278545802,6.4114590133337215,8.195112911883035
150.33191697202466,151.28562517271405,6.427932065686646,8.183944679045434
150.33196406722922,151.62889140988494,6.4278378752775245,8.18648970861772
150.09289771313533,150.94857053058618,6.446510752778186,8.168751975153866
150.1967097567271,150.95666468371917,6.468648435269265,8.152563668887844
150.4161863319816,151.0839010121178,6.489441743032358,8.12796424122665
149.60716029140505,151.3115912131101,6.4986590901882995,8.132250906098385
