149.10000610351562,238.60000610351562,5.300000190734863,5.599999904632568
149.02172237083587,238.70355676882443,5.314754107935656,5.5943596065927315
149.27236998478972,238.104527551857,5.328807756054038,5.5899373298000015
149.86869743358665,238.19238036484683,5.339707991423589,5.5861681513865875
149.86534813958426,238.1930980440105,5.34640657942837,5.584732793059258
149.9476916582272,237.7587541615096,5.353853240404685,5.59275206674996
150.03013677779438,237.32378526015796,5.361340222867963,5.600803761465033
150.37283043034597,236.62990377792218,5.366440482614162,5.60759159623778
149.7641410161067,236.6360285233345,5.3741565143906485,5.595342105413195
150.27868970971986,236.64010368114768,5.381494508191586,5.587191789786824
150.88076466248637,236.63969032134827,5.386437968421394,5.5880185093856225
150.44593276993956,236.55562597962455,5.392007766494069,5.583328395428827
150.1831868595464,236.29719403883803,5.398999464313208,5.581692154034674
150.9597921530899,235.69676047738955,5.402053522672174,5.572131219362523
150.87131626989262,236.2185013665246,5.406188670885763,5.565549150178417
150.87064233680084,235.5334311426185,5.407536537069314,5.5534598675132605
150.9560177977895,235.45220097720428,5.409395907500139,5.543309905933458
151.04158276293595,235.37091410166062,5.410746310245902,5.533403323982217
151.21108084471678,234.94515648424897,5.416442360776508,5.5231880235748365
151.54992265124628,235.2082792085837,5.427861121545472,5.5137693552763976
151.1156806821304,235.29994726528167,5.4348059918313,5.502741055469556
151.80229026584206,234.35648481758287,5.4395388625268,5.494981898453878
151.71794729328406,234.27044658994654,5.43602818369444,5.494861729778191
151.63012630326637,234.01687845061122,5.439530788441925,5.485579882585176
151.6265956039417,234.62419647171748,5.446592187091235,5.475284074437199
151.62301624364636,234.02779118020624,5.453750907681916,5.464109336538284
151.79036907887829,234.2041214619849,5.462914812517665,5.455318348280584
152.13004500129355,234.20948442945314,5.471325644860917,5.4445924133440675
152.47080354360872,234.12850437932337,5.477424930274397,5.434648421092676
151.9541316171283,233.7033198114165,5.47970871486252,5.425800833262508
152.64498635582018,233.01655265796975,5.471917503751288,5.4254168738834405
152.64652713148635,233.01982195429594,5.468835952418967,5.418878281231072
152.6480986141099,233.02305355647448,5.465692987171834,5.412415076873975
152.73676779711357,232.93899215976393,5.459662895912058,5.409229595547496
152.8272983529059,232.33917828122725,5.449764984944008,5.4107149483045225
153.00310955452744,231.73954224422044,5.440204389012804,5.412770696726521
153.08893072753463,231.8291524880928,5.439474899967249,5.40446306595061
153.51665772199814,231.91972277712665,5.4378731815571735,5.394092941986297
153.00336249119627,232.01106488608355,5.4409728710489125,5.381990519424507
153.6025728617871,232.0157393862233,5.435630279064891,5.372641519145015
153.26307367146126,231.7639527451489,5.433795531392312,5.365589955050632
154.02987151744534,231.3423657389912,5.43081377274387,5.358422893299503
154.03120323684013,230.75282542664633,5.428150333954283,5.3481455390141726
154.11473810132563,230.92845761993706,5.430784882570718,5.336289707607604
154.45509271447722,230.93130447313524,5.428310045232644,5.330596001211232
153.7785498730713,230.93626721500752,5.425956973509679,5.320670517466658
154.46157070637932,230.42914368206675,5.413804888202402,5.319500397366721
154.296553931059,229.84044861796698,5.405784841572802,5.313702935120684
154.97607078421473,230.26725768350968,5.397225327598087,5.304131174245723
154.30541335084249,229.8487985466556,5.390350554054094,5.2984309227736155
154.81381337026085,230.10215908070995,5.383504782960482,5.296686988536451
154.22936975795093,229.43046090784745,5.375057757432799,5.294558476950068
154.81986510769426,229.43384238487585,5.370236856564036,5.2877955228932345
154.3184760739934,229.43668747426992,5.3659642782375645,5.282105344105117
154.98985693770427,229.44083290738735,5.36468123655847,5.273814477870275
154.99136581085835,228.85638317569516,5.361663490250303,5.269977076823439
154.99242379514695,228.9423587169187,5.3595475216731066,5.265451848385593
154.99120918800895,228.2745724170304,5.361976735949072,5.262454973530795
155.07194455092974,228.27902427197714,5.367818060156733,5.253551263637332
155.2380960799177,228.11538649933775,5.370041479647738,5.2463003314491425
155.73571293069313,227.700890208623,5.377909654284471,5.239374682722358
156.31624105416637,227.8720868699477,5.387237796016319,5.231376899695379
155.81015154044186,228.04278989753584,5.396110172332859,5.224406394896609
155.63931166638326,227.04451822218348,5.403296390816098,5.213988567797608
156.6396876440313,226.88084989993052,5.408880755541699,5.206935825633259
156.71860055796637,227.55299902961445,5.418225579166354,5.20000277822338
156.7151579022793,227.05373483858253,5.425110890540523,5.195286964760269
157.0538333424177,226.38227574806527,5.416722288524994,5.200280589272027
156.3048626029989,226.46504629170244,5.409969881324798,5.2019277115574525
156.8104570197869,226.46525206219815,5.401431859461907,5.2015161705660535
156.226044538846,226.38386214289142,5.4014798457426165,5.197327869807884
156.8966537161297,226.13272656362523,5.395482425054799,5.198891178135451
156.7344058429485,225.54720005769934,5.386311475504667,5.202110754293299
157.7370430707486,225.7132116225857,5.381923004390745,5.203568621934928
157.7393603411743,225.79587486170652,5.377288463539329,5.204936883602456
157.9084929731821,225.7954114510029,5.3723105840069145,5.20586370500965
157.24082952363503,225.6342887595562,5.37499535332354,5.194948555458711
157.48669725634133,225.30771634953385,5.382609204791997,5.182294286328686
158.0648819998702,224.64717830077495,5.390822411695398,5.172418733605115
157.89258569227425,224.73521548508592,5.402732297097934,5.16268572987788
157.8046491121388,224.74104035487827,5.412231657810389,5.151035990293147
157.79927337501078,224.74755697293966,5.422983132066399,5.1380027541704
157.87796626114732,224.75210990793462,5.431896959705937,5.128896884180424
158.12260180809764,224.59198349772078,5.441509666507331,5.116560504140132
158.36854253770042,224.0153789770647,5.44837560714551,5.106025612483498
159.02944942955497,223.35302977197614,5.456075277311284,5.10121056878574
158.69349211053023,223.44035998126378,5.4630579644198285,5.092783137945738
159.5213387475174,223.36188511945355,5.469446175163252,5.08352471309447
159.60114867872485,223.28388800737838,5.475987046613187,5.0733582033799225
159.76323847679373,222.87349018973615,5.484009788158832,5.063647994455856
158.67897746896983,223.12825453632507,5.493597552144722,5.052334897815324
159.75262468832574,222.22078578469407,5.504840368565206,5.040817800580804
158.83447937552828,222.22643351074024,5.5147662339412165,5.029522348488463
159.16011020689797,222.14836837847326,5.527535870225703,5.019644788266409
159.98616277143853,221.82157151605747,5.535922564608982,5.009041783712228
159.81537131790034,222.49099686199204,5.545484270907367,4.998275894955047
159.81147279223376,221.91465903603014,5.5532813222405295,4.9890386735525185
159.89081856379116,221.91861079546317,5.5605511085445,4.981135154686459
160.13639518714768,221.92216541231096,5.56724217436795,4.974025920990866
160.4656270703182,221.76137820962862,5.572532380847168,4.9637233399454574
160.96267981230358,221.1843986059286,5.573563039064245,4.956690381459644
160.63030139575085,220.52430701915665,5.575281426501689,4.950796663667477
161.29151278416322,220.5294892305832,5.578395145978574,4.940432240814371
161.12271117029977,220.5349126284382,5.58484909029641,4.9295854451043475
160.95407380613446,220.54026571414266,5.591121337993682,4.9188792736954525
160.95056282285537,220.38017687127862,5.598143304551839,4.908202645027442
160.94600628994903,219.72419948840232,5.60725637036453,4.89723697451389
161.10766628975537,219.8933108489793,5.614597557515954,4.889675440124022
161.18541859450062,219.89907645083227,5.624416059581447,4.878144236418026
161.42701458833034,219.82185768297848,5.6370947711257395,4.867291539057677
162.0014705608645,219.74394860043472,5.645369048536074,4.857797386648259
161.74955631661788,219.3355390599017,5.653333824785766,4.848176947308432
161.49605800443103,218.6799902825505,5.664560774128998,4.837222035262913
162.23515476212754,218.68512137318638,5.673653733076242,4.826959853991202
162.31454584679227,218.6894125649356,5.680101110268811,4.818377470492731
162.5606293642415,218.61058781616885,5.683507310776839,4.810835889557464
163.13986836286554,218.53061107971521,5.680885656466866,4.8056670277592755
162.7250200528349,218.1208253004102,5.685588743215086,4.800245053056276
162.30982601430068,217.46487409334236,5.69105668861127,4.792275256516348
162.96749964716795,217.56420447947028,5.695650630644119,4.785769214729731
162.96989730484538,217.4793220034406,5.6908553152892765,4.790627994260466
163.0518981268046,217.23376443694875,5.691764129274692,4.787011753532739
163.13249422035597,217.1544141339757,5.695438188289406,4.780846113361323
163.2963325956512,216.66139140823537,5.697408647808281,4.777949934513964
163.4589300442488,216.9103819996012,5.701828418593368,4.77439075375268
164.03640668961705,216.9128114683677,5.700602023739964,4.769531816219733
163.5424465537838,216.91504380772258,5.7001967072112185,4.765067137509983
164.44750595690405,216.75333303348788,5.7011479991010034,4.7592032135920705
164.36292390406436,216.59335148837002,5.705749220078429,4.750040534423864
164.36043302331436,216.0213007098141,5.710730981578448,4.742739704685018
164.35989549190305,216.10656802803584,5.711806044401042,4.73665011040385
164.44112163296072,216.11030763848873,5.713717124868109,4.729170889498044
164.51959061233418,216.1143695009346,5.721051273098205,4.721047164606344
164.7627558977477,215.87216373266878,5.727482309945658,4.712697093463477
164.10277907068556,215.63002227075157,5.733692030011971,4.704326042026199
164.67448523618998,214.97763490892441,5.739527708288022,4.6956744693549615
164.50822650338003,214.98193411315404,5.743788743201655,4.687076060895697
165.40939786544186,214.9039728636303,5.746047944035723,4.6789438394925496
165.40653116288976,214.9081429594969,5.751781349139878,4.670603647759329
165.48580052231208,214.74809496919084,5.757153746964584,4.662877395032702
165.64640555573237,214.58884999011124,5.7636808951750655,4.653630138140864
164.98818508222803,214.0196067646475,5.769568785433997,4.645382664412319
165.55659383518457,214.27063212370186,5.779182878018123,4.634659774230979
166.125090692608,213.29376255459695,5.788437212412628,4.623402256598319
165.95840545457125,213.29801973811985,5.794389374511862,4.614887889552494
165.95579730340643,213.13779329558088,5.799605676841486,4.608016135278384
165.95337843698903,213.79581980689866,5.804443409676302,4.601009334057256
165.9535792729861,213.1444834428482,5.8040417376821285,4.594952562603282
166.0365860179497,213.14860041086314,5.801514969888547,4.586718626573438
166.28290895047843,213.14917266269143,5.798812151861992,4.585574122916857
166.94068338856607,213.2290526385858,5.789298282614873,4.589068546994071
166.78265943273666,212.0064722454162,5.779015426037943,4.586748571565201
166.54331852454996,212.6594989189862,5.768786626746928,4.584456866196942
167.2791174048239,212.09452114937068,5.762175540270154,4.5749783255949605
167.28374403180584,212.09813835297516,5.752922286306267,4.567743918385989
167.6065629770347,212.02093977539894,5.756332559508979,4.559879032623323
167.84846950596162,211.7013543310336,5.759079424523197,4.550303357529954
167.66720619988376,211.48106699101024,5.7691255900366425,4.539891071784861
166.69060207902743,210.91928333153027,5.777638625507674,4.529052853770515
167.2552278556037,211.00627104420414,5.782471611724756,4.517089505475556
167.73753047644357,211.01202723200157,5.789215344704836,4.505577129880683
167.41076136158227,211.01793788391026,5.795524207916737,4.493755826063319
168.13580856372874,210.86220446029554,5.800832194677052,4.481799919725332
168.13311859171537,210.46402876975722,5.806212138703803,4.470162323146601
168.13043141118163,210.0661101913121,5.81158649977127,4.458547614143787
168.20724110232098,210.555567891696,5.819350233638735,4.447930910252562
168.76748632358365,209.59286606389347,5.828159063310616,4.437392956376597
168.60409213159727,209.43634168334384,5.832365636279649,4.427859906472069
168.43927674698938,209.19989994622765,5.839597515250493,4.417145045337121
169.24224181242542,209.7693169713026,5.845014441272521,4.406253935013041
169.24064640049212,209.291657296677,5.84820526513911,4.395337436283667
169.3205875819113,209.5386093865475,5.849232386399677,4.384161708839532
169.23907274312066,209.22210952028755,5.851519671145898,4.374191870019191
169.15658817582892,208.66394506926264,5.855874670203414,4.366221823387333
169.15527079247664,208.9893327142419,5.858509436907976,4.357646516646196
169.39528463906856,208.2696668533282,5.859830896457468,4.352930780273593
169.797310588732,208.35224173833828,5.857742047126443,4.348173620252604
170.27951360862332,208.27269655072934,5.8550336912461844,4.346981048153463
169.9614466308812,207.9548172021001,5.850278720234597,4.341850818916102
170.68461479506476,207.39651590723113,5.844535605235659,4.337992020478799
171.25053375580012,208.03430395946026,5.832105389687713,4.3417390085037315
170.7769801542825,207.3943081039539,5.82048655546435,4.343429336504971
171.34116061658088,207.79313661786085,5.809595595693816,4.343965140709785
170.8685350287294,207.79415921937144,5.797957191283484,4.341919937688586
171.59121661307418,207.6330600433097,5.786033004703262,4.345576293787784
171.43874480220862,207.39258620134157,5.772678127386098,4.349076229151612
171.3657590660295,206.7542987740114,5.759646528301125,4.353626512266644
171.2928387144657,206.99101724834193,5.746608348381425,4.356826212747704
171.2992231531244,206.27419787600851,5.733839471064013,4.361873027616209
171.3055287506738,206.2715263703144,5.721228275965171,4.3672160390044095
171.3911585700115,206.18985846899335,5.708483640882932,4.372036838053377
171.7145033535385,206.02961036031886,5.6953908174114005,4.3757346836111415
171.8792395866373,205.47401275564792,5.68243763748582,4.379112391000861
172.36017563144367,206.0269778748409,5.6692670785424815,4.380000605062523
171.81355339790403,205.47397189692603,5.656999822157298,4.380500837427829
172.2931030788881,205.6327884684866,5.6444064207237945,4.37836968115152
171.9015125830631,205.712723173489,5.639968038827167,4.376024145856112
172.53484232368493,205.5524128049486,5.632651519343282,4.381809142496945
172.46049300725363,205.39218636114768,5.62394995945049,4.387461644588013
172.8544584057808,204.84029804479812,5.622814742068334,4.389724465746087
173.5649798710665,204.2065704769184,5.618178855258294,4.398151118162155
173.33100100018385,204.28270912286163,5.613802555851038,4.403318506666516
173.17715729382778,204.04628785293463,5.606566511744552,4.403775861292634
173.80942455393583,203.49787046166654,5.600899507715565,4.399101567165087
173.73645762634,204.12408206836707,5.589637602727592,4.404244435200944
173.73910147145003,203.57341954959492,5.58434991250757,4.405820820831692
173.74173781827974,203.88934326078387,5.579077218848132,4.40217981570636
173.8968237721673,203.34001664598566,5.58272880178854,4.402450827798315
174.1297329374974,203.49852142273855,5.587826628348863,4.399385379106191
174.5176704735336,203.8116417298056,5.596953038279942,4.401145950574908
174.99112638459175,203.10816195857868,5.593052725960106,4.393588228334018
175.31129086580802,203.10874269233437,5.580668122166257,4.392426760822634
174.61110030615146,203.10956947308654,5.570050136736473,4.390773199318304
174.77350405374835,202.79440921153582,5.558419207625412,4.394740590254286
175.01400032903135,203.3417131004146,5.546850534350728,4.395455192842917
175.17572155352875,202.7162401689877,5.536026169768921,4.395928718044517
175.4936011651253,202.87325023756839,5.524870556010753,4.394210385600632
174.87541549369755,202.1709361228619,5.513625197211697,4.395269825652223
175.1926839630672,202.24684397136045,5.502275957016606,4.399251053291127
175.50943365949544,202.24549650973017,5.491526518767363,4.401945976551691
174.89264144279124,202.24539913310946,5.480580369695313,4.402140729793139
175.44179328644503,202.01035231464914,5.470087674261841,4.406029655910546
174.9792120549668,201.46694811634666,5.463428721670323,4.405713067709552
175.5265694556477,202.01202615122048,5.455087645140489,4.40193072279386
175.37278373289055,201.39420666671475,5.4526451389727715,4.397513885077326
175.37599532726028,201.85964209828643,5.4462219502333635,4.396030824292188
175.30178520447248,201.00527678900656,5.439866832575549,4.402232447284852
175.14979238339006,201.0024067836461,5.434296087906119,4.407972458005773
175.84815815537797,200.76631251059655,5.430634388354754,4.4158043892967624
175.77191123420351,201.30640848885633,5.428272233588325,4.41960441258468
175.7726467475346,200.68620116766292,5.426801206926149,4.420969722127047
175.7728448175845,200.99647186771492,5.426405066826309,4.41995089493562
176.00698371919404,199.98815567575272,5.422701504583035,4.42342823463167
176.00739988206064,199.75705825902236,5.421869178849791,4.4210508789669625
176.39733109322407,200.37543010009324,5.416037587381928,4.422756526199567
175.85470682481093,199.8361006190798,5.418077301634708,4.418206665652974
176.39565839470657,199.3737161993073,5.419087499140683,4.414764073228864
176.08638175999067,199.91723053622187,5.4189937223154825,4.410367730349498
176.85969406693835,199.30018181817383,5.418261326785352,4.407751391753365
176.78278836273182,199.4559696704803,5.417537081977207,4.405246993582698
176.701684736631,199.22890697416193,5.425260315686448,4.395920330742099
176.77425413971767,198.6922701344864,5.434573257074142,4.3880317771657875
176.92463854346263,199.2365399102813,5.442738536749761,4.380761530655324
177.38492004113246,198.6229044631442,5.449023305826972,4.372235405706991
176.92162092328476,198.70305261671473,5.449024020193358,4.366372018787468
177.53841170798722,198.70579290083387,5.450145747293519,4.360891450549138
177.4647686517653,198.47456255412646,5.443165577052151,4.360553295908334
177.46637566162522,197.93540951639332,5.439951557332286,4.359783076976948
177.46797170357894,197.39648599236685,5.436759473424869,4.358986266128727
177.85346894718563,197.7824884332013,5.4359155223812206,4.357131920629585
178.39473969886436,197.7042232462448,5.431283797775605,4.3596751832923495
177.70475957575832,197.3974543581614,5.425628534627409,4.357383844187829
178.24340661188845,196.85839058875285,5.425168249078184,4.358677596293967
179.01398800818333,196.24426353550186,5.422478433081053,4.3561533215218375
178.8632695409843,196.24402819318968,5.416385097720939,4.356624006146215
178.86762976000762,196.16743579961962,5.407664659674283,4.356129520918868
178.94602291031026,195.63032212846804,5.404415807181776,4.355594726433065
179.2568327542048,195.93893063678172,5.396711831047185,4.352293421460199
179.7970428082083,195.32408449216695,5.389442325597226,4.355527879196
179.49390228283127,195.32112965796495,5.382731337886964,4.361437547600029
179.26791684183448,195.2437210157824,5.374980360196752,4.363014212070504
179.95969275666297,194.78339901881495,5.369752356651502,4.364775655264229
179.88605398373616,195.3212428271777,5.363934621512382,4.360755005487594
179.27468557971477,194.1746358320065,5.363144467595086,4.359855942154815
179.88852555264805,194.86285260900775,5.358778030808904,4.3596500858677265
179.89121502037054,194.3249853300019,5.353399095363916,4.365478199907324
179.73913428829098,193.63720712065447,5.35184980530739,4.3653362246318235
180.88662426140542,193.63781807829412,5.34930894149162,4.364114309352525
180.19987547039793,193.56344092308288,5.347872320638406,4.360098152789636
180.43057526233605,193.10822797812477,5.344523094163503,4.354423327903283
180.96230244272775,193.3399843620745,5.3488502888127805,4.3485312266178475
180.7296418617851,192.4254013376783,5.356637216599804,4.347560339017064
181.48972674974598,192.42486922610303,5.36262063060035,4.348624562167587
181.48901802648783,192.2736458879505,5.364038077116685,4.345622367307774
181.94658300064356,192.57637148613438,5.365093856260702,4.350961655910403
181.48534894051687,191.35654531325554,5.37076056035297,4.345810225238296
182.09329893405484,191.28207259021846,5.377291665093583,4.341951784835442
182.16772006914084,191.81785448200372,5.381291087751272,4.340279851072625
182.39685266337747,191.05296782987068,5.381653930580571,4.341293050996798
182.62668702928858,191.1283607429597,5.380679156672574,4.343405210790131
183.01110068340938,191.20434531229864,5.376437965578017,4.344353295541687
182.70654928729974,191.20532008302658,5.374070888927101,4.3424037540858205
183.85473924134655,191.20520105851404,5.369684497336257,4.342641803110881
183.2459935530177,190.8229615115922,5.365287237530158,4.343440499164649
183.7067555681372,190.43836880539232,5.359852155652228,4.349218454596958
184.24445867036889,189.8273523912254,5.353286629797502,4.349719078806653
183.8664002143229,189.82682513699973,5.346409657361399,4.350773587257925
183.8706796914227,189.75120812853294,5.337850703161784,4.3494974194185785
183.87521773856278,189.52195530637707,5.328774608881636,4.350928955143035
184.18336475539726,188.9130769335657,5.321447372509797,4.3507521061715115
184.33566503133673,189.0659836922047,5.321099246300785,4.34919101456343
184.7931788491492,189.06885076137883,5.318645379986564,4.343456876215154
185.47940351279968,188.7675175729763,5.313883006544177,4.338262384638672
185.40575871644438,188.23892376620958,5.309364555574229,4.33279369240807
185.5602332893588,188.69563988954843,5.30371578009557,4.329262556780825
185.55865630163802,187.56341114865535,5.30686975553712,4.321125851831862
185.70822335726797,187.4906777384364,5.310582003134617,4.315169492841049
186.1620564065439,187.0396213556804,5.3112191258460815,4.308979037089701
185.7843789218069,187.19551443803059,5.310106573785345,4.299779881003239
186.6937770503245,187.19815280180345,5.304840987084926,4.294503153457523
186.55654314110552,186.7345428371136,5.3207913996001475,4.2903068724210796
186.7611914704053,186.51401924434478,5.335096747384846,4.283850239153944
186.9649970642064,186.2757943799415,5.349372485205699,4.277302797319144
187.17987379427734,186.06032921520418,5.362030915010092,4.269788094938765
187.41771911947953,185.82442855874663,5.374961940023922,4.262306182021059
187.63896519089278,185.5959186691322,5.38837844744867,4.254906682819612
187.85123063601,185.37229904598806,5.388298092075117,4.247731016589661
190.3451643840137,185.37571527091643,5.399353187314132,4.240898566732912
191.09884632211524,185.37900788705676,5.407396366362829,4.234313334452274
190.8644396120138,185.30653797035941,5.421539594469506,4.2276964371482135
190.78245486128793,184.7792773976802,5.433843663870085,4.22055955814865
191.7636323726963,184.2518415032713,5.444074852361917,4.213269540877255
191.75927417067564,184.33124144033278,5.45279125640319,4.206244730536102
191.82923495858677,184.3346883405447,5.464663474026541,4.199350930112329
190.836823889123,184.3381021703827,5.4752700531067715,4.192523270436243
190.9825333210071,184.18964864450766,5.487677806996565,4.185603704528358
191.5842195058943,183.7363781540226,5.500223346020277,4.1802062538999
192.26234023916604,183.05515354007164,5.512818639618497,4.1738187216601235
192.10402949857388,183.13400885966323,5.525078761987139,4.16828876188477
192.02124346959812,183.13735614711743,5.538373662713688,4.161594186976325
192.01518478690303,183.0638193056743,5.550491028103856,4.156297631938297
192.38996185689504,182.9900836104092,5.56327745275522,4.151300909541421
192.99352684013454,182.68522301885648,5.57679520062221,4.150698235473915
192.83649267905184,182.53112079822733,5.585310006012855,4.1533491599574335
192.98561095835754,182.3747772579649,5.592972794734039,4.16013689314969
193.4468823386985,181.98541857376838,5.589494135260369,4.172967510535841
192.83516476553103,181.67260097454346,5.586253928332935,4.185265032354537
193.37532586646108,182.04986574398617,5.580335635599338,4.198166857130905
192.84036370937451,181.27521473146496,5.575010219354788,4.211397838719503
193.99662325426917,181.26983970456592,5.568623940091519,4.222147892517586
194.46038789365417,181.3395761210006,5.564017272900602,4.236495494911413
194.0017323811966,180.9475116233831,5.557421877678356,4.250702473365222
194.62175244291703,180.63207361804425,5.550306309936945,4.2651162061931505
194.5487962756751,181.16524601170272,5.541976671884115,4.278465226632846
194.47605954197962,180.46490883183512,5.533117852774185,4.290149007859789
194.48051243529477,180.7678806924408,5.524212066143893,4.301754108944165
194.56187027906776,180.76149685416925,5.515936329015512,4.314521785487255
195.02938943772114,180.52256047090185,5.508024372361544,4.328831371695706
195.5747026182087,180.36082332664083,5.499826241942256,4.343040451487549
195.03732265822825,180.19938311930233,5.491420707658654,4.356445022094656
195.7382022758532,180.03800574320218,5.483102595542881,4.369546191376232
195.4324860936941,179.7982898147199,5.474887445077503,4.384242412253046
195.4367023755767,180.33538875179542,5.466454881312345,4.395213973633333
195.67348301312242,179.6303400856605,5.45811151659944,4.409657574767605
195.98803593312397,180.01107134771402,5.44971965627794,4.424087525262483
196.61337709247587,178.91799699350648,5.4413026756758525,4.436271891999603
196.54029639320657,178.91312816713167,5.432113149666749,4.4460095447491845
196.38991842329114,178.98667538795607,5.422134914784931,4.454282190456745
196.23891795647498,178.98274664919245,5.413441227069994,4.462139667983994
197.09763114803118,178.90073364058617,5.4047599615730695,4.470825219958793
197.02472707208972,178.81871730072206,5.3952210470041475,4.479510833235168
196.95181122761977,178.58047275653658,5.385712395187521,4.489978899336482
196.9564694795593,179.1191142285741,5.376395891308427,4.5002347610092395
196.96118752827138,178.57050058620058,5.366959793884282,4.509771148820128
197.04253437373524,179.02886058489406,5.359658658463493,4.5254064844745825
197.50945014906506,178.32521302002982,5.359017063123294,4.532916681223871
196.96398495952678,178.4033059558259,5.360449113693659,4.532373427989694
197.59021412843794,178.39937715838946,5.353238588972921,4.540231022862603
197.35988294422904,178.31710174304675,5.3468876573023545,4.549110753518542
197.36250855722503,178.23465903531263,5.341636431310397,4.558280327508754
197.3646438119308,178.15490214781553,5.337365921898864,4.562011967167453
197.44132393788144,177.8412085156216,5.339781794747312,4.566294732556525
197.51803231276958,177.5273143576713,5.342247316050302,4.570553964139901
197.8315947986348,178.07084120860813,5.339077561337105,4.575421892046265
198.38146918108106,177.44513666775046,5.331454932712802,4.578686818026499
197.91802574738026,177.52058305496328,5.322626049167776,4.583746668758661
198.46786806753107,177.59671153564526,5.314222838366481,4.587387054466171
198.39181763328048,177.59929566067476,5.3104979053200445,4.582218804407128
198.31470786504386,177.60163354836627,5.309032203074652,4.577543029024134
199.63662221607612,177.52519821179015,5.310191396353239,4.574826178920913
199.08949014286839,177.37100880226583,5.315522638884886,4.572081311145599
199.63262906061365,176.90801681575337,5.318446361226026,4.56446394888628
199.0870698566637,176.5197198232729,5.320903010373896,4.563442391881413
199.70806279176765,177.0656589854578,5.323274556075454,4.560376806432444
199.39676495246584,176.59987453808986,5.323741868358196,4.558753151687014
199.3950787078121,177.0695450415196,5.327114357665649,4.552491531071796
199.3942289195143,175.98397741465615,5.328813934261277,4.547120409174183
199.39224081153597,175.9865636322315,5.332790150217958,4.541947974023439
199.46864543133108,175.67842562602175,5.335363869454363,4.536692151136473
199.93410222654626,176.30054408711757,5.336479499787122,4.5351608566290205
200.39782316997204,175.83690155281235,5.3410224549315535,4.530461083243481
199.7763016297302,175.29440062791258,5.341462639301376,4.52818539894342
200.39701360270485,175.76301834276737,5.342403107431175,4.522723279793113
200.0083342007969,175.1443840011761,5.343650930807796,4.518214394272827
200.78429624467503,175.30319997916175,5.343415886719768,4.51092024703519
200.70397114944922,175.38507582422716,5.349018186762327,4.502216447313408
200.70512559728635,175.46648386596476,5.346709291088074,4.494394563133362
200.7078659829369,175.4694455844051,5.341228519786959,4.488471126252706
201.02080834454125,175.39122153307218,5.333954685933832,4.490266506579668
201.25219062292393,174.92936739784776,5.334898484717191,4.486558065930976
201.870218053505,174.38991199619,5.335037981895335,4.483798805698741
201.79188477749327,174.46881104496865,5.337222522413779,4.480482719646504
201.79089827328062,174.47021666437132,5.3391955308390395,4.477671480841126
201.86623943242225,174.39326053021423,5.342960639095451,4.477136322615662
202.09682157728471,174.1637005730018,5.345286900787967,4.472765685623087
202.6384003764218,173.7799839111283,5.343365317480786,4.4678875701079255
202.09857317908467,173.32043680333877,5.34254127737687,4.460857413020002
202.7150480604403,173.8643176619433,5.343415983801298,4.452692106304674
202.25236148408314,173.25279184788747,5.3441296963571165,4.442864480871585
202.86690157040528,173.64262890549705,5.346748950885983,4.433002507635624
202.48263748764109,173.72449401876594,5.346058696729254,4.423115965034859
202.0219519055517,173.80644479116768,5.345388676796946,4.412887950916556
202.63504669491047,172.81378489777103,5.347184174527629,4.4027319884815554
202.55792706312704,172.66485214266626,5.348061649405212,4.393873921312594
202.48271989440815,173.35869903766383,5.345243764033143,4.385270136605838
202.47889861373858,172.90312248686956,5.352886325372322,4.37812387173301
202.8568134545823,172.29418113665417,5.362316265655921,4.3715911770101386
203.38936927483306,172.8327668059801,5.368843407623628,4.366058620827537
203.00323133323124,172.22291037887166,5.375608941011625,4.360954915339441
203.69110811629918,172.22658217034322,5.37796622272463,4.35361133239632
203.76583151674444,172.2313018375168,5.381560211445977,4.344171998049167
203.8449127307303,172.081383042236,5.376340946103318,4.338123263352644
203.61559985898876,172.15983404139993,5.376671355843652,4.333986376272372
204.37598454153726,172.16291405891374,5.3829339283627275,4.32782634124475
204.37489171461792,172.16472732464487,5.385119582201402,4.324199809782484
204.60529970474153,172.1673048234363,5.38232649791455,4.319044812199662
204.75823910656516,172.09410441582696,5.381543544405237,4.312897702349363
205.29353176553585,172.02114556297357,5.3780123278751475,4.306379107854519
204.75946619518166,171.64454253343186,5.380208020111412,4.298202703743559
205.29199641174822,171.04057955310418,5.380390879887573,4.288707758216898
204.8317145755053,171.57684940459714,5.388795871327041,4.280353183118394
204.75222268247677,170.66906304073794,5.395759934353091,4.271689234464848
205.7365435497338,170.74929436536138,5.402933507573216,4.263212378120626
205.73243291876292,170.75295122669408,5.411154769514926,4.255898655455218
205.72757313979668,170.68060176898402,5.420874327447478,4.248632520325901
205.64716350289189,170.53272827879897,5.429697907907388,4.240388113996698
205.79501427352406,170.15648682642427,5.437989587709746,4.232887966079298
205.41304647600683,170.6142273177212,5.441918243735166,4.229415310296232
206.09429168545358,169.6305812467988,5.447472228325886,4.220643313774976
205.78749385776968,169.710238879165,5.453279775565545,4.2132750760746305
205.86339300872612,169.71240240239868,5.453397240917728,4.208948029607264
205.9392428970589,169.71429896887383,5.45354454778192,4.205154896656953
206.01438858947108,169.64066269481148,5.455040706292962,4.200639901446245
206.01205261318256,169.1120584313635,5.459712658869987,4.1956906227746416
206.08558316096196,169.64505223057472,5.464379065578656,4.191795540224543
206.3101027720976,169.0397366327054,5.470545558466533,4.188544828872109
207.29684178015876,169.1912955634011,5.470159996939704,4.188979652803102
207.29769619878118,169.1912211803585,5.468451159694865,4.189128418888295
207.29854547460914,169.19050639638152,5.4667526080389255,4.190557986842235
207.52890346378024,168.88533219935317,5.461290489988078,4.193901233843792
207.8360458579763,168.42720537789143,5.453895389210121,4.199820345346024
207.30921481823398,167.81744780764853,5.445615552950287,4.205687582123829
207.994468565975,168.27010373221665,5.440184185098914,4.210426484741365
207.54103214678528,168.7984414582809,5.437041033607595,4.215436354128814
208.682826324693,168.18875313244683,5.428995769146395,4.221190023741365
208.76092403276562,168.41319242106107,5.424473917028785,4.227332138595617
208.83912476906087,167.80411685569848,5.4197768153010095,4.231848302418556
208.15737414975277,167.79999169170048,5.41792399712991,4.2400986304145585
208.54012239478288,167.72018190000364,5.4114866394696675,4.247906387328233
208.84340921948979,167.41646985810195,5.412274020046777,4.247969441140671
208.46438905033907,166.88155750277994,5.411047706829958,4.25482083965917
209.3003677917179,167.40841171864764,5.410495122372822,4.264733706842279
209.14716580238573,166.79512964471013,5.412702140534284,4.27451001270579
209.14682431648856,167.09392521237416,5.413385112328642,4.286083055052832
209.14530268946172,167.16693054293515,5.4164283663822985,4.292561795554426
209.1478530797614,167.16245304546416,5.411327585782945,4.301516790496432
209.14693011678975,166.929748799184,5.413173511726259,4.308800232098248
209.6021333260123,166.47006893712984,5.419895873006294,4.311031176481461
209.68127377503032,166.46753429192378,5.414608982126473,4.316100466893565
210.14121203191434,166.46572432676783,5.412703709049504,4.319720397205456
210.6777243399743,166.46223863176164,5.410852030321519,4.3266917872178166
210.21807851130333,166.3866555211564,5.411487603434139,4.324748661056785
210.75507136995094,166.3104975264214,5.409115018908069,4.323977060131226
210.67942814567996,165.77731497283406,5.407362764758634,4.319071248466193
211.0602903738317,165.77738934593938,5.410299801052376,4.318922502255538
211.0611566184121,165.85373764264216,5.408567311891556,4.319200823306148
211.59780882872693,164.7811587423982,5.405932958967129,4.323018488383686
211.14001469964725,165.62351829433825,5.403674989937452,4.321017467683451
211.21496659146717,165.0130749488783,5.4066785154429295,4.318645685440468
211.60012521680753,165.01294515992151,5.400935804132933,4.318905263354026
211.98612847280606,165.0119033013932,5.393084621610224,4.320988980410699
211.45574803591825,165.01317924772727,5.384634401102752,4.318437087742573
212.5288474325244,164.55520780213925,5.374464304432867,4.318939108971782
212.37993690196663,164.0956797734594,5.367434165857567,4.323441567258972
212.5377301442103,164.552771988783,5.356629001963963,4.323601098392767
212.77128322449119,163.94393161514603,5.346205060446363,4.323462594882027
213.07956465098107,164.47512026045771,5.33790277413532,4.3255412959288995
212.39988607103726,163.86841899564473,5.329518192839886,4.323173388947636
212.47855258853798,163.94727749915327,5.32398937919339,4.317260603285474
212.6338698960679,163.9516653835032,5.316602034247038,4.30848483458563
212.93185192970913,163.95492836379762,5.326110673803836,4.301958873996807
212.39666685537628,163.8805397936592,5.3366210370675855,4.299327473501918
212.99790283167067,163.8060916708327,5.346367103315005,4.296696466800418
212.9196133087563,163.2735301146132,5.351311966762142,4.300380302568153
212.91705163587397,163.72894922203696,5.356435312526826,4.300160454980433
212.99242703267763,162.89424097919022,5.357529283256849,4.299284532963237
212.99142411931575,162.9705708388747,5.359535109980563,4.298472166545735
213.44533860806922,162.96947367097042,5.3628958726411025,4.300666502354253
214.13159396215656,162.8140104817503,5.3579537539922955,4.307688749788718
213.90254854407826,162.66133417676613,5.360074505701862,4.309061303459052
213.82569540527544,162.2073083656793,5.36173598167957,4.3048441158652455
213.82683943564834,162.81333118276942,5.359447920933753,4.308814220988445
213.82708708114828,162.20669558589623,5.358952629933864,4.305835931909871
213.97732069819244,162.28067429807854,5.362436069521769,4.309853844383406
214.28064134378468,162.35408773497903,5.364170271680272,4.315120843918146
214.8862201660801,161.21101742782207,5.3706590602072355,4.318174396136087
214.42790365745958,162.19839497412838,5.373163102128084,4.3240320833839485
215.11646347356506,162.1961866081352,5.368436705916076,4.328448815370268
214.73611966258989,162.19449778293824,5.366688643826676,4.331826465764188
215.34515386621416,162.19350839279906,5.3687402228251875,4.333805246042572
