66.19999694824219,152.39999389648438,7.400000095367432,4.420000076293945
65.68344691363416,151.89783879201792,7.433100164583479,4.424310285226849
65.76140755846033,151.9868863111572,7.46240075071149,4.431437122728677
66.21657622655391,151.98658764893398,7.4809526597541005,4.432034447175101
66.67277802947547,151.98635850990073,7.498867550820694,4.432492725241639
66.48096957967736,151.9809908628114,7.509809097578619,4.443228019420237
66.29059847834888,151.9739837825995,7.517187935251848,4.4572421798440605
66.09924690359908,151.9671362550447,7.525834845484765,4.470937234953697
66.8492192546597,151.95787066819855,7.524993907015969,4.489468408645941
67.12599233877731,151.85368916376424,7.534512721400942,4.510143089974505
68.53437195576652,151.37250939925107,7.540435234979653,4.531608703148488
67.58661934231478,152.02139552790953,7.5496510995908075,4.554238999436194
68.32972740417273,151.25743276633779,7.576615626422148,4.568983872032456
68.31982450075894,151.2497950971198,7.5964214332497315,4.584259210468405
68.31100205871294,151.2414442039434,7.614066317341711,4.6009609968212475
68.30741509780118,151.23587242191576,7.621240239165241,4.6121045608765
68.40177149516164,151.2287808517868,7.623715941112886,4.626287701134404
68.49629571728791,151.31757593225316,7.626131727807199,4.640161771148541
68.59089927992278,151.40607551439277,7.628658390988619,4.654896395320447
68.68705376072188,151.49376440978062,7.628368828692578,4.671538003846906
68.50504429888697,150.81313462383835,7.607797742340341,4.686732540654359
69.28273228724717,151.18926334044204,7.5903707192956675,4.703449584284853
69.00318019309827,150.50858952238534,7.57268189985223,4.7189468690020355
68.52943831578722,150.88459224035913,7.5588641373182,4.735982646779323
69.49980794997987,151.07188214945558,7.541520432014848,4.7460819412028314
69.41092976970164,151.35526543757888,7.527027217637703,4.756064089756949
69.22498845133958,150.58420714287766,7.514509762991621,4.760580313678542
69.70929619721065,151.25588441988214,7.506336374153197,4.761844703734785
69.33193362329452,150.87316543114017,7.493112300919432,4.7593334601526704
68.85379036589893,150.49230052016742,7.490661683288651,4.75407357616062
69.81335132246267,151.157597197672,7.48776728932194,4.7648394845640025
70.00740258896629,150.48194423510984,7.483183857092478,4.773828556966001
69.81556463064287,151.15107015375557,7.4831772192842845,4.7784656602671545
69.912568367337,150.66858472156758,7.4810884542427845,4.783842982909138
70.39628621257403,149.99404893442193,7.473539399777877,4.789073266787671
70.7804997940919,150.09076005497536,7.472919019547829,4.787602721382274
71.06251908317536,150.19370287419068,7.484633935145962,4.773634914206636
70.96072618281652,150.29532675386287,7.496359989869772,4.762246900856129
70.76158558767908,150.30139172141108,7.5109516481707645,4.750116965759745
70.94697431215718,150.01871243819906,7.523894305528654,4.739895372712598
71.43306912500435,149.43763792995753,7.5111168250778455,4.750749814903401
69.89424891867712,150.49833308886002,7.518787348364316,4.739963796038941
71.05225501897083,150.39529315008787,7.5044617734182495,4.75423645477982
71.33911534678961,150.20223217139363,7.506236920234242,4.75669454386585
70.66883143129522,150.20268757210422,7.503507345954324,4.755783742444666
70.57432334663909,150.203360780315,7.500679962861606,4.754437326023142
70.47588749553377,150.39977098224804,7.505772943402618,4.74517436549631
70.66461809965949,150.50048386664483,7.511711440365295,4.735448449309857
71.33252148876794,150.60111352357538,7.517285230389995,4.725814930911838
70.94703543731272,150.60542598085823,7.522066351687746,4.71719001634616
71.90174061955128,150.51242523327826,7.5274026833801635,4.711716841889112
72.09018651487604,150.4196150583498,7.533436219821232,4.70587452820077
72.27876516420484,150.3266845501935,7.539188608865415,4.700280700662468
71.69991833142679,150.2348375362368,7.548200590351329,4.692527781230881
71.88752917897432,150.1421067488198,7.555881799115439,4.686537904135265
72.075423515959,150.04867885147226,7.563024321855709,4.681928100475543
73.31027995774461,150.0540031809769,7.582744102807589,4.671279441466232
73.01379012461591,149.95794156148514,7.600893130601271,4.6717924676285465
73.58488410813118,149.86394363167634,7.610042502118632,4.66789877082153
73.2923865022973,149.77121602775628,7.619156058086494,4.66139342676166
72.61691645733211,149.48291883733404,7.626186831470825,4.66202667194353
73.28352834154563,149.96354547683282,7.637680626386898,4.66128593819103
73.47270473859957,150.2492937024023,7.643850580837986,4.666573609890495
73.2946865216303,149.80107058617352,7.6411676599718845,4.674224290649936
73.41992979300174,149.7790402381858,7.639581854359369,4.686662599346493
74.00592073321498,150.06117722038545,7.6238990438854355,4.700538169923452
73.53377187183249,150.53597270326324,7.604617832063463,4.714526138754808
73.73843115301294,150.14454403881393,7.580625186844865,4.726731633368848
73.07510543788277,149.27217474906803,7.559709925858343,4.738884466971815
74.0434884330684,149.8491457476806,7.546952295895424,4.7393474859917095
74.16419310398628,149.71141745010362,7.540773211960667,4.736771933435119
75.3194366556291,149.709584539352,7.535275147157865,4.740437754938372
74.83834713307147,149.70842297872736,7.53714590662357,4.7427608761876865
74.69396078414348,149.68829300895058,7.53112238688132,4.744779471672914
75.17282799635366,149.68627239914395,7.533749483409222,4.7488206912862125
74.21935526356538,150.5478779730984,7.518902245017841,4.755222976948472
74.89516823487568,150.6422569437193,7.51172743021797,4.758529482538184
75.15281261132955,149.80918641894772,7.519641296715908,4.751984285022628
75.27226377042302,149.84024072739246,7.532613819763104,4.738749172116694
75.39177229005666,149.85127405338778,7.5444147842236005,4.730147634437269
75.52598670294049,149.83097329215914,7.564246794631803,4.722960555548228
75.67736035774028,149.8145420816888,7.583181046943471,4.7144317621271234
75.842925430953,149.80207388263278,7.602037480766767,4.705717894393544
76.00357629664131,149.79411944885712,7.623660437203235,4.697162768973522
76.15277891057929,149.78658345963322,7.649068090582717,4.688823400765768
76.3099404438376,149.76487119173655,7.674152343142592,4.680993507405182
76.49238535339838,149.71152954107063,7.694960439900452,4.675201177893711
76.59810737368299,149.70809193116932,7.718210153779003,4.664024207334392
80.84192640986677,150.10217675039175,7.74488793945249,4.649883283256885
79.76575065884977,150.397180328167,7.766913957545126,4.640873986963116
79.55724639117761,149.339794330183,7.796239130547621,4.623387490051273
80.70995880140026,149.44220745964205,7.81860427370097,4.612543728099751
79.62911014327598,149.44788697371484,7.844853892682009,4.601184699954133
79.3260837784348,149.357051332398,7.867918460472822,4.588526595290721
80.28751890957592,149.362425493789,7.889623523424534,4.5777782725086995
80.17722664376855,149.27208449158175,7.915610535448932,4.563862757332817
79.58334243354403,149.4716493911783,7.934896963040365,4.554226955758889
79.18060647044715,149.57498057220155,7.9608913212270584,4.542433985714144
80.04790507864807,150.06587593136757,7.981782644595963,4.5359146783658115
79.7437305886483,150.26714282144368,8.00437297077232,4.523886667429061
79.24507221046827,149.3933612065782,8.024775842800718,4.513004905363027
80.01744041045814,149.49670470972717,8.044035430394969,4.501817397511802
79.33428714143527,149.88900422926505,8.04118505115378,4.499593739742794
79.61988393361362,150.38125151317504,8.056532970270649,4.49266834437881
78.92653614899157,149.6036198029781,8.073869386234279,4.482949875309254
81.0782713377449,149.6860852451967,8.090413535246366,4.4756910251725515
79.21552542457685,150.17972860188988,8.095061905139518,4.467573642429017
79.59871429219014,150.57638532064806,8.111740258740316,4.457316293740057
78.22618781046049,149.99608523238098,8.115100925000412,4.442905485760287
79.30535014080121,150.3865888962039,8.108801363124012,4.4444527394980735
80.08610009756686,149.80159406060224,8.111878392983638,4.441009703158158
79.7933672586743,150.29147723236858,8.110667939626971,4.439036911528505
79.10409349776884,149.7091528002996,8.120665423775309,4.430642886241411
79.69595833817739,150.19700444988726,8.110002989055904,4.432495625480838
79.30290566302988,150.39226217549978,8.11456602892518,4.432751329468649
79.3943362744693,149.6110687988463,8.12716207042023,4.431479967784348
79.48554528232518,149.70917618781263,8.140365397899954,4.430886533043191
78.88799110984029,150.1043765886395,8.160638147387225,4.423709461711087
79.47384557440533,150.69089954343954,8.164821901570091,4.42655623542397
79.57178501770059,149.9994288017051,8.16503550609822,4.436850281062149
79.67034311752224,150.68101129445662,8.164191012790992,4.447587239911473
79.8691273730029,150.1815841516,8.159508164833696,4.464227368114615
80.2628576019496,150.86421054365388,8.158680210131998,4.475581464592303
80.35949589857275,150.37057013175396,8.162243467925014,4.478663033195697
80.45616038289296,149.87668296992183,8.165859563741904,4.4817120345731984
79.37285546350427,150.36813700689558,8.164913893044055,4.48405646493262
80.35658505816086,150.2707235100068,8.168220479975904,4.481806881085666
80.45396953103587,149.9750166888449,8.170538498171243,4.481959631573403
79.66793121698282,150.56331863037698,8.165624869727012,4.488098440922011
80.05864149943937,150.46004757001856,8.172828649151034,4.4974844755545265
80.15201895978223,150.46051055979947,8.183496390169399,4.4965584959926765
80.24686676648753,150.45981966027549,8.191365097359249,4.4979402950406575
80.34163275788468,150.4576768211365,8.199537168865133,4.5022259733186445
81.12715448501014,150.45185378774886,8.211676507012989,4.513872040093901
80.32965737234326,150.45143810619354,8.220463725974025,4.514703403204581
80.8275166051401,150.44602119805847,8.216844113014158,4.5255372194747086
80.43118807319658,150.3375598544442,8.21529599939378,4.543908612326388
79.83381985519327,150.33191133683525,8.21698095143253,4.5552056475443266
80.92530228015849,150.23024592017347,8.223670373237779,4.559477001619168
80.91847557395072,150.33309246476148,8.237323785653334,4.553015045713785
80.71836989389014,150.22493294749611,8.238889991963852,4.570011503339178
80.61902153112781,150.01687934190966,8.23795112028146,4.586847520097964
80.32185503547858,150.80814611929,8.232557927934796,4.603583788390937
80.82405702836436,149.99725953049952,8.228724710006318,4.624443737422951
81.5286313501694,150.1847664394941,8.22246452548288,4.6502551934584995
81.32784653088103,150.2733348899855,8.222515881071589,4.67387743396971
81.02792166195283,150.7632345966597,8.218881250887268,4.6998853006892425
80.92984611688694,149.94429770199605,8.213482947880367,4.725363944906976
81.10578225733192,150.36015793711735,8.201951323702158,4.752023465618607
81.18024192312993,150.3752246800011,8.191549665317062,4.778234048300108
82.71183546839875,150.25653321736112,8.165450656053492,4.813144434828536
82.81566974346873,149.33865415153502,8.160457766990513,4.824821616787876
82.4193115029395,149.6303768983136,8.141978819921283,4.849772694326438
81.87479936210124,150.18943797776615,8.12061305799238,4.881943996392785
81.91406912853135,150.17331523812896,8.10052058479096,4.907456124470003
83.75712973352194,150.3580727903664,8.073822009924509,4.944543535007894
82.291501752937,150.15991487454977,8.042908262354675,4.9713193454887055
82.41808193304664,150.15526136005803,8.012976837302304,4.99848129159887
82.50065862455025,150.13394750719425,8.006839093931836,5.000507089606278
82.61022925215589,150.133443666618,7.9999374249272925,5.001940858614004
82.70390268097067,150.13997554807585,7.987428222779584,5.007680905399787
82.79919841438418,150.10975507626472,7.977040472771202,5.009515968307029
82.89762491106698,150.07658314003467,7.966323281745365,5.01658769806632
82.96216788250105,150.0609941931189,7.960683472164682,5.018246801517933
83.05195654760979,150.07164149108152,7.950528665543361,5.0224135354365655
84.08206606922086,153.20441340378702,7.920241051751389,5.049657141259031
84.19852129459034,153.49504896963825,7.890326450865146,5.077373559114633
84.21389926883134,152.77273733786092,7.859570502383124,5.100919528549703
84.2285538339489,153.26681101880013,7.830261372148007,5.12748739281154
84.34494459531528,153.86339738963028,7.800426098276439,5.151992144318396
84.55941407565736,153.64096598269353,7.777299685937935,5.191042409846262
84.7742286550542,153.41898105286862,7.7540865697243255,5.228596226915995
84.98907002486644,153.19669315497387,7.731368465237689,5.26620738756772
85.20394932842072,153.89065098821376,7.709137419940614,5.30463818742816
84.60410099740352,153.56633291120377,7.684444508134285,5.34107955452779
84.7178264508113,153.24131379472374,7.661288388130068,5.378233427053774
85.44625750389497,153.93894906940332,7.636335144146106,5.414871739878005
85.2542993693405,153.818607795684,7.610681139063446,5.450769150220891
84.95766541722098,153.80222786260777,7.588985568582343,5.483529016373326
85.68765568598563,153.78570491261462,7.565389332109179,5.51657491635963
85.2906360747191,154.07978881716878,7.537898253560381,5.544554833062705
84.58444181297594,153.65173143818907,7.5123178188330435,5.5789730434714935
85.31745189609711,153.94707791324836,7.485492373544564,5.60507783090455
84.61294662821471,154.44772660870586,7.455174795234095,5.631871950043338
85.03889270241069,153.81805708724045,7.425660917168358,5.657643587484785
83.2814651395796,153.7128918831777,7.445903646293845,5.662408560519934
82.44485528005752,153.60495612689434,7.47150829631909,5.672328189459305
82.4325218870061,153.091803877148,7.496175082421936,5.666111784048367
82.52641926917646,153.71180855724995,7.515158935565191,5.6667741287483215
82.61767104564123,153.6139697580583,7.539734049417379,5.6553730603499055
84.98874827217779,154.95410797161605,7.562486074426169,5.630314583667718
86.34954202185907,155.87145981104612,7.534535573837207,5.660436519343124
85.63856579449465,155.95967402591023,7.505596656576735,5.691278285613406
85.86057495220601,156.04755471876751,7.476244758633005,5.722850108638326
85.97869305139092,156.23928993628968,7.44740930229369,5.754181157655032
86.407735031,155.60110596637614,7.419209811556774,5.785722394760249
85.69605391805567,156.20740177586364,7.389697275423413,5.818452000375527
86.54101273496235,155.98311072562132,7.360852284084564,5.851765940241606
85.8277844288294,156.69421191492503,7.333176795077071,5.883695662907526
86.56978581437242,156.3649930896158,7.303960004207454,5.918653607718963
85.9369013743509,156.72488627659564,7.277851512878183,5.943435725308949
86.05268837929685,156.88087959674334,7.2523433973383,5.967931469719678
86.09766607119383,157.02110735738498,7.2264954236473615,5.992756566783141
86.14038801965702,157.15335321364708,7.201031029869377,6.016812695007861
86.15520950390268,156.72423776322736,7.171388061378067,6.043259347364845
86.16957156406082,156.29581655200386,7.14266394106178,6.068441710731269
86.18447098898183,157.01019270941865,7.112865091219766,6.094827649967484
87.0319017230467,156.57985000332962,7.080728714929824,6.124150516225673
86.32004167054812,157.29294881389782,7.049748017604349,6.152653697411881
87.16732463071183,156.86194842110217,7.017516572296442,6.183487245493466
86.9745966061722,157.99318261433356,6.987400479427189,6.206665639747508
86.78252860941643,157.15142423270484,6.95615725925297,6.228665548261963
86.59112329988236,157.24435523748622,6.923855931826314,6.250359511946632
86.50403595114342,157.95949622278843,6.890630457597975,6.271878743285758
87.24538164113157,157.63430807159057,6.8585234877905545,6.300576012751971
86.84750484278221,158.55476660345818,6.825543727777011,6.324309001619252
86.7600401833765,158.54218588798253,6.793426364565514,6.349470432570592
86.87946173771464,158.5296021079804,6.761528485912406,6.374637992574852
86.89508031642511,158.62008102964077,6.730291328491452,6.400526480730375
87.01377942431698,159.0181550227219,6.699661342030482,6.431451411859131
87.13182276003714,158.48443369360638,6.670353063421753,6.465002105932401
87.35304298581126,159.08806181885654,6.641611946366616,6.49884385891139
87.67677085396178,158.9722050019277,6.614955985386755,6.523624234328654
88.30552222806335,158.65128815527015,6.598886389199902,6.54474135163564
87.90527999750911,159.57043585565341,6.571427552067979,6.569318371909999
87.71065528193817,159.55909530874825,6.5467952231575435,6.591999465720347
87.82848205892623,159.54294035420824,6.5180515156085,6.624309374800339
87.01433683084,159.42654737117206,6.490624995248095,6.6501307188061025
87.02822530250043,159.20415329353168,6.462848051927223,6.68104442694152
86.83543156878257,158.98002549373297,6.4344689147175895,6.715333421893595
86.95316947826507,159.37792137096667,6.406064787843419,6.747828435789416
87.0703248450084,159.98131181971561,6.378884498711498,6.783830204420088
87.18629615189232,159.65450603614084,6.354204205600646,6.8156548095987635
87.40510518896572,159.3281966795932,6.33132118025855,6.846170949486983
87.82850330662788,160.25134029250106,6.314444785380745,6.867203364675903
88.75850779747395,160.66794287385076,6.322290192889649,6.864155708288108
88.75469171200952,160.04619515709223,6.329922363818535,6.86195076949233
88.14192580855725,160.2453350092166,6.309231420652044,6.879078648600612
87.72752509315984,160.55050681325307,6.307467060654643,6.891659383621841
88.35495387484272,161.0626040508959,6.299465624222631,6.90651168078099
87.52339849013202,160.43630398747953,6.2992707188290495,6.911632551502441
87.53161644390039,161.1575289673198,6.282834811292306,6.925111457611326
87.5380361389392,160.94271999901017,6.269995421214668,6.938854067953963
87.95177202859051,161.772693642577,6.274310424434996,6.942480345866137
88.36634732282307,161.8751613163561,6.277447565766081,6.945616930757031
87.74280338247762,161.87393501421738,6.275510868688193,6.94806953503445
88.05807087018864,162.07857194563823,6.269509934540756,6.955151699709196
88.56998071750874,161.35629461613578,6.286652243115648,6.942359554212938
87.94155972248461,161.46188204992146,6.293892791923994,6.93945159351496
88.86989378954105,161.6751966740223,6.3122587610342835,6.929496590474018
89.17692429560933,161.8861202956494,6.323622557572327,6.924599219669529
89.68930994346674,162.20381154536875,6.3417499696959565,6.914955944933845
88.94955719956299,162.10502875264189,6.360227864607664,6.903803302831089
89.3604808767719,162.2120131193655,6.373734609768648,6.898673094278555
88.62291310545994,162.4202906105445,6.3860562076896485,6.9000649532642315
89.0358711844998,162.52493962348223,6.396904471963609,6.899958032977243
89.2467355261375,163.0406037212791,6.39389967279247,6.915439547644091
89.45504744133488,163.46024473074408,6.396387160255801,6.914380164430409
88.2056804540207,163.3477778680084,6.380176753390905,6.929735191443943
89.02213313662197,163.25982876942328,6.3705609874917775,6.949242931859997
88.30045224859849,163.77286325061186,6.345944393603831,6.971729948007819
88.9389245696781,164.29258386508886,6.327015329076561,6.980635033747099
88.73454837595823,163.76775764575692,6.3167555321898945,6.982757011594929
88.73190163346584,164.29340775403696,6.322049017174653,6.978334193417422
88.5278483957105,164.18751838402355,6.311373297959263,6.9807218360812024
88.4296918102986,164.287356422274,6.298428497484618,6.990303730878738
88.33129886138259,164.38744913825528,6.286013943793524,6.999318750439356
89.27645690605905,164.48729463190466,6.277979760846542,7.008770197185624
89.28322108981428,165.0019646323668,6.264451393336081,7.025235290083219
89.28935975421672,164.3671426480772,6.252174064531214,7.039675330721036
89.91336287860071,165.10182343147275,6.259539405008498,7.034913951382674
89.1782260108574,164.57869502025267,6.264906123631051,7.034808618919927
89.49788472791327,164.7779296915836,6.25365841385745,7.055052425816798
88.66780980272296,165.08297650143675,6.237880402276221,7.073431754346225
88.77503187549492,164.9823866946836,6.232959951131345,7.065087673453494
89.08891999416853,164.7790358691697,6.233130353776505,7.053158231153082
88.99488679629337,165.8139358024427,6.212063512090545,7.074690738969984
89.21704790812773,166.42708201067046,6.186001186715771,7.1031780173963455
88.90910402903758,165.68911902505312,6.174427640846489,7.1150276125153695
89.39330939446334,166.08969692202558,6.154780126937891,7.130563750929097
89.92085994439584,165.6689234208325,6.1450634499344305,7.13580321502601
89.5305893006242,166.3513825841605,6.1268972451939,7.147317937455273
89.01680097727947,166.45200590632513,6.110032452047079,7.154959581093309
89.64901770619856,166.55468783521715,6.098011497726818,7.158331140562228
89.34022949714141,166.65835642852048,6.0898050618195,7.159588238629426
89.76137941013856,166.65917397946134,6.081432280656461,7.157953136747746
89.65430450413015,167.0097836522975,6.074981476032812,7.149470019205259
89.64682890989086,167.16795427921002,6.075953402132403,7.138308126926135
89.44008275432644,166.33443978134747,6.073584885842318,7.141893812975554
89.60396335483007,167.3934423453413,6.096741970769642,7.127602801755117
88.9816939562391,167.39183430002342,6.092685843950905,7.130818892390874
90.11747947009474,167.39458420370508,6.110035224457785,7.12531908502756
90.21369115972814,167.39813610339277,6.125889253457635,7.11821528565218
90.41352313557121,167.50646766031426,6.143069629793712,7.109974335820337
90.71688482148409,167.6164872976481,6.162057590261138,7.098505505250372
89.97900692483047,167.7263613939749,6.176930565141276,7.0874548580863195
90.07971800922572,167.93868449342654,6.184273283508514,7.080338433498504
90.28462441520058,168.15159229680867,6.192005135008414,7.072067490183889
91.21497117562964,167.94823304534924,6.21022413462108,7.061249877442572
91.30890509209065,168.68603334661213,6.231248440521089,7.047894246670925
91.19804513777851,168.5875468382403,6.243946878232648,7.03584579250178
90.98097477029351,168.59275935077787,6.260012383082918,7.025420767426692
90.76725936862688,168.59590772741691,6.269177993963468,7.019124014148569
90.5615104126119,168.69403151196485,6.262313373456271,7.032057711321254
90.35547298186158,168.79242505040625,6.255843388010578,7.044543057911594
90.98947240108407,169.20086304247653,6.244021465069497,7.065118350773635
90.78097948426041,169.19706047844437,6.242021276883857,7.072723478837946
90.35475388120182,169.4169431476744,6.256156591540764,7.052116086108013
90.97582549546358,169.63021030852786,6.2709255472507595,7.044552492478962
90.65345294186936,170.05389872123217,6.286858446324034,7.035591944557214
90.54063845082368,169.64354498480017,6.302767910045495,7.0174213439415976
90.63481279284281,169.96807674507832,6.324110494940765,6.997431630185832
90.83350424277282,170.2938735782311,6.346169718577041,6.975001149124694
90.8272370386236,169.87735660746216,6.358704126875505,6.969139983921233
90.92261086914343,170.30658499796667,6.37778873023358,6.9500122605032715
91.0199592479937,170.10359209579482,6.392930234182881,6.936321541547353
91.01575486295948,170.001658994182,6.401339004251285,6.930321879488056
91.12290829208135,170.9400067888923,6.396938239817043,6.942781134352742
91.12762973004143,171.14300158036247,6.387495363896865,6.956852250302803
91.37674331276331,171.00964978139206,6.416412855128204,6.941260309180521
91.38983092665865,171.84936710582576,6.390237627337541,6.944357331275061
91.29777933278385,171.74494026096218,6.364392526280964,6.943262732196051
92.0436990466374,171.64059072849054,6.3391917039756365,6.942441996367653
92.05373964161862,171.53995674197168,6.319110514013199,6.934604326670425
91.96244374148755,171.53815254681885,6.293038669111306,6.938212716976058
91.87416048433676,171.52761036684566,6.261300957356249,6.9592970769224465
91.78577385975947,171.51736522207025,6.2299483671928435,6.979787366473244
91.79724486988897,171.9274264436312,6.207006346933828,6.9914390441751
92.01098298981654,171.926270120715,6.195045583767072,6.993751690007439
91.29142703425003,171.92623882788462,6.180940988294771,6.993814275668208
91.81614186180423,172.02364530511025,6.16839988095784,7.0063790307712415
92.02991401598234,172.01481386352475,6.155599345498782,7.0240419139422485
91.30466902049545,172.11453462027035,6.154004231363114,7.0320411297524545
91.6205138165926,172.106865420195,6.144932038711783,7.047379529903157
92.24360337661847,172.20477513178906,6.144541194488285,7.059191486019706
92.44165094983671,172.41809708681268,6.164062121609501,7.048163649530174
92.33164524511454,172.4226893796676,6.176123472813961,7.038979063820388
92.85027068303779,172.53218354127898,6.1788771906628455,7.027991659336614
92.64421748096225,172.63635805830972,6.17523420806375,7.027517318650274
92.75101977390027,172.63138098065733,6.169438638063899,7.037471473955069
92.33313152673023,173.46172112865602,6.173733136684489,7.03975516939664
92.51092567967478,173.385502154964,6.158804907380348,7.0475961150822535
92.41047682218993,173.37975973897912,6.151845583844219,7.059080947051973
92.5774076953688,173.59630768178053,6.142646687260865,7.068650232034903
92.66065927693776,173.6962972293698,6.139281211538586,7.069897381625189
92.74676673484124,173.828692487874,6.147325566094613,7.062911457910142
92.82040557546931,173.96108126383655,6.178038214550457,7.037290044451892
93.84598513532274,174.8046187158319,6.206933097242549,7.0142583423802956
94.03970643086087,174.8157710509246,6.235711853977922,6.991953672194887
93.92447158123132,174.71890907162023,6.257956986103784,6.977453063670334
93.81003304292598,175.5642782615177,6.278479416412,6.953551854294846
93.0877071897652,175.5626816959927,6.264956662556365,6.95674498534486
93.09911258876616,175.66207537981535,6.242145864554432,6.966102127760956
93.51651498492811,175.76756768815594,6.239044188562098,6.9630432901626325
93.62028597138503,175.65802628646932,6.239330933046963,6.974297376137224
93.51143382220452,175.7651806006109,6.249027085004479,6.967996894257507
93.19597606510074,175.87216508318517,6.255747276681919,6.962093036618997
93.92940013290975,176.07352865852144,6.245463681206394,6.975527183130059
93.7230622362478,175.34096865144755,6.241889060747413,6.983770749037711
93.51622982734398,175.54573780113662,6.2391615356654,6.99062479254921
93.51444970456727,176.17151500270737,6.242721781218828,6.988624699507128
94.02390875645949,175.869407871391,6.265228027986353,6.967984351808695
94.2328598954624,176.7091974369455,6.263972884759543,6.95499375981571
94.43712787115136,176.6134842946712,6.271640098343855,6.938318461883168
93.70761466642807,176.50934917121873,6.274914301003168,6.9386241078184865
94.22012994413382,176.41646739678515,6.28999166076049,6.916366073651915
94.51945858533935,176.01029659588093,6.315081320715726,6.8970450856386
93.78460313005945,176.85333297036314,6.328690621356698,6.875088462295684
93.98606579829368,176.7578587118909,6.341543313440695,6.858147964963936
93.97813151832163,176.140486181696,6.357411873384785,6.8459169276117535
94.80050380199988,176.2516034207778,6.375794153972465,6.831573305441172
94.6898237397099,176.46352717291253,6.389195204121513,6.8236439500335635
94.48805843613499,176.76531960891785,6.376629641016484,6.844203333405182
94.38295221933339,177.07429007987986,6.378672535074043,6.8507710101181
94.28110703671639,177.58771199319054,6.374058372788292,6.865449821095507
95.2198404094464,177.47439091104192,6.372734209041009,6.883631698535798
95.32515594633405,177.05272242508758,6.37082603989782,6.892077051916015
94.48930281659972,177.88141436184864,6.371938018294188,6.905287459466233
94.59145199385797,178.19606803334858,6.376687649764944,6.903124074428164
94.59182553833995,177.24651311242152,6.3759405608009985,6.920425637888282
93.76880583602849,178.8065320781011,6.347198380634754,6.940603178008843
93.88684763328108,179.53027427641535,6.3203193313582045,6.957550597980607
94.2122611989211,179.10353979814548,6.296612513312271,6.974859136874902
94.5371749134192,178.67741070727547,6.2735790134636735,6.9913920797514315
93.91814782916947,179.2948299305806,6.258708949978479,7.009477865125777
94.24326930424662,179.17685536509418,6.235058545519698,7.0365628142001215
94.66932561454912,179.0604252799072,6.21857234318643,7.060516380006155
94.1544644663763,179.04548537694953,6.2032226517746105,7.090396185921542
94.79338650899867,179.13292351142223,6.180769043992113,7.1247516632197705
94.27918537258346,179.220478322649,6.162151906037698,7.159045922923198
95.02188701061824,179.72944335880962,6.144198780401876,7.189294529483221
94.71478348593558,180.1356046805529,6.128960953194503,7.216231721426862
94.30089750181051,179.59793080783572,6.116788657054786,7.241649136373881
95.04554467284576,180.2155408875977,6.098772233100181,7.267524335234929
94.84400468316323,180.1016991305602,6.08126903251701,7.284916259335851
94.74668121831192,179.8828569219934,6.0656383305114625,7.302045413053059
94.64731692021707,179.87748454694747,6.05407745687539,7.3127901631449115
94.6452827982976,180.2006262489253,6.058145700714346,7.2973119549369345
94.5449418368686,180.30458699796057,6.04873190483046,7.299486175608241
94.4429577189144,180.51518456041575,6.042722813718522,7.298245704738561
95.17618737100831,180.62070991054097,6.045292397343166,7.297056274175635
95.17186348489437,180.835457529713,6.053940169571025,7.2873298769385855
95.16745165015959,181.05007990967903,6.062763839040585,7.277833437905397
95.05195729106148,180.4314807186852,6.083882377101755,7.255810739082638
95.040833199744,180.65135287115737,6.10613055973673,7.2358087101988104
95.02929771882184,180.8700655207204,6.129201521581047,7.218225222275007
95.01809445965314,181.08848372830724,6.151608039918445,7.201430235935243
94.92076066343108,181.65252789464324,6.175871259152773,7.183046267625288
94.92286640646725,181.84140638805567,6.204682594415561,7.154110006302533
94.93622402369732,182.022621572542,6.230969845003886,7.1300242596245855
94.71514851146688,182.14100296807305,6.252540401754244,7.103551702417719
94.49479618415901,182.36170941126989,6.2727942724909145,7.082589599903106
94.3897481064053,182.57325231128925,6.272666100716155,7.079952454428718
94.28287875610684,182.88917317706617,6.276223443957781,7.078654794940822
95.11994520920312,183.20648643785114,6.283835431145749,7.074682608388564
95.12006202757158,182.57779364046425,6.283601794408852,7.070399133713408
95.12137938409083,182.99760271040293,6.2809670813703455,7.071612808524058
95.00756332848745,182.5890563072603,6.298414522528379,7.047966934614515
94.79481525458787,183.43272272084,6.303717964069551,7.041404932487127
94.57875345363973,183.33408177978814,6.315683306975945,7.028607685095869
93.93431440553385,183.1303294712507,6.344133456096658,7.015969653140442
94.82909648953276,183.63677964480726,6.359864260975847,6.9933843143542695
94.18483181517239,183.6414132092043,6.387024379081748,6.98411718556021
94.48989121450616,183.7465262930114,6.4084555753781265,6.984407682934005
93.84980051146873,183.95112970957143,6.423462161859341,6.996925789678489
93.94634352821902,184.0505550588322,6.441672577704875,7.009371540503
94.04158471268669,183.41198680531485,6.462970505309569,7.015826268297631
94.33849818447734,183.63202023892302,6.505803180734338,7.0001991470853735
93.15892006028832,184.04945360845483,6.5257288904478195,7.015961694808889
94.34472194694372,184.49570323801183,6.560015352644968,7.004614422691652
96.78303660948298,184.40066075819334,6.595899201667779,6.98111185301986
94.4559520030554,184.78693837418274,6.639716700665471,6.971381968770279
94.3308939506836,184.14249174088178,6.675500704465005,6.97428262970784
94.37689467566283,184.9887194121323,6.710115183573211,6.953270344604601
94.35865438902758,185.11356708170396,6.738935507532427,6.951432483453086
94.3155904839504,185.24752846612895,6.7647803041459325,6.928202881602965
94.30595495067377,185.4004238479433,6.790022385134599,6.905891301051597
94.28169509015882,185.5714849152569,6.81577542372859,6.881583643597766
94.23666371982995,185.71488656237474,6.8390555230413925,6.856425433799308
96.59649311557641,184.86436674225584,6.864286817651096,6.832050497272492
96.04632118673479,184.6613538018475,6.886179665034181,6.806695973969101
97.01057561179934,184.88583451182546,6.8983851722955905,6.789004411211056
96.79094290156863,185.10941751072085,6.906555149590499,6.772933856586818
94.97856315187806,186.03657831320928,6.906714415747957,6.761432172832747
94.98212731012663,186.16119485844845,6.932737650645979,6.735634469733011
94.97611846688798,186.2906273490082,6.964889611671542,6.707374878212937
95.0095228000056,186.41447824020844,6.988032627336349,6.688117231587284
96.07546266237232,184.81099598395195,7.00974781570199,6.664689374451644
96.07735629608811,185.0227330504262,7.005960548270395,6.671871895157456
96.39136051318854,185.7881538562868,7.024100729870158,6.648710386971015
95.47766748917644,186.47340481268242,7.036478755925298,6.631220845483246
95.5391383054104,186.54684073217032,7.058381802257373,6.613518341986895
95.60646794819804,186.62160559617232,7.076157716821143,6.592648288127523
95.6742853054206,186.71688352006933,7.092181150008376,6.565946887679017
95.74847035175866,186.8082423425169,7.103874092936748,6.550182552438451
95.83065543577248,186.90181682394564,7.109377254091427,6.533425975667416
95.90552123598063,186.99347230931983,7.1159728758321386,6.51833668691644
97.6195105215974,186.8887745161035,7.122585706647838,6.51307031072097
96.18651184759695,187.16841872096435,7.126393364008903,6.495651915857123
97.25642126847505,187.17576697695986,7.1312035204508115,6.480955403866128
97.2591538173535,187.0743522083306,7.125738422693888,6.469481388298149
97.25995327630214,187.18581050348052,7.124139504796643,6.460600379857993
96.93792822241723,187.19047362708372,7.1265823052401736,6.451274132651628
97.16204491718017,187.2937780273188,7.105865684164198,6.4584237164064096
96.62651661160939,186.44310262191829,7.1091722213109,6.451374408815708
97.1540058396061,186.45241152854544,7.121639235337817,6.432756595561378
97.04576079061584,186.67086026057154,7.12474321220522,6.42263137373536
97.15196002606861,186.67566437167403,7.125617581139011,6.413023151530416
97.26588935079558,186.87962169706935,7.110892027324437,6.4313746920184975
97.36846691846773,186.78080341863526,7.1189338051574715,6.415814335709365
98.02311524398684,187.3027047379725,7.088079506046407,6.437380323640836
97.50738178474005,186.75981397188897,7.054857748512348,6.458473179780242
98.36810907888731,187.2849921569192,7.035455505869972,6.471899525752389
98.16840349240921,186.74694053446453,7.009530753930373,6.484662958422151
98.07037274697905,187.2735243511696,6.993125448329612,6.493829307317491
97.86837614665612,186.7378023577057,6.9724054514068134,6.503490300323687
98.72813290198646,187.4707420066445,6.950385612132154,6.522917964908783
98.21562730577128,187.45761558541722,6.91464025444098,6.5491708073634145
98.02202784855237,187.4464003643206,6.877821186499917,6.571601249556637
98.56966049024555,187.54040616375613,6.841496918542959,6.595377853771396
98.05782657357166,187.73909221624066,6.807187488136206,6.621196654304204
98.70884952165804,188.25419742413283,6.773934863956589,6.648313965180826
98.30269285882044,187.60519592334606,6.740761457968178,6.678086869258975
98.10838674595797,188.22474428978697,6.706733943980186,6.706909355515817
98.86355499584356,187.78776826157755,6.675066784279354,6.735907503322995
98.7750094952395,188.51344704671425,6.640961883345275,6.762921248044783
98.6857224531288,188.39532148207365,6.608453378274391,6.788089788033694
98.70065682407616,188.2829883666559,6.578584636379671,6.80179157688145
98.92756035084244,188.27340567091971,6.546192095359468,6.820956968353795
99.0481109706007,188.26076291869973,6.515586022190114,6.846242472793769
