150.89999389648438,330.0,3.9000000953674316,4.0
150.45897708323898,329.43896652960075,3.9064406803816616,3.997659982275047
150.57980441279167,328.9420034930764,3.9137299289641923,3.995810424572088
151.01254600247407,329.00535544619186,3.920152846608581,3.993664532199678
151.88193126233054,328.0720183315884,3.926142142729513,3.99095324444164
151.87866809142977,327.948487244965,3.932668484531088,3.9886601714795042
152.0004349942328,328.0121660852142,3.9386237870793286,3.9860470450584042
152.12207922052397,327.01499406283597,3.9449301489204287,3.9836325744271974
151.68173527938305,326.89099635340733,3.9516058460577463,3.981910226100377
152.4279885248693,327.26684798375896,3.9583437524254506,3.97982916406716
152.42475145010616,326.3930176892964,3.9648179019517045,3.977342996073434
152.4214428790402,326.3942152989087,3.971435044083629,3.974947776848812
152.66811319797733,325.89397467785125,3.978653941757742,3.9743099478670496
153.10307762960653,326.0202960228531,3.9854297265502003,3.9721543001636466
152.53598476745216,325.0816421639874,3.9917692882605236,3.969718413564347
153.41011990809068,324.51861128208515,3.9987859510108565,3.967381427636895
153.47007784503526,324.7082801403233,4.004321288194476,3.9643973443790155
153.52995964757432,324.7095215855142,4.010048921380141,3.961914453997216
153.65272318091698,324.64711953045924,4.015606171104019,3.9611764059025707
153.90113418715376,324.27127703916574,4.021255727230334,3.959154035589948
154.40137560406885,323.7073412684702,4.026171237334322,3.955952440055008
153.95916449490127,323.9603749508424,4.030682821995951,3.952691151695595
154.5227336192916,324.2134506451863,4.035032897576433,3.949423462723908
154.39640181251778,323.14544317743156,4.0362211844688405,3.947898121663447
154.20697173820244,322.9579685472072,4.037884616278957,3.945650665291654
154.26886168386966,323.6513896452927,4.039827592391188,3.941760011033796
154.14206490469633,323.59012368860283,4.042037308664968,3.9386000033769726
157.09422183277232,326.04269383669094,4.044527818481005,3.934850564067892
156.96947714990645,326.0424857508012,4.042704115239829,3.9352667358474127
156.1521732763059,326.2326425897769,4.044063517022635,3.9318565222232005
154.39281709170143,326.6740285259274,4.045921774479107,3.9282981778603947
155.01958868735096,328.9356203680305,4.048127098736108,3.925809149655937
154.89260556775855,329.12537333627455,4.050953126753816,3.9230135299186277
155.70696512789283,328.49907034059925,4.0546470894508735,3.9199171497572705
155.894144091393,327.6212086460225,4.0570267861682066,3.917531628228442
155.70464845007567,327.87365305672057,4.05928168801909,3.9149579812105926
157.02498849215092,325.04727688249596,4.055643748906327,3.9169057331503354
156.147494634072,323.85406239733754,4.052970557670443,3.917937757718526
156.5193534952178,319.14141613665225,4.062382507796405,3.929109373868833
156.70542804852855,317.189054238511,4.067771073034677,3.932610560934358
156.95534646978894,317.0619202904151,4.071877298186659,3.9349069232897502
157.20530217783318,316.61875365547087,4.076311792378,3.9386348501885693
156.4449885264988,316.6198159272831,4.082359375018336,3.9365103065640428
156.7577544300707,316.6837512635894,4.088208519262359,3.934915824229086
157.26006454886868,316.55756550938383,4.0943294756162985,3.9346020341527095
157.32248616029563,316.0533203029856,4.095919863755041,3.9316235590082966
157.51274493729332,315.1054239154841,4.09463647144308,3.9312455255940377
157.76462426215554,315.0430960394503,4.096418999485878,3.9295159832198965
158.2066942372921,314.59948202107546,4.09697995984052,3.9320431093417367
157.76092956115372,314.6621566613894,4.10346684430381,3.9331284669729194
158.70812283320151,314.28427808610286,4.107382032753349,3.929564924527961
158.7057498933184,313.33660675708876,4.11212791251955,3.926532346081176
158.70337630762603,313.4012975363008,4.116875083904297,3.923735427261957
158.699917398589,313.0858691195589,4.12379290197834,3.9215189870570692
158.82331153129553,312.2632238030869,4.1303802640207365,3.919868041540669
159.26384769904706,312.39107212251804,4.136661018136223,3.917700856855024
158.8809617772394,312.454668593981,4.141461103135068,3.917336540365183
159.76792848347154,312.00976685841465,4.144098689757016,3.9188545119548257
159.8328595320236,312.32582236646334,4.141199846500852,3.921559765097218
159.89783893421097,311.4992800158543,4.138201855773987,3.924153888892379
160.08937636058613,310.9268436582266,4.135992138464478,3.9264311978256625
159.32796382895845,311.1797853354605,4.135338316150885,3.92837413854747
159.77068840147575,310.481667031614,4.1387291556954615,3.927862199044605
160.27658805669765,310.3540263434773,4.143106512600153,3.929099408480859
159.7015665548471,309.9086781751566,4.149157860719533,3.9300244574476757
160.20694968848144,310.0366584539803,4.156147729978415,3.9285029339321045
159.9495137297165,309.0174967094333,4.161800788845191,3.9299509883735104
159.94923823199406,309.5283009651687,4.162351784290085,3.9276711505273227
159.8851766782978,309.0836311475229,4.163086357524394,3.925291046711305
160.77867900251786,309.1459221862684,4.15915334031476,3.928071228593898
161.00211325531,305.8151670129846,4.155726362230382,3.9285402054948646
161.11766112581924,305.1260848099669,4.157675531834984,3.9245717956558708
161.21614375942488,304.42638717150703,4.159501310824227,3.9214637951590947
161.45024952219381,303.8448608450566,4.162170708496747,3.9176389618193412
161.68669545597135,303.27782980495795,4.164257096225296,3.9144651043445404
161.88891045310555,302.73715137446345,4.167200444635626,3.913673557762648
162.00390202242667,302.2417388966851,4.168982520701205,3.9126509668991845
162.1378012893891,301.8905421256071,4.169854365443034,3.9119014318856298
162.25553427878287,301.6015670540458,4.170483760400532,3.9100512362671798
162.4014491555545,301.34106424795027,4.1726696837835,3.906890033221224
162.54864784431058,301.09660312929356,4.176521924085404,3.9048741302167755
162.6089625827328,303.3249837208138,4.1831405508414825,3.9017965731940856
162.66838943086645,303.4535639485745,4.191589425228895,3.899241258982103
162.72767650844597,303.5820857669295,4.200409130535301,3.8969853432031862
162.84967119512717,303.20001402902807,4.211411036552464,3.896154980867239
162.97209076305043,302.3710125600599,4.221880044436455,3.8946549845554226
162.13663314033911,302.37210345826617,4.231480083305432,3.892473188142977
162.32374324664934,301.98962798568954,4.24098513511833,3.889973604429536
162.96034202213502,302.5019572733046,4.247955203590656,3.889449124754404
162.50739018368247,301.4782420992012,4.2570398506762,3.8870074048022434
163.5296249202663,301.41500960632106,4.26408417599075,3.8852527781574873
163.52611801880974,300.7747884598744,4.271097978903865,3.8826816293903708
163.5221906169013,300.77562541251064,4.278952782720779,3.881007724117928
163.58229305236642,300.32653231677926,4.287213018442811,3.879938169014367
163.6424370853932,299.87702319876183,4.295501520482901,3.87892042839372
163.7675992825697,299.94152673300295,4.302555640035236,3.878602616864211
164.08615176131423,299.5531630535942,4.309420100273146,3.8825666744093885
163.56679933554975,298.77899577183604,4.316413948566098,3.883334733071758
164.07930905616746,298.7785298337545,4.324073434635369,3.8842666092348246
164.01253560567304,298.45252252193416,4.328401534326986,3.890187226389299
164.07697966149163,298.0606484799826,4.328894014009882,3.8976517623717815
164.59315766691682,297.6713551759968,4.332597156797385,3.8991940051151306
164.13735901898949,297.1527983295546,4.337067391838743,3.899591057069834
164.71866010936245,297.08653101624935,4.3414538902739,3.902460274882563
164.32814659260103,296.63141732667015,4.3438045557972655,3.904231891374823
164.32504421969182,296.1118104242261,4.350009301615675,3.9046919838970924
164.2570595925973,296.1757066076524,4.356030559095413,3.9068476137539743
165.16417804494284,296.1094401804381,4.362857505188271,3.9093044788408315
165.2263510686311,295.71868497548314,4.368732763742659,3.9094870531655013
165.2889643480942,295.26208838835856,4.373821709424498,3.9104716951585337
165.35323568952438,295.6555280950849,4.375689314892752,3.9060540116775484
164.43977643375715,295.33153895572156,4.377445753375498,3.9021886928857374
164.5040694980814,295.9199870639862,4.379193856711039,3.8983005642127644
165.50016725771889,294.585174035413,4.382158776008352,3.8943830514861264
165.55208408888905,294.4625495772709,4.38550322332272,3.8900822091546634
165.63620509966742,294.3774556591041,4.388128497521958,3.8860347709564156
165.72379002231406,294.1627335553626,4.3910021834145665,3.8818142601740084
165.8099443179792,293.9292201776051,4.394807850019031,3.878034392585069
165.89439127486878,293.6735855744369,4.398365762123747,3.873917990833009
165.98356029839897,293.3979308092151,4.402294561875621,3.870125353417586
166.08113241712118,293.0989350605638,4.401283673095208,3.8690896362965317
166.1845604804707,292.7756549194316,4.399027772879784,3.869607349311434
167.22779820271631,290.4313848867054,4.394920038524528,3.872820066957951
166.90039040331231,290.1060510586162,4.3990570693921285,3.8728091551961543
166.57283832063214,289.78055105091903,4.403162790325607,3.8728107261636553
166.1795029909452,289.32451511444555,4.408253221313955,3.873038999327379
167.28628056473082,289.58371940726505,4.410579076601769,3.8760141790669578
167.41486238113922,288.7354065911177,4.414274705590179,3.8770546096277725
166.56560261800766,288.73334495968686,4.416247726592754,3.8811778724893746
166.62755732861845,288.2765740407524,4.422938484843917,3.880518454048888
166.6898495485975,288.3416638454556,4.429047376937899,3.881032176694516
166.7520471698927,288.21045023371386,4.435448369144036,3.8818669305849465
167.21011676340095,287.7521299219948,4.435670736371364,3.882145999779189
167.73313734007505,287.16246150574676,4.436963257748676,3.8832324482090557
167.34018516588253,287.09613716949565,4.4371427651294875,3.884926980543768
167.01213431990814,286.57206901439116,4.438324129557447,3.8851907667194676
167.73106542008273,285.78644600891903,4.441534488674717,3.884357621882199
167.4670438128178,285.58995110374053,4.445405737696506,3.8842184581080836
167.20550536755093,285.0646286835308,4.44407968125051,3.8860574045680907
168.0571754495291,285.1288635850215,4.445165043957687,3.888697257483883
168.05691774864772,284.99771026904654,4.445680445720448,3.8886663632811524
168.1227371431087,284.4720888304032,4.4452179104172735,3.8904992116169437
168.18842415057247,284.86463143607,4.445042343861192,3.89260469051203
168.38410416847816,283.8132340763223,4.447370670394306,3.8957281441701124
167.79101486004492,283.2221653758012,4.451709217665739,3.8960254756172916
168.11719351907965,283.55051828443544,4.456289666237962,3.8962574249904423
168.5089066716147,283.48391315255117,4.461636783411428,3.898005451718408
167.97923284567196,282.8925621832534,4.468399783037047,3.8965496565215525
168.4367957339683,282.3007804918318,4.474855573962771,3.895222452555294
167.9720774156241,282.1699359151155,4.482159719446622,3.893445179929497
168.49577600375432,281.6433605833978,4.489305002043803,3.8920533845072036
167.96516782918445,280.7206454752606,4.4952726313405895,3.890798341056413
168.4896833718998,280.58891078492934,4.5020680445042816,3.8903110970703323
168.02544684182655,280.0612383282291,4.506011630525191,3.8890508971846014
168.55231100155288,280.58975557396593,4.509214711138737,3.8889478057771356
168.2210137822003,279.5996342170666,4.510987563511344,3.8867257605781305
168.8141800232711,279.60170576088154,4.514059732118358,3.8825826729481436
169.00309574870806,278.4856340073677,4.517029398851931,3.8789377599056474
169.03013544424996,278.13918936122576,4.519902677972146,3.874314594049341
169.0970819301374,277.74713545808294,4.520067411357591,3.8721776110223507
169.1614039163218,277.364995303195,4.52043953018735,3.869511896964139
169.22443157700346,276.99395184802455,4.521027560015579,3.871223754428302
169.2867386190301,276.63228681599594,4.520961071374694,3.8719603049878044
169.3498578366008,276.27856292425,4.517047203979503,3.8753222176036677
169.41109680145192,275.93458240750977,4.514444853664706,3.877948492151024
168.94746729158547,275.6067469537198,4.517223571326808,3.8732763268233166
169.53968968788405,275.47576837289324,4.5211075947960335,3.8711604182393344
168.81077370906107,276.0060338330296,4.5262511983448315,3.867130119128162
169.27029667096085,275.28119405772463,4.531746405861594,3.863959320526772
168.80783942320977,275.27978404165344,4.531882225880869,3.8667793526691474
169.5371885628121,274.8155501883364,4.526929253718759,3.870136409367106
169.0770016596615,273.95496449012205,4.522350435599834,3.873538646158345
169.60771739749387,274.0853233998579,4.517878888938112,3.8770608089373813
169.1473506504559,273.88623047050277,4.513860246191721,3.8789243232951227
169.611501491611,272.9601051278594,4.51008528372845,3.8821215688880613
169.08487842866091,272.7611219059743,4.506785744726979,3.88388338832006
169.54875453663857,272.2979665592563,4.503351758791817,3.8858758517359577
169.21981515336327,272.36228972469183,4.501108899927601,3.8892538459478394
169.81512522351835,272.2941923108477,4.498883279996277,3.8934048380384314
169.41977432348835,271.8972283520904,4.497129088697962,3.894876764194778
169.0210923202643,270.7747122647524,4.502058304648539,3.8946770324610003
169.6141944805727,270.51083493522583,4.505163823262942,3.8938495407446623
169.28093914369398,270.90694510870435,4.5107729395803995,3.8947110627155714
168.88059845447984,269.78293167465154,4.517768838663529,3.8939624060099125
169.47247439880005,269.4531403827637,4.525410962006213,3.8916594275726815
169.07310974521357,269.9836096235968,4.529390323164243,3.890387540593029
169.66585538535148,268.7916022613006,4.536393897252002,3.8894125564582027
169.52915981343685,268.26233601510785,4.544600968631075,3.8872087590429385
169.32644863188608,268.3956566811826,4.551972912814489,3.8859343728388724
169.0575508081115,267.6647580819165,4.558660964693984,3.887185683279188
169.9838335226505,266.4696119644961,4.566700148170011,3.8852719876932653
169.78091237197395,266.9362987587511,4.5735612551606915,3.882854519362401
169.8434097703632,265.8712615688302,4.581627259196966,3.8839560861677245
169.90663312443746,265.4720873828147,4.588383593181876,3.8830862053980186
170.0364748321266,265.9382369339584,4.595286843014544,3.883840431348865
170.16520567204822,264.8710074886097,4.604649169293533,3.8837072730687043
170.294787902104,264.40399876810983,4.612593339585177,3.8828445076570928
169.62260840865028,264.87252704083465,4.620322617520893,3.881428758487672
169.7523108286373,263.8679292862817,4.62843652880538,3.884233633155092
169.8835563770164,263.3289117864305,4.633804761818807,3.89083131377089
169.88392570069078,263.3931940850056,4.633066114470031,3.8963854237379096
169.95081728195143,262.9873153796677,4.633479716115481,3.902962249413117
170.01772940958398,262.58110469845775,4.633964500363738,3.909529374752889
170.0831707880453,262.0419037656124,4.637503979229848,3.9125533541335167
170.08142304078845,261.770557323098,4.640999473743562,3.917144166718511
170.14585903097654,261.2321357281265,4.646780834719404,3.9167606258454915
170.21075356023994,261.3659429100427,4.651728136468684,3.918618982565401
169.1970416450415,260.96122349924553,4.656513051072737,3.9190022378425584
169.32902707443492,260.5571553591496,4.662387332501451,3.917603097387808
169.46307649508515,259.8128548033589,4.664269759418698,3.92130723377179
169.46156625613918,259.5424873818968,4.667290237310639,3.9217248110939
169.5276861873849,259.40731002472717,4.670182995729886,3.921814283611893
169.5929838777438,259.88065548033796,4.674766284072296,3.921374055811776
169.86172096468826,258.7304580128892,4.678261097368618,3.9226507951719696
170.3366138676164,258.1878334785489,4.67569215498511,3.925366305598057
169.72651785881848,258.32363079234835,4.677996718267092,3.9244133345132806
169.9289385363076,257.8488464297022,4.679178397249503,3.9265949805640004
170.13255594503056,257.3047607459157,4.678126698120953,3.931611365957452
170.26739783312803,257.57322075820883,4.679360822578172,3.9365271426755424
169.2517333308279,256.0110757518165,4.677332664283681,3.9430028390214344
169.3862277061727,256.00743972263575,4.679604154484236,3.9502748973829496
169.45286124488854,255.80082642300817,4.682119296981883,3.9561548368501467
169.3791435404017,255.19040506907865,4.693639045061431,3.9537565966622115
169.44278623161165,255.18937688823843,4.70240844774979,3.9558129583426505
169.43895877304195,254.84736547451783,4.710063364889206,3.958720011892337
169.5048503278126,254.3012533334252,4.714668278493654,3.959840108911934
169.4998880800942,254.6415795417143,4.724592773930467,3.961573058827298
169.56388917747293,253.549062816773,4.7332485876185855,3.9600783735809113
170.04267296235264,253.13671183918206,4.733052514324913,3.964176188934995
170.45240736297112,253.20312422109726,4.734565887174828,3.96818178745233
169.49381458899833,252.7935994386022,4.734896263164288,3.9657219930326932
169.56072768289437,251.62942322761467,4.737953764928848,3.9670516925447723
169.55907835793016,251.35465886387976,4.741252414857263,3.9687714416998
169.6270533605788,251.90194600837717,4.742333210310147,3.9704435587060845
169.76493032850888,250.66623799806962,4.740728080262355,3.974520327010066
169.90268924160068,250.38991613628409,4.739440934957734,3.978702688823139
170.04137993610874,250.52440283183728,4.7363852780625635,3.9840550298377533
170.10628883197435,249.01501470538184,4.743769429581365,3.984388531247987
170.17191763144245,248.94675543839608,4.7498330187375775,3.983585877127093
169.89330658100118,249.08499270862757,4.757448109480871,3.981914841733698
169.613999193999,247.98553079416942,4.766093996187258,3.980963121457898
170.1612056761231,248.535127418073,4.772562110961518,3.982650952673234
169.88107092049427,247.84651453945935,4.781883582836244,3.9825066114431604
169.60026164935323,247.84724675361184,4.791988939786791,3.9810421831381593
170.14644184081774,247.29286112714365,4.803711202073836,3.9857307908584936
169.72723984514192,246.32523960266204,4.812516332991234,3.9852431654751075
169.24067358559154,246.25322163574873,4.816889603815349,3.9908849209764243
169.7262190978566,245.97407662857884,4.8156663516375575,3.9949647796863075
169.1722162951131,246.3897700929823,4.814875736510428,3.995175016339975
169.45099189492507,245.48779053440052,4.811687517157353,3.9974544476233196
169.73089268412937,245.00345377586555,4.806199604495271,3.996079049636897
168.83229141764662,244.1738881707346,4.803269873366923,3.993549708427513
169.24904330179587,244.10456930857325,4.800080887303862,3.993801635710992
169.38906434392683,243.61967730661942,4.796720285237284,3.995200451934914
169.53033986575727,244.03351987857786,4.790792300421167,3.997384484552479
169.87925558012103,243.2715802582285,4.784237917783636,4.000454223853248
169.53684450153568,243.26953742577263,4.778040666255797,4.00453988876499
170.43669956917213,242.71595267500385,4.774594974965338,4.006315886313367
170.16080586633305,242.71752445919904,4.773783682172522,4.003172317923
169.67709233609762,241.75232754434398,4.774605047451935,4.000354757250166
168.63723319162435,240.78792899643247,4.783516350528121,3.996398666260907
168.35679884918966,240.3069441995249,4.791875431426189,3.991476453126242
169.0434988749493,239.82579262499135,4.800243871314902,3.9865416582078113
169.0396974062799,239.8972905326502,4.807846808653687,3.9817720057480317
168.96526091686474,239.34641015762568,4.8184535067465,3.977402509896968
169.09733635125136,238.31064198813345,4.8310206760291114,3.9735535634625663
169.29879809863488,238.1740408370038,4.843567870098705,3.969775406497496
169.224426800732,237.75851192746347,4.853688297771536,3.969100216780734
169.01228219202483,237.82912549832477,4.861676952259748,3.9666399293668873
168.80011616763218,237.89989968253926,4.869459381502168,3.9639414341188264
168.31077656647938,237.27746814216943,4.875657793425613,3.9584720700814557
168.86279383626737,236.30739199697135,4.883083879198849,3.9535682661163305
168.37244476687374,236.3098943811895,4.891011103315264,3.948563497680038
168.99852567484842,235.75499659620755,4.889920942325471,3.9462953743465343
168.58225442162595,236.1033786918138,4.888736422939418,3.944303704659944
168.30551063493908,235.0615585312975,4.886607700354024,3.94438291584592
168.8628442480977,234.36547182528543,4.8829219289692105,3.947829509204535
168.2396301780576,234.3648016572714,4.879502978955379,3.949169845232562
168.65779314122526,233.6005774780773,4.876223659363662,3.9503660912575556
168.10482413879532,233.52779832572435,4.871680812382498,3.9571142894833033
168.59222947843492,233.0404012388264,4.868816799989099,3.9599617963934266
168.03828532289248,232.55257134056117,4.8658924012405365,3.96366047181965
168.31907760802946,232.20407506292128,4.859773734903547,3.966320647178194
168.45762051500245,231.4429439030233,4.860318842460891,3.9616128987058103
168.66596316761513,231.3751250804986,4.859876696821169,3.9585028238933195
168.03941284692033,230.89229922469218,4.864761639423185,3.953320103115821
168.1072621360547,230.89372681289646,4.8677449191850375,3.950464926707239
168.66130826960747,230.41046598558228,4.869104583848091,3.9462161410380534
167.6191265973034,229.4413272555392,4.873963567588007,3.9436228643139204
167.82802625841012,229.44153626870767,4.872163043301398,3.9432048379769413
167.75919908914437,229.02507019465733,4.8711855275970715,3.9443458606628123
167.27438550316694,228.81713039883994,4.870365516471684,3.9443195166917913
167.8980775039974,228.60897919256115,4.870582159461924,3.94475504769893
167.4152076094704,227.98557876656105,4.8658932644891255,3.9438618773789402
167.83156491458652,227.9852286697091,4.864455917111926,3.9445620710828306
167.34739813681333,227.84407292541394,4.863041204672882,3.9498026259630503
167.90309206380132,227.3548970482089,4.860441569700092,3.9579646887453444
167.34850133690588,226.24158976275294,4.860098142781872,3.965529498238979
167.6980091745281,226.09918936415454,4.855120745541535,3.972714984234103
167.07575716085861,225.1253327670382,4.849999082118027,3.9765659928362833
167.56247736468927,224.71017763563978,4.848374145390799,3.9738915662610874
167.91239031245266,224.291912543577,4.842361160720506,3.9778462573587996
167.22150924926032,224.08178891418996,4.83678327226341,3.9818915116804012
167.3629865344973,223.03964398490234,4.831255770360995,3.9854783559685893
167.64327403392159,223.1071410455516,4.825426377860768,3.9891706362571147
166.95274028629387,222.55013271228128,4.8199309905479,3.9939369967430953
167.23287599287457,222.26974894037602,4.814254011352139,4.000110106588014
167.72087160215628,221.78188658116738,4.808888220890009,4.005209396903993
167.09890604819503,221.84802557360484,4.804876094978723,4.0115917713439435
167.51693824490877,221.35773395858396,4.801020311598689,4.021264956330348
167.93471330258052,220.24305580856105,4.798257558346333,4.02985495746647
167.30997588592652,220.09980291948105,4.797689326499001,4.038573387814181
167.3770411611835,219.6104218211356,4.802584084231858,4.044158426777111
167.4431814990482,219.9583599387014,4.809494138504188,4.044235841653891
167.3056981273001,220.02503851401903,4.805863775602887,4.050177244217355
166.81737284951012,218.76877007706165,4.807146787758811,4.054626149327382
166.32759326793965,219.3947769322718,4.810698535780158,4.057479115489394
166.74455493403298,218.21082913516037,4.813957301046285,4.05335876692941
165.975335438172,217.65468481269897,4.817739135881194,4.049533115934375
166.1154025800648,217.72529296504572,4.816626876164739,4.04782782327537
166.18334356769196,217.44939456613074,4.820211297738211,4.0417590337941425
166.25134798338456,216.54621410790736,4.823626381552205,4.035609052650376
166.31939109814687,216.61888777560088,4.826917623828497,4.029639189064194
166.45807882464874,216.13425702940845,4.82820613185801,4.02357681783273
166.66985113978615,215.43978952668155,4.822423813262775,4.019970784354519
166.18564543357468,215.43800000326888,4.8170870507120735,4.0235498311798565
166.7447657692406,215.43614934325353,4.811505136899605,4.027251151210605
165.91199904663287,213.97621452042253,4.808367008230008,4.02694554257374
165.98308148007334,214.11588912857866,4.80520480933029,4.025601662223988
166.0551947036487,213.28211989189214,4.799910632105682,4.025952896483189
166.611883416218,213.49171497730987,4.797383689901276,4.023331656748021
165.64066962099162,212.45296775157243,4.7969595172189345,4.01919921914957
165.91900060682,212.4541135243561,4.7951055973558265,4.016907673582223
165.91916094759884,211.9700545146143,4.794784915798131,4.0145700941169284
165.84900492695925,212.38749787564169,4.7965030492478515,4.011246819038619
165.36265505134455,211.14280623293195,4.799234923545614,4.0064269923480405
165.84561056016264,210.72932232431467,4.80304271862186,4.002207255829084
165.50001877234504,210.8693903168915,4.801616783432809,3.999115075005135
166.12388907687387,210.93906078081696,4.799926883840353,3.998224225983669
166.05547847831218,211.42598121348092,4.798338399066124,3.9932511339391175
165.64360689507447,210.6647592674293,4.7922514244086925,3.9943397672988006
165.16280037491526,211.0096953946026,4.78626281962664,3.9956115451667857
165.40083678721876,208.82735345485574,4.787189932577893,3.992830981285841
165.32281357025082,208.458003036743,4.79173578525693,3.988362477404842
165.26388225146388,208.10070589287668,4.791792215362555,3.9875960676685342
165.46967854276605,206.23875237937196,4.794538625923406,3.9824521561913526
165.53749655835605,206.2407322774502,4.796974933595034,3.978492360034852
165.60509550282433,205.96712610225305,4.79982302383022,3.973520793742086
164.50132061595937,206.17563937766275,4.799218986576587,3.970523082482111
165.1934365023037,205.2795276354276,4.794506608862962,3.9693713534847985
165.26137436782855,205.1428411993726,4.796491690027249,3.9670226011667866
165.12114430185983,204.4551990986549,4.801244889526793,3.9637721404126074
164.9116912152336,204.5254449077435,4.806528588196906,3.961154680429586
164.4262314189439,204.45856115885184,4.812055742605328,3.9570089727598567
164.9075835455108,203.90655083914064,4.814870513989069,3.957579298447917
164.35506276000694,204.1137104816241,4.816041702303967,3.9572114069907838
164.76895937482362,203.14996834356353,4.816223692471461,3.9527535035765675
163.87223543434513,202.3918526826385,4.816625047846279,3.951791611472457
163.87091279652807,201.91081912886497,4.819270323480386,3.9484377019179755
163.9383778311719,202.3267189836976,4.822244028489622,3.944060638034024
163.86795119508454,201.2251774352865,4.825218544409086,3.941083634772019
163.86735658962291,201.0196704437445,4.826407755332378,3.9384685413599017
163.86539466154068,201.29718776718744,4.830331611496845,3.934843331936589
163.8639861865255,199.7797304680796,4.8331485615271905,3.936969028386302
163.93412286423046,199.91730660080157,4.830806907403084,3.937680165514127
163.93568836333736,199.98570129090336,4.827675909189306,3.9387980034656995
163.79723667379866,199.64125213016337,4.828824936264145,3.9383104449393858
163.65750540813534,199.15911632474575,4.8325135645292265,3.937373395059131
163.1714532346574,198.12506745459373,4.839118530357001,3.9365438900887093
164.00079684341523,197.6399859180658,4.836629935011189,3.9405911002122083
163.65471674111186,197.71122690464543,4.8385712927573765,3.936152896425089
163.58705490729128,197.78067804169845,4.835893140072728,3.9352524426447877
163.03544430460173,197.29769189933705,4.835545465872817,3.9356019577359507
163.51841777082362,196.67734443686007,4.835223481023535,3.934779092925574
163.79717277690995,196.4011719584283,4.829426130860771,3.9354113877792063
163.11075961804204,195.78216027386858,4.8237593159667105,3.932790937531791
163.4557418851313,195.7132725221833,4.822394076479285,3.9328465819641116
163.87141864695207,195.37028792034826,4.81723922205468,3.930316894620012
162.97954495472194,194.33838132952113,4.812451078350229,3.9304352360843176
162.9826797502706,193.85565678731226,4.806181487252948,3.9333284761016216
162.9840865162535,193.92556498190345,4.803367955287117,3.930970452372886
162.9865214558149,193.92533222381746,4.798498076164303,3.931435968544881
162.9889383576603,193.92511989604628,4.79366427247359,3.931860624087207
163.33252216424273,192.96656043509017,4.792707569648182,3.9275889970488356
162.78204477094192,193.17508074504616,4.796394742896691,3.922023732144308
162.64811852141244,191.69499484225742,4.799596557525944,3.9183155473310256
162.58731749660205,191.34564469445576,4.8015158471122215,3.9161521937769836
162.505577026986,191.04203098682262,4.804380456520267,3.913299026700801
162.43612561682278,190.66295556904305,4.808254699124359,3.9094014207669545
162.36547900153641,190.28688115438234,4.812729465802869,3.9047493602987995
162.29420656657385,189.9144579930618,4.8181513472561015,3.8999881778529044
162.23597676707385,189.46991951808505,4.824091619716466,3.8952357281379255
162.18862832054566,189.0341241915714,4.825105622150601,3.894452069452705
161.63862114369644,187.59498369864252,4.828158394130672,3.8932089032998682
162.18547390705146,187.11597145234393,4.831628263820894,3.8912049240468605
161.63486061647768,187.66615173597594,4.835513063605716,3.888186138145533
162.04338800458234,186.91326823603765,4.841528900394711,3.8849903475252017
162.03942539437097,186.98290094478975,4.849454120817466,3.882943879279461
161.62510584029764,187.2585203929148,4.85424920119548,3.8809343348751
161.00719847099464,185.677817187823,4.853929304928267,3.883330011493769
161.21195392636378,185.7469279624093,4.856565066857722,3.8824906865437696
161.28060914273053,185.47137639428297,4.856663667819718,3.8839576880144646
161.69076481094433,184.57964743102772,4.8609583001012355,3.880769348988534
161.07260722832794,184.58019462111707,4.860237134384602,3.8796749688098178
161.20919216326095,184.1687997105659,4.8619066241461875,3.877946711029286
161.34755701238393,183.62001578889175,4.860011420049646,3.876176577779819
161.3477996942672,183.61822976147383,4.85952605628311,3.879748632615652
161.27592524857008,182.93302769894177,4.865864974657844,3.876053027484129
160.9984024500387,183.0027332989427,4.871121739604507,3.874089035511283
160.92689637590746,182.93569404960084,4.8766379764320025,3.8706716227600415
160.7195309615861,182.04428924732883,4.878793852826789,3.865656434229731
160.37363960597426,181.97643434520447,4.883193484117969,3.863889622491976
161.05999070451264,181.97576118375267,4.885644508729635,3.865235945395557
160.57565968395673,181.2892436509895,4.891283531510839,3.86252384187814
160.02428682270045,179.84345650616024,4.89309298369355,3.8641404219208457
160.4362263199181,180.39240370329918,4.895239935492167,3.8676139559547558
160.91757442887274,179.42671443641032,4.896865604784058,3.87034871533
160.22811772138846,178.87394849554033,4.897483335057015,3.8732440493135174
160.57294731794354,178.87427215847566,4.8972543291495665,3.8725967234429093
160.02381951366766,178.39016164457166,4.892533772602466,3.8757136067893563
160.16382015822336,177.49459700029612,4.888233125247954,3.874788723920818
160.5111643133256,177.49328518115223,4.88239197746127,3.877412362208574
160.7895136022363,177.4917589493639,4.8765834953721034,3.8804648257852246
159.6201622278846,176.66518905415455,4.87467451501205,3.8814081015709316
159.5532565085494,176.8707121204766,4.870816865682753,3.8833692329258738
160.1046017721745,176.31940995147986,4.869260492046368,3.8848394173055647
159.5554975337554,175.35660836596355,4.86633493802538,3.883458034334627
160.10711549455894,175.3560342115875,4.863695057106915,3.884606343086731
159.49069425182023,174.94331977224743,4.858563659875853,3.8847192999612563
159.6300053360224,174.5984895288637,4.8548931084399465,3.887000744307547
159.08151192886183,174.04976146447888,4.8522278807326344,3.884804831048717
159.42653660730983,173.9131416290523,4.849078719659956,3.883284423572545
159.63419978070027,173.22636791686583,4.845673674470435,3.8837608426407306
159.08582604881798,172.40458553938396,4.8443203415547025,3.880174402583997
158.6765629099156,172.81455406295942,4.839744314110417,3.883339660682095
159.2964947299242,171.85208689101017,4.834364116135543,3.887966428070257
158.8177159047941,171.8515237293719,4.831821032349564,3.8890927513468005
159.4370434457799,171.30490590111205,4.827394185958118,3.885236642906463
159.02621681944254,171.65018938490635,4.827010942634107,3.879700088650083
160.39360600040112,170.48895090266635,4.830442903802641,3.8746982785072324
158.91429423257944,169.87855597575833,4.83008180771294,3.8716927353576858
158.83745263083247,169.45003761888563,4.830976917322675,3.8701129612471767
158.7827940549234,169.00027294638147,4.832273507028252,3.8685482446523616
158.7334933793825,168.56779095599578,4.833247421240457,3.8671257432489052
158.67125724434058,168.16745583831906,4.830172620817566,3.8633946050941472
158.58170407149692,167.7074593213752,4.825946920814668,3.863852231362117
158.50119939946697,167.26365762029778,4.822459999419853,3.8652574213089217
158.84547326743248,166.71506428722677,4.816945686359419,3.8695906108579767
158.64076601760542,165.82769948241696,4.816583248467032,3.8686201577761867
158.3679716331467,165.55452409526598,4.815887900397554,3.868686815091305
158.02699107205046,165.62257694318856,4.815041814335931,3.8691425608969467
158.64037458295118,164.7347166347356,4.817277396411219,3.8696371944253993
158.57381207857702,164.3244753078047,4.8138042490081405,3.870530911378678
158.43967240705453,164.3222903589279,4.808964893810062,3.8749008091323294
158.23662845233335,163.91173219271914,4.805385193155117,3.8766819213551655
157.8283967587675,163.43314130832778,4.802669947423685,3.878155285130886
158.8547822152704,163.90830710884396,4.797578279360953,3.8834073317386446
158.72022319487166,163.0874006630447,4.793658724804992,3.886994651216325
158.78934532286618,162.94972641108714,4.791931131103604,3.889309830556129
158.24383416931565,161.37886095171595,4.790732725396428,3.8909061999748067
157.76651124776598,161.92467549940517,4.789633509144746,3.8915571724260922
158.4515220037818,160.96823122562998,4.784898542153589,3.893044556919685
157.90740956305916,160.48986192533283,4.7812836419614,3.894423348581146
158.52393104096737,160.42019772232325,4.776261254741211,3.897305024756293
157.49869581709675,159.94445301060756,4.780489520450402,3.893881429906024
157.0867329157298,158.85375627616608,4.785860739577034,3.892462675836423
157.63023225480273,158.44594714645427,4.790744811511702,3.8891688726996785
157.28795300606353,158.31070143748371,4.792767873503037,3.88664611644588
157.01232147541737,158.31292792216917,4.798041570807119,3.882193147075004
158.38029619191445,157.96965133423686,4.792217318166286,3.8862150278512613
156.4692100088591,156.47078525192404,4.792896201383895,3.8813451702037582
156.46863944601708,157.0188681257676,4.794037327067953,3.87648765076193
156.46826252239663,156.54400262401484,4.794791174308861,3.871751664321196
156.05954255110134,157.09155599233557,4.794507137477108,3.866943566909493
156.9404072909408,155.79742045765022,4.803444208729714,3.8673173695340757
156.73122149159386,155.59249165874814,4.81277081976073,3.868129979675299
156.45606510531155,154.0241765111282,4.817065198636557,3.865154511204684
156.3856491443681,153.95632142420627,4.8213748517697965,3.8643424162949156
156.73003717255656,153.47792123496924,4.8154748559765155,3.8651163099519095
156.52389869882916,154.0262261534862,4.818260040439174,3.8604845075638674
156.9312546496726,153.34641750670863,4.8223376294486515,3.855452649958269
157.4091582866826,153.48461449318597,4.821651522716575,3.851950439085899
157.00043090950356,153.9621170475765,4.820834791146293,3.8515953972212573
157.61594245663474,153.61979477475597,4.817054419135942,3.8544384305000667
156.36076372474753,151.43560565245502,4.8155266393294465,3.8543492731164313
156.3543292659492,151.01976522499416,4.8131324068682,3.853079906298866
156.28228820043813,150.59703263407647,4.816658061025927,3.8478924585985395
156.2088058056666,150.17306379009003,4.8186915808826525,3.843057755728796
156.13437691139964,149.74669893683736,4.820064065279545,3.838530228453164
156.05788655197887,149.31892483478867,4.823412636265478,3.8335248158362676
