312.8999938964844,150.60000610351562,5.400000095367432,5.420000076293945
312.22006720907774,150.61672998044466,5.419066208744585,5.408914106744232
312.72115478141404,150.62233355589757,5.440007201932198,5.397706955838422
312.0236425995917,151.13822312276457,5.469652854370259,5.38996185550938
312.0125350049942,151.65571859701942,5.491868043565195,5.38106932685912
311.7490687273841,151.65851822059946,5.50512518609869,5.375470079699031
311.139002027124,151.8343040016418,5.5258441774935125,5.366588348793017
311.55791575085334,152.00956688132266,5.545665664436337,5.359122163191957
310.34642716167906,152.7018105725417,5.5645255982802775,5.348416063328
309.90552435872746,152.96357519213146,5.587086582530665,5.340433597140191
309.8944843012348,153.5709638063167,5.609166697515952,5.330188174155996
309.79843214430525,153.40320045775363,5.629011711975634,5.321196272483283
309.27144635671067,153.49562526537625,5.64842016968698,5.3087738434843414
308.57662305744316,153.75981730645188,5.657798685321234,5.297990292420897
308.5720794344606,154.4553062832453,5.666885931286391,5.2870831144480945
308.3919210881683,154.54646955436334,5.6822475741972065,5.277234097048891
307.7760576659322,154.89592483457898,5.706048843422883,5.268566722472763
307.85549966615474,155.5914092366693,5.7199591016477385,5.25995198765157
307.7597184603561,155.59494187161914,5.738647469061753,5.252886717751913
307.1445532144878,156.11821132352233,5.757608626421397,5.2446643862685995
306.54270577829527,156.72211207289422,5.748784077985943,5.24938230834535
306.5428658878303,156.71948048984652,5.748463858915925,5.254645474440751
306.5429661567499,156.71689749417902,5.7482633210767045,5.259811465775726
306.2852953650992,157.3213659198929,5.743666388794726,5.2640644840425175
305.3291033964629,158.45056222968466,5.7496518357332755,5.258688262126525
305.32405304828114,157.67120598892325,5.75975253209686,5.257551544571318
305.0649992853441,158.27614832567724,5.7574927084754055,5.26185735321961
305.05891742470055,159.40402123374216,5.7696564297624535,5.261470908590215
304.8850329975449,158.7116190154972,5.770080385071231,5.2568957490697406
304.7156302160207,159.14201939168308,5.761673653905168,5.2641257322340325
303.93268964245505,159.83569420307438,5.76524090362537,5.2654995738169195
304.01718849200125,159.92084214110665,5.769911079379365,5.268871572598824
303.8465858518278,160.43887339605772,5.763527711712336,5.2755750067386336
303.1517225424516,160.3512564445912,5.762840936345195,5.277007235406683
302.455731062784,161.13300074894633,5.764313619061168,5.277842687893034
302.2835275176082,161.22029605430703,5.7610206464463065,5.277102108654863
301.5917707649564,162.00156366551883,5.754238652761508,5.278649322593262
301.58955174260467,162.17901125111146,5.758676697464966,5.271165964099677
301.50160128364416,162.6147560902498,5.760921727484529,5.267955725330128
300.7113569461232,162.44488299690613,5.778652840330064,5.260422453751632
300.0948106262862,162.45014293328052,5.795174821738261,5.249902581002838
300.3473815127637,162.6288890058193,5.811688734865383,5.240180893313422
299.034564288359,163.2403258043761,5.827518106782765,5.23521633208276
299.71986136156164,163.93745206854098,5.8501547923645605,5.234194635740141
299.01230632687214,164.19998573721637,5.869350534953239,5.232595170935784
299.0047696103979,164.73073081196844,5.884423967901722,5.219676322736747
298.8203272592311,164.646682366069,5.903729936972133,5.212983847904018
298.2013501765041,164.73836467584448,5.916811151807076,5.204601078441473
297.31866778872285,165.3506947204592,5.9316704836053535,5.20529479984706
296.8762173554146,166.3182584348361,5.940111370345146,5.198379326821985
297.3980968928087,166.8488379947727,5.948224562663601,5.189092474055592
296.1661160080202,166.679633876717,5.9581412703223995,5.176922844178697
296.07171790099665,166.42274451548872,5.971690069016434,5.164959320575965
295.5391314486842,166.51610907982433,5.985271592319134,5.1534954221251095
295.3549761067021,167.22198496759387,6.002999589635038,5.144074393179405
295.083951885308,168.10414459821263,6.018805608561841,5.133896544813043
294.55152302893146,168.28428898654812,6.0306943059496705,5.124597439930509
294.4572198129171,168.99124787405245,6.043771790730431,5.1149112429055705
293.9234511293364,168.99365119330994,6.057859022966606,5.110104604390596
294.3579035371908,169.17313505239704,6.067529432277405,5.102566976224252
293.3930142346464,169.7934346908885,6.064136614645644,5.092167695518097
293.2952335830197,169.70861245302532,6.084174859675128,5.086289113020528
292.6742503795562,170.23691877158828,6.095980508029003,5.08409998324306
292.75650551844114,170.9428523587724,6.107354116622646,5.079303899783299
292.4838738804332,170.9412132009782,6.124672096989926,5.082582215371683
291.86122454447434,171.0329956048839,6.135861331263162,5.075318755795256
291.85604817383694,171.64794134712125,6.146214072538042,5.079922199647214
291.2374472346123,171.91291864902007,6.1472854903899545,5.079737793248401
291.2304845625163,172.62248757431703,6.161210834581952,5.0734285816746
291.1436165112957,172.61703658243073,6.158230932766258,5.084330565447198
290.5281643981027,173.230568866612,6.1512119821406515,5.095189174096231
289.82319637121924,173.1345507237201,6.14584102261285,5.110312083218175
289.825161912598,173.22202434473073,6.141909939855437,5.112439465520695
289.6494922035825,173.48382652217717,6.139152597780318,5.119980250786799
288.94300275492253,174.18782642310344,6.135111646143167,5.12900029789137
288.9447169987913,174.27477093300163,6.131683158405605,5.1323218780052695
288.3202062468849,174.80539624833497,6.140225683050222,5.134338943768554
288.40535195994187,175.60525484179922,6.147309709256827,5.131000827725329
288.320327139452,175.60379921409177,6.139928530657838,5.1339120831402365
287.60736300908457,176.21970209071486,6.146944842853315,5.143654284866052
286.99225178372404,176.21840109542202,6.133763413376008,5.146256275451716
286.9047652026706,176.48625216946144,6.131268731114192,5.142957660478816
286.8173148115288,176.75393608752876,6.128793267238659,5.139718562821944
286.1964754143244,177.46512464879598,6.129470744742067,5.135628659607755
286.01438710071545,177.55635738495366,6.139186455807302,5.130393645368757
285.3953305214993,177.9140603693823,6.1362286369696655,5.1241710920942545
285.57151430657547,178.62796387196005,6.138161029703631,5.11356393848357
284.5957620094834,178.63241479095504,6.142569262100558,5.1046621004936075
284.0699616009875,178.81181539679133,6.132571410249277,5.099727111768769
284.1563058227041,179.52244258830052,6.13658250369101,5.092069023750092
284.06665175154575,179.61421377564727,6.139252857209918,5.085164437854274
283.4475474936386,180.23504751895103,6.1414888182433085,5.079469506027748
282.7448758145626,180.05662336121577,6.134751950737785,5.083297765083951
282.91955154033474,180.66849584192025,6.13833668829119,5.09482946551704
282.8328948348017,180.6633431444424,6.134940768493429,5.105134860472742
282.1273303652281,181.37369492686386,6.131483793254343,5.099017210016107
282.12395537433883,181.37972462741226,6.138233775032818,5.0869578089192755
281.5064290015908,181.73428538774633,6.137221240180055,5.084159305593355
280.7994086423607,182.4422307046362,6.139101862356055,5.080428768097932
280.79527708049955,182.52673540897317,6.147364986078331,5.087908125504661
280.4409268296157,182.78619573443325,6.149118831947966,5.099197466507964
279.8217373764763,183.4036269284871,6.148876992481886,5.102955824145115
279.6431822948038,183.49652072982718,6.151981700263263,5.0941709492467275
279.1053391969031,183.85209536818778,6.16621511660192,5.090656858834044
279.1014760199265,184.65404369826686,6.1739414705551825,5.080400668004636
278.9300338777698,184.74373978877674,6.162776860323666,5.078032934257343
278.31368927655217,185.36247211440934,6.157764934615777,5.07826941113529
278.40147252721255,185.36510521131203,6.158939580846133,5.073003217329939
278.22132267451883,185.80819395220473,6.165890902214708,5.070196695591366
277.59870720909396,186.5207155341178,6.173971184989835,5.0590399867077975
276.80292408770794,186.51745746066473,6.175418866558618,5.06555613361393
276.2632036919412,186.60560345373622,6.19401533919844,5.066071533953234
276.2532907100797,187.31496670935397,6.2138413029215895,5.064158185091656
276.24462365388933,187.31558028158275,6.231175415302232,5.062931040634072
275.6134274630579,187.402944209312,6.2502144391762675,5.065825093431113
274.81888873117293,187.93312014223898,6.237641493221842,5.073240167393486
274.7222758121944,188.82488458157144,6.252979330746717,5.068591293050363
274.275366989741,188.82888982204918,6.256555073477534,5.060580812094903
274.2665740150136,189.5445540286182,6.274141022932301,5.053041538584625
274.08091374935367,189.54569183973302,6.28921853430361,5.050765916354984
273.4558084147948,189.72481780334428,6.291217288709185,5.049145964764535
272.4686066272741,190.44054256612162,6.304096445548561,5.044259652447647
272.29579771843686,190.5261683842298,6.292836782072801,5.05144675680642
272.92300180071265,191.0610219944615,6.287106294086772,5.0520346876850155
272.29753419973514,190.79712198888558,6.289912523065445,5.04492228184702
272.21471631797874,191.7802818563654,6.2773163406669035,5.03915395191269
271.59581835654916,192.22184839028438,6.269495465452166,5.045747168413298
270.5330049884741,192.22316154920497,6.259937273733182,5.043120850572117
270.36154203105446,192.2228159624034,6.247377459674015,5.043812024175298
270.8949423726847,192.84653001218953,6.245944484222698,5.039312917046967
269.83011512035887,193.64720482779032,6.246001683767885,5.035161264675252
269.38745020582803,193.82497462288174,6.244331052095334,5.034421858786043
268.76571058086984,194.53567822037368,6.246272955845084,5.0319144879927755
268.7644586617357,194.53936584108314,6.248776794113309,5.024539246573865
268.67706635664064,194.54328613536114,6.246290768806572,5.016698658017865
268.0488072546072,195.1685887083619,6.263070673481318,5.0058318114084175
268.488134131721,194.90665926669234,6.270350424021834,4.9981305918867
267.159724392973,196.14964452874577,6.269568554346766,4.992587991806249
267.42229874524793,195.8016559156821,6.275634473930148,4.980279052422571
266.44840243670524,196.59860459676318,6.276814424279622,4.979064781226171
266.01410433096174,196.68294426035004,6.26059484117522,4.987348612970728
266.10265579542545,197.3884605616376,6.26034093374582,4.99110818237959
266.28300219758677,197.29583527119428,6.253460340462413,4.999452657746645
266.1963123305476,197.38526241659866,6.2499041481141315,4.997534293364463
265.48842123682044,198.08927388389966,6.250883949207117,5.0043137451238096
264.252714115146,198.08413069754369,6.244645117706816,5.014600117835754
264.8715778367504,198.17169707617654,6.2462412465810475,5.016513585153367
264.0713442792862,198.79644135392115,6.25279294394738,5.006737021101298
263.71522792128314,199.95371208428006,6.256850565391362,4.993764617710692
263.0942919843856,200.48946554163413,6.260452681992695,4.9836317805972055
263.0896347481418,200.2312478478083,6.269767154480304,4.969707506491871
263.00141928668035,200.23447580802184,6.269494741512156,4.963251586064836
262.471695944242,200.85672621446778,6.269375199983998,4.954911370645198
261.75783847170993,201.5631146626662,6.285433058726877,4.9537915605696785
261.6648916471971,201.65218719433886,6.29464189821078,4.95233130676603
260.7772900856885,202.36511986241598,6.301824551469115,4.940882346418946
260.5075443943987,202.45525977421556,6.311138214815921,4.93732842923074
260.0718902618242,202.63277471019882,6.29839344034311,4.935919773112927
260.4296390531651,203.25266224015346,6.289266846750064,4.932293944108702
259.90068973409484,203.95277382802655,6.288800404787023,4.943224208500441
259.82213213671434,204.12702192764638,6.269350925402482,4.947857357551817
259.82701058148484,204.1265772707104,6.259594035861527,4.948746671423773
259.21529564000747,204.82901521992716,6.249573113103296,4.9535288366621675
258.5163125150516,204.7364775447208,6.238488094686971,4.9624727785339005
258.43247844985774,204.99717990478484,6.230049522295924,4.969388166742294
257.82039859235545,205.69967966023202,6.221582503236698,4.97310492334935
257.81558487290556,205.7057967843781,6.231209942136527,4.96087067505718
257.6394905001533,205.88723271419937,6.231460337961853,4.949937165093881
256.84679865920333,206.50730415289075,6.234683329143722,4.94036371382513
256.5854454089684,207.38795402049698,6.230320896310492,4.935960422956863
256.05686219025284,208.0006297598736,6.234179230019359,4.939468398546217
255.08245223925704,207.99900495680916,6.250657835206483,4.94271800467508
255.07242532640973,207.9990662907474,6.270711660901082,4.942595336798628
254.36325817798743,208.69980086672467,6.278825260534253,4.9513468820555175
253.65368640417896,209.3160527173175,6.285617258430834,4.954650786875285
253.82656015117198,208.70248532830288,6.293272935792302,4.9448744651881285
253.82761459646898,209.49670130045922,6.291164045198306,4.946381937347421
253.20554526733136,210.02627456329162,6.2987376109253574,4.94714834815252
253.28996933487423,210.6444422020441,6.306669987074998,4.948276649295311
253.28695146252207,210.64430084291996,6.312705731779308,4.948559367543647
252.6584199413631,211.08276339235175,6.330648595711564,4.956720110384087
251.9391931935881,210.63988899501837,6.349707504306848,4.955347288204103
251.75565684914122,211.43969099550156,6.361393205920038,4.954984730000332
251.03196090331852,211.97302569764082,6.385854942301446,4.95551294216979
251.0246118277127,212.5922759941275,6.400553093513078,4.964753704044233
250.48588973285138,212.58675436382788,6.40625453518384,4.975796964643514
249.76263780641546,213.02833714952257,6.421633047401718,4.987084731162915
249.4906374264911,213.0243609265703,6.427705570104881,4.9950371770674735
248.85958920584312,213.4677469340188,6.433080489203451,5.005923392311403
248.40835455887256,214.8026421183519,6.436595038972418,5.032997256161671
247.0520758263047,215.61829230138667,6.444876582147357,5.024262443268598
247.685174140025,216.06293209472815,6.4405674759394405,5.036331086037534
246.87407346162902,215.52190711517488,6.439168576111347,5.035980874064048
246.42198593166032,216.33239873019502,6.441478947336175,5.038354083706386
245.7924172304012,216.60412460657815,6.437488306019205,5.036242921155215
245.79955129629002,217.23352137778036,6.423220174241588,5.039909864349532
245.35185150849097,217.2340528228637,6.417655601425221,5.0388469741828565
244.63943511957808,217.50027651047697,6.4017650995942015,5.046670828827611
244.6447423015868,218.21829756732765,6.391150735576777,5.050423218751535
244.2889563848298,218.21453033015703,6.383231626822601,5.0579576930927495
244.740616355984,218.75143917334344,6.379280526878179,5.063382617556791
243.74881261126185,219.47366228363904,6.38397388588414,5.058146673648037
243.74493818590992,219.38672896263446,6.391722736588005,5.05212511010978
242.93046002169208,219.65986790452305,6.401496909953814,5.045574611355902
242.6557609365968,220.3854516855891,6.411037874782234,5.034026263522933
242.11585915911022,220.4805673835056,6.411376611500273,5.023705670732468
242.20848006626397,221.11507098476153,6.405883037812599,5.012936152559761
241.48892108688585,221.11537039156923,6.40908802246307,5.012337338944369
240.77806165833744,221.56079175466976,6.394579615212274,5.019136652960597
240.41725842919357,222.28079141228747,6.398518138943423,5.014473206838267
239.7929365475492,222.3705463088404,6.391351786446293,5.0143648588446545
239.977121952097,222.45981984737784,6.381561059495278,5.015107822842026
239.98615462923672,222.9980028505876,6.363495705215812,5.013655596666316
239.9064515087818,222.37644099984183,6.344049745877933,5.004813896423778
239.5553690120639,223.0088735328572,6.332571170275091,4.988825076210759
238.57482806461502,223.10722795539328,6.335922891331229,4.970091701487752
237.86249662056358,224.78743869753646,6.3388067912248935,4.986395314198392
236.53478432583452,226.1303328669799,6.323759738689064,4.971078617305395
236.01096022695702,226.04613817089594,6.306094201090285,4.961915720247708
236.5473420948773,226.05314313100672,6.2961287410766875,4.947905800026149
236.3718140145301,225.97085003997697,6.293679109276027,4.9357390858380565
235.66401142815502,227.21276264560032,6.297142808489752,4.923161453280024
236.27578301141108,227.21567086691027,6.308162983403894,4.917345010660115
235.47308651777806,227.74702993213273,6.325594929918732,4.913267574049344
234.76260513614372,227.746139406709,6.3334357256201015,4.91504862489681
234.76225187083938,228.36829070302653,6.334142256228777,4.908269473181253
234.15026922282826,228.28092681394187,6.321281017773427,4.906307746425156
233.97413836519613,228.98658987405307,6.320620651652323,4.906669951744043
233.3597075118588,229.0737094821101,6.314284449608658,4.908887579732604
233.4484212809421,229.6882991976402,6.313253005355571,4.914480806067591
232.65062318252308,230.22047601522246,6.32060716469543,4.90895519590188
232.37752128497095,230.2241823037949,6.337329464414221,4.901542618756969
231.6678213884244,230.31441497690872,6.343699891533906,4.8977059432760415
231.66178683768942,230.84844094923858,6.35576899300381,4.88963495372195
231.1241995492107,231.5597608184231,6.3706457870444835,4.880725592575372
231.11744142397032,231.65309991569592,6.384162037525226,4.870845542319513
231.11333831589002,232.27486231789868,6.392368253685838,4.865223252955162
230.4896721589347,232.27629221012435,6.40156414621527,4.86236346850384
229.61062225832734,232.5420305727508,6.389962271083343,4.8617972461548895
229.35054759582735,233.1612892890243,6.379759504056891,4.860768028336232
228.91185000379798,232.9861465799064,6.37409645829514,4.857830154643814
228.91297132744444,234.3118238240783,6.371853811002222,4.853635780177479
228.11359324989382,234.4031110727266,6.38323768671991,4.847435980590084
227.92497297475424,235.02164868909358,6.407584058107318,4.845490373977134
227.83692220666543,235.1112065598345,6.406899192918811,4.84316103386149
227.4009890666879,234.76359323560766,6.395075887059767,4.831436013663913
227.23081025710863,235.38155025094048,6.382701044899992,4.830085597612458
226.52987305269392,236.0874408150782,6.375330621003929,4.827549302062539
226.53423221455967,236.17563180418512,6.366612297272389,4.82716918089605
226.097339024889,236.87508974133388,6.361084832807345,4.835155456688693
225.3927804491303,236.86832430434535,6.362930925264146,4.848686330665796
225.3073641281811,237.04407428255664,6.357605712842535,4.849502082883224
224.77685294687953,237.7479848210732,6.362088410649381,4.850400558911795
224.77441469304156,237.83996795516964,6.366964918325312,4.8426072655737356
224.68903878461848,238.37013728362683,6.361596569238311,4.838989604258331
224.16136511240992,239.07494024829975,6.361068322946981,4.8372177958570814
223.2753667288174,239.16278450614172,6.373642167113261,4.837471572475048
223.0958711810968,239.78118593638382,6.3803569909647875,4.833635662554654
222.47679550225556,239.77940195060927,6.385263353219435,4.837203634103741
222.38513990042335,240.39902838659788,6.392263656343192,4.832127065911314
222.12891369307707,241.18406654394096,6.375712064456238,4.849062770963657
221.42746073371825,241.79241291807364,6.367746756366676,4.86688234615465
221.16771069613105,241.7840086775007,6.357662358250171,4.883690827300469
221.08312682734666,242.40110879620596,6.350181769989509,4.886028870696376
220.4602705829284,242.3155050526557,6.35988864150188,4.880664126750549
219.753001123882,242.3171915565077,6.361363791259731,4.877291119046572
219.7577157739114,242.75578846267817,6.351934491200966,4.8830997904244935
219.2234276964442,243.5493983583341,6.361203115083969,4.884841295689667
219.39518363263048,243.54884075343548,6.3711334937876165,4.885956505486868
218.24971923979328,244.07230360814322,6.3624809396510225,4.900376029830326
218.87820712110036,243.9780328913234,6.34446177213503,4.911923664170238
218.17653524528993,245.30042807103183,6.332552179781826,4.920733324704784
218.1803013692452,245.20667595008996,6.3250199318713,4.931369485966271
217.9183832592936,245.1990722210282,6.3180781857835555,4.94657694408981
217.20827834159746,245.82055234175596,6.3217509789894155,4.94308661454744
217.30121800955226,246.52898577803643,6.31293820321658,4.942752223080419
217.12613424598575,246.87912540916878,6.309253084076527,4.950178253361875
216.4208414327869,247.4952250094765,6.303913461794204,4.95691364534145
215.6260031824095,247.58354668601103,6.300424369284239,4.957288691524006
215.0063134474921,248.2863012930861,6.3010061944627545,4.9675482141240295
215.09943587315368,248.19926028773182,6.291908002459704,4.964483565512386
215.10421215919055,248.2874221470055,6.28235543038598,4.9651174414874895
214.66376124245875,248.8202805504486,6.279149160255249,4.9603303589144465
213.95881967599666,249.61864630080626,6.275473944954843,4.953851999951715
213.87175490990626,250.06022315752514,6.273070158306493,4.953364880659852
213.25078423681924,249.44585639180428,6.27959128395656,4.94667819157764
213.24819711589936,250.41775816355104,6.28476552579635,4.944152855116488
212.6300052018394,250.85999049218805,6.285523279484431,4.942278251008054
211.92337013998454,251.48097459693506,6.2868002019706335,4.935804092584652
211.39401949951213,252.18910332608596,6.28702055868013,4.930854533263257
211.40012439028152,252.18580358062772,6.274810777141367,4.937454024179723
211.04561086471298,252.53437956656154,6.278810572845373,4.945329307745084
210.6038213600409,251.91337745150258,6.280159708979256,4.952211715368721
209.9922819215161,253.32190246359363,6.267189647535144,4.96041640774368
209.99368975103965,253.316586548208,6.264373988488038,4.971048238514977
209.7289909186242,253.40332932454845,6.263844225875045,4.974205161648659
209.0265594021754,254.0183169409169,6.255222555747708,4.981029044058649
208.84415158645098,254.10727964024503,6.266709830341579,4.979767823829811
208.2311293008956,254.72444316702038,6.255016125632139,4.983179046099359
208.4984370494203,255.42910742371964,6.250488291838087,4.987417634715152
207.61274785303658,255.43210216314534,6.254914442958126,4.981428155863742
207.610375627798,256.05433548557767,6.259658893435277,4.973623020690327
206.99279483213155,256.05450286931995,6.258536382459683,4.9732882532056975
206.98666870272584,256.14862261980653,6.270788641271135,4.961638135461505
206.8048136892568,256.59383846749245,6.28132267743513,4.9541464170249006
206.0911094671028,257.39405556766343,6.295709945329447,4.943361040148247
206.08456440918755,257.5745800230454,6.308800061159983,4.935657397350576
205.5499468916651,258.2844651898994,6.3175490494212365,4.929868459354227
204.92908877787528,258.28704304961315,6.321753906579986,4.924712739926741
204.92551912752856,258.9049536160843,6.32889320727345,4.926265958914466
204.48357886052025,259.6191471528134,6.328262847930911,4.913096314830739
203.78047373346803,259.70919130470025,6.321047240578351,4.909686243739239
203.68972482388722,260.4165357140393,6.3260326042545305,4.907097068944975
203.1623838523945,260.41877393540517,6.321435540527947,4.902620626213206
202.62931982578343,261.2985167244855,6.32914328180227,4.907168901298861
202.18362706240438,261.21158452598127,6.3375527878327,4.904438094161863
202.7078563150975,261.210565143518,6.349169670061548,4.906476859088361
201.7359310278804,261.652945290176,6.347231440265654,4.906166022240676
201.29274232094573,262.3633508307554,6.349332741324261,4.900196721579099
201.46885733747598,262.4527014007295,6.35068289585772,4.8982856754277675
200.67254975850904,262.98179672615873,6.3522818054815025,4.900772523442825
200.311073888318,263.7800412330501,6.367855496933084,4.895884119753656
200.4886419489146,263.86892481117786,6.366724692954887,4.895119622105614
199.78161267440686,264.3114757437862,6.364999751715777,4.894882438298052
199.51146070449522,264.4842306870636,6.374475479733315,4.903258026280471
198.89092135572784,264.66206153358604,6.37498691699919,4.902044121883849
198.9799462414608,265.37348324879366,6.374149065175857,4.896896048608876
198.98757500373588,265.7266511764135,6.358891540625699,4.899021096132186
198.63740700331772,266.34308691780745,6.351559880556483,4.904568019928984
198.0265262329425,266.3423399127347,6.335054247671706,4.906062030074456
198.0349964044583,266.43296176297986,6.31811390464007,4.901485829883317
197.24419061676753,267.404697472309,6.312718087423241,4.897690113289687
197.15941771297835,267.7578648039061,6.306073981187047,4.896115105353799
196.45587634053936,267.48997986939355,6.304654793071801,4.903696749506447
196.5442114570566,268.19463396867064,6.30414899311461,4.903704015570718
196.45897670289244,268.28143098075293,6.29846168173382,4.906266811115218
195.7496088053207,268.98676085439786,6.308304884976129,4.9044996557265845
195.834054845751,268.9871150569031,6.315646095738978,4.9037912507160675
195.6604691512467,269.0722411547596,6.310149553021806,4.909873020865993
195.0386718156387,269.7779022943758,6.319301755886007,4.909342134035706
194.60329890267036,270.39422729820586,6.307646692705725,4.912053371139358
194.6922589494606,270.7509496545111,6.306072736119843,4.903993206507622
194.33860782994861,270.5773526588699,6.30861125003115,4.898805335233547
193.72019563600043,270.6693037269005,6.312418511507396,4.891048502946635
193.72139367754917,271.0247511601768,6.31002242840993,4.884462509529846
193.36442203593805,271.72988314026423,6.3202321885608965,4.881665595497439
192.75025599222778,271.7319849746501,6.316257704822512,4.877461926725687
193.0163537980497,272.2631337475187,6.311805963216234,4.870652121063626
191.8763541284407,272.9688536373356,6.307241066947754,4.865098024806021
191.35337446953235,272.970198318388,6.299747262071141,4.862408662701263
191.35437422064655,273.5833810235106,6.297747759842772,4.86396410816142
190.91592056690058,273.58545361061243,6.297594760592468,4.859818933957796
190.47849040109847,273.587751368634,6.295744058580142,4.855223417914642
190.48212479455725,274.1992429449091,6.288475271662623,4.858913842140733
190.21693254917975,275.1629623431012,6.293295227803221,4.858545006009218
189.5970113319864,275.69271196889764,6.306347130966784,4.85058049546465
189.77074904858924,275.4326822147506,6.309522361655369,4.844664007917395
189.68210212402172,276.3111539772791,6.3115388366966645,4.840494223797622
189.33072594252002,276.4018132150811,6.313330489801234,4.834415925668254
188.71679688717575,277.01661660072034,6.315009693170101,4.830988061709525
188.71619378168506,276.93280907679605,6.31621590415149,4.823464971363556
188.35721232699296,277.10828268272394,6.334043468172082,4.8225854321896415
187.56250128460343,277.8092695047824,6.345842989559235,4.822942955532161
187.4667285751303,277.8987823898949,6.361911256210756,4.819394337601776
187.28477849198734,278.42549063652325,6.374483103124378,4.81996280246206
186.66573417149849,279.1297110668447,6.381516503125402,4.818442217220966
186.75267110536294,279.12876573907363,6.383589997192042,4.82033287276313
186.66376603251555,279.56885339519073,6.385390301722543,4.82020676635009
186.31278165329616,280.2737912242323,6.383218221868127,4.818612784853447
185.60667322164443,280.274151181934,6.387626484899395,4.817892869450166
185.60463088824108,280.27023370912843,6.391711151706077,4.82572781506124
185.51441386084866,280.88841005587983,6.39592349488517,4.822927102798722
184.9796578985971,280.79701700365433,6.407994673938345,4.829473083008102
184.62448472845352,281.32765708613954,6.412217126232052,4.82737875002783
183.82985380654722,281.3296269428886,6.412429427809475,4.823439036529717
183.8301148652798,281.4172678728707,6.4119073103443,4.824657076430532
183.74339976160385,282.03345864170717,6.408825660207658,4.827858541177389
183.12436862150503,282.9185068390416,6.411267225106525,4.822934596935419
183.1223038161264,283.09700136965637,6.41539683586384,4.818893445268758
182.94849414003193,282.4801075710629,6.410074627864091,4.817385581795518
182.16245235253535,283.8036507981594,6.394872434133543,4.815775408808581
181.8974699687043,283.7990148596373,6.396515472240235,4.825047285852853
181.3699115441876,283.7965907839412,6.393929606511397,4.829895437244982
181.4625734598734,284.4103688971568,6.38492937326917,4.8366043977193325
181.19711510955383,285.20041377022756,6.386957999771638,4.843178873987842
180.93328371824052,285.19773908957904,6.385317883276166,4.84852823528493
180.85198297127604,285.10210767165336,6.3714227438984565,4.863294437829593
180.14881853901042,285.36032804981056,6.365545931410198,4.876430810397505
180.2388471843425,285.9679175657712,6.36213893323397,4.897803825891505
180.1571128757415,286.75803109424686,6.348660884629392,4.910096761199175
179.54426433728744,286.8444695567284,6.335770469356648,4.914160906547493
178.84443891805418,287.2803699939484,6.320938974698492,4.926411490310581
178.84868444447048,287.27919255071106,6.312447921865918,4.928766376785211
178.23154003551488,287.3662890356424,6.309896882160926,4.9312648151534555
178.22908231166195,287.9893407204529,6.3148123298667285,4.922012623811895
178.22973411712505,288.8754514534707,6.313508718940577,4.915968256318357
177.7018826673881,289.49425884312876,6.310214934857049,4.913849607819197
177.61087622315705,289.49093970749055,6.315813199862953,4.920487879095567
176.81814051507718,289.49310269953787,6.311810744588961,4.916161895000986
176.54919687176064,289.58275249256496,6.32026811404507,4.913338948005816
176.37196687842186,290.02314120158684,6.321608118180178,4.915361486318299
175.66405581255117,290.6439289375216,6.32452316334942,4.910079715199304
175.48006624207665,290.7315683629379,6.33935833991728,4.911372846557375
174.85551602670367,290.9985969622637,6.350720681902736,4.907774828803028
175.0324494701147,291.61640595113437,6.350723238299674,4.910699902328348
174.8516003806064,291.6185047043784,6.358456623787923,4.906502395840296
174.66941318387234,291.7896138015322,6.36876671293353,4.91834850585516
174.05233857237752,292.49884687485894,6.361237923518153,4.918942944807496
174.05210327688786,292.4987833608879,6.361708514497491,4.919069972749541
173.78933276276862,293.11791295917385,6.355390009720427,4.9218163532138535
173.79799241115882,293.1131019400787,6.338070712940042,4.931438391404201
173.09415946480698,293.462285471514,6.328723547880339,4.941577857415305
173.54336741564865,293.81123648877775,6.3160509510119915,4.9522704667397806
172.6654183032972,294.5170881563561,6.300662471636513,4.957596494845796
172.04776957000237,294.6008348305853,6.297101778064638,4.9670828835532665
172.14138171685755,294.86155845070357,6.2869568115176975,4.9768736248070296
172.14615983000084,295.56668838837913,6.277400585231156,4.983277374193084
171.43742872548782,295.6499956414964,6.278538782196858,4.99370336946614
170.7275931765205,295.7337218235757,6.280393034691023,5.003478110987493
170.64319469731933,296.439697087207,6.271775910403339,5.010840245244953
170.1113205667634,296.5225844326884,6.271115927902563,5.022466928217512
170.4679555410389,297.0508037036903,6.2681649022650685,5.031506770584035
169.4920435232785,296.8708278534402,6.26549833548677,5.036096543393514
169.39945542087673,297.5824982647754,6.2729601227849505,5.034471060766333
168.86648776037856,297.75530420677217,6.272080119922994,5.044464284725598
168.77654742480718,298.38022865088294,6.2740098349723095,5.040272089157769
168.51134532319207,298.4667780998992,6.270676092903891,5.0450858395580935
167.89449249643008,298.55683766012544,6.258805377714691,5.042906200350372
168.07909153134796,299.0010742208092,6.245051342738421,5.043043166131516
167.9905703667482,299.08555004943,6.244580542254198,5.051604638573643
167.37328044005847,299.3507840838518,6.235648911945622,5.054070062739268
167.6455567466773,300.05966247260665,6.223738050520255,5.056691290062287
166.48876167047663,300.0575441071496,6.231040838703125,5.06092802097634
166.49129481566519,300.4083282568778,6.22597454832598,5.069709471620623
166.1333357339345,301.02897337786436,6.2312861348252655,5.071980739331177
166.39647062530662,301.02467159487827,6.238326316721113,5.080584305303287
165.58879544914387,301.1122860677899,6.251520956508406,5.083372660873144
165.23036792116733,301.73336568086836,6.2553155225472,5.089069292066109
165.4901798369876,302.4475717634572,6.270938371824986,5.087981609337391
164.41566126249305,302.624375335026,6.276320109876353,5.091650368022674
164.14639638164408,303.1590204574576,6.278509965654045,5.0950399349999245
164.40947952721854,303.16039907193357,6.288949010768645,5.092282706048009
163.68838987017173,303.16127439405824,6.299255181595101,5.090532061798589
163.59713529315525,303.69644063256027,6.3026502929032455,5.094883841143745
162.96066878414675,304.5034362064018,6.320927021099546,5.094022208944565
162.9500687444421,304.685317212144,6.342127100508844,5.08926660674075
163.03678921909687,305.311283919358,6.348437598302438,5.095593322034921
162.66941974578023,305.3102539378816,6.363373486991092,5.0976532849877
162.0367599813808,305.4909626054242,6.367200344977269,5.096662427277579
162.03714160765543,306.0324658269464,6.3664370924280504,5.095191185953012
161.85178814359824,305.94485351906997,6.376703391814182,5.090195487341851
161.12549017984904,307.1194225700762,6.386925462872034,5.08491490204524
161.1216516150575,306.40077158426305,6.394602592455137,5.0792746614651545
160.93244717718906,307.12582805362723,6.412223637211694,5.0723130466580475
160.38099798591927,307.1270373168723,6.431816920376454,5.06989452016785
159.65643774103435,307.6661975367406,6.434444746162764,5.076443578418844
159.46518051296889,308.573129161169,6.455042838848763,5.072162146786441
158.91476908645512,308.8477799384956,6.468642178937756,5.066472348602621
159.09105885094098,309.4849868302708,6.478701687222808,5.0612951954507075
158.99200510455728,309.57747163836035,6.495419973561277,5.05771478570061
158.7158308995472,309.5809652492739,6.503008585821197,5.050727563873506
158.07645508720097,310.21850581221094,6.510637929563075,5.046768718949939
158.07153176418586,310.21393431591116,6.520484575593263,5.055911711549492
158.06586668364096,310.21026185051,6.5318147366831,5.0632566423517655
157.42878560381502,310.9427774322437,6.530345594008884,5.0560898243999
156.60963223721214,311.7656090019963,6.529807086615134,5.0492719254943195
156.6074301027866,311.76418880736554,6.534211355466206,5.052112314755826
156.2435689003856,312.1261498701975,6.533580941603845,5.056543007756176
155.60592807886246,312.03698213664455,6.533807522366425,5.052727751678573
155.69681331884217,312.0384140834133,6.534129100438345,5.049863858141177
155.60694240033104,312.6717984712786,6.531820606426004,5.057447399653253
154.96583147057314,313.39926769552875,6.539072581693314,5.059617390294061
154.96807328933127,313.6720051235564,6.5345889441770195,5.060996575111184
154.9718755658792,313.8509222108359,6.526984391081185,5.067639673815744
154.70114022187087,314.5722544227809,6.521763357850805,5.082819839917735
154.4335536118792,314.5704534274826,6.5097432636461665,5.0864218305142295
153.80205607240285,314.66021844783523,6.496830477734369,5.089164341932571
153.71399800202727,315.29687544678103,6.490826986680949,5.090687766673189
153.27028664418916,315.2932853536862,6.4679869635827805,5.097867952862927
152.5527026077378,315.3799411543809,6.448597727379359,5.106376015111726
152.28333128289603,316.1898748741334,6.442357623739426,5.121456835577185
151.74087267851544,316.36926091336466,6.436414480685754,5.126304874386321
151.73955533935157,316.99857898341935,6.439049159013487,5.140252117039314
151.3772993125455,316.99148190707217,6.435304398624682,5.154446269733581
150.64671968065682,317.26515319653294,6.438568524987501,5.153814367342522
150.64665894120608,317.9013270133341,6.438690003888964,5.1574036894984046
150.08982832766117,318.7223650452263,6.458330739452557,5.15635836300342
150.08808721270228,318.90242610060096,6.461812969370346,5.161478184366704
149.99294227768507,319.2678778337695,6.469345471994095,5.1616041876722045
149.9953272719459,318.6278856715715,6.464575483472398,5.161464293554239
