150.02000427246094,151.0,5.78000020980835,3.799999952316284
150.12404308975283,150.87169336539208,5.772389901352567,3.8069053003621547
149.67769282322146,150.26808754787348,5.764735917432849,3.813644246089402
149.1564816875337,150.4147352828293,5.756764468295364,3.8204612677528926
149.61083041904845,150.56100438719534,5.748366095146508,3.828022755647665
150.06519003814978,150.70726188653484,5.739942766069797,3.835606393344001
149.31890341326329,150.02802178889925,5.732029249602616,3.843648498999006
149.3225226553551,150.17350326368518,5.724790765418968,3.852811976389157
149.3261629517345,150.3189880826652,5.717510172660192,3.862055168274325
151.88192471707532,150.3902804208797,5.711093010977136,3.8696206791688192
151.35950561985752,150.83736835285777,5.704678010616719,3.876518982180711
151.88885560193089,150.45749084638211,5.697355353160379,3.885290204638838
151.2157646021896,150.82970495280006,5.691451475502037,3.8920208124368547
152.19629995534757,150.82478145099884,5.6836861038357265,3.9018678160392555
152.50082117132925,150.89519985422893,5.675844445559703,3.9113312030008953
152.2793875972982,150.81576342971923,5.667696098177718,3.9198655535389326
152.80947384520647,151.18655009769097,5.660020395024083,3.930075640926131
152.2119150335155,151.7834660826743,5.651861347764318,3.939520341601142
152.51650979624978,151.3264891298663,5.644441423541439,3.950819845348698
152.82130467575058,151.92327565140943,5.636919155593472,3.9613817843697907
152.2221818019467,151.76935344480992,5.630545117505502,3.9680712511448495
152.60228530764888,151.31240224601447,5.6232952883368705,3.9784250300528896
152.9072759725301,151.91157608578823,5.615923888901037,3.9852972111584983
152.3086922790485,151.53011648097848,5.607857737273487,3.9949454591588234
152.68929642466017,151.29887383163057,5.600104536473801,4.0053577036004295
153.22018370232084,152.1987556610604,5.593545151624442,4.014534336978387
152.69627799055795,152.1184606871489,5.585780019336675,4.024327633970845
153.30404479012844,151.96433559656936,5.576966673816536,4.030897751724752
152.78062200488452,151.58380727897892,5.568111341613392,4.037882313554929
152.25725044391478,151.20334989108045,5.5592903340258335,4.044822711118239
152.7138534145954,151.72825456807243,5.550734586805835,4.050438583632408
153.24510454283393,151.27263417532097,5.543393970869127,4.05725510581501
152.72143185211993,151.87169809781602,5.535574796368886,4.065029610457198
153.4017947968492,151.56703297811592,5.531568034567497,4.071373570898694
153.17959962800145,151.5623276034243,5.523589209239984,4.080784320281882
153.10822988142598,151.55828540737093,5.515505989551953,4.088868712388673
153.03661734007196,151.4784387718887,5.507898805802735,4.0977297168957945
152.8893007903302,151.4741750701495,5.5008085725219615,4.106257120374211
152.74178448677324,151.46937480986375,5.494054460581525,4.115857640945686
153.42439572680414,151.46424139747774,5.487360529930196,4.126124465717755
153.42788567774244,151.61031467003662,5.48038062805359,4.136005052616028
153.73321513798427,151.75556379602853,5.4739965967202275,4.14764424520737
153.66156612268657,151.9024050035088,5.466133071943057,4.156284940992079
153.74054378286158,151.9743410144378,5.459360496731789,4.163595664272802
153.96974617409188,152.04726061787258,5.454552004609857,4.168955220849494
152.99023158480398,152.04499913424524,5.447814231670416,4.173478188104186
152.84245111438847,152.11863091913304,5.441007579473917,4.177398414842333
152.92031393264298,152.26598265370282,5.436425767799246,4.184982595371437
153.07341053420419,152.41348599371756,5.432627529088845,4.192370879753973
153.1513463613681,151.73040349186837,5.428015725668064,4.197197225289104
153.4559115276025,152.10597314482774,5.423957457983988,4.202398000351262
153.76106455532204,152.632921120942,5.418814194870508,4.207536934692536
154.06561981731608,152.02743094210217,5.414886692254526,4.208151249627979
153.38765866359324,152.5542206605358,5.409597460940555,4.213291898462633
153.54081538616572,152.02336040723407,5.405781054094397,4.216272771020327
153.92133176653863,152.6263369783811,5.400941592094787,4.220228906720258
153.16814727915204,152.0942687309287,5.3950206070029205,4.225762429719494
154.0797620635097,153.07513838805642,5.386531845844232,4.229992323650313
154.00857232205024,153.07278811383753,5.377744054800837,4.234692872088091
153.9373805670883,153.0704797317969,5.369018410116001,4.239309636169351
153.8664474690701,153.06756504834067,5.3598340495184065,4.245139003081797
153.6441471385533,153.06452063572598,5.351421065401765,4.251227828311191
154.25254264828646,153.06124599850543,5.342425894622886,4.25777710275232
153.8036078798743,153.0576922903345,5.33463818242796,4.264884519094133
154.4116280416849,153.12919834085085,5.326107740763966,4.272811153306109
154.03865054570264,153.20115851846077,5.317380793598209,4.279827185912297
153.66577698574548,153.27327129709846,5.308547087564064,4.286517793826622
154.27322972195643,153.27196300524795,5.300753097487932,4.289134377527684
153.90042356476553,153.34437109280046,5.292307225128558,4.29512983977089
153.60259121139873,153.41735304367018,5.284856096245229,4.299944896935723
154.2094508568989,152.43621617468315,5.277075922559871,4.302567569272858
153.8372682979733,152.51019238313629,5.268114761599341,4.305280408128973
154.44411135792072,152.58444493485504,5.258999728131804,4.307346690494849
154.0723473901583,152.65832708384295,5.250204405929859,4.310047044064374
153.7009251238529,152.9565464451692,5.241183777563195,4.3151004501939
154.3060058207057,153.10592481798048,5.233549563645583,4.316975499518336
153.7836724252967,153.18139926168618,5.2266153770152775,4.31625532317097
154.38715277902685,153.2568298873024,5.220537671814942,4.315504447221096
153.86544856177454,153.2571915023383,5.213913105344913,4.314781217149313
154.3940870760746,153.4055114704417,5.205873584149454,4.31792342591524
154.09886781777564,152.8040068343968,5.197040107687299,4.322388711884821
153.80369348603014,153.02749406533368,5.188372829738934,4.324676206090537
154.4064494862052,153.17583861656396,5.180119667236749,4.327301813092002
153.8866216744722,153.39847058417874,5.172767716565827,4.3307554096353975
154.48867575485713,152.72348116415438,5.1647783915074825,4.335100559508726
154.19374732731652,152.87120794003036,5.1567885016848285,4.338570380208708
153.82297802514665,153.01981400681365,5.151355332540172,4.340146956035885
154.79781843151866,153.54049310090423,5.143041681428422,4.3441403164259
154.80185098360226,153.0161257440084,5.134976577261256,4.347971362919002
154.80590856178765,153.53627322178951,5.126861420890489,4.352140351845264
154.80996235959512,153.01200641574712,5.118753825275495,4.35661749323027
154.81403076354422,153.45720130961172,5.110617017377335,4.360814058153769
154.81799662471113,152.93348109639174,5.1026852950435,4.364977965123919
154.8219091694474,153.3790463119568,5.094860205570976,4.367750720335498
154.82584249619345,152.7816710695849,5.086993552078866,4.371241433551362
154.82988186614608,153.22642199418118,5.078914812173586,4.3747911110788635
154.8338913027246,153.67102796944457,5.070895939016572,4.378223080080478
154.8375796086591,153.14978082688498,5.063519327147557,4.379782112713501
154.91539451720618,153.7438069770633,5.056505434578238,4.38065720855572
154.91879785470505,153.7435005684161,5.049698759580516,4.381270025850081
154.9210074013165,153.74458396692694,5.045279666357589,4.379103228828414
154.99677833282186,153.7467507129185,5.042060556851848,4.374769736845255
154.40627324251656,153.74632938960067,5.037443300218744,4.375612383480901
154.55681190212886,153.8206659768191,5.032656917309061,4.375084677201505
154.70720931889647,153.89503094546353,5.027987896503081,4.374417646277331
154.78353878124585,153.9691039977327,5.023308893690323,4.374251463624975
154.8594399160271,154.04346085129234,5.019411429843266,4.373442562221168
154.93534191187,154.11853692280474,5.015438922378097,4.371121903417014
155.01124363503118,154.1934632966628,5.011368243855144,4.369001923500239
154.2009175936735,154.26809103903855,5.0080271135853875,4.367382185383763
154.27653601274451,154.3421244976334,5.004348316299188,4.366873309049898
154.27810842965556,153.60580588764253,5.001203482477064,4.364581466506826
154.57388535057257,153.82842754439991,4.999279513692264,4.361560557778948
154.64938085067524,153.97772190349562,4.995617770493503,4.357630353600717
154.72502082078103,154.20060291596806,4.991547387463344,4.353497000200115
154.8021379125553,154.5681231472678,4.984393476193086,4.353857898992033
154.8039078639078,153.90968978658998,4.980853573488081,4.347947424147041
154.88103236725902,154.05615022093215,4.973430268625669,4.348677959142715
154.95818102898784,154.12958394647475,4.965855354997236,4.348532917886684
155.035239913164,154.20299148785614,4.958340305439501,4.3483205539185
153.94048763805023,154.2766333527421,4.950601998587404,4.347519681285208
154.52918197936773,154.42377234003095,4.944014053448004,4.345941891081467
154.38632782013946,153.76637575130684,4.937276959816989,4.344730714135367
153.9503510929339,153.9133723250088,4.932637209195643,4.342935301742284
154.5376201332406,154.05959992472245,4.926084637930372,4.342476479652047
154.46802660049784,154.27786811658964,4.919382466977291,4.343607805233455
154.39844685743512,154.4960357933467,4.912738559058324,4.344682633852579
154.1100035626283,153.91257192213155,4.906755037150944,4.345870153240892
153.67530073296632,154.2768117303982,4.902298569346626,4.345608975981125
154.260601515444,154.71288406198207,4.896259872573456,4.346886463950068
153.89880854504977,154.20323447432972,4.892360468334519,4.347706156216432
154.77462423423376,154.71154734083024,4.8861248724074375,4.349227962972603
154.5560651049274,154.20342854278687,4.88711161367095,4.347825351911126
154.19356031598952,154.78409224715944,4.88527083051461,4.349458520817233
153.904345186703,154.49104469325502,4.882230698032068,4.354083237570483
154.48761183871733,154.19893739107795,4.878851803127725,4.356720637362496
154.05250976187176,154.85304405069706,4.876752157038077,4.356963017795418
154.5620402636933,154.7802729195841,4.875177742978549,4.357150052938009
154.05511914219622,154.49032696442063,4.871683666907555,4.3557069237990875
154.6386134969064,154.27290083794452,4.866746401967262,4.354789885071293
154.5690916215604,155.1432114387018,4.860625069431085,4.35614968229496
155.007166004951,154.2731477826515,4.855026467724506,4.3551766642464536
154.3575231954399,154.63406448958742,4.849409659578195,4.358289043246014
154.43272178464719,154.77723242037726,4.84396403539849,4.361856290136042
154.50793318556418,154.92032360705443,4.838465072832506,4.365521595317651
154.87230198947233,154.41046581947066,4.834211592047902,4.370959392640829
154.22282333203523,154.91517323711759,4.828912099283479,4.375966518843683
154.80553334606094,154.3352523924871,4.822810770804388,4.376489508532381
154.37252394437982,154.77211253947144,4.819860145775955,4.371738642954295
154.95382448239826,155.20829871906494,4.814911662269553,4.367605728165156
154.66482320369363,154.70456965344044,4.814659523803707,4.363118141632673
154.30508513153586,155.35622402822682,4.811694699760209,4.3602031351061745
154.88511228877258,155.78662435490062,4.806805021489104,4.36577595891031
154.382808999297,155.85629257919152,4.800553181382897,4.370847855908146
155.17381243863514,154.19911442431666,4.806856931188347,4.364191033377886
154.5954738530918,154.77823486166477,4.808463013845954,4.3610212471107594
155.17187084464095,155.35799890651313,4.810535756691658,4.356359883358114
154.88052403381343,154.9263062785467,4.815964343520916,4.353847587052372
154.66101073312436,154.495358176657,4.821909036432419,4.349579973898493
154.44123093568575,155.0756508585346,4.82831361219098,4.3440746611263075
155.6626994800149,154.42835174374656,4.840120880292187,4.339102348888501
155.08038996254092,154.50300473152575,4.848733076718488,4.334297228145296
155.5077342245839,154.5052589030565,4.861392008715143,4.329788885083789
155.7213736625976,154.6484141463001,4.868160536128123,4.332843334223604
155.13691993020691,154.57698234223372,4.8783769858936195,4.3308705654793505
155.4224443229761,154.57602378538039,4.887181924531965,4.3327876791860405
155.41860212754827,154.21029506498132,4.894866315387595,4.338591441644208
155.1274719075369,154.8594648101135,4.895755563624644,4.348337132897791
154.90860838771104,154.49202433336342,4.896945296174973,4.355655907895775
155.49358363406088,154.41378365292374,4.892178058787027,4.366489361861155
155.35043572752994,154.1883556949128,4.886979833298937,4.3801042200581
154.9876880276588,154.9847259926068,4.883056502742654,4.392084831326925
155.57498353616123,154.98042254058913,4.876577878717067,4.40069173536226
155.4322488572038,154.9758864873078,4.869945890663311,4.409763841924924
155.47905070109354,154.76149039947555,4.863212836461614,4.4192274628217145
155.40910201025423,154.31800690499236,4.856971865310756,4.429364334811203
155.55837979455296,154.16735753503195,4.850821796575788,4.438257574869487
155.4882054244629,154.82126462915616,4.844921896742609,4.446681146741054
155.49158793522471,155.18268987416963,4.838156875218993,4.455284925177371
155.49498282132726,155.54416788028718,4.831367103013937,4.463940715508029
155.57158794413715,155.3934497082511,4.8245110649564165,4.472668644455644
156.01320985375042,155.31638943671823,4.819583639751644,4.4804031218511335
156.45493106634316,155.23933007320684,4.814734003377667,4.488089717405275
155.94297918299978,156.33527518896457,4.813287696506565,4.493378214942429
156.52949024690957,155.23568043764797,4.812585723600985,4.494467427111872
156.0197932600704,156.18452777155866,4.806155175374999,4.501875442827107
156.6805631129713,156.110641794645,4.8036876670696405,4.503083819154852
156.60808216128947,156.11087767051526,4.802105354075638,4.50261206741429
156.60729936502656,156.11310784814864,4.803670946601463,4.4981517121475285
156.53436580542032,156.11407762926345,4.803072424503884,4.496212149917954
156.53432685979132,156.11528305246964,4.803150315761931,4.493801303505573
156.60566012256365,156.11770099620315,4.806872213225224,4.488965416038497
156.60549999416276,156.11793985730398,4.807192470027002,4.488487693836883
156.67740596187832,156.26530637281195,4.809747687416993,4.486488968463092
157.1158785379837,155.6090604407469,4.8110543269182084,4.481603145025225
156.4567648490549,155.9025458519083,4.812419086913948,4.4799045973077325
156.89524430119158,156.41479082874474,4.813334472741391,4.479601315419058
157.3339038096127,155.90343934675877,4.813946559742976,4.478051324906531
156.74908309139835,156.4860554127689,4.813133825277614,4.483273363780392
157.3335119670607,156.0457855296347,4.815292645494615,4.485550701392477
157.11308029883372,156.7038564367961,4.81681510274125,4.487431524691589
156.89301200408588,156.55518021013566,4.817449852916195,4.491782751798608
157.99024630569676,156.48170614428818,4.821676143682594,4.492151223894367
158.06384303316383,156.47864717322528,4.821134183583648,4.498269166020207
158.3571944698834,156.47542175493822,4.821392258939529,4.504720002594296
157.62358117412023,156.47700968619426,4.820151437648284,4.5015441400822045
157.98981673497897,156.55075603353154,4.821564903641726,4.500828362949823
158.50225960843966,156.77498503501448,4.824192488856389,4.49273321661373
157.9142017602615,156.92558003058258,4.826707985145748,4.48494327549431
158.27967509002494,157.14926558532366,4.8288387396841355,4.477418614451286
157.61979195979708,157.29906050332653,4.829843018150401,4.470886996665389
158.20713055525218,156.7882729836089,4.826693152265664,4.467375626703498
157.98778841165333,157.37701670391056,4.826369620307697,4.460575703848585
158.64650702252283,157.01430605056413,4.824937083308524,4.454883296797037
158.57312188288282,157.67564644587392,4.825597510533795,4.447191174669999
158.57366602854,157.60603156662606,4.824509219219396,4.44042316589929
158.5740410264858,157.53681901421348,4.823759223327847,4.432975170843236
158.57516346532896,157.61212566833007,4.821514345641528,4.428104728558447
158.57659689883562,157.6152090000159,4.818647478628168,4.421938065186745
158.57925467035835,157.7625873487227,4.813331935582738,4.418156372409264
158.58195683983706,158.19870909013648,4.807927596625275,4.417979678245878
158.58329043665552,158.70531872340644,4.805260402988386,4.42156242360417
158.58561433863372,158.26727736469908,4.8006125990319655,4.426007840416178
158.8056236493449,158.84776360408466,4.796407478597881,4.42720469761372
159.17008019219222,158.7751093641411,4.793617596439232,4.427288536793714
158.66435259816717,158.4104425596651,4.7887955039520484,4.43070980250474
159.24771075022562,158.26403958048417,4.783372634275695,4.433192402256534
158.88726826506485,159.27871773179046,4.778674788518275,4.435467984664967
159.0346681258361,158.7688351403147,4.77403395425458,4.439677062140669
159.47302226379824,159.4203581862701,4.767769225209136,4.442296290548023
159.98219681505543,159.34648822338863,4.764544433264601,4.445018457658136
159.47773706414216,159.27263698336068,4.758389300583163,4.4477102756414935
160.06063117671215,159.27120870419995,4.752259521930652,4.450566833962941
159.84287107800986,159.27184017745026,4.753058932474991,4.449303887462364
159.41022398418573,159.34385724514323,4.7489569537910565,4.4501691131317545
160.06378049669237,159.41585910719002,4.745485128248598,4.451014411201665
159.92044910550067,159.48675329901874,4.742531505918131,4.454034229901144
160.20888550120137,159.91975854905516,4.744898676238392,4.456883672410802
160.35293135880136,159.4112963371593,4.746591383841772,4.459562616390715
160.497675583354,159.91764008332416,4.74702530677225,4.461603426186193
160.5709784089071,159.40937610935492,4.745420015248339,4.463128857048524
161.07701183119445,160.06314038140542,4.74834954307225,4.460595648888618
160.64176212717973,160.0611895905958,4.748818602924523,4.464497230507864
160.20627999344518,160.05925439991034,4.749336980209753,4.468367611878771
160.56964234497934,160.6393868902072,4.74833148850353,4.469253369464389
161.15049654611605,160.27455941597896,4.747760547853098,4.4731974044064975
160.78752013765427,159.90991110007866,4.747734154384562,4.476514825814994
161.7315149973906,160.7808287514663,4.747969273921394,4.477656297510056
161.72996485306294,160.78107024181685,4.751069562576756,4.4771733168089645
161.65866634832324,160.77919660464798,4.748355915978134,4.4809205911466945
161.65819174731806,160.9262153583947,4.749305117988509,4.4775384467163875
161.9472011412348,161.362867950539,4.752441790713944,4.475966453266221
162.09039554309948,160.7823923645311,4.756678902413409,4.474413963566753
162.5250320107102,161.14600829139027,4.759533267553996,4.473954860150072
161.94402087349164,161.6551760344719,4.758420550381591,4.47336249164508
162.30824409354454,161.14642099115795,4.756799521868894,4.473317002042648
161.8736164594002,161.80012495902926,4.754020634934313,4.473960299134932
162.82059294343662,161.79865679547146,4.749043093006964,4.476896626250542
162.74979565899852,161.7980524268227,4.745363076155006,4.478105363548056
162.75188372275804,161.7237656950523,4.741186948635977,4.481442600522992
162.68119688508017,161.65238064096124,4.737336764461831,4.4789888491752095
162.68172336564206,161.65259941402778,4.736283803338028,4.478551303042143
162.75569186323642,161.72563242679513,4.733448130788249,4.477586600146383
162.68472634938686,162.73853607558394,4.730337484756808,4.48236273479596
162.61380007503078,162.73579134660758,4.727121279901967,4.487852192748668
163.05103652162438,162.22655834253686,4.723281160389614,4.490579964936117
163.19843127746964,162.36931999340933,4.7186688603919125,4.495233874883976
163.12786123575967,162.36616261941043,4.714718779565946,4.501548622881781
163.63899122991523,161.7835419378759,4.708357333271077,4.505763080789471
163.56835042934588,161.70781124732318,4.704543444914507,4.51212897239966
163.13555743970102,162.06936056305733,4.699310185221849,4.514713040083322
163.2822153030552,162.06812217229057,4.696185353876712,4.517189821616848
163.4288358267336,162.06691209106808,4.693115660197152,4.51960998406183
163.8656361718413,162.28355449001597,4.689970136168027,4.521552769259135
163.43295995604842,162.79148299902343,4.684978820338788,4.521096789895028
164.23138501238054,162.71848960852964,4.682818790833149,4.522111745140956
164.2323955122828,163.660439881169,4.680797791028628,4.522613365742501
164.37725196986972,163.66122475963678,4.680945389222796,4.521043608806987
164.37826973344175,163.66271531590166,4.678909862078745,4.518062496277222
164.74019215949608,163.7375147881769,4.679208373424477,4.513292224417635
164.23484291625522,163.8843841455782,4.676601602781866,4.50906929736479
164.7428060241042,163.23467371137386,4.6732269250140215,4.5066381884348266
164.23863892062812,163.59790832388876,4.669649155395546,4.502963232384037
164.74610649245207,164.17611223032068,4.6658263936528925,4.502112427411945
164.17098538650043,163.5999093196399,4.661098731024434,4.499548374241757
164.67833656665542,164.10653893744083,4.656192226293116,4.496084994218574
164.1035319149408,163.67602725183158,4.652802839298208,4.492359347618977
164.53792114271522,164.25392677961327,4.648100949975208,4.488662380356717
165.04400515335428,163.75200183400145,4.6430968469181,4.485348353359379
164.4709716697534,164.2572587471392,4.639166404631356,4.481082260386374
164.83232864839758,163.68378975736226,4.634555293272032,4.479055686453676
164.26054032934383,164.11542070918492,4.630002252623028,4.476891041875792
164.69309904469523,163.61453628186132,4.625348271942957,4.47478587149633
164.2628797580991,164.19070047180128,4.625961073024472,4.468891854430754
164.69488560321403,163.76183014567573,4.6212735256827076,4.467308363793788
164.1235185023582,164.40771563991106,4.619030612094854,4.463636630035043
164.69632998092104,163.90920932410785,4.6176388246735565,4.459446988150173
164.26869030532754,163.5531091125168,4.615273338703953,4.45694338036837
165.19725264479044,164.19828727973385,4.6153821567501225,4.452364082299517
165.19704525241983,164.05798023480395,4.615796941491327,4.447391403860812
165.26765392473743,164.060556298661,4.617300812420571,4.442239276146712
165.33769183602874,164.06364689591368,4.619888253297406,4.436058081641343
165.40802765735964,164.06662644061805,4.621822592807585,4.4300989922326
165.54919371332943,164.35491878658175,4.6245743855056585,4.42368210958053
165.83238007704654,164.78553043034842,4.628135449795034,4.41735950963257
165.26190248789138,165.28682915230573,4.629578060252513,4.41183556258917
165.68792160970034,164.72009324433574,4.631784678189956,4.40631422978867
165.1895850942246,165.291218805953,4.632209354493669,4.402632654722973
165.75800516185777,164.79555442184758,4.633525160324911,4.398074974473478
165.54403913341397,165.3668555636161,4.6348036971775395,4.393215411029674
166.1123819825069,165.0138277239969,4.6354044196851225,4.388467077334668
165.897829691528,164.73198467160074,4.638224271854682,4.383773542409239
165.61257898010098,165.3030081470376,4.640467381404698,4.378243218143523
166.18006157907982,165.09212833207184,4.641597617716844,4.3739670602237695
165.7535870454688,164.88124366559285,4.642776146336696,4.369851123880638
165.4695962162291,164.88289871795604,4.643098333699226,4.366541019154291
166.17949735556024,164.88411261932706,4.641969779418165,4.364113216412226
166.1797524999855,164.8848760679729,4.641459490567634,4.362586319120578
166.17995945655485,164.88561101300272,4.641045577428935,4.361116429060914
166.18032708184998,164.8868841593071,4.64031032683871,4.358570136452166
166.18041688593934,164.88805536970816,4.640130718659959,4.356227715650054
166.1807137038249,164.95991238241356,4.639537082888889,4.354170988732234
166.17991096831096,165.45763367404223,4.6411425539166995,4.35003601631307
166.25037722694265,165.53040086775755,4.641784845345196,4.346076437574277
166.391384192169,166.0277474042807,4.642814854037171,4.342037151534303
166.675207287995,165.535036726153,4.641064303945815,4.337141135058523
167.0284637288658,166.1025776705149,4.641395463605342,4.333009712576519
166.4661099358483,165.7483479932849,4.635636220863942,4.334927299051278
166.96114640501085,166.45571299207663,4.634305389131777,4.332686025172063
166.46836037000304,166.3145685767182,4.631530026140116,4.332589875029735
167.0333599565434,166.24483981875673,4.630711786981798,4.33089977421237
166.54033888518097,166.2451339926613,4.628997963693883,4.330311426403235
167.10530724708423,166.24561279730497,4.627636307307322,4.329353817115856
166.61332166883724,166.24510804826983,4.624359611305454,4.330363315186175
167.1784818205127,166.24579444439985,4.622041362203791,4.328990522926141
167.03886950372066,166.17572071578041,4.619381507014769,4.328195735778416
166.7578908508493,166.17722099747195,4.617786520620638,4.325195172395335
166.68820755893225,166.24931500995405,4.616337592510664,4.321822659375238
167.32096469282732,166.74406853744253,4.617477248043117,4.317490878093641
167.25075090784568,167.23840846074253,4.617216486449096,4.313629352394818
167.25203034204452,166.74708221947483,4.614657618051416,4.31192135720755
167.2535280418416,167.451086296401,4.611662218457256,4.309471550943866
167.25532096385015,167.30979474821987,4.608076374440152,4.311114359338914
167.32707393489912,167.30929570626728,4.605010664460455,4.312112443244093
167.398792250406,167.30881679440267,4.601982229249333,4.313070266973281
167.46873561117562,167.30999008287307,4.602471603231752,4.310723690032506
167.960936810919,167.66278380430998,4.600494568353437,4.306868650450401
167.54224245932772,167.94390519957753,4.596356981500763,4.305643386605403
168.10459176606633,167.4550376240335,4.593020705762716,4.302186492171692
167.68492709397205,167.9477193837305,4.5919703497966236,4.297265956291592
168.38361679779638,167.39047581879797,4.5942783330507435,4.2920031734344
168.03347469462915,167.8826823152997,4.594956543947202,4.287038574044159
167.89264078931856,167.53318756376143,4.596918506745259,4.286763457562908
167.6824830757266,168.09490854710015,4.597596375982589,4.282354978743286
168.38153482043353,167.9549417513749,4.597690106562051,4.2826491261950865
168.31147894623746,167.88367069417123,4.597975995671356,4.285365381319588
168.24102403691023,167.81265778447886,4.599012331665138,4.287517718043718
168.24078073868253,169.00032651440725,4.599498928120564,4.290885879223986
168.38133612514403,168.4389390633226,4.598358095072103,4.293781021895107
168.52242528261652,168.85692510764463,4.596206078064279,4.2978878270623815
168.6634003439894,168.29551860803917,4.594345500973461,4.300342643653352
169.22429636539252,168.7846059561748,4.592991042331719,4.302550833526079
168.87396241242095,169.2735493786196,4.593315921925267,4.305144225525891
168.4531218455897,168.71197831045419,4.594307902588561,4.307367491191091
169.2228647458483,169.27329793480624,4.596644316806029,4.306053489566777
169.29171497482517,168.92405486576388,4.599125151595777,4.303633163934052
169.43079684754153,168.78350498916166,4.601324627251571,4.304369696049952
169.7115838666932,169.76458924878384,4.600661235543937,4.3053884398903906
168.79936641774785,169.6942489875212,4.602060909743262,4.305835483670194
169.07886078975855,169.69472573243874,4.6041219272304446,4.304881993835152
169.49853081309962,169.69428828698193,4.606458805478269,4.305756884748774
169.6377474787399,169.69405195677328,4.608685234001015,4.3062295451660235
169.70740166304995,169.692450071381,4.6097490230621805,4.309433315950608
168.86288630316216,169.68989748984484,4.61350384987535,4.314538479022947
169.07142380303912,169.68967039614375,4.618167000180977,4.314992666425081
169.28081193919695,169.68736347455513,4.621369000123286,4.319606509602345
169.7730902624135,170.1797118298532,4.6222913517236695,4.320388797039669
169.27785048484682,169.7578067298497,4.6271040994039465,4.319341733515424
169.76939416300058,170.3217866477935,4.630093221184721,4.318326444014527
169.41718425801307,170.10939079976689,4.630019975950705,4.320422306942321
170.05136252498184,169.96827171893904,4.630040323365859,4.320798939408513
169.76994393774004,169.89675013333556,4.629129235136077,4.32290504493712
169.70037473512735,169.75381563006027,4.627311344305007,4.326861459374679
169.70239872416187,170.6681728275158,4.623263366235967,4.331026798387513
169.63358295502167,170.66623161837285,4.619901236982393,4.334909216673438
170.69259177001814,170.66512958137258,4.616925329996627,4.337113290673974
169.70789921437589,170.734547528089,4.612432683397468,4.339268665661396
170.20226175917145,170.87336903377917,4.610394448810206,4.343536184282208
170.76720752187467,170.30706050149794,4.608431920554072,4.348224251694341
170.27511834625588,170.72790019499513,4.6053665194160045,4.352753795307652
170.8405377507035,171.2198165337396,4.602997610704565,4.35633228047954
170.55915445696883,170.796486275605,4.60145043676609,4.356522154636947
171.19394384893556,171.36130082503297,4.601386913564051,4.355351065320055
171.12492112892244,171.36047166184682,4.598394666453743,4.357009391692348
171.19476710644503,171.43078200736255,4.599719888250346,4.357405877502614
171.4735534911502,171.64230028903097,4.606323895134684,4.357501896386859
171.75256627334352,171.85390068747347,4.612894386527903,4.357748141336734
171.18507140749574,171.2886138020936,4.617838718308856,4.3582765121818845
171.677032149475,171.71195010445237,4.623306820694917,4.359652124331086
172.31069382531697,172.27672380462124,4.6290216474009815,4.36169421589565
172.0996622055644,172.27221516579482,4.626373600520168,4.370711493548487
172.02836953234814,172.26793150312997,4.6272868692661255,4.379278818878151
171.95619921326494,172.2633285368453,4.629805271325984,4.3884847514475025
171.95615308139816,172.32970763387206,4.629897535059551,4.397734160533343
171.95605891255624,172.39615253357013,4.630085872743416,4.407000035897699
171.95777900129085,172.6761077012708,4.626645695274192,4.416311590676644
172.1001150457677,173.02841097163147,4.626771897143734,4.42370077701345
172.31468066308545,172.59802702707654,4.625195139768395,4.429359711603022
172.74398907447275,173.1659924130954,4.622076778597484,4.434093555036881
172.24660384041715,172.73674806119402,4.618583027123407,4.436927213480901
172.81916890664328,173.3771319842555,4.614247190290859,4.439552949930128
172.3927282999506,173.23263817624607,4.611691037981903,4.443394777384263
173.1068264109138,173.23040420464227,4.6094310075942975,4.4478627205918615
172.96580107402048,173.22798110829942,4.606223934779871,4.452708913277526
172.82468467690705,173.29739422033487,4.603146251713529,4.456537927853211
172.68435058146585,173.36678596680105,4.598479399648109,4.460421956394763
173.47015242834172,173.58100038119022,4.596088648970773,4.459960293909405
173.53899621952172,174.15309889274735,4.6010119824874565,4.456650597808847
173.67964036614887,173.6562745783189,4.604995341864608,4.451848442455854
173.82024272901467,174.22897400670783,4.6090353428551225,4.44742849256644
173.10545533441652,173.73154445245808,4.612452123108827,4.443976994806063
173.38900630954677,174.44603146093885,4.6158092182254515,4.441150591287449
173.74383801946644,174.37548286476047,4.6192590877521535,4.439625125771048
173.10066590908912,174.3753227680509,4.621730072335478,4.439945319190175
173.6708130388972,174.44658867415612,4.623006777868493,4.440109877623425
174.73911677449834,174.58994714064494,4.6271840180590225,4.438830906164828
173.6669145302896,174.73451201045722,4.63012572751618,4.435229537068293
174.80683282824364,175.16540009394433,4.6343411605812825,4.429972880958964
174.09044347530673,174.66729803965418,4.639759543566442,4.427024763517257
174.30253015517843,175.24131618333084,4.64390872045422,4.421181907180274
174.37284384461242,174.74408541923543,4.646027901580915,4.416417515408063
174.51543574799874,175.3159021539721,4.646252541995593,4.414417834684012
174.58731336924347,175.24306343405235,4.645173344453072,4.417419229576525
174.65903964099311,175.24255358904358,4.644427526593208,4.418438919594036
174.73075750620973,175.24205408698987,4.643703009101288,4.419437923701491
173.7319995371684,175.2433191781923,4.643199084671009,4.4169077412965985
174.0886732634468,175.31574502054698,4.643190238236458,4.414723777811677
174.6578944581502,175.67441696073442,4.645811617689749,4.4105447529743955
175.30045136183458,176.24364748571543,4.644167594391592,4.412945733297379
175.0885804359653,176.02725590792386,4.640049189557624,4.417868632307964
175.01987810368027,175.8103734393445,4.634820207414542,4.423732629327199
174.87910242447668,175.6650266144228,4.63108218139834,4.429136894747242
174.8812541702488,176.65860805978204,4.626778689854091,4.439378566447193
175.2393920300728,176.58463442979246,4.624335493154658,4.444559321836636
175.3112131085705,176.5810186897041,4.623503561869005,4.451790802013349
175.38475758606637,176.5766611368765,4.619326232621358,4.460505907668557
175.60155038419083,176.57200314319294,4.614692678040328,4.469821895035708
176.4567871899523,177.14642397281472,4.6209231521799214,4.46544962623381
176.4547767755143,176.64795287000092,4.6249439810559485,4.460781096615419
176.5239060244053,177.22261119727403,4.629761929001572,4.456076007890385
176.5962498619059,176.79372514525096,4.6281517800226,4.455382955803142
176.6680134657666,176.578413491332,4.627665894642551,4.4568822966171355
176.95391187574793,177.2921455075389,4.628098797818303,4.459992572049443
175.8796533362917,177.07735185706653,4.62991445858218,4.46023958936444
176.5215782984425,177.0778428573457,4.634376713017616,4.459257588806114
177.30562078540322,177.36680681719392,4.641493947963616,4.45413047233424
177.23094323661394,177.72773065501633,4.647618463447733,4.448435707161831
177.2994467029651,177.94500720187543,4.653847892138902,4.443591697624259
177.36799085520659,177.2302239270913,4.660016786874824,4.440586255003521
177.72325697267223,177.7332390401752,4.666015391620184,4.437699204383026
176.7888192038641,178.30944757564737,4.671284873192925,4.432116629465436
177.14359722067135,177.88116783747546,4.678470259119822,4.428586402359614
177.42675490433683,177.52419111904018,4.68577376213686,4.4255162512950905
177.853932519171,178.1003574457783,4.692240016616421,4.420945576682755
177.27748469143543,177.88670899377624,4.697144994682609,4.417745976660017
177.8493424141471,177.8161097430898,4.701627389283031,4.415419748029853
177.8473504857103,177.96175242751238,4.70561124615662,4.411250094729816
177.98961590177106,178.25081061590325,4.708188232563613,4.407349355005082
178.49049474482422,178.75526083393123,4.711156137703572,4.4031745101954165
178.99033334140427,179.33207836783717,4.716064893761507,4.397637670061291
178.48535480633987,178.7610499782184,4.7215151566920825,4.391686669643714
178.91380625283296,179.26639999664357,4.725561197026259,4.385427055000461
178.3412394642006,179.04988844817478,4.723053720428085,4.388084756739451
178.84219041003686,178.97778057267257,4.72535958864858,4.388842256330573
178.33868464289466,178.97789571425443,4.727827184074751,4.388611973166852
178.91440437099732,179.0464956159142,4.724716708125146,4.39495329237929
178.48479970091236,179.04349294886262,4.7223657932919565,4.400958626482453
179.41907771164466,179.47253904155565,4.721287193928568,4.404779097450862
179.34829129413657,179.97354921464566,4.719164059563032,4.408630536943005
179.27741996828922,179.39687163222416,4.717182712330852,4.412193710371124
179.20654070116962,179.898026611034,4.715191597412276,4.416131296855668
179.35106098880314,179.5383120165647,4.7137131794769465,4.416655092465008
179.78276560649684,180.47074427340533,4.712901747639644,4.4207524864757
179.35217706588494,180.46863040578074,4.711166758988485,4.424980221724861
179.85646489026115,180.537607605078,4.709601886288081,4.430884505423504
179.3536888075501,180.6096526090009,4.707658495183821,4.430722434224291
180.00052960485704,180.6823812274225,4.7090318028480835,4.429160186523125
179.92835995639183,180.8982676937051,4.709479438557099,4.42906223762217
179.8568816841217,180.32222261263038,4.708538880205677,4.4299755766379825
179.85607821076565,180.75436366659844,4.710145826917772,4.429074853350874
179.85628122043207,181.3281687970529,4.709739807584931,4.432726336857668
179.85565624308242,180.8948934532625,4.710989762284186,4.435521096120079
179.85611725442027,180.8183148747572,4.710067739608514,4.4446550444482265
180.00154821102987,180.81411447804854,4.707513255732267,4.453055837865538
180.21948489518786,180.8101524565923,4.704380935989308,4.460979880777965
180.58226076981342,180.80630597297787,4.700447516841676,4.468672848006887
181.0884228424332,180.80489676304651,4.698811811779044,4.471491267869586
180.58440708657488,180.80443919666422,4.696021421986208,4.472406400634155
181.16261475603517,180.8755926536628,4.694597712661689,4.47447344033653
181.0185430713443,181.09196561325737,4.693972245614049,4.474880775791341
180.80325443970568,181.52341004456733,4.691406268227126,4.478278394499805
180.80425005942035,181.95740819859637,4.689415028797808,4.476650473948732
180.80558924543465,181.3818814687568,4.686736656769201,4.473001805721845
180.73529884182383,181.95990783525934,4.683079432089522,4.470853327927177
180.66384808640908,181.3861313794955,4.681834207418942,4.465232355453819
180.66372976005468,181.8214433643347,4.682070860127728,4.458837557518291
180.66394743040823,181.24851159269141,4.681635519420617,4.453176447578927
180.66414609658165,181.8972260866057,4.681238187073818,4.450343987980131
180.7370997868259,181.6112407943067,4.679123757280343,4.447142769797879
180.80982968514715,182.25969559163573,4.677373085132141,4.443615295588752
180.8810009015016,181.83203837722706,4.678656471172271,4.437174811912099
180.95502502115275,181.76147865367065,4.67415203708221,4.434750453812706
181.31573665721555,182.90824041712912,4.669903249858998,4.43618527858336
181.67656023987115,181.97547753883134,4.66521188520508,4.4376259534699685
181.17719914206532,182.11841838600816,4.660550050799276,4.438425410549923
181.75116855584784,182.11983544000034,4.658853443251146,4.43559130256556
181.39490307212392,182.19155973572308,4.655340347376715,4.435351523784559
182.53852041469182,182.6935020615914,4.658506014623632,4.433517026215338
182.82118971483735,183.33909984509964,4.6658494347332935,4.430856005100446
182.10206141240408,182.98198276755144,4.671673505629218,4.428873893211598
182.1744292664382,182.8372801483328,4.670240752459948,4.4316732218508985
182.17531562118862,182.76290150768827,4.668468042959149,4.437105584824667
182.24618460501628,183.83804622383866,4.670113362948181,4.437565467189255
182.53192948286144,182.8332717212667,4.672288904223187,4.439285932954545
183.03294906125086,182.90375276519853,4.67459321278828,4.4418014829971675
182.52905996360332,182.97456063735945,4.677496427592001,4.443739307316957
183.1016270603074,183.11948427671595,4.681399950007302,4.441151457559786
182.6689499653439,183.62422406514725,4.684855511412408,4.437220280639366
182.23625345403704,184.12891835984226,4.688399516062264,4.433322212207204
183.09631953847423,183.62745024330886,4.691888777888567,4.430812610698603
183.09335905768052,184.2030237587451,4.697809739475979,4.428864621892475
183.0186416218579,183.8437271235134,4.703533057621413,4.4289001248572095
183.01701768584746,183.55568401146127,4.706780929642342,4.42978000125133
183.01629594926973,184.27488013784915,4.7082244027977715,4.43005091561516
183.0152863349768,184.05869057012507,4.710243631383682,4.4307505176635145
183.01414498336672,183.9139568173341,4.712526334603811,4.432346342259796
183.01207919468243,183.84103285640674,4.716657911972385,4.434197420068165
183.01261915419528,183.76750318533223,4.715577992946684,4.437165968128735
183.01351840301538,184.84657896910986,4.713779495306511,4.440829824129728
183.01411718749677,183.7648935361677,4.712581926343719,4.441934864425583
183.01519399146,184.84380080867894,4.710428318417256,4.4463683231249425
183.0168440952494,183.832980681269,4.707128110838417,4.449397140272682
183.09126762278916,183.97439965223418,4.702464022752188,4.454925132328765
183.09332789201818,184.11584264557385,4.698343484294134,4.460434506131649
183.23968195368064,184.32960458774767,4.694076477995067,4.46557229732282
183.74503156869417,184.83104358735562,4.693023757189376,4.472340807328297
183.1696945115299,184.25165523115362,4.68908995441025,4.476509602624591
183.74893366133696,184.89850123338826,4.685255211553168,4.4817915995069955
183.1716905360603,184.46369533186174,4.684909045536591,4.485279090132598
183.67912888509247,185.5438667875482,4.680859343250895,4.49099402685673
182.81316723185023,185.97349229598015,4.679611866768472,4.498328401476333
182.88587386179387,185.463254960976,4.678726050448256,4.50711096651542
182.9586926645734,186.0369939566251,4.677740983972238,4.516853287881496
183.10370810607668,185.45686088721013,4.677292537564272,4.518789680316907
183.3209294604717,185.96172615921282,4.67729427218649,4.522762837606705
183.75628869229556,185.38171101019122,4.675841885708798,4.523771699423171
183.2502068877728,185.96120835098057,4.67390950192118,4.52374386679663
183.82851047345426,185.7432484991801,4.676023200278757,4.525143244252359
183.610300629369,185.45291825582675,4.6777567227142445,4.526222176645727
184.40514987862116,186.10642697025847,4.682394246106182,4.523661492970148
184.402256380991,186.03464905233992,4.6881812413665,4.522245460779368
184.39975060589862,185.81901967968736,4.6931927915512475,4.518383591649673
184.3978256603801,185.74762870764815,4.697042682588277,4.516107871130471
184.39672735008637,185.7496184448103,4.699239303175757,4.512128396806216
184.3956930308172,185.67830417760499,4.701307941714122,4.509703504622318
184.46779993368952,186.8405999314631,4.702141588273136,4.505871233765283
184.61273099650657,185.89971520519003,4.702279143432828,4.502642761151752
184.68681212211095,185.82503091631798,4.6990677689853175,4.507060462134561
184.0369186480946,185.8225003357145,4.694120090414307,4.512121623341568
184.2564658809037,185.8202604121786,4.6899449300463,4.5166014704133
184.69291796261373,185.96461690641513,4.6869121135357465,4.517845597576796
184.1154227346342,186.46993846009633,4.682296958021404,4.521857400253596
184.62429551726908,186.9757178281439,4.679144044525287,4.52489131593209
185.06104625921003,186.53888472053055,4.675284659205445,4.528915432596753
184.62687054068613,187.11947795620878,4.6739753907021555,4.527276568641744
185.4957369818983,186.90194091599506,4.675006526378531,4.527659644544013
185.3513452362744,186.7567180075228,4.673951552623462,4.5282669964857005
185.35210988845148,186.68323946761987,4.672422248269308,4.530311788973599
185.35393369498766,187.7668143188606,4.668774635196939,4.536971469379122
185.3550255903431,186.67908994371996,4.666590844486049,4.537890247551406
185.646846344726,187.83620007590667,4.662744998500118,4.542852634297168
186.1543020110343,187.18294352266,4.662602439694117,4.544663031605377
185.5758652608,187.39813502612702,4.6595292783734905,4.549260022842306
186.22921579640737,187.90421999261324,4.65798754959621,4.552214022876805
185.79387370973456,187.3944452131755,4.658430803742197,4.556482509352731
186.3013593430607,187.6832269085354,4.659261210727401,4.559377217854373
185.8631812298792,188.19209593012167,4.664577769643677,4.557852120036391
186.44142855380272,188.7754019428861,4.669944602665512,4.553101575376364
186.00309892340226,188.2695727658984,4.675152416545841,4.548066574611004
187.0907958020697,188.19855517228893,4.678420100302193,4.54485766575723
187.01642380656875,188.92652145783615,4.681919429919578,4.5413717085082626
187.16069537623636,188.9277033448875,4.683865217203343,4.539007934405572
186.50619103452453,189.0028350981675,4.68573533755072,4.533982045965153
187.01263698996914,189.15076557633984,4.6891558056808025,4.528496055054558
187.51854874121938,189.29830043832047,4.69341281934419,4.523735049997279
186.93688959407265,188.79273036419775,4.695564825393449,4.518854696029051
187.51493331346936,189.30256041736325,4.700295768072221,4.514910673486275
187.44027477794077,189.29985279884326,4.704498819463824,4.520325910526271
187.3650433031949,189.29904945080722,4.709696176927014,4.5219326065983365
187.28976956595318,189.29821873056488,4.714871188386396,4.5235940470830025
187.21463083308856,189.22657721740129,4.719668808655378,4.521397227949963
187.35959332237005,190.02823885741634,4.7207842795292185,4.518796419822054
187.94017336951362,190.03182849459003,4.723596307698886,4.511617145474676
188.5204564394017,190.0345796762504,4.726444999915181,4.506114782153992
188.2276294083038,190.1101555142245,4.7305618967267575,4.500347397551798
188.22769922685873,190.61595158148725,4.73042225961697,4.506256697739462
188.15308932651462,190.03541805815865,4.734193258789458,4.503733332270912
188.22356029149196,190.61657581515942,4.738719169753677,4.505160545620905
188.2970537677408,190.17851166635003,4.737293509235521,4.507921091362369
188.58616378010657,190.76104248530768,4.741404397022175,4.5075212784833925
189.0208302333299,190.32375931990867,4.745915870401534,4.508243229455458
189.38565807187373,190.0284015047559,4.744874056013173,4.516067769601521
189.092295101703,190.6814428211044,4.748278095832747,4.522459413078757
189.6756005769314,190.53354787745116,4.7495474497174355,4.52627922429991
189.52623483708604,190.4585276873765,4.756148066598921,4.53025417304463
189.45117895113984,190.4586567529897,4.760028100710932,4.529996041818235
189.44978132850557,190.67657749043656,4.76282334597946,4.533019707008835
189.51995062554477,191.26153447080694,4.768864797578026,4.534146111683477
189.51719915185853,190.7498700465229,4.774367744950506,4.5320278048480604
189.66088646025787,191.40983967682416,4.78008310280703,4.53099343019395
189.87855649616475,191.33436092452501,4.784597056538178,4.535332926277299
190.02386808512088,191.25893783678956,4.787488732664003,4.539421674729163
190.53784438112984,191.4034033744588,4.787608573795713,4.544225580290553
190.0218975196135,191.40293871739487,4.790883641038445,4.545154894418407
190.83006502722898,191.69332269554835,4.791675089258666,4.552432924821026
190.9037716857534,192.27708322834934,4.79140102106281,4.562025850043331
190.9791337696475,191.6825863180652,4.7879638409981045,4.572723768824022
191.49541319382482,192.1259799486318,4.787223615331979,4.570352469995279
190.98029520439306,192.56982399589526,4.785985034818247,4.566785426363136
191.49705108656318,191.9820882656688,4.783416544359419,4.564036002380139
190.9813404745872,192.27882925708641,4.784480878484009,4.559329385160544
191.5703324087421,191.98754574747846,4.783584515506383,4.553352651710351
191.129349971557,192.57897228290992,4.783386161251793,4.546717219013933
191.12841912103175,192.50880096470345,4.785247862302257,4.540140911692157
191.4216555119494,192.5841110809109,4.7861504156156975,4.536364513064454
191.78966769338462,193.0251612105568,4.784116470142017,4.53505275464867
192.3036121623153,193.53917619609032,4.783445798510954,4.534241049811969
192.00918195525944,193.02666718147628,4.78541779198001,4.532204342915372
192.66803959735842,193.61546623345532,4.788188451572835,4.528371522326832
192.6662087178556,193.1768160922544,4.791850210578468,4.525452508393918
192.73835894109087,193.9130068243701,4.794263946380161,4.520212866885073
192.73649249762022,193.5483051144935,4.797996833321447,4.516272281490547
192.88211379617357,193.3303524697868,4.800083493041914,4.5121836856632696
193.39599903629858,193.25893811315711,4.798739494941611,4.508380044329803
192.88307130705795,193.26139963530915,4.798738101473697,4.503457000025724
193.54390668641906,193.2611617466217,4.795322625404479,4.503932777400603
193.54604240379004,193.47978258493043,4.791051190662514,4.505972077361088
193.54636849539153,193.55269487810955,4.790399007459561,4.506540097522408
193.69476942038963,193.91717517125372,4.786380013404626,4.509536651087356
193.98698182146805,194.35665971563793,4.787459842247846,4.508824508818985
194.42385302721732,193.84496666271707,4.792007858331003,4.507538449148768
193.83525670317158,194.35804843461645,4.797741165553095,4.506401828610782
194.34534495881053,193.8476496220603,4.803092498924997,4.501671609073324
194.0487922353825,194.50853488954255,4.810147962169278,4.498513537235298
195.00082479600735,194.43610813436646,4.811526067657499,4.496794491684529
195.0745293505929,194.43565272017193,4.810683734187472,4.49770532007358
195.14723628254032,194.58327019027303,4.811837957566,4.495606554418081
194.63691875383526,195.0916172774651,4.8066035722593705,4.504781822750721
195.22599511087205,195.67357500983817,4.801384703637931,4.513800203456743
194.71480497993687,195.22922772255973,4.797016537136312,4.522424696551943
195.30470811106056,195.73874618555763,4.791185688177043,4.530616257183199
195.2337169504305,195.22188469798138,4.786382317329149,4.53683938757948
195.23632025895702,195.8060385928532,4.7811757002760675,4.54300552128401
195.31221083213515,195.36182653610382,4.7762200772989996,4.550476494507751
195.68093943762736,195.35932227549665,4.773094642607956,4.55548501572208
196.12289070019224,195.64872041978495,4.770572757687809,4.564275820618566
195.8295155633138,195.72132796977613,4.769336973208034,4.566057235195345
196.7868009497836,196.08919197244307,4.765835987913828,4.565356071263514
196.78991232510342,196.52792238703836,4.759613237274215,4.569531805704492
196.7911568606181,195.9399917979481,4.757124166244889,4.570128616450372
196.71924692602573,196.4519904229547,4.754065544829714,4.574280800636385
196.72085391663407,196.22830436480118,4.75085156361301,4.580964103748157
196.57420705901336,196.0791982912659,4.750242001525107,4.585272973489404
196.79286016111325,196.7378983053698,4.7539665328882625,4.590965151970448
197.8261339189432,196.14341155530846,4.747640559032508,4.602669199633664
197.8290375137654,196.6537378534999,4.741833369388159,4.61272843857765
197.83221158577595,196.13260284659557,4.735485225367021,4.623811467338882
197.9088225261562,196.79017831890064,4.72965122069876,4.635151407558916
198.35179029485482,196.9364312850753,4.728567660780075,4.637596134369118
198.05731742450337,197.3796629012713,4.727525789127134,4.636114320510863
198.57246122397555,197.08622356065248,4.729438188891922,4.63316443105753
198.42444176740673,197.6774787621092,4.730595877661914,4.630178925614772
198.4248147803634,197.31025529659854,4.7298498517486305,4.627567577071461
198.4246476146957,196.86969896659514,4.730184183084022,4.624528015645766
198.49966852563017,197.607253070786,4.7274583144706295,4.62257933982014
198.86557448931063,197.60683735679376,4.731858245397893,4.623410767804638
199.1586352396384,197.60587041428172,4.735035130238489,4.625344652828691
198.71827339987678,198.12177023029597,4.731328658161509,4.625380197667131
199.38355512120697,198.49056912219447,4.726891672969756,4.624519334686046
199.23845421324742,197.90196930221805,4.722565270951372,4.623606102888829
199.24083046843523,198.48855671282905,4.717812760575713,4.62788519006887
199.31496763488963,198.488753599052,4.7167130699615285,4.627491417622993
199.38767818085225,198.56532447582282,4.718443127597441,4.621500813642467
199.46056941125266,198.64166763941097,4.719744417440989,4.615898237110592
199.9739107508056,199.0828399387328,4.7221717827665675,4.6156479622652915
200.6353583282593,199.44856276805578,4.722725613583147,4.619451740132666
200.63156377341585,198.9342591144191,4.730314723269999,4.618228456461305
200.78044540481756,199.51973048136207,4.726988474421691,4.625033778395807
201.22219434050425,199.44361552190597,4.727133120949575,4.6299899443244685
200.5603640124277,199.43916167353268,4.724605225910362,4.63889764107105
201.00059342722332,199.5101200011108,4.728877558744716,4.644436179652338
201.66229138751982,199.58276406024606,4.733969320761535,4.646757803894043
201.21528994643737,199.80297946611967,4.74161386200933,4.649506162605391
200.9893511274661,200.31875158916728,4.749821873161595,4.653191045687419
202.02572950070834,199.79606152506665,4.750142969857175,4.6620322522986735
202.02251044289238,200.46085451155804,4.756581085489058,4.666440752608946
202.46690570204743,200.38513259603985,4.758144650882615,4.669492236361327
202.32088462093915,200.3832171993028,4.753256649895111,4.673323029835463
201.95036449338207,200.30799318359206,4.7520532078663775,4.675322321828359
202.7691676061865,200.38213400141433,4.74752213346418,4.6755020635662
202.77201947025696,200.6773005212956,4.741818405323276,4.678741016918934
202.774701323532,200.82332582001246,4.7364546987731515,4.683399289676103
203.29518991497667,201.41544074795465,4.7338824993139985,4.685917986283274
202.92568063664353,201.18992218019696,4.73118688615016,4.691926619900602
203.52000643207862,200.81650389091774,4.729696625595966,4.696787367011572
203.37421111355667,202.00092169726534,4.724390581342073,4.703125204699106
203.30100601824216,202.14995516805394,4.72233605086754,4.701987705329114
203.667527898735,201.48134888288362,4.731364594161602,4.703470127966103
203.96121295625636,201.92635067093022,4.738314127196571,4.704946023989502
204.25517958381073,202.3717067949846,4.745230976827937,4.706508932990922
203.50789612802058,201.84744781124292,4.751338033264953,4.713105001873992
204.17604896142342,202.44091026937943,4.756446753262889,4.718548429426407
203.87509973056595,201.91586152182347,4.761496318326683,4.72416035539881
204.9192815613722,202.50956076839964,4.764454487563237,4.731802908445924
205.0691275158188,202.1337959986013,4.763856857803958,4.735596750207837
205.29269324207962,201.61079775916858,4.765517992639606,4.734410525239473
204.6945203916984,202.28118389147969,4.765023909437936,4.740083017576865
205.14358377554544,202.12955468884752,4.765016708348508,4.7439682339729465
204.84505436375142,201.6763604753529,4.763084721330151,4.7518704450526075
205.44521156576167,202.49816690946844,4.761504618317104,4.756517240706804
205.14691591747095,202.4953428805248,4.758535503411588,4.762165298594094
204.84849068593735,202.4925557145781,4.755656792997035,4.76773963048746
205.52512661569176,202.63994884660093,4.752157383330106,4.772902799740004
205.60259690931906,203.0875162185687,4.747217654897085,4.777773208734226
205.6059509055568,203.45832919343852,4.7405096624216165,4.786145574828744
205.9833559893426,202.92929955936486,4.735827676800569,4.794025388245273
206.4345900138577,203.52753568346247,4.7338139873708664,4.7981589528506445
205.75905569031016,203.00067300161973,4.733902039040467,4.801121631205223
206.2086448936006,203.60060515535218,4.735665153862256,4.802512685610529
206.05733311573854,204.05469583869635,4.737875503999996,4.795570935681245
206.73146394955737,204.50491326020727,4.74080478350567,4.795930057421606
206.73232169033489,203.45653439231845,4.739089301950601,4.790109365642371
207.25744787191806,203.53560125377035,4.739296019934508,4.7820412257599765
206.73281850583376,203.46449801711222,4.738961164600506,4.774305758004467
207.25795845157245,203.39187916471832,4.73738605354814,4.769728494160098
206.8081716356732,203.24548085215744,4.738650948867911,4.7630888737889405
207.40464430783013,203.1723870227799,4.742774198700517,4.759642958275714
207.54976642130376,203.09984784372588,4.751818583211006,4.755077010654892
207.62065311990756,203.85116800627839,4.759760075046926,4.749585575985325
207.6917544149217,203.7035610827464,4.767310938408546,4.745292516269496
