279.20001220703125,159.60000610351562,4.900000095367432,6.409999847412109
279.49338021265004,159.6405148980073,4.91268055541752,6.395259905953865
279.3991311587454,159.114233170802,4.923483911164542,6.3816548479907595
279.21516599433915,159.56526311177583,4.936088118670363,6.367910269309863
279.2083736286946,158.77207229320925,4.949672849959509,6.355366735662503
279.2011045158531,158.86715856840058,4.964211075642456,6.34288190248419
279.2833138790448,158.87428933576766,4.977525590149832,6.328620367750057
279.5452122388276,158.61565615126977,4.986923159398265,6.312692447931692
279.80696747583573,158.3572722983064,4.9963333940388885,6.296539445201608
280.2457604901132,157.7448430359628,5.006475309643583,6.278578848065288
279.7954797734969,157.75405662351915,5.0198623157253275,6.260151672952603
280.40787140984264,157.76251878078614,5.036664539773409,6.243227358418594
280.2225578696513,157.59399745803182,5.052527912332857,6.225506296104059
280.2143644157504,157.1592427414142,5.068914820134668,6.20818310344082
280.2059799066866,157.69997899418544,5.085683838262331,6.190902905232034
280.1090417053974,157.1766037434269,5.102189559272726,6.173429317340887
280.36788387416755,157.45165076815778,5.116610263710938,6.155440309857759
280.8931489040044,156.75146843074077,5.130024479617848,6.137212617250841
281.41885492678205,156.8492869336275,5.14216934359702,6.1188350963997795
280.7929054462462,156.85834193417668,5.153865496051071,6.10072509530144
281.40379019126954,156.77821731508615,5.171661369620874,6.083893567251542
280.95610029543,156.69884787059456,5.181504988348755,6.065525221644524
280.86144678352485,156.61954105737914,5.193830259104685,6.047157095020992
281.7389478128025,156.09753382706447,5.207786815952555,6.029796386408464
281.7328325371219,156.54865774163,5.220017367313712,6.011805613714863
281.81473389419955,155.9386270534048,5.232983844744958,5.994482649059711
281.8958990545316,156.03572999467818,5.2473623207634885,5.976985563195591
281.1848889335474,156.0447019772434,5.256038588120631,5.9590415980651485
281.26820649565485,155.78891710143944,5.265932132831978,5.941025342894603
281.96793687427487,156.0621306726111,5.277730963016733,5.923820545835637
281.6091617794368,155.18882359767264,5.289965099231955,5.907144562060102
281.5151709581322,155.19766383800854,5.301681284785941,5.889464081388338
281.50847472233585,155.1182149190599,5.315073756378636,5.872184190938617
281.50222788610245,154.95089647961487,5.327567428845437,5.854575731541178
281.84757205358704,155.57567756210045,5.341070465690984,5.837348467245787
281.929021274197,154.96831089833984,5.354166740907915,5.820118779709556
282.3617815615314,155.59256451134308,5.368319911379826,5.80315479690013
281.74002075066636,154.9856088640565,5.380573629899247,5.78579818826261
282.172482996773,155.25787136237457,5.394746262164996,5.768731466313866
282.5173148532129,154.5632441343837,5.408195085923681,5.751760849018683
282.24489577996604,154.57131111945793,5.425853685290136,5.735626878870193
282.93864594683913,154.5792563406697,5.444388733033329,5.719736436446667
282.8422030540977,154.41137148311202,5.461474892477855,5.7039068994855615
282.83423567254346,154.06784553351457,5.477409655586362,5.687669111308163
282.7378551638169,154.7784308871898,5.494350455586845,5.673060143578822
282.7296898303793,154.2589033939039,5.510681122462094,5.6569605054117265
282.722190796574,153.73943903450538,5.52567919007267,5.640701622300521
282.7135439131252,154.27453384985802,5.542972956970322,5.625589097938055
282.7921368083039,153.5784116433763,5.561668830606311,5.6107801989540445
282.9584785341246,153.67371249728455,5.580872687447562,5.596122145378919
283.30108595042367,153.68043502984435,5.599720357659218,5.582677080259321
282.58693361754047,153.68750671131394,5.619219456064914,5.568533717320124
283.0178611131462,153.69475853088855,5.638287651435745,5.554030078170892
283.4501354635929,153.701558921238,5.655017567963571,5.540429297472047
282.82430671564094,153.53176565240273,5.6725474762135075,5.527407952955672
283.34757521610834,153.00923113481338,5.684251765352512,5.514235698060453
282.89896787925414,153.6330195770854,5.699721178464466,5.5011021783515455
283.6004327152771,153.3714594106892,5.707863392509694,5.495070553859774
283.5081846861836,152.84680722575345,5.715943250675601,5.485877723604338
283.4158458772513,153.5556679758166,5.724223540721444,5.479334846028441
283.4110045859983,152.94441639595104,5.733906123227516,5.466873834700222
283.3196454571724,153.47947387760763,5.740246677627877,5.455025090895848
283.3160803903647,152.86791399966802,5.747376811243233,5.444120533972127
283.0479562569081,153.31460996289798,5.754941449956594,5.431867987845207
283.83759720408,152.61659186239908,5.761026292431865,5.418689311670475
283.74610062244744,152.62281556447704,5.767981578869033,5.406241907514513
283.6552189010447,152.62867772545982,5.7737960519151335,5.394517585548973
283.65338256477224,152.63315895105322,5.777468724460054,5.385555134362174
283.6522156232408,152.63794245268795,5.77980260752296,5.375988131092699
283.6510204394349,152.55397939735056,5.782192975134783,5.368261274173062
283.7372391267367,152.38208932446108,5.785323054329743,5.360906512354836
283.82048793990793,152.12353456925564,5.7943247872408765,5.351517945005312
283.9928898687492,152.82818233694542,5.800501827594567,5.346146001770936
284.0801878427609,152.30444651536035,5.801407179601373,5.340609844759636
284.3408755730764,152.92107935240173,5.80631367028095,5.335335390401485
283.5517308114548,152.39598389703164,5.805824590802068,5.333007232660309
283.8107231720296,151.786302958543,5.813965355889065,5.32474297508529
284.15694611155897,152.31499869127282,5.82300118515115,5.319574072106822
283.44790941849374,152.93190955874883,5.837643798569766,5.313754263277678
283.9687624053224,152.4088026739657,5.849322497150542,5.306583360605696
284.5802343095375,151.8847410117844,5.855799691479121,5.300917254032299
283.8711809561639,152.32979880786263,5.8687704287295785,5.289011642811221
284.3914694214336,152.42351241094056,5.882116260378301,5.277238230353377
284.03573715984425,151.72712188261664,5.8908875292999845,5.264632778487191
284.6450862496518,151.73274975242916,5.901447203032749,5.253377038862115
284.552295570115,151.64866051703441,5.91143617121648,5.245963118761849
284.3734186462959,151.6530769238004,5.917932168662415,5.237130305229873
284.28519633279865,151.65388680980024,5.9187883305712425,5.2355105332301815
284.1961713706558,151.6548747858095,5.921262417045431,5.23353458121162
284.1071878691469,151.65581885496894,5.923646811098922,5.231646442892766
284.0205426748463,151.56844060702306,5.921347812708374,5.230813551792791
284.89857138448167,151.57172796754355,5.920694394474775,5.2242388307518235
284.89499310235163,151.48752904438666,5.927850958734886,5.217211611862312
284.8915271574144,151.4032223086449,5.93478284860938,5.210401507052197
284.8884093402686,151.3195025939655,5.941018482901014,5.202418926100999
284.886194830014,152.11235246619535,5.945447503410113,5.195236456298347
284.8845149220329,152.0277032752408,5.948807319372307,5.189190471444497
284.96830461371894,151.76970745394394,5.956527465567444,5.179283525336599
285.0522429046187,151.7744815412581,5.963911163811473,5.169735350708264
284.2594809077818,151.86562015578696,5.972441965480458,5.162679587428849
284.8720732370668,152.57099273698384,5.97393931649444,5.153856721702512
285.48208079219347,152.05138243332772,5.979777301476903,5.142346104526964
285.0426645351276,152.75662242935917,5.983472894420792,5.132085186364753
284.60518839527407,152.23710316500083,5.983826460303202,5.121605258491988
285.21665183754476,152.9404329571176,5.984197611301258,5.113000572017842
284.7804717862822,152.42156662021813,5.9834360123035015,5.1029872039893105
285.3894710580308,152.8634473752558,5.986598984013474,5.091483919061876
285.03929535202315,152.25824237193507,5.98968812902915,5.08168495845392
284.6900717824064,152.5243768833091,5.991312553630272,5.072032971680197
285.38469334972757,151.91886060034508,5.994673294492133,5.064537146541916
285.0356976190755,152.3563906344955,5.996637828977331,5.059510736764759
284.7739182692977,152.70761846298535,5.998328095883948,5.052879656650409
285.46958463983077,152.10139028848798,5.997999140098022,5.04820769352499
285.3843559641287,152.45121315952798,5.9946613133285656,5.043742664139406
285.3840386391267,152.88728486640952,5.995295963332589,5.039958261993935
285.4737580996752,152.1904655643531,5.989477691996347,5.044631668020483
285.47549807787993,152.36350538992957,5.985997735586932,5.045764343682789
285.4817596837038,152.70837843435945,5.973474523939265,5.05030112444095
285.4011666460884,152.10119144215503,5.9612100850405065,5.050521509944225
285.3197225280709,152.44837852177398,5.950833547310935,5.0492064457648755
284.97854057836287,152.97120736179434,5.940863696347046,5.042049391294023
285.67465094281624,152.37081200420835,5.931158198260701,5.033139279498058
285.50504614840173,152.4601004359599,5.925325276495298,5.027083671292213
285.335631423348,152.5492741940288,5.919487116523643,5.021069960193941
285.1656311303192,151.7784697188579,5.9151938079616055,5.013356384747306
284.90948149236425,151.86776205527545,5.911623305689432,5.006728304639549
285.59962645789705,151.95558299375367,5.9056921848834945,5.002881278965576
285.3428645685477,152.045021705196,5.904291725613776,4.995645268737027
284.6551025473819,152.13587997066062,5.90778874513806,4.985432115658684
285.1698895219633,152.13956978837763,5.906572672969645,4.978052480224657
284.5739456356994,152.14076780799036,5.899672453484387,4.975656440999223
285.00349411009256,152.14276700964632,5.896127544239732,4.971658037687309
285.60674507365525,152.14246007027634,5.886565110471379,4.9722719164272435
285.0140294880106,152.14391058963682,5.876020371465738,4.969370877706283
285.5285181176213,152.147602924555,5.870908896523847,4.961986207869917
285.10409430978507,152.1514827660404,5.8675235885047945,4.954226524899131
284.5120822862815,152.07008696665704,5.859661366419691,4.94674865665269
284.68643611860176,151.98639647978194,5.851009307962943,4.94410182731097
285.03068588722,151.90526096560964,5.841916584033788,4.936521152328772
285.4577792504557,151.90872541255862,5.835676851117698,4.929592258430849
284.78537087854676,151.82572728245017,5.825440739722522,4.926206911746055
284.8735958264246,151.5753687410784,5.81816001567284,4.919416479371451
284.96158583963404,151.409252838157,5.811127535429572,4.913753192863018
285.04883809790766,152.0875397457486,5.805370907975453,4.90716249042492
284.54650750920445,151.41636450084098,5.798714103854018,4.901089004869539
285.05364942017354,151.5043595952574,5.7945454990743395,4.89345135222983
284.4687773063456,151.59149179286123,5.787132650165199,4.887352253674296
284.8849802167523,151.68135456568845,5.794490615419994,4.875579465233527
284.12652265137757,151.68718960699863,5.8005150334937685,4.863909382613169
284.3749814030229,151.6926686608037,5.8069425972402495,4.852951275003043
284.5401002426856,151.6981287001972,5.812113312270524,4.842031196216024
284.789989881577,151.7023722947607,5.81515755170867,4.833544007089007
284.036818975228,151.70558951968133,5.813838538487636,4.827109557247743
284.2889336788707,151.79102887801665,5.811790450474162,4.823624613667732
284.37288329303675,151.7946002766014,5.811197241237015,4.8164818164982375
284.4613945503038,151.79700805181915,5.80135637901427,4.811666266062735
284.63065123991805,151.79950010470674,5.796747881444568,4.8066821602875445
283.88273670759605,151.8034669251689,5.7913672856293426,4.798748519363258
284.13510200398434,151.80577137764118,5.78640738063307,4.794139614418669
284.38629775812507,151.8088911654372,5.783334381934596,4.7879000388266375
284.3875894088214,151.81131704303965,5.780751080542041,4.783048283621713
284.2212882494613,151.81401377859163,5.781006494412454,4.77765481251778
283.72583958265767,151.73130363016497,5.775361800355159,4.776984771427004
283.14744670483583,151.6484951302281,5.7701990725312955,4.776609130805388
283.7305125728468,151.64638276874265,5.765417078967045,4.7808338537763175
283.2353967700663,151.3955575812581,5.760238786612617,4.784779279787685
283.81785579512905,151.31348571749905,5.756519622627435,4.783037452142852
283.2411231201837,151.22976031919515,5.749383686963906,4.784688065100071
283.7408524187145,150.73405054669283,5.744226454216834,4.781806245790278
283.08114036991265,151.39852110385553,5.738922690316432,4.777592992968909
283.5832839715399,151.31585230363402,5.727283554059809,4.777489248912291
283.9140765036755,151.07117536368455,5.726739925796158,4.771062051805528
283.2558116513667,151.73307804119236,5.72208270724149,4.768443619962219
283.6701310675353,151.23886220055212,5.7186158772370685,4.766668898443363
283.01426117812883,150.66295084707093,5.7107366409079745,4.763824967156434
283.42642470847363,151.07830939454945,5.710335242221504,4.75703353420255
283.5944441846423,151.24435674870298,5.7036352051200305,4.754277741131402
283.51655224760714,150.669733426948,5.694897273002105,4.75187174132331
283.43935357065334,150.9171464985346,5.684946236770762,4.750090768566973
283.3621887143211,151.16433890094726,5.675109606849487,4.748204991498917
283.2851557979288,150.50960612702502,5.66519108923125,4.745795736120521
283.2079889336607,150.59296076206488,5.655732173892321,4.742879109915802
283.13086847420743,150.67625788269896,5.646373258416145,4.739884703030386
282.97223661142556,150.75821169895073,5.636822378600225,4.739384373216708
282.4876348689468,150.75734234777593,5.626514072754763,4.74112307556628
282.9810495823458,150.7572052923857,5.618410442147169,4.74139718634679
282.33489846146034,150.7544241856405,5.6067097883302734,4.746959399837157
282.8297129140961,150.7526732579082,5.5945367558040715,4.7504612553017065
282.1845714933162,150.67112885482047,5.5825977851309,4.750772334948097
282.5969974355387,150.67010606035797,5.570737758395583,4.752817923873125
282.68279727978404,150.50639762573215,5.561586135756917,4.755338661420718
282.76732990410136,150.0185039497608,5.554868067531883,4.757042930905654
281.8792529015088,150.58485673535955,5.546043893750181,4.760232564505258
281.8017070115729,150.0988115811143,5.538950092936257,4.759209388881607
281.7222387100482,150.50430608267726,5.5358272167740825,4.758517781813122
282.3724882905493,149.93925906983915,5.5313287750374815,4.7546111781319
281.8102160163577,150.020615059645,5.52279866309003,4.753767007138917
281.2475131980711,150.10352941061785,5.5161478213608355,4.749660659236385
281.7359893209404,150.18490037199646,5.508517057879061,4.748472316855309
282.3046214511754,149.54054296061148,5.501168217573893,4.745855230865433
281.6640700612018,149.62176979135663,5.492184474870544,4.744662384706492
282.0702816733725,149.70342895587828,5.485274740677541,4.742446753692876
281.2689215274445,149.7853602610533,5.4783926036047585,4.7395443862357345
281.3520700981372,149.78744082453304,5.472902653391491,4.735383259276265
280.7920183265984,149.22725670193446,5.468417803324979,4.731163111329317
281.35489730827294,149.86999679403323,5.466288527528839,4.729829998620732
280.71511259717045,149.3095814894772,5.462145556548443,4.727412263695543
281.198795860047,149.87070820567249,5.456945955512604,4.727686910141939
281.3628772284282,149.22976803657895,5.449353409370797,4.727286485846793
280.6450565530561,149.63031392545128,5.4435443082873025,4.727000514673027
280.72885113725926,149.9505786330182,5.436021794144622,4.726737716593367
280.8122988395069,149.31159486876783,5.429072370592827,4.725137397545745
280.89459280051017,149.55240410174517,5.424297172160957,4.722957102315054
280.97710486321665,149.87236825858236,5.418976876915954,4.721844109312556
280.9794646254374,149.2348567839103,5.4142573524744195,4.720038252444734
280.981340280438,149.3963299885865,5.41050604247319,4.716094975044389
280.9833103220307,149.5576874054845,5.406565959287872,4.712140677905621
280.90456639331757,149.63900744123532,5.404797946373304,4.7087564767447905
280.6686980496364,149.79950434896458,5.399011890898255,4.706111156511171
280.11556226544303,149.08388301532193,5.391987768208006,4.705973649554536
280.6747622098816,149.32351569613783,5.386106600433152,4.703502025538012
280.0404345592491,149.5634835799892,5.38435757554062,4.699967880144289
280.5971636275557,150.04206414789834,5.381917157571907,4.695107646021197
279.9630474441514,149.41083915010955,5.381340474703023,4.688748591921277
280.359621375494,149.8104531405108,5.380644028906681,4.6819720280075865
279.7266009429596,149.18023023039478,5.379717912444016,4.675450866708112
279.8071310574723,149.26222015286825,5.37690966771861,4.669723006061208
279.7287067069898,149.344710381448,5.375641701751718,4.662859215833601
279.6511887614817,149.34850054904544,5.3726906235697,4.6552788806387095
279.57299215054815,149.4315992790057,5.371264130483459,4.646901135671543
279.3364300352418,149.67224198724344,5.371398617177109,4.638605463115222
278.94273288517,149.83379039235527,5.371131797750794,4.630573100719528
279.57406010891964,149.20619635727627,5.367670846572289,4.62656767455675
278.94316548651875,149.20941352944467,5.371209158832354,4.62013333021992
279.4146708382799,149.29045581608528,5.371595222083456,4.615281551400943
278.78602680682445,149.3711924798911,5.371596396160018,4.610969084893574
279.1791204100689,149.45191473557017,5.3708673232159185,4.606616200244396
279.81001528800186,149.84263261190623,5.365161140838884,4.610232681002874
279.2644758299979,149.29108171454772,5.357377882017096,4.614472300890137
279.8957870606199,149.8383905776017,5.350179603142005,4.618350734355066
279.27261004086256,149.28766683071748,5.341502175484296,4.621645694347601
279.9034713784498,149.67791887436994,5.334159893552302,4.625129352819205
279.9067388794126,150.30400336739112,5.3276248916266775,4.626878792609541
279.83018065985846,149.7547328621252,5.324074627489903,4.628752880426002
279.7551327537475,149.36227332936662,5.317528650624474,4.63046300050627
279.60229906035056,149.9090822983549,5.310060343170155,4.632819992398338
279.3714616463367,149.4382436961933,5.302265287153023,4.635557428631747
279.2952752043354,150.0657166779565,5.298225098136757,4.6319160492555564
279.920958380945,149.52131707048133,5.297195870641143,4.62667027919763
279.8443539373893,150.07075381991018,5.294212610350939,4.6211418121521275
279.3797649791109,149.52504905495516,5.287046435817398,4.620149902456874
279.14901580914227,150.07256136670225,5.280753439482329,4.616638396931713
279.698582567824,149.5285003098496,5.272056772811571,4.614323659944221
279.15792609571207,150.0744499492071,5.264135641866208,4.611658456398391
279.7064893199947,149.5312902245778,5.255085237800903,4.609901861156979
279.1669124113216,149.99890389398757,5.247341756850638,4.606300778020109
279.63703220613746,149.45721695510213,5.237662311190983,4.604021154490337
279.0202932265138,150.00166038916024,5.231885763803109,4.599481979679954
279.4110190788782,149.46274659354378,5.224157011645173,4.594097437313667
278.6423749465664,150.0807081305687,5.216059590575757,4.594482911818258
278.87862214845654,149.9251570255505,5.206822755246777,4.596746742887155
279.03770059854014,149.69300444901273,5.197290192752062,4.598115389454061
279.0414428136392,150.31010956125795,5.1898057625538385,4.597394695377046
279.04449578421753,150.1555782985289,5.183699821397179,4.598340144844244
279.0476036559846,150.00108637711608,5.177484077863091,4.5993661773547
279.05062447796735,149.923191541657,5.1714424338975755,4.601257010275009
279.0534162466185,149.9203735368284,5.1658588965952825,4.606893019932135
279.1309550064062,150.14804724733838,5.164620034454638,4.613061571216599
279.0548294350804,150.29964987601878,5.162953198221302,4.617692271625614
278.97863595146094,150.45133613119003,5.161374102239971,4.622251887723674
278.8264379609167,150.6030654657294,5.157741366015088,4.626821935958383
278.5979430307187,150.7539762531485,5.152638551599887,4.633062144327627
278.446169162769,150.1344569456012,5.148083871948675,4.639691097219756
278.21818158111967,150.20808317615655,5.141800441384968,4.646524834063196
278.83836266211483,150.51460469276657,5.13421840439211,4.6498718633419
278.764531910931,151.054969465915,5.127846950799215,4.647373008768005
278.38374526615934,150.51590983808867,5.119950361014641,4.648234433361504
279.00315800273916,151.0551795430621,5.11140355517949,4.646188857323493
278.4699970646273,150.59259069089399,5.102390998150482,4.649651333157415
277.8600745021555,151.20593358361504,5.0939634092611445,4.651238261548157
278.3241381974873,151.12882505051383,5.086404889530822,4.652027182594998
278.78579755410544,151.12842591270746,5.083024116944523,4.652825458207736
278.1005553239742,151.04931509351556,5.073961204042958,4.65776405512892
278.17732153899186,151.04871976817566,5.073649247462888,4.658954705808705
277.9494101777647,150.9717525857001,5.069768269215961,4.659654503859416
277.49188330682165,151.04548920869854,5.065710674266521,4.665366480668449
276.8768386553499,151.04699877158717,5.070096906017642,4.662347354891197
277.0309721329032,151.0463403138412,5.068296364992489,4.663664270383145
277.03201943776804,151.04726958431803,5.06620175526281,4.661805729429465
276.5721005339541,150.5902818025074,5.067056328195803,4.656798058355787
275.96249569064156,151.20316624575554,5.061486109366856,4.655809077313513
276.3476148271205,150.74325821911847,5.056222476849896,4.657655562058556
276.81071402923806,150.66488887599138,5.047677644934129,4.661451986259494
276.6615064593973,150.81501636086338,5.04035391999749,4.66693588113353
276.512893266487,150.81461694866206,5.031895453410471,4.667734705536168
276.44043503166193,151.2720097737867,5.024088757515116,4.669288048560383
276.2917738467144,150.50883475800325,5.016159053359287,4.6693777098733635
275.6863796001238,151.19745461724307,5.0069179884632735,4.664671244230482
276.2230356817218,151.0466902636845,4.999598371011271,4.661630652563629
275.618736157342,151.73308592946643,4.991220907230654,4.657937897607472
276.0021533802922,151.5049606147699,4.984049433262374,4.658390743841187
276.08050921413695,151.2785280496713,4.979165564800819,4.6557724763546515
275.0979989130667,151.1268161536938,4.971956960327749,4.655776390369105
275.09869117595656,151.81238875315012,4.970572434547934,4.649007850717354
274.95094934406313,151.5866222057009,4.96311951475826,4.646136070250877
275.93825719122896,151.58611398667546,4.955485391313543,4.64715250830174
275.7158971518598,151.43499071227114,4.946596007998086,4.646992749074501
275.26719525732506,151.5113770880907,4.9376294858371645,4.645281715973777
274.81865344563454,151.43762606418483,4.929346529875703,4.641889333895189
275.42427386512855,151.44087551503975,4.923794715977726,4.635390432185314
274.74993038107357,151.44203000693707,4.917790710070137,4.6330814483906755
274.82526377231966,151.52074692480002,4.917514655294185,4.626038340381054
274.90094576058664,151.59979299258328,4.916425326919149,4.618220852973413
275.1288384566784,151.75269865682196,4.911040578007919,4.612676620010894
274.3064245771819,151.90567514993208,4.906292969271703,4.606646427923283
273.936762984052,152.05563089995533,4.896658713856342,4.60631790454686
274.3119017660047,152.50725669302017,4.894559710560806,4.600880591148999
273.7166464926147,151.83786160773724,4.88893736230656,4.594021254801315
273.86723143259616,152.06447605401306,4.886407232788129,4.588751987916341
273.42132237637173,152.5136557050588,4.883045157455315,4.5855728736064645
273.4218969401781,151.77140042957276,4.881896029842534,4.579146454332568
273.1985436435661,151.7743872984938,4.881681453452496,4.573172716490512
272.7499120800722,152.37151260645197,4.88569143690752,4.569926291951082
273.5676324787966,151.33281938137728,4.888003315088923,4.562900245843851
273.5660874792416,151.4847228512017,4.891093314198833,4.556715528204249
273.3406596628369,151.56175698631125,4.8956656666094105,4.551408351451405
272.9672710901705,151.63811193425778,4.898702200227551,4.5474465779012885
272.66765404537716,151.8643478238667,4.903006150962653,4.541172402822261
272.3685131019294,152.01594119406866,4.9064883192546365,4.535385521720037
272.06949010759024,152.16746099679813,4.909885461326975,4.529670339564116
271.6232706999392,152.24347185374248,4.910578644356457,4.526272897720858
272.21695636641084,151.72671802199505,4.91185550465889,4.51971339212572
271.62248154986304,152.24835115598407,4.912832774294613,4.515922942175021
271.77076935830917,151.73101679132554,4.913160053834394,4.511431533979788
271.6960781562156,152.32791712252603,4.914157405160775,4.504711294465198
271.25180176581136,151.88600182213892,4.912948589170286,4.498780298440388
270.73471002357564,152.55563766995644,4.909869824936637,4.493131493997578
271.2542831734639,152.48384543495837,4.907020316338003,4.488673565254041
270.21899070139847,152.48728165937587,4.906627103380542,4.481801116419033
270.51517984762455,152.49076997924712,4.905494479742829,4.474824476676518
270.5140908675478,152.64223124716324,4.9076724398963805,4.467267201032552
270.51371794946095,152.71965012041264,4.908418276070082,4.46002556755992
270.2923119119816,152.79736528410692,4.9087534611167545,4.452087536808691
269.7760092588698,152.80118320810425,4.909762065620509,4.444451688814039
270.3650584653703,152.8045131784117,4.909782713022597,4.437791748199098
269.84977691673714,152.80753597119676,4.910232983155777,4.43174616262902
270.3652390724687,152.88392665684927,4.908795385698008,4.426034321896171
269.7060753429392,153.17949311008485,4.904518508806843,4.422725564736183
269.9275281248764,153.25528087632424,4.902123151966347,4.417986767935342
269.99941770069626,153.33176131726603,4.905067871354243,4.411749757079413
269.483255344754,152.38190590027003,4.910701816471648,4.404749167075309
268.96691579478136,152.45856625645874,4.9168595384976,4.398074365829187
269.33777036414006,152.45881999275963,4.908325325487195,4.397566893227393
268.750519612829,152.46150496690018,4.910872509304166,4.392196944946334
268.89703700649153,152.2450397147921,4.910733911780506,4.385783164460224
268.9701981450281,152.90644807996847,4.910755115145444,4.380057758050512
268.97149126412535,152.61605288308286,4.90816887695098,4.375838836716048
268.45758269996674,152.6193160373135,4.912972762319515,4.369312528254803
267.65117269567116,152.6228409433148,4.91852747851967,4.362262716252169
267.7945165515594,152.62634823095595,4.924016826213382,4.355248140969895
267.71733258853925,152.62977910424036,4.932323238262536,4.348386394401079
267.34868583855217,152.56022062820367,4.939213913433609,4.3414227815138275
266.9800670620896,152.49065001858455,4.946071759551794,4.334488059390677
267.05002970543876,152.42087295837771,4.952217662977089,4.327970989680668
265.87820897853135,152.4243479613274,4.958866789466072,4.3210209837813105
266.60546183022353,152.42803089295913,4.964897452261075,4.313655120517845
265.726540092445,152.4314872308666,4.970393750968412,4.306742444702946
266.0889027764004,152.79937450542903,4.975684123823293,4.300983636343604
265.5024655905427,153.24063614321435,4.980617483466647,4.294416119826937
266.08374375678545,153.75451917137684,4.98576955612434,4.2883949180021315
265.42411918497095,152.66327785749496,4.991499564202856,4.281678986515273
265.20232607515,152.59350919848694,4.997303845543538,4.275288991764231
264.7630594814987,152.52395532882298,5.000350796450791,4.268482358359615
264.90774487468605,152.08977386994368,5.002684160715246,4.261732824200936
264.76104771483637,152.74892965377506,5.0045192197069746,4.25543792972296
264.32208338746074,152.75217615563395,5.008207295342614,4.248944926005189
263.8849792211995,152.82681126271157,5.008459907877474,4.245333998514534
264.8284543325752,152.83040702277737,5.014376024246795,4.238142478382963
264.3907744810193,152.68788596463946,5.016251501599898,4.232023186072507
263.07952837642597,152.61850872149438,5.01954290522061,4.225266516497941
262.6412720693816,152.54913061081876,5.0233365877952085,4.218569582596812
262.8580640377924,152.40680710030364,5.025964099361611,4.212408971368371
263.0014056380174,152.26497970571626,5.0299710801304185,4.205373579324509
262.0549004337051,152.92200323081818,5.034166075699414,4.1989679689283586
261.76340784572676,152.34434306348618,5.03613168879779,4.192249177875769
262.3431840053221,152.85531689997921,5.037994146684684,4.1865394348325955
261.543882760196,152.27816015514887,5.040348641582729,4.179945291508437
261.6416839429539,152.54258099009965,5.049397627160515,4.175234047910295
261.37990268666084,152.53644358541652,5.05802677178348,4.168921042806102
261.0955637482361,152.5306907824239,5.06666882575344,4.162619416547368
260.8415350586917,152.52543416780202,5.075416176306684,4.1562364191154595
260.5687122531847,152.52085342250243,5.082020697225925,4.149552614929598
260.32585676633755,152.5206779994068,5.0876544578770915,4.142686741446873
260.0582759661205,152.5366051231569,5.09328216006591,4.135811824173348
259.69227469642016,152.1771951127034,5.099562726890332,4.128909872504138
259.8350176437477,152.68864784492888,5.1043351653774405,4.121908574050521
258.8898554855385,152.61953025958437,5.10850112103852,4.1150546400659485
258.9604617954082,152.62220292131508,5.112330561770383,4.1097093166044845
258.8861996653254,152.69722299316584,5.115840583192253,4.10468341164662
258.59383029805434,152.69980456497848,5.1206326940601565,4.099520268021352
257.86994657697267,152.7016741767704,5.118635356000756,4.0957810444374845
257.7970901857916,152.48627714729508,5.119462900584847,4.09191939005424
257.7221373223835,152.34420157626639,5.124533302559599,4.086399882428794
256.70681097802157,151.91168000399685,5.127656167278313,4.082501673822821
257.4288678110467,152.85400489601696,5.131624481561705,4.080358464216325
257.49924052690307,152.78145178295944,5.135713293754956,4.080630446425343
255.83215389825946,152.49211969585906,5.1371564238226615,4.079689381109702
256.33868874830614,152.13080168369814,5.138443786995181,4.0777846459559175
256.4092156254723,151.69812310354732,5.142286999590485,4.073760004691202
256.1893664351724,152.13490416548078,5.147313817540377,4.069541006124054
255.89728418863893,151.62989173319,5.1518822370050845,4.0652727419016115
255.24302797391692,151.70549608679175,5.156297712284048,4.058963696271983
255.3141703435008,151.7810686564886,5.158877750728162,4.052683334490065
255.24238946100834,151.92826033473818,5.157637294288695,4.047904420839585
255.17079234426285,152.2190645248012,5.156125950786315,4.045118348687017
255.09921989375263,151.28055336035382,5.154633680713532,4.0418574533697225
254.59511060708442,151.35436754908827,5.150922889253775,4.038790413728845
253.73051346193063,151.49840239167173,5.146660639464688,4.039630151911352
253.5833834699122,151.8364995187827,5.142140275260373,4.038941432579551
253.31672410243422,151.7735496932257,5.137658206005418,4.038217211911467
253.60483260904755,152.77950108361782,5.138410888796794,4.0457083671904
252.5933934674011,152.70594430180546,5.140030024374764,4.048446277406903
252.0886880283283,152.2017307049843,5.138326501441829,4.045759069970713
252.81136912646102,151.6974340803758,5.136716159057704,4.043726021470791
251.1500149636404,151.77188107602282,5.140121780086752,4.039149539072934
250.8622985864461,152.27818995570303,5.1383734341089955,4.036598705353666
250.5739488915813,151.7035514603606,5.1381645462474435,4.032059140856216
250.43140101164656,152.13695382248468,5.134960107830213,4.030155011468035
250.79260801575998,152.06213007719492,5.132896704915436,4.035732380985154
250.2900202707645,151.05363580304044,5.129167944214039,4.034912427909403
250.28794906815835,150.91155631855005,5.133310349426315,4.030953819945918
250.2138177567335,151.994198591058,5.137515113426214,4.026537157677086
249.13290885667723,150.34008864459582,5.13857677324525,4.021597635484669
248.41131161269988,150.34172743788505,5.141907766111311,4.01832004890621
248.69817506327456,150.34332389522987,5.144116881701113,4.015127134216609
247.61799339923226,150.34429029910112,5.144992281966665,4.0131943264741095
247.11459351537763,150.34376315567667,5.144157374009535,4.014248613323008
247.18770510815506,150.34328311936974,5.141886380814306,4.01520868593685
247.11631596416376,150.2704020842701,5.140731589882539,4.0170376772217775
246.6841237973576,150.0547673484312,5.141444948741391,4.016471661522864
246.17973085640807,149.83880780479234,5.142602757129341,4.01655014586723
246.18107359859133,150.77294939319185,5.139917272762852,4.0198230253648335
244.95529335155945,149.69647752910976,5.143851767810874,4.013096754397498
244.52057260321124,149.62783224750586,5.149720558702942,4.00645853330458
244.73466472236726,149.7740668663269,5.153267873451791,4.001810331036427
244.2290868167396,149.63357662528617,5.157200017525865,3.995012622494707
244.6582456334476,149.3493034655404,5.161913555653532,3.988204827623736
243.878332895575,149.79363690432635,5.167793945240949,3.981608615225791
243.50011264491303,149.70607822110836,5.174315227321563,3.9751552920053466
243.07998721099128,149.5964712522522,5.180826173478643,3.968708113468948
242.70022380381877,149.5310795192853,5.186594750313701,3.9624816016638427
242.33442097311558,149.46631052152725,5.19315982676551,3.956073011447696
241.8977641452481,149.3911174039948,5.1999933048534315,3.9496907869623468
241.104213204447,148.819387944889,5.2058144540615805,3.9431273543419008
241.38927827566562,149.39767943620637,5.210621770761822,3.93641928998212
241.6020040481422,149.2572348210896,5.216264400278864,3.929912403902166
240.73715361359592,148.7576380954554,5.221832837971533,3.923361936853978
240.1598287803137,149.26370891251995,5.227238988145016,3.9168083795669695
239.79859014156705,148.6921285109144,5.231563314290991,3.9109244606224363
238.7220426051311,148.98046727320514,5.23065586127696,3.9086476096105116
239.0069550360825,149.48615728527773,5.235027435439498,3.902111348579819
238.71961952553187,148.91440238757673,5.2356637590459,3.897551748991977
238.57464231433605,149.41855093357225,5.238730729166479,3.89336073994974
238.14219319556076,148.2745000345667,5.243098362922531,3.886714261175442
238.5697155061954,148.70702625905653,5.248329832530283,3.881937903072777
237.35027995912284,148.8518533634047,5.249729977065131,3.8790449825658717
236.99369285411768,148.9974412267451,5.246131543441977,3.874578313338391
236.35307555125837,148.99863049463542,5.238326351896222,3.87219977755779
236.5696703442767,149.00111944391097,5.234343867348986,3.867221879006709
235.6440170054982,148.85910905351733,5.227600368461347,3.865388786494804
235.36042454833728,148.57382775688825,5.223607687206582,3.86477378417633
236.4321272285304,148.14747930908263,5.221056757523451,3.8611289075063784
234.79491187791456,148.2159050683059,5.215109318458798,3.866902525594464
235.15460512718963,148.28479514098868,5.208869273579815,3.8717516709631403
235.15809857041083,148.28338229490905,5.201882387137375,3.8745773631224045
234.2343839377825,148.06919523361256,5.196112566547805,3.8752901582124033
234.0242017089449,147.64225224938377,5.189044047372229,3.8743101729684724
233.02888320633977,147.71354111489958,5.186724103303901,3.874086509742486
232.53085762028243,147.85716761726013,5.186569540973529,3.8714637148628652
232.03300753141502,148.0007338792031,5.186380848939534,3.8688708680537536
232.10196834397442,148.07322924870724,5.1906837631406555,3.86610466836542
231.53129284626357,146.93743839648846,5.194076890779871,3.8617706372379716
231.03216457788565,147.79284832696968,5.1967556167657705,3.857655594738251
231.02973345315945,147.72332662957217,5.201617866218164,3.8545002251114995
230.53238056626614,147.65226175667055,5.200776473258108,3.8544089470937606
230.24626212961616,147.65482262717975,5.204186403640665,3.8492872060753553
230.24428078963126,147.58524013480098,5.20814908361046,3.8462775125489967
229.81579123709008,147.58727278256555,5.212014598998699,3.8422122170199016
228.89019608500368,147.5875895157016,5.214894547924153,3.8415787507477543
228.95877206235426,147.58828565665357,5.219953691291594,3.8401864688438283
228.1789756882304,147.0213119940824,5.214629895675717,3.8360126711762517
228.25193339825216,147.52229202858808,5.210830303576496,3.828863397775045
228.3271605194833,146.95606423953032,5.2023169435504455,3.8257919164005503
227.68949133400724,147.526624552947,5.201804598517679,3.8187608148870975
226.9814018551967,147.0343738460528,5.201602435476983,3.811795444212154
226.48694167840603,147.5333162242005,5.199877215272881,3.804556261702284
225.70950381787551,146.97128300880664,5.199618747707868,3.79761600985284
225.63721360809822,147.46869241870073,5.20294114151596,3.791603370289942
225.49693362011854,146.69532522268815,5.201081587305913,3.785030346383173
224.9334705323671,147.05145793986745,5.199418729649479,3.778133057749128
225.35704561653992,147.40702838201386,5.197879378031012,3.771667854062259
225.2186334514769,146.63515927165653,5.193092518271155,3.7665445304046954
224.44695481591356,147.1300899290642,5.189312754237896,3.7612249652365715
223.3262652081946,146.63925004624022,5.182626396519764,3.7593760426288063
223.8195719640144,146.7810594926614,5.178618987730982,3.756501750600927
223.1205975151893,147.20238136550606,5.173924938868057,3.755443772819502
223.0542293462747,146.57169449930512,5.1664855693231395,3.7552361388537383
222.4248254553601,147.48470010600306,5.164758485097301,3.74999750975953
221.86524275769182,147.4855171738812,5.164346359567131,3.748363374003273
222.35446350531268,147.4863862962929,5.165303544254909,3.7466251291798196
222.77525003053793,147.20790778176072,5.1631308833363745,3.743981898556208
220.7976518078842,146.65601480173484,5.1619439537030445,3.742400615699698
219.96099569391907,147.1451904412979,5.157899717718491,3.7425072738572203
220.17239469870927,146.5870340726232,5.154262035475053,3.741059138308018
220.10478458146028,147.07598654327316,5.149841132096889,3.740642162141041
219.54569153605394,147.282867649184,5.151489469023614,3.745581608026636
219.12923911328335,146.655990018828,5.1463542309220305,3.742276743274476
217.87238839074408,146.86687133618975,5.148314837644263,3.739137581610375
217.45269262302156,146.93842085055536,5.1505902619385004,3.7355579047375733
216.9643466934251,147.01072239470327,5.150816611371663,3.7304498892645355
217.52155136521782,147.1528325297284,5.151723972342853,3.725058795353411
217.03290537185995,146.24985068883288,5.15363762682087,3.7196055744173004
217.58990819522805,146.39187045203334,5.153865172571943,3.71412434613818
215.7800804708919,145.97679313519237,5.154515918570297,3.7091240484338437
215.85038180433494,146.53572239511163,5.153033383488541,3.704226583029829
215.9183945533011,146.05136282365402,5.156025005080822,3.69982588927279
214.9464118313179,146.53975615128564,5.154129536036583,3.695969690514895
214.87789288107518,145.986371671194,5.152269531987071,3.6915554144188083
214.4619804471451,146.47277285113938,5.151311832556249,3.6903327163675947
213.90908370804286,145.9877855312792,5.147005575648399,3.688970087864674
214.39515325231451,146.47299336024565,5.145590139402003,3.689278082228647
213.98279869065348,145.64165326650027,5.138348678514208,3.688057101299829
212.94639921254438,145.71180497718336,5.133218266520601,3.6862823044810784
212.1847827855521,145.92159181873194,5.133812538831263,3.6819736891132053
212.6715655128733,146.13026351431614,5.12876577845787,3.6797097383457684
211.70608565325873,146.20014632313212,5.124280073475031,3.678190222443224
211.6377802543488,145.23489554275142,5.122737734774408,3.6745478719183353
210.94789092009492,145.5804539369387,5.1218179412922495,3.6737803145387296
211.08566816188997,145.92619073725191,5.122350022242997,3.6725231252643007
211.22344351227284,146.27188646859773,5.122860641185866,3.671284961844283
211.15431431292762,145.58315071234344,5.123101016180362,3.668576237393822
210.12062407517232,145.78980027413826,5.120825090552656,3.6692083940318185
209.36075194740107,145.79051171840536,5.123086154857453,3.6677855054976596
209.63769966854164,146.06778782340774,5.121046136503992,3.6650887194205666
208.12321857885874,146.06596609206667,5.1164596928196415,3.668732182102687
209.08765167947317,146.2043637052042,5.117900127773682,3.667695046710899
208.6049347468018,145.17041736596863,5.118147364620569,3.6673306641194263
208.19183289402628,145.23789328234514,5.11706174606131,3.670260385384856
208.05430361801936,145.65347525447345,5.116293678466811,3.666576299953204
207.7779333723158,145.86152958655694,5.117669935052063,3.663990811902643
205.78111685089783,146.3440883933481,5.114541444285135,3.6636087409141154
207.22628110007398,145.7957005857727,5.117292298036047,3.6582588885970333
205.84811651773728,146.41519836188738,5.119235307727563,3.6587371061095184
204.95085741750424,146.21020919039145,5.122917612620082,3.6554456270459337
204.81263755744303,145.7277701382281,5.12384095548394,3.656016410967767
204.4660760890822,146.41768031121143,5.128056052411642,3.6540117445890137
203.4341366681752,146.34724482297656,5.124749131046744,3.657070336846797
203.15446963242127,146.0719520700038,5.132832514822272,3.656405155059973
202.7401248133942,146.76053001124475,5.133977464747917,3.658490419458791
202.3262481967968,146.4832236027999,5.133875968946134,3.661200083684067
202.67273090588216,145.9997042947656,5.131004893265112,3.66210662026714
202.2597708535749,146.75739392868533,5.128983088344057,3.6646208532428513
202.32979547763415,146.06829172169418,5.126934929350095,3.6628143759795804
201.77551300968247,146.4847136823785,5.131977196144665,3.657612456442513
200.81156239832305,145.44904830142048,5.128843784705165,3.659977538903195
200.39977498978612,145.51680057250405,5.124883359815217,3.6623955370633454
200.5375004310157,145.378285513717,5.125237213479388,3.663620918514068
199.57441412009192,145.7216566649838,5.12041927413447,3.6665181021206945
198.47211823473012,146.06446543387833,5.11856943616621,3.670413567047852
198.1283913251316,146.26965513708456,5.116329889959601,3.673850179877534
198.26481320329026,146.00966118534282,5.114022924467032,3.6765418537579766
197.84083519234883,146.01183711503998,5.109482040009268,3.6822464319362616
197.38444197284142,146.03922958311242,5.105023275801566,3.6879162410489315
196.93627952897592,146.04317760349193,5.1012150635497795,3.693285578472471
198.2491432641377,146.1099886709159,5.098469183691394,3.697715106280569
196.38805427480602,146.03882687298054,5.092411920727212,3.7019559154243296
195.77052259773873,146.11555190451196,5.08800541156063,3.7064212063978825
195.3456222988329,146.11252002786892,5.0837277071851865,3.710752848083756
197.00528296343424,146.11253024804526,5.078162494448235,3.710732407731089
194.5977797005191,146.12141562124268,5.073974402447374,3.715423584492139
194.16008959892858,146.14009841930329,5.068744712868216,3.720196547885876
193.6897749145709,146.16452990049143,5.064659367669721,3.7242650877585297
193.22780888989598,146.14402016114275,5.061324753993366,3.7256374031114317
192.74659146354145,146.13504889021402,5.0553380844030755,3.7291234736401506
192.26598303352353,144.68456109833457,5.050952013770432,3.7332902653935585
192.61379836859138,144.26857886878975,5.045045816224266,3.737585357375756
192.27176319479616,144.2665705053906,5.039488812771195,3.7416020841740307
192.8946485364422,144.67852452588244,5.034878910278271,3.7451345637231426
192.55202814899602,145.0235334877938,5.030647303603611,3.7445890214674735
192.14021157663078,145.15935816821062,5.0273533839686975,3.748582015422225
192.34780267903918,144.33183394556565,5.025680437883424,3.7495934257861983
191.93686524856793,144.88189549916208,5.02059020001626,3.7520904503395753
191.52546663751144,145.43103458126762,5.01664194012603,3.756139595466071
191.45962771397467,145.01661595693005,5.010522730445249,3.758194503615469
191.8737020607522,145.77312152475886,5.008799091442207,3.7602959679699928
190.77384861150543,145.83971328676682,5.004575954975847,3.764858071139029
191.18881181442896,145.9747429254408,5.001184937807251,3.7703105900172593
188.8762012697123,145.10429444454638,4.997039077805692,3.775887361776286
188.54170817537423,145.07205465151904,4.991747823532815,3.7809705950242147
188.18489324594142,145.0306242150791,4.986482443603848,3.786030928578195
187.8403373426449,144.9645874462922,4.980986531505903,3.7912613229722765
187.49913579294198,144.92951879172682,4.9758223534099635,3.7964972469357883
187.1271809047192,144.89243049798597,4.970259544815571,3.8016106251862607
186.75676878176284,144.84223706522064,4.966223716026781,3.8072791832330104
186.38208390536104,144.8258903159148,4.962441821144514,3.813219344443949
186.00319923054954,144.79951526993221,4.957729775890529,3.8205476006553534
185.65704571370534,144.75278917852037,4.9537971931464,3.8256147100620685
185.3100707021949,144.74396309621815,4.95175416870201,3.8305195786530613
184.98804225556103,144.70665640671808,4.948455765399824,3.8336863710265026
186.7147656673971,145.32572670954278,4.94557439500964,3.837749328558624
184.49911825877126,144.6838173497194,4.943602862191616,3.8428588747297874
184.15675106587676,144.6220335323748,4.940971980757048,3.8480944952227287
183.84068785409556,144.55023556452593,4.937701903153658,3.8532647350181732
183.49757801975485,144.49164591137122,4.936855205607261,3.8583421878677546
183.1180065907795,144.44887117083576,4.934510778471921,3.8631418558957917
182.73452994618842,144.41687366312522,4.9305240561522075,3.8692274826661377
182.36975562609229,144.37458746656884,4.927535805755221,3.8753653489701994
181.99909388502462,144.33342119749048,4.924824776041851,3.8820356387589365
183.66078736821683,145.0230105447698,4.924176485290462,3.887331392380737
181.41948225149042,144.32865497578146,4.920967079561944,3.889868665947199
182.9448935373123,144.39565467370738,4.917487370101351,3.894384854740024
182.18359857936105,144.46303913416872,4.916185568629536,3.898151544487662
180.66373628045432,144.28772352850035,4.91957861873257,3.89606557147787
180.28701675618564,144.27782491766862,4.921559715229641,3.8938049980693354
181.95054508572224,144.07066849834095,4.920628717190785,3.8923521290953866
179.81051089357138,144.25454805011663,4.923293657826256,3.888098742502542
179.43478930132122,144.2600025926293,4.926541314095014,3.8859610075194193
179.04899529882442,144.2690809594142,4.924754222764281,3.891447545130306
178.6508167309426,144.28530207870926,4.920505336176958,3.894349501086251
178.23647209173515,144.30846656709016,4.91629306733959,3.897211769349226
177.80135685554652,144.26658681832419,4.917973855237722,3.899549725703731
177.3899941764336,144.20035078611764,4.916412125500803,3.9031854255304474
176.9708456518339,144.12773026690877,4.914010549255152,3.907264996979914
176.590973589339,144.07000888201046,4.913078491964782,3.9102872208290482
176.2016702743154,144.01761379319092,4.9274526673387316,3.930130514350751
175.80927050607923,143.97678845888,4.937420050268489,3.938464821168866
175.44264494528676,143.8934936477725,4.946716455542523,3.9481177878490903
175.0808938520058,143.8323672118477,4.942918653948532,3.9563652009602692
174.71473260363666,143.7959201371646,4.943974203976969,3.966093632267762
174.36403362738102,143.74045514823428,4.944255057113947,3.975780413600237
174.05656365015489,143.72270557458333,4.9415698078808425,3.9843267758828964
173.71946032459627,143.71307664841154,4.941088594309971,3.9932881993207587
173.4245027055199,143.71650155825998,4.9420534968394705,4.001805823931073
173.03958226795066,143.68489477325983,4.945747521553064,4.007752903064859
170.64287786404918,139.03815855928016,4.951737546946692,4.00800063575901
170.07699026041982,138.0544452127081,4.9562933554831154,4.002793381139174
170.42684986040192,137.91611286300892,4.961014535549525,3.997681928525281
170.8487641319217,138.76363412383,4.962452636146957,3.9931726941571797
169.93089602275143,138.3424301243725,4.967440331867024,3.990619836478126
169.99909773122778,137.92239044234324,4.9718988950288585,3.9855273198494876
170.06733735585706,138.488142462433,4.976267500618554,3.9808061184563583
170.27608807904136,138.42028629431124,4.981281040031299,3.9756801261060892
170.3436164277638,138.14126721159317,4.98705643138488,3.9703899363484383
170.34117707263775,137.65070187043537,4.991935141637014,3.965676904906353
170.3382247131853,138.14496349919983,4.997839860541863,3.9629854619262894
170.33619459393788,137.58287898159026,5.001900099036757,3.9601152676315423
169.9109200919026,138.07756990514272,5.007076047050691,3.9570019859259338
168.92564226630105,137.72385133566146,5.004692437003721,3.9598179601562906
168.99724166847525,138.07563051695698,5.002427082235841,3.9609268454678297
169.0688067352292,137.512194070459,5.0002137038922365,3.9604656971492074
169.06754752661413,137.86446073041057,5.0027321211223805,3.9603092164852254
168.92694917290663,137.93416749069743,5.002106026229518,3.961807097065461
168.78632294961008,138.0038931723267,5.001506219977705,3.9632818602293223
168.6445747719104,138.00336757570454,5.003120821445719,3.9643330534736627
168.43082869751524,138.00293757237705,5.007664956597992,3.9651930601286165
169.3462346388494,137.93203628504986,5.010714113852591,3.9659294009427986
168.99248995480087,137.93095400443167,5.0125790401103565,3.968093962179176
168.56651438942484,137.92958157747293,5.017398630909724,3.970838816096654
168.07015339511227,137.8584566120437,5.0209718637351175,3.9717817818408254
168.561366407614,137.787239274653,5.028184827661098,3.9728394582037887
167.99374193216858,137.64359433938932,5.031396747898697,3.977120071067802
168.48545862633267,137.21735297525697,5.039326586177076,3.9798628908126292
167.91608491422343,136.86078245111932,5.043759750440642,3.984057526616079
167.98552699376626,137.4268020454489,5.046800869044234,3.9874205594710808
167.9805230990093,136.35784940466124,5.0568086585581735,3.994929040196041
167.69276045857,136.2137114177082,5.0631274608447105,3.9986017748060867
167.40432286525646,136.14148065009002,5.070170593980863,4.000605296669743
168.11198753687978,135.8559465623882,5.08082513554228,4.001279918150131
167.53891303395818,136.42629312799764,5.084794508668519,4.002766419648245
166.96594584864482,135.99722039421658,5.087869992776828,4.003767722321572
167.96124687389485,136.56711710836043,5.098157765673362,4.007339907403371
167.3871146262295,136.13693975854406,5.101332710323324,4.008877444025614
167.814909496621,135.70574333692295,5.105001563838013,4.012011692970111
167.16944400594318,136.27768376339836,5.106080972432536,4.014665571362491
167.5976015096654,135.77434806358636,5.110024861949688,4.017701591198033
167.0210312305847,136.2752422332509,5.1152760484630155,4.020316452061038
167.45005995747331,135.7708283331826,5.118872736429724,4.023881086829593
167.52152702984685,136.20475811367987,5.119660579802311,4.018353454553062
167.44952837063448,135.6330342358707,5.120013680134068,4.012647465427594
167.44926142292206,135.99495665755086,5.12054757555894,4.00658700825148
167.30603702318834,136.21248060367472,5.1200633367294275,4.001938673449301
167.95050658606857,135.49846734472257,5.121575987189581,3.996129884441776
167.66367250684993,135.644236392157,5.121995368180036,3.991216178296353
167.30527202291753,135.86172070160794,5.1226029449095245,3.985963594075669
167.6610807607311,135.93591402212135,5.126798019503174,3.9807394630929513
166.72808747629466,136.01016018320354,5.1319435755685205,3.9753887572983695
166.79629194035488,136.1559878218473,5.138667792261309,3.9699997696372367
166.8641205824856,135.30011945673692,5.1461586230933545,3.963959118735476
166.93197143854624,135.37445367397225,5.153621022702172,3.958454795994914
166.78461344923403,135.37735030174284,5.161960323487185,3.952661540453756
166.4940055735635,135.38028552034174,5.170291412482657,3.946791103255919
166.41833060728854,135.3832031470166,5.178388819858791,3.94095584990624
165.91310491504447,135.24248040275083,5.185874520921791,3.9358397146020025
166.12521284359352,134.8851431950467,5.191592964500698,3.9339569622153436
166.19566375184274,135.45600464665907,5.194059006870666,3.9391769299381245
166.2673216073611,135.02334019868368,5.19423397724379,3.9435617374295338
166.40936596316718,135.59551200003534,5.197275138729731,3.9477376271183533
165.68753269471574,134.94748804984522,5.204146976835073,3.950670298580842
165.68694135022508,135.37739060580057,5.205329665816387,3.953857833146604
165.61389105111192,134.80068623368447,5.207528090235982,3.956049186924912
165.9708785087904,135.08746231196153,5.213410485766802,3.958382879081068
165.97039390340424,134.43732599989835,5.214379696539147,3.9617623585338557
165.8264422426244,134.5791422718909,5.213944654053552,3.9664681785940323
165.3934467313864,134.65116912539082,5.214499529567108,3.9666538294212557
165.035285315819,134.72356068232247,5.2095681173579935,3.9661215642267122
165.82791857140245,134.87036230570922,5.210138206440138,3.9608522447711936
165.39739068632448,134.94199311994691,5.206656029475242,3.9616802741492987
164.96337201901386,134.86862170770527,5.210392904742693,3.964373022073565
164.8918064269615,134.79457487066387,5.209373083688334,3.9683156909972426
164.82018505878563,134.72052588453815,5.208416025997552,3.9722138692062217
164.39084423594343,134.79042948293485,5.201604859957733,3.976655474366785
164.97069153096302,134.57175191033704,5.195649104867697,3.981358556456494
164.61301125173048,134.35303775373865,5.189993800839976,3.9861773521576147
164.110709438837,133.70197191901042,5.185229518951639,3.9905502831743624
164.6180956728249,134.0591222624255,5.179814706218172,3.9972193500886783
164.11343373498136,133.4078185190349,5.179599144008253,4.001847559573788
164.47655530792647,133.7651203185137,5.174816053849427,4.008704016347554
163.90134941731677,133.97832715015693,5.170583117301276,4.015282122223978
164.11932122638135,133.97416649959047,5.16775845453011,4.023603423356903
164.40722197594758,133.97139234852565,5.169817826418117,4.029151725486549
164.55131350752657,133.82409865818622,5.170808693937389,4.0345651754882015
163.82744477173597,133.6767429561832,5.171644440636874,4.0398962345178715
163.75649683583663,133.31149428197392,5.1687506566612225,4.046445304064754
163.7579640457378,133.23853853006742,5.165816236858904,4.047504924415032
163.83381283221317,133.24092581175302,5.158942883663652,4.042730361043812
163.8370376964379,133.2423719270766,5.152493155214201,4.039838130396697
163.69458271976043,133.24281769898195,5.148411576578568,4.038946586585941
163.76756881756714,133.24647869769277,5.146858207781987,4.031624589164309
163.335906017047,133.10525933600027,5.1445275442832505,4.025511224369638
163.98810157699054,132.89047404444307,5.137405454315848,4.02265879751088
163.55915848849486,133.46729422537672,5.131377526051681,4.020903909317672
163.6348902727429,132.96495799185067,5.123778898902822,4.0185217869393615
164.14028903424065,133.11122869563602,5.118951145889119,4.013400313649199
164.9311387654957,132.0382271051876,5.116333130566795,4.006110612017306
164.43196003032332,131.82625928005268,5.110930451599048,3.999863341153202
165.0076050076723,132.4017675003992,5.1053212657584774,3.994527669317607
164.5099251611744,131.83102128582425,5.0994181356988335,3.9917197292612743
164.08528259823754,132.3326145582765,5.091293679067563,3.9888443639458737
164.66027571220977,131.69281623465446,5.08315199933197,3.983865894455011
164.16554288147904,131.69554481099186,5.07494206921103,3.9784087417802128
