321.8500061035156,150.0,6.349999904632568,4.699999809265137
321.6084448177701,150.19100450077045,6.353712672669859,4.706231331847646
321.8664590635666,149.84177960287911,6.358749947506899,4.709926772390269
320.9172219759596,149.2306641460316,6.345141358916842,4.715377745482716
320.8370775593581,150.09260788798193,6.331722158704827,4.728570595732728
320.75677069252276,150.0863215168697,6.318616079823447,4.741143337957157
320.8487420569254,151.38493282011098,6.308399317252002,4.749810224982136
319.29251074254256,152.16039266589306,6.294044775955577,4.762299118449002
319.7342983172035,152.15425753508228,6.278956712947059,4.774569380070569
319.4797581165186,152.67079175003812,6.26703382469249,4.7835075294078635
318.7893574461482,152.577329585838,6.258780932814688,4.796800078730814
318.62369514397597,153.70033228519796,6.242660241121216,4.809189104257539
318.0225637136959,153.0854024658414,6.229173689192187,4.823299330481462
317.07476948008645,153.68835180345138,6.214036697002621,4.833316856703291
316.99662000124016,153.59824167424654,6.196701610278596,4.83990307069647
316.22225618458475,153.6806890290128,6.184143969770327,4.848484502699397
316.2297848602112,154.28140683780296,6.169086618517325,4.861013942640376
316.15103946732944,155.05702126940722,6.153180668043969,4.870355705564191
315.4649846526028,155.13912426640724,6.138851239004441,4.879454593875716
315.4721219203266,155.82892348687488,6.124576703556912,4.885720395522994
315.30778567585025,155.6537211261845,6.107017410148133,4.8898933345423465
315.1402782473112,155.65226455327493,6.096203633677257,4.89280648036154
314.457178366307,156.08312867149527,6.080038057236107,4.895056580451724
314.5481272413804,156.68892235373877,6.070724404022441,4.891557894497408
314.03790163760755,156.68866887685212,6.056868581329413,4.892064848270685
313.26857526153645,157.0350888107853,6.045900946216881,4.887945152517566
313.2754649570255,157.6357658683344,6.032121555238712,4.890205881321971
313.10265333656116,157.29982254322843,6.034204827795362,4.875012594789911
312.420853927721,158.7564043841227,6.0253551600488695,4.878301944533472
312.5968774610849,158.49649170712254,6.016254961313431,4.883706996545325
312.51789552614383,159.26714052107448,6.002797689336031,4.885199645376687
311.92525916717966,159.60857012966696,5.989400504461519,4.887294658364767
311.6727021498022,159.17949598617906,5.98131483741883,4.89011010901134
311.07849208809364,159.86608794581053,5.972820362177247,4.884828588215475
309.89021401221555,160.29306391525307,5.958570587025429,4.884735908940387
310.0675398081724,160.97250032544625,5.945021525319406,4.890273209384729
309.3067761183223,160.71779034735215,5.932657931599932,4.888396174432993
309.31344565022465,161.30834795203455,5.919318867795202,4.89876364176861
308.725566891987,162.07103314193915,5.903859246534451,4.904958153334416
308.7324235641865,162.06902183676425,5.89014590213544,4.9089807636842115
308.399973305249,162.23875057436933,5.875488761933971,4.909302117512338
307.8127810879465,162.6626999946771,5.862191947220578,4.90974702640986
307.5660256123707,162.66123320034612,5.847289967482,4.912680615071803
307.06366893084993,163.42026396239615,5.836272468436783,4.918215384101945
307.23828128186904,164.0978045261401,5.8254631094366935,4.916795628766612
306.4821500541033,164.51975152203778,5.81656305070154,4.917991922674983
305.97889194607933,165.19433958369606,5.809679396978743,4.9200156257193095
306.2347146507366,165.19461181437995,5.804512891587942,4.919471164351545
305.56362639571495,165.4441552563499,5.7967870465118345,4.926597663581421
305.14424863035117,166.11759060258865,5.791876890195995,4.92959207037331
304.05251214922055,165.9501843912106,5.782178876804449,4.926993573798228
304.30925276556775,166.7920505329624,5.774239344089909,4.928400290227504
304.3111668451104,166.70924858438238,5.7704111850046145,4.925590322127053
304.0627799703508,166.8774081503077,5.762256245161752,4.925890316517753
303.05688821727415,167.63493693183352,5.755779113157987,4.924528232083885
302.6424872788116,167.80340453274027,5.744248925180033,4.923725856231649
302.31283371782257,168.30486991314052,5.732054750373452,4.928047040608183
303.22691816408644,168.22717662725984,5.749204126477499,4.915677406130355
301.5464082095992,168.81748193460524,5.753771984992594,4.90982500910036
301.8794872341161,169.40857551818257,5.7588104513443685,4.902231743870552
300.7023995305353,169.41373578571876,5.764417331071361,4.891911208798194
299.77927637774917,170.0886688086148,5.766232999154871,4.883449262997859
299.36466882046324,170.17272559051858,5.757611006608548,4.88290312061398
299.69582694165825,170.26204237425546,5.76499694450852,4.871695098212762
298.5284298095859,171.10167180646204,5.756762203973477,4.866028379999458
298.7805556220981,171.10748615346824,5.7539334296243405,4.854399685987085
297.6106190390129,171.44617556219433,5.757064538754249,4.8446614562608055
298.19866614421056,172.20023190255063,5.748582021278416,4.837763809301845
297.53059086355154,172.53951784050298,5.752254374364141,4.825431037513287
297.52721971244443,173.1282956106558,5.758996676578397,4.81280000153315
296.94490770619495,173.2168353445931,5.759393304062619,4.802038731517828
296.20280540858636,173.63317419727335,5.748240262780138,4.800115268657248
296.1275354700041,174.21444167796068,5.73283214739648,4.799216255119652
295.6373729957964,173.6381878472847,5.718980883975416,4.7918516693289845
295.80199724185314,174.80158418137282,5.7204601135749815,4.780153053144553
294.48177983659514,175.46787459764667,5.717724510234062,4.7691574275253235
295.2222579898354,174.89663090492087,5.7215770618587385,4.75679347889507
293.8867674055966,176.08047778877324,5.720294807990271,4.750646151278746
293.4900143700219,176.44475730942455,5.7134278357333335,4.755614695077444
293.0765675515552,176.82653522260887,5.7193395841180195,4.755558365820793
292.62252241385914,177.20923190899182,5.722396064518873,4.762431600815211
292.18838330308625,177.6109445698752,5.726884979468219,4.766915827696621
291.73162788507636,177.98582341619908,5.7308804336935735,4.77112190700182
291.28750085138324,178.37246489595128,5.735046307251987,4.774732967079324
290.8285452153032,178.78119438888794,5.739343926292541,4.77776228555173
290.3805892991773,179.18014395306332,5.748597902810035,4.772981702956856
289.93387568630186,179.56775704005727,5.75336507692122,4.775558233572041
289.4708747976213,179.95609969460222,5.763512884947277,4.784205597810438
288.99245899960454,180.3256520794946,5.808161493028023,4.796032037401713
288.50016931255476,180.70607524798345,5.860232043910578,4.823023865916175
288.0372732046952,181.11739918629314,5.899387743145695,4.822369343895306
287.5597089622461,181.53381391867552,5.928063178816836,4.824927196076772
287.0721525498822,181.97012177812593,5.956889935667239,4.827956275665779
281.1217098138852,185.27659250652061,5.985263582230618,4.8296999787592645
280.44291013829,185.87571725176866,5.98229364334509,4.821948617079561
280.52927193192085,185.37079226410185,5.979470115824274,4.812398233968031
280.6151372415613,185.96986925552287,5.977441549719574,4.802158623359639
280.7038089148992,185.54939468168624,5.969603255769885,4.7955825074024805
280.87634640562425,186.1466277915984,5.96308479165568,4.786064098253463
280.96289040515103,186.0669131131745,5.959020831663729,4.776469416039614
281.55870903837183,186.49138031713804,5.949027121116072,4.771566119465381
280.4685562377612,186.49163445146667,5.937877536322804,4.771057850808114
281.4005553509429,186.49274273983787,5.926215535425354,4.768841274065698
281.3201417555231,186.4133058595998,5.91886336312373,4.759535671400503
281.2384376943266,186.3337706223621,5.914355670473895,4.7506903308330735
280.8229201536655,186.25430214545256,5.906873964046649,4.741923927102278
280.4919302227893,186.174828683908,5.899067642808965,4.733424304443869
281.1642261455316,186.0962019129816,5.89198838954343,4.723488772269323
281.00185805815676,186.93523852784253,5.882885599565071,4.714610366187801
280.58906672178085,186.8554003987186,5.875288367909168,4.707650643554117
280.0070937536604,186.69372648575617,5.874387646357988,4.698185138681185
280.59169550769894,186.53090506891874,5.868860114015438,4.6913491221461925
280.0132212954393,186.36867718818172,5.863501614556093,4.683717191054964
280.5975822500248,186.12288479430515,5.855645367389832,4.677788123663147
280.0207137418643,186.78967531841658,5.850032794999504,4.669178033967518
280.5999322770204,186.54481745779083,5.8493657250387745,4.662706612211237
280.10791176149104,186.30137857265203,5.8417235034250625,4.6537427561526545
280.7715161781672,186.2945257595041,5.834658840320894,4.66744838244851
280.36173153965075,186.28829332701642,5.828568343614613,4.6799132474238965
280.9425041177537,186.28206565802125,5.823707077278589,4.692368585414208
280.3655309154874,186.44224829083015,5.820079387722057,4.702738775250425
280.452023901658,186.35744255625963,5.812573374841453,4.706870284930959
280.4572174079552,185.86034244569635,5.802186362246928,4.708480962698609
280.46187980796856,186.5210530071174,5.792861562220327,4.709444943767182
280.468406919814,186.10908400542274,5.779807338529346,4.707530462026237
280.5579031805544,186.77012676974311,5.765753785214956,4.704956678716493
280.64692446160836,186.36046877038984,5.752392609664466,4.700865744635839
279.9126105056869,186.03557211545404,5.741331524534713,4.693019500297373
280.0006044095419,186.77535071941224,5.729456749301545,4.690479584671337
280.00727215084476,186.53091342403368,5.716121266695802,4.687685892307908
279.9315518555232,185.96139644524123,5.703922620352728,4.681245190989214
279.85571794269816,186.5349855737701,5.692242860542698,4.677500032152137
279.6976946591171,185.96768009713094,5.682074526748871,4.670358832084564
279.21337556595233,186.3792748156075,5.673698514189124,4.661347894205849
279.70270928986844,185.73395194427994,5.670398965233621,4.651503105025295
279.13683708527674,186.2260878440082,5.665682654478252,4.641340494087721
279.5456544821081,185.66282202383425,5.6586218779617745,4.633068510430922
279.95395063411604,186.23132269034141,5.651392414147812,4.629175153699298
279.3933322541064,185.82977525331296,5.640739693931831,4.623777541873759
279.9626725209744,186.47886684657033,5.63219152192855,4.617174197339499
279.3233070387138,186.32097074192822,5.621247767449684,4.61054772687369
279.8911600622568,186.0818993697295,5.61207963383618,4.605888508354274
279.4095006830614,186.08589622672807,5.611092061864363,4.5978947943571455
278.92605674168163,186.09032180591515,5.614539659471499,4.589043635983001
279.4067557543389,186.09432946950668,5.616041656867055,4.581028308799935
278.84332566802533,186.01883631995256,5.620263917426965,4.571637763327151
279.40221354040665,185.9428202167439,5.624517218263647,4.563380106087381
278.8414070778457,185.78475552908526,5.624578856830736,4.559066256674743
279.40029612906835,185.7870567693788,5.627870048068265,4.554463776087644
278.9198300635261,185.70926825302917,5.628029324598227,4.54991199969448
279.4785536194879,186.511490840315,5.630985247537798,4.546042589213118
278.91852313969423,186.43285587769532,5.630764031181555,4.543272203603397
279.47734937804603,186.3560884477283,5.633055966744439,4.536815004642242
278.8386641520928,186.27712325316077,5.631045084418633,4.534822726998242
278.91477919325047,186.28046290722526,5.638674543103818,4.528143418869246
279.0700273073954,186.20391864996995,5.6479151208741945,4.521363530349755
279.14879497153885,186.20741875814278,5.650280056517729,4.514363314004081
279.14783442342974,186.13125230692137,5.652201152735981,4.506873171096268
279.1468673767244,186.05588035734118,5.654135246146678,4.497886030375374
279.14699028110635,185.97990224607736,5.65388943738281,4.490227343442338
279.15137113271356,185.8997446462672,5.6451277341683435,4.491055658992792
279.0735327618353,185.8233541443085,5.641438409566761,4.484470596552075
279.07368110376643,185.669040343378,5.641141725704397,4.474692800818208
278.99457794672566,186.54654925739746,5.640308547769213,4.469109384962953
278.9172401803394,186.46869640217133,5.636047971584543,4.465878986457996
278.5208766335123,186.39216272055688,5.634682999758847,4.460127936590923
278.2814635457795,186.23728233048703,5.637396718076288,4.452480411965216
277.7266337781689,185.9240752332109,5.6367054379712584,4.444408426331036
278.2800793184142,185.69074994717266,5.6391734482563605,4.435619388075126
277.72531236380496,186.32788050833912,5.640083248408537,4.428357247532093
278.3612654323262,185.93302865962895,5.634343438827247,4.426706990289226
277.80685248251046,185.54157976659917,5.636076359548297,4.4188240771269935
277.9650052101725,186.0985065534702,5.635879986797764,4.411352292392374
278.12294263389833,185.62840910754056,5.63586528705873,4.403966741113785
278.2808710596651,186.26105197497182,5.635627956799221,4.401159091347292
277.57018698658885,185.7919964048419,5.637151855080566,4.392707399692927
277.65222299660917,186.3432438270011,5.630726138247029,4.393736677824101
277.648660760584,185.71558622184568,5.6378506102973684,4.388533524408926
277.64671745494155,186.11095322942447,5.641737221582258,4.3857449140534035
277.6447436626601,185.4821867702812,5.645684806145157,4.382452900030693
277.5654856859594,185.87730354797128,5.6465908859569796,4.3802687125984505
277.48504018980327,185.32589146195727,5.649893710125058,4.379975707617401
277.4046559974184,185.79897036599536,5.653028226761771,4.3796211083395455
277.24328778576256,186.19342651949978,5.660412670751115,4.379088749636356
276.92556589757226,185.56421050176723,5.664735884796279,4.375279660430513
277.6357426920436,185.7254244268126,5.664439610981443,4.368420102590474
277.24150900491793,185.88573918372663,5.6645675540355205,4.363126361241233
276.76893172225454,185.25752415670163,5.664220552653834,4.35888765967997
277.3229363858006,185.33716973756134,5.658775831563724,4.357105727389389
276.7722340434721,185.41876690569788,5.658401079737906,4.351308453471002
277.3223477237639,185.49942161440416,5.65925181777549,4.347295907290079
276.8536714761223,185.5009652211132,5.653137544579895,4.3442086938719715
277.32444818501443,185.5815358285313,5.65418898057557,4.340168287999107
276.6961172873889,185.66210410537303,5.654442766810444,4.336082735442634
276.931696071719,185.66499419611137,5.65425001378323,4.330302553965962
277.0096207524416,185.66596044213736,5.655291739585982,4.328370061913986
277.0882562832654,185.66940367250848,5.654896148439577,4.321483601171734
277.1664433349155,185.67217426060589,5.655279168574255,4.315942424976897
277.24532793350966,185.67525203348882,5.654182548976213,4.3097868792110585
276.46603562059954,185.6772552060625,5.647212942114529,4.3057805340636515
276.30848451371446,185.68054431022202,5.649547643495246,4.299202325744676
276.152622831614,185.68309486166876,5.648646969663129,4.294101222851182
276.9352740348118,185.68563039228428,5.6454948597753685,4.289030161620107
276.8571679249855,185.68873068661267,5.645622883500425,4.282829572963373
276.77853440916556,185.6916162456078,5.646904993998439,4.27705845497311
276.77708896139654,185.69508154587567,5.649795889536504,4.270127854437379
276.69960024862036,185.6974611789431,5.648932227537205,4.265368588302539
276.7805695831831,185.7715047926329,5.64274373839355,4.273031540904565
276.7847512764601,185.92302379281378,5.634380351839466,4.281555632401426
276.7886595837562,185.21737284170257,5.626563737247221,4.290722949974578
276.6372624982165,185.29164613453537,5.617711634210496,4.297999501367056
276.40719874846855,185.3679092011282,5.61041876148478,4.301280158921917
276.17674456143806,185.44442206271128,5.604080140215617,4.3040034341991875
276.7990873753925,185.52356066113123,5.604967688811205,4.301422884422309
276.3337976759302,185.60114124352637,5.60153830841257,4.301929849519226
275.8679800466529,185.6790767794618,5.599429274063342,4.301682826465666
276.49119272601763,185.8354128821552,5.597706547466241,4.300186279111957
275.8689117062277,185.913935665486,5.597971470839004,4.2986778519762545
276.41341842348527,185.2151532451978,5.597574212738384,4.2965933228767135
275.7921528560505,185.37136915512278,5.596292914929728,4.295114611196334
275.8698257940362,185.52807263882133,5.596379931604569,4.2925734290918784
275.94510158540754,185.60809806987862,5.601221143523239,4.287915361638627
275.9453903154018,185.68723061751484,5.600643683534749,4.285040991915054
276.02239445787075,185.76728313940927,5.601970439277152,4.280270988806448
276.097978459624,185.84795369949336,5.606079921571055,4.274207354438767
276.17342579645,185.92857429597763,5.610426500069908,4.268207413620992
276.1716147630901,185.2331900175549,5.614048566789708,4.262089303632841
276.1701181639375,185.31358569327855,5.617041765094903,4.256462940324382
276.09053231579554,185.39406659984783,5.621094710444105,4.250619878120427
275.85730586054063,185.47405610759515,5.622292348868225,4.245725953321008
275.46986051289224,185.5538086024233,5.622066071950489,4.2412443581077
275.0832321990926,185.633409816333,5.6205890689048825,4.23698865641724
275.7015798964822,185.7130625305366,5.622731173826323,4.232537915472586
275.23636257324046,185.71504929867504,5.6242783443756394,4.228564379195665
274.69124324394323,185.71738338624615,5.63110465266768,4.223896204053486
275.2294163029606,185.79691743599517,5.638364225645136,4.219628917557121
274.6840372355153,185.79912723776772,5.645231617261211,4.2152093140120375
275.3818142742374,186.18323470087432,5.643541261543065,4.221363122091086
275.0724977588446,185.40596224065234,5.642379496031465,4.22642105179185
275.69375430513406,185.55801839660523,5.639976372708222,4.232336232199999
275.2296401252222,185.55548267465895,5.637761378630785,4.237407676092588
275.077799293162,185.63019497198624,5.6311968840129945,4.243106160807115
275.93546074591836,185.78236136116536,5.622152629183209,4.249005864391202
275.9395757478483,185.93503816387107,5.613922625323364,4.253801952330548
275.8645859946101,185.15881601686183,5.608874374206349,4.255968670414836
275.3978334852141,185.16024452499897,5.612462275653367,4.253111654140577
274.9311174363239,185.16160346701255,5.61592901005427,4.250393770113429
275.54815352175916,185.16452341329676,5.62187826195083,4.244553877544978
275.0022889444397,185.16789214012877,5.628621857444265,4.237816423880981
275.5417512404988,185.1713376713072,5.6346312569422095,4.230925361524106
274.8405543349997,185.17462248791685,5.642300109814329,4.224355728304846
274.994787762492,185.25343782372963,5.643790771210691,4.221703814869793
275.0683848712198,185.25660780234398,5.65155462347988,4.215363857641096
275.0648971014708,185.25975415565796,5.6585301629778435,4.209071151013127
275.1392122373571,185.26247403739958,5.664875502505802,4.203631387529843
275.1360449589297,185.26550090711814,5.671210059360658,4.197577648092761
275.1338183303276,185.26822894785158,5.675663316564893,4.1921215666258504
275.0535931889785,185.27152058862518,5.681155086322128,4.185538285078696
274.8957019171198,185.27445138900805,5.687069475250579,4.179676684312949
274.81637104126077,185.2773438347045,5.690803391695687,4.173891792920043
274.6587356044219,185.28027482882004,5.696294904916358,4.168029804688936
274.5007891189974,185.28325744651252,5.702434058533354,4.162064569304008
274.26619729451346,185.28655813307194,5.707001044544622,4.155463196185151
274.032782705863,185.28811135442058,5.709330706842674,4.152356753487852
274.72843215549415,185.28921525216504,5.711389463190393,4.150148957998978
274.65485218722705,185.3632064000007,5.703736900864853,4.156979161187303
274.5815896851981,185.3594959249488,5.695453383472524,4.1644001112911075
274.50929254078386,185.35646060994893,5.685243096961639,4.17047074129085
274.3591757293845,185.35281028433207,5.675978478527926,4.177771392524567
274.20904460526384,185.3491990956764,5.666784526175076,4.184993769835917
273.7488911033353,185.3458804546987,5.658850941575171,4.191631051791326
274.29418801699245,185.34228909945332,5.651121440024605,4.198813762282018
273.7562025106281,185.33919577536105,5.644227497757318,4.205000410466582
274.06837765547476,185.3360523461216,5.638642826363778,4.211287268945532
274.4571201059313,185.3348919394413,5.634704482287781,4.213608082306127
273.83964017453377,185.33597485761283,5.6321655903501995,4.211442245963034
274.22753067396627,185.33676655114775,5.629450956519932,4.209858858893176
273.6109181753235,185.3377588861512,5.626307512726926,4.207874188886281
273.6888241935235,185.26158826114965,5.624961222701711,4.205749692514626
273.8445290857788,185.18454417381076,5.622372442663676,4.205427364956134
273.84444000764404,185.1850811495751,5.622550598933188,4.204353413427434
273.8460388425527,185.1845162731858,5.619352929116009,4.205483166206043
273.84728551510324,185.18441232345424,5.616859584014796,4.205691065669142
273.84926495165786,185.1833730199558,5.61290071090554,4.207769672666031
273.69690604034923,185.1820427077191,5.609098610186607,4.210430297139438
273.1577749378747,185.17986202771897,5.607641746075105,4.214791657139702
273.7768592677064,185.17767374951936,5.603830694575142,4.219168213538927
273.23734174320106,185.1757437308228,5.602708359115041,4.223028250932043
272.69678244294835,185.17475774325746,5.603347665989949,4.225000226062737
273.1597401402286,185.17312436064563,5.603809153660285,4.228266991286357
273.6229807015419,184.8650733885683,5.60406736125989,4.226542715290208
273.00626937284784,185.55832606758307,5.602031498247988,4.229928192710692
273.0832314845816,185.17066398453335,5.60256388780936,4.2329692936667245
273.08157236987245,184.707109548914,5.605882117227532,4.232991729622277
273.0820892663679,185.32371221148657,5.6048483242366745,4.236309043759352
273.0814250477687,184.86069360010956,5.606176761435165,4.23472364360439
273.0812287296704,185.47950999180992,5.606569397631683,4.23387576485916
273.0084934182195,185.09324866498102,5.597449776730352,4.2334471995013585
273.0128105285521,184.70619682237094,5.588815556065158,4.235329457817691
273.01701769525215,185.32232160263058,5.580401222665003,4.237827404583323
273.020953605441,184.935401277618,5.572529402287401,4.240388266999839
272.9483160887532,184.47149258486544,5.563626700788751,4.243139243259267
272.87550048896577,185.08686582161482,5.5551710477852065,4.245087590387474
272.41717686201565,184.46964774802026,5.5478803906534555,4.24760652286728
271.9585214374194,185.00800417982205,5.541674267317529,4.248330127213453
272.5760751305417,184.46773774579296,5.537259580939541,4.2520068828882325
272.1166991913319,185.00628507864292,5.533036584372954,4.251716238005475
272.7328662548334,184.46841643765316,5.530782025110656,4.2511338982119415
272.2726998706851,185.00845739014434,5.5288185657015845,4.247064258886291
271.73656257124065,184.4709103958885,5.5257550136165525,4.246820096424016
272.27537877449043,185.00927947621136,5.523105543467529,4.245064872128872
271.74066328923556,184.47113376262118,5.5180369453417875,4.246856730673741
272.2804908560798,185.007966531523,5.512544120937609,4.247353502154323
271.66755557596844,184.39570041355236,5.511406811043667,4.2448778679790005
271.97484260699025,184.704177481909,5.510105876943606,4.241196859209287
272.0515509701239,184.85954220946255,5.509927590211063,4.236944283171719
272.05400993656883,185.0125220220758,5.50500965732129,4.237317493686383
272.0550728353662,184.40051379714737,5.502883859726433,4.236554612870651
272.05780476095646,184.8596148363147,5.49742000854596,4.236667703998335
272.0596854300256,185.3182256139104,5.493658670407763,4.237271798853247
271.5233264156514,185.09143933747234,5.4959132895411935,4.232074319037319
272.0569897064843,184.8636564169431,5.498698370433563,4.22902087614244
271.52312251177136,184.71240646557075,5.496371740873038,4.225789059176768
272.05883253955113,184.6354059173802,5.494395386399379,4.2270124839741445
271.45005627853715,184.63265721500306,5.489808412749921,4.232509888728451
271.9099073338716,184.63112680159108,5.486828127079523,4.23557071555241
271.3006673924075,184.62946035810725,5.482977477194914,4.238903602520076
271.5286781043767,184.55382874105862,5.48531640214596,4.23738005365421
271.8358894766456,184.4757054334894,5.482084445973114,4.2408289717014345
271.149378150215,184.39806508665035,5.479866646543204,4.243305170680508
271.4584150025705,184.3943123327147,5.473036669105857,4.250810678551851
271.5351898539946,184.23922791525143,5.472315707840764,4.25532203031238
271.53512342658513,184.92551261991255,5.472448562659729,4.258772869695796
270.9215616498759,184.23717892999463,5.475977554505175,4.258896367762166
271.30370355001617,184.31303525818683,5.476720127644856,4.260188986061766
270.6912072178901,184.38982572680155,5.477411520794131,4.259645707720222
270.99711838661005,184.4659861012945,5.477746731981349,4.260364345891084
271.0733832112477,184.54329075950534,5.478273287568085,4.258811234331337
271.1487592307306,184.62003580658006,5.480560228999968,4.258360120579648
271.1479184342384,184.69753945821847,5.4822418219843225,4.256419411244696
271.1466269852644,184.77554867718663,5.4848247199323605,4.253461682661577
271.1442781239537,184.93004614817528,5.4895224425536755,4.250570815239598
271.2185877877512,184.242750692929,5.493979867370485,4.247470954026909
271.21913467298157,184.32006036871798,5.492886096909712,4.245945973791536
271.2196872399158,184.39734322126552,5.491780963041321,4.2444330974056435
271.14433934075794,184.62668099962772,5.4894654519746275,4.244791468828295
271.0675645220942,184.7032554712105,5.490033314194141,4.244624300770746
271.06668677866537,184.77884506718485,5.491788801051844,4.246432836137068
270.9889654090263,184.8557417603584,5.494187544774251,4.245683445345648
270.52982813600204,184.85477327030668,5.494051493667485,4.247620425449094
270.1467404818291,184.8543535848358,5.494737303816048,4.248459796390879
270.68493942725325,184.92780858026828,5.4901937281702855,4.2546718505548355
270.38119431026445,183.92984036844263,5.485068852944819,4.259609169296018
269.8455600605531,183.92736678060183,5.484246542341091,4.2645563449776045
270.38142743073,183.92502263265538,5.485078202072371,4.2692446408704905
269.8439320769889,183.92258591187124,5.486879522066446,4.274118082438803
270.3804972730904,183.92013630593692,5.48768630299219,4.2790172943074625
269.7630673373784,183.92249973995143,5.494453140421019,4.2742904262784105
269.98892070324075,183.92485739683985,5.503360948983864,4.269575112501597
270.0609161303121,183.92784572066682,5.512967680554679,4.263598464847637
270.13227712728724,183.930621978477,5.523892746027566,4.258045949227258
270.2046516144903,183.93202883047454,5.532867253721502,4.255232245232207
270.20180612825317,183.93286224957268,5.538558226195686,4.253565407035937
270.27858446151197,183.9312663443047,5.538875932107315,4.256757217571859
269.50770810884404,184.00830297054097,5.541316181437702,4.256615210699941
269.58312942138986,184.0850060068548,5.544439737941446,4.25717531966766
269.6571500967137,184.16262454713237,5.550421377411481,4.255961229230155
269.6564672448212,184.23820717438173,5.551787081196361,4.258890469405529
269.73287415341065,184.31341952263932,5.553136356820977,4.262628865693881
269.73318540481523,184.3875388206961,5.55251385401182,4.268634898078796
269.73325705143856,184.46291326030723,5.552370560765253,4.272219038698891
269.7341662172844,184.46105979206843,5.550552229073606,4.275925975176478
269.660454093313,184.3828704802648,5.543554596605299,4.277882718372645
269.12105581081966,184.1534367794996,5.541922879536671,4.273709427593637
269.5849075064304,183.99980105339694,5.539743459965276,4.2724728892489185
268.891166067609,183.92520374004758,5.5394212199371715,4.267466947317564
268.9671724989383,183.61755857008032,5.541522449680557,4.266300917644324
269.12066757650916,184.2317969020886,5.542786648836476,4.270841670818405
269.1964104027538,183.99813180465299,5.545521461382452,4.275510470583629
269.1957698969197,183.53267570430253,5.546802473050661,4.280392930013132
268.9898876599876,183.86594180097413,5.543190967400969,4.285467830375526
268.9049917494401,183.83291956987665,5.540261304452348,4.2921378033107445
268.8312826036386,183.80371084541,5.540572832058063,4.296691641559701
268.7644249728703,183.7736858503646,5.534442053592623,4.3095672427865965
268.699565901525,183.75434833598754,5.533189585536601,4.309024513025578
268.6369049017512,183.74020382889532,5.530427933726808,4.307417198147361
268.6388183300047,180.7256263020705,5.526601077219864,4.306114878304195
269.0267901010533,180.65074863976247,5.523394627579786,4.301322784428846
268.52019505343014,183.15303236535289,5.516136312555791,4.303706245308581
267.98446749671336,183.68868300053848,5.5071537996899105,4.312842601236805
268.392182028153,183.08211674236685,5.501386780397519,4.323047609723913
267.7775699118878,183.69592788009209,5.495114662664574,4.3309216845368095
268.01226922930914,184.30889283218386,5.489122930189331,4.340743519999663
268.4783574232829,183.99571496636833,5.484166899638739,4.348952346699413
267.85956902950255,183.7624569214404,5.484991147112109,4.3516862340225515
268.16740894817787,184.45732644252632,5.487915561975892,4.353806759333394
268.32008600776584,184.37991610637263,5.492021998455915,4.353897153812806
267.70367160096396,184.22383727986238,5.4864935953032585,4.356465502644216
268.0944739239865,184.0664458479261,5.478647138602588,4.361745090779001
268.4843454233933,183.90966576915596,5.4724894274572184,4.365871133252025
267.86885889846326,183.67577526457495,5.465945728720211,4.369583361690151
268.02849568334886,184.2934155800478,5.455971082598805,4.371498425344013
268.4961146608115,184.21382731583807,5.447898387845678,4.376147410401424
267.8035769721504,183.98186139147927,5.442662322779668,4.376642111656279
267.96090614157566,183.6724272655887,5.436817444478668,4.3778834423383195
267.9631070839761,184.28903373847913,5.432415559677793,4.379367703853762
267.888002096316,184.05684998935013,5.4283319002386685,4.380854297833361
267.81323198916135,183.74687659858836,5.423617086071317,4.38378096545078
267.7370535253777,184.36279613949765,5.421743979182991,4.385782159277554
267.66271251343426,184.1308325321804,5.416192332200181,4.3870083613027795
267.6666403471698,183.97579674244645,5.408336664729086,4.388743394839022
267.51580781199664,183.82190548778425,5.401850324371883,4.388374493460025
267.2095160142165,183.5152592122929,5.398553494610099,4.3857866191206645
267.82827684089585,184.1298524785073,5.392052631350212,4.387620876790607
267.3683508355663,183.66995131520528,5.38906024752921,4.384578808914438
266.98592493558016,184.28551047427987,5.385350934577667,4.383158271443193
267.60233750871663,183.97879253972363,5.381583847151236,4.382065111132457
267.528413721874,183.90029948376582,5.375874723213396,4.385494525425065
267.2995409592297,183.74674561043972,5.3730469839688055,4.385553429055185
267.99169251155183,184.36093629891505,5.370081112103777,4.38502737013039
267.45357415434614,183.8268949038946,5.372323047550947,4.379115381206972
266.91518451509637,183.21692754615583,5.375535459886125,4.372116535353807
267.45014101870186,183.680580187163,5.37874251523671,4.364628449820835
266.8345582493511,183.83785074188256,5.384060106441964,4.356549327255713
266.90854088757567,183.076511834017,5.389276740671636,4.347408036199333
266.9066984027697,183.23410768865213,5.392961710283655,4.338444333703845
266.9049062419135,183.39158445851322,5.3965460319959115,4.329541559554545
266.2902001346694,183.01367332519877,5.402469169612467,4.320683153138631
266.89957899590627,183.85681390748124,5.406778646110117,4.316119387159285
266.28546998160266,183.47907674496622,5.411992832801566,4.307216310992034
266.66457809653593,183.25361487064436,5.417831645335982,4.299707034195174
266.96773191646673,183.9438346553903,5.422638561015547,4.294275214670848
266.278515081369,183.86961905361028,5.426195204805653,4.289942304185817
266.4291561739831,183.56740552877957,5.430409504995718,4.283376383010939
266.57980789547844,183.26523388666047,5.434518360161726,4.276895070935617
266.57770180007583,183.87917106355184,5.438730550966957,4.270330847373968
266.57573605045144,183.6527769556568,5.442662050215717,4.265254355794398
266.64866441064714,183.57850813513895,5.449404542198439,4.261192784456134
266.6451835100109,183.50452396291908,5.456366343470951,4.256524810217501
266.56479612578966,183.27846521253008,5.464474241491608,4.250641699730352
266.25489048953506,183.96742561020875,5.473505043210274,4.246976963651802
266.0221500175749,183.741215518841,5.480665482832835,4.241076642089593
265.78884603089807,183.51542871608294,5.488912905105811,4.234289696525037
265.403598453975,183.13709888726143,5.49539661196678,4.226937907182739
266.01044575187234,183.75010127289457,5.503954075513543,4.223185195257894
265.5483628959285,183.3706383220453,5.511013968480139,4.217856247855527
266.15688406145097,183.9819085838616,5.516946211891086,4.218290298678761
266.15812898351476,183.44614652173192,5.514456367763501,4.219028535144833
266.0815594439347,183.90700388101106,5.514651983013627,4.214974600046217
265.47050146580506,183.83287914737934,5.513725285200498,4.210343735550595
265.8517556339769,183.6072159581744,5.515170242891424,4.203298137539782
265.2409296267307,183.22896371755732,5.515240233386174,4.196313853775488
265.69880586845346,183.8416916256042,5.514996832341136,4.1915368142157154
266.1577260689865,183.53922461301465,5.512175432457874,4.1864581719396154
265.55099273886054,183.23555514644195,5.506624093948919,4.18428810570458
265.854583109288,183.8467775063125,5.508472116006923,4.179900911789255
264.7905857761453,183.54519604937468,5.505474365208826,4.174208849355319
264.8688708450183,183.24253929881192,5.500979340136827,4.171221899784633
265.0223979699903,183.85170783791563,5.497840740559,4.16854742304227
265.10084277482684,183.62524569125569,5.492817446288558,4.165872770154349
265.18096136476146,183.3971723821593,5.484326340964623,4.1667811647113835
265.1813544450282,184.00532192834328,5.483540180431057,4.163533758245996
265.10663362353966,183.4768480024342,5.48141535971312,4.159516364198906
264.8793185691632,182.94906402574935,5.48164001264095,4.154804920643495
264.5001067380023,183.48128464447083,5.483088758393135,4.150128566398109
265.0287735237353,182.95452804963526,5.485140064910081,4.144256878086251
264.5743332863452,183.48623136754767,5.486364254225137,4.139782575304087
265.1800581618276,182.88269669469042,5.484687309138173,4.13707911514072
264.7260740442584,183.33907177126272,5.485744256288267,4.131240249984417
265.33181647246596,183.86949044585765,5.482839932800869,4.127910867106341
264.8041930697517,183.34371807234697,5.481269318937327,4.122638194835658
264.275496589509,183.79926199515933,5.482615570277142,4.1167332427643455
264.7294792859717,183.27339457424225,5.479376876230644,4.112953602573083
265.18086985494034,183.80324076529146,5.480655777035854,4.107997932340997
264.5788686283738,183.2039475479712,5.479737358493426,4.101663495306124
264.80666544523666,183.80487685506702,5.475636309077481,4.10378510594021
263.9806409758611,183.278014279605,5.472517443889942,4.104221654357873
264.0583338088011,184.02574045838736,5.467561236111484,4.1130638778083295
264.0592326298962,183.64631154845182,5.465763593921243,4.119428943128879
264.0600777767449,183.26672416650126,5.464073300223886,4.125727717018728
263.98310093872834,183.79001758166962,5.467374610723144,4.133707445418886
263.9811298468076,183.25911713963848,5.47131679456458,4.139677171727617
263.97767536035775,183.86029954666057,5.478225767464347,4.14523717833834
263.8986391767833,183.40395857760637,5.485111434893539,4.150798918128707
263.8971428856724,184.00587206645523,5.488104017115403,4.158031699978731
263.8928980956486,183.47506650262517,5.496593597162927,4.158819446789508
263.8129322710128,183.0189510419139,5.504836800536395,4.160919692822947
263.65948718700747,183.47214020805217,5.508030241215604,4.165631542541092
264.3448322368107,182.8610894124937,5.505106052887639,4.1719412125215865
264.1173630379746,183.23857670232067,5.503947036774705,4.177128989176391
263.73845953888,183.5400623017432,5.50125649391933,4.1825558231669
264.34868757982804,182.92782539747805,5.4979770236463,4.189853020074237
263.81798176499365,183.30660809856025,5.49387558090902,4.193368383914081
263.28807582920933,183.7613219490552,5.4882108075923135,4.197206378540205
263.82205174456567,183.22703963204938,5.485568904321403,4.200461085110043
263.2923810665932,183.7575578752392,5.47951097121013,4.2048238877866115
263.6744995053704,183.147364118256,5.476166986326076,4.20778277348043
263.90350501531066,183.22142162098393,5.474683264655049,4.211843534094369
263.2962356393824,183.29454638164674,5.471467657969087,4.217813307586607
263.6021077832991,183.3677545637001,5.468793234037641,4.223664409455389
263.98507522021,183.43989958919565,5.464468025453897,4.2316962915119145
263.3010554935871,182.44668900627303,5.461027577480619,4.237090933374169
263.37742253208756,182.44422610561463,5.4607154077827005,4.242016734690987
263.44855421599334,182.36688688432199,5.470949348818522,4.244197868428889
263.4442576578279,183.28278978619184,5.47954246514936,4.24466258389503
263.4400963445361,183.28230210172535,5.487865091733093,4.245637952827997
262.9030409063033,182.59407229418898,5.491178185159879,4.245357561136794
263.0567781138117,183.20467206671927,5.489738084407964,4.248295273134918
263.13393375524885,182.66843420650702,5.488469797124323,4.249470024424
263.21180187366315,183.20269164621973,5.485776307347608,4.252254374361493
263.2133829112947,182.66534331856644,5.482614232084475,4.255622559999695
263.21498104816374,182.81897999138567,5.479417958346433,4.254456076504647
263.2148511465099,183.0513545333104,5.479677761654093,4.248663786439133
262.60367844712414,182.74816257732644,5.478860877181632,4.243466556785046
263.0620939145149,182.44551170811363,5.47881909934962,4.237575523911076
262.52872217885374,182.36885129607876,5.4766511425036954,4.238194715385334
262.98667170481133,183.05816058151265,5.476823666344347,4.233683508151259
262.2992105003765,182.68001643400845,5.478276146124637,4.226932953665557
262.6805463892086,182.3775925482268,5.478204394167338,4.221700704663204
262.8311068263103,182.98942589291266,5.481950862862106,4.217503386883606
262.0675722550923,182.53595737279352,5.484795168685716,4.209905525154506
262.14520158436,182.15635698580147,5.481878579374593,4.207395953017594
262.219358177698,182.76744480798007,5.485822036407238,4.203273458329957
262.2180528602542,182.314315999495,5.488432671294818,4.1960333633739335
262.21480236212244,182.9257140087992,5.494933667558394,4.190608434718626
261.8337240050467,182.39667618116403,5.496180072713646,4.183409657394273
261.60570896849174,183.00764670900534,5.495959330152421,4.17813744350113
262.2157737024868,182.47910840945107,5.491783398739218,4.171254698104929
262.06740273120084,181.94975207075342,5.484888990080194,4.167240146191941
261.7676238100273,182.55628363811334,5.477856707739525,4.167357260847498
261.3925072228885,182.02601785532923,5.4703787826456365,4.167093287295725
262.00096939522905,182.55756204841686,5.46484546137404,4.163972046603667
261.4744076949359,182.0294940250266,5.458948943230215,4.161088174654114
262.0829786829033,182.48326069250405,5.451019565656314,4.160464288469884
261.55578304233944,181.95754275477535,5.448267685644138,4.154757002787401
262.08544753773054,182.48728959371735,5.445136255752783,4.151460885794228
261.55909501545517,181.96237056257158,5.442354514600645,4.1458121623829385
262.0078462133619,182.56625719575166,5.44874751269363,4.143232754564811
261.25253617007155,182.04031507626635,5.452321357443931,4.140184624254126
261.4007550764189,182.49352852130752,5.457302258586512,4.138013875683432
261.3988021682243,181.8921697221854,5.461208074975729,4.134732711929396
261.3964843484237,182.1195353830546,5.465843714576917,4.132268776969196
261.4704163140661,182.49950709602126,5.468765978367074,4.1262563264103225
261.46953362100436,181.89816648510947,5.470531364490518,4.123077584290116
261.4667696528811,182.12607848554688,5.476059300737031,4.119375926203375
261.46119662424894,182.65451746686242,5.487205358001293,4.117615986575732
261.30733962219904,182.0541023181238,5.493175162149692,4.11146948424688
261.1534891136591,182.3585020294366,5.499151258407269,4.106119903265851
260.62360693618194,182.7393110503596,5.502854347272933,4.098831337197502
260.7723448059865,182.21479623279313,5.5069845316436865,4.092240238400657
259.86982921446497,182.74363029964533,5.502921043244686,4.089877329704177
259.9452299845735,182.29344821729157,5.502776902622895,4.0862970968399885
259.9463654806606,182.89684572511368,5.50050591044868,4.084274776440944
259.8708234459561,182.29813411790445,5.501061044361881,4.07746650689337
259.8702935984306,182.82624296664272,5.502120739412982,4.07422998075533
259.86875831937596,182.3015985884583,5.505191297522147,4.070795873498763
259.8673154454836,182.82994570818593,5.508077045306898,4.0667574434334375
259.8659569499282,182.30618710814605,5.510794036417671,4.06177499661604
259.86474790143467,182.83451235210663,5.5132121334047115,4.057341583922105
259.8627036584994,182.23621897938216,5.51730061927526,4.051682001885563
259.8605668727668,182.7645279471645,5.521574190740431,4.046814777796333
259.7833896865353,182.1658286934061,5.5256933838366455,4.042331850378089
259.78285009431175,182.69113838142238,5.526772568283668,4.043281757075572
259.7051251576914,182.09252329705106,5.531966286799799,4.038462688021146
260.6045337347367,182.4704580912317,5.536220206318344,4.033872713663725
260.07584838114116,182.7748752143867,5.5418748788688825,4.02601905857691
259.6985295432243,182.17778343311636,5.545502572042078,4.018586648860877
260.22307148370584,182.3303209580407,5.547363286107061,4.013781483305934
259.6222424850528,182.48221875744085,5.548347598856038,4.010154305644885
260.0724545573612,182.63404325664962,5.548160630534663,4.006584365992483
259.3975115335968,181.96225870610903,5.5482445031811185,4.000351292191256
259.62243555263524,182.11426688204097,5.548026949674293,3.9960885967074793
259.8464408630203,182.1917769994361,5.549426664619462,3.9908718071556644
259.17139247418214,182.26986351123165,5.551873581755064,3.9844376569579336
259.321180706173,182.34743307241624,5.551637361076255,3.978968656240147
259.39377368637605,182.42529280301878,5.556027965757975,3.9728257601229657
259.3933394786271,182.57827407452388,5.55689638125585,3.965947186187529
259.39281894680573,181.90951323051593,5.557937444898625,3.958491711140467
259.3932580066729,182.13582550584337,5.557059325164241,3.953871893772289
259.392904246128,182.28855218291812,5.557766846254063,3.9469096052827104
259.3931738513971,182.5153498569399,5.557227635715916,3.940738927636446
259.39207047018397,182.96406976295344,5.559434398142154,3.9374894780962286
259.4683146170322,182.37034307559637,5.55595767557475,3.9328502837772845
259.467403468146,182.5226337172493,5.557779973347172,3.9260340144663965
259.39252918955873,182.67525788684844,5.558730815879788,3.9183811045520005
259.3169701299815,181.93590050476521,5.561163027236951,3.910236790745294
259.2420023973599,182.0134261559006,5.562510140329494,3.9037738406250835
259.2413980721031,182.16446431490448,5.563718790843134,3.89870169069579
259.24051373975044,182.2411064935597,5.5654874555484195,3.893853980228362
259.16590046454684,182.31841293908462,5.566330648975819,3.887624446158337
259.0909220388487,182.3957252480122,5.567994254392641,3.8812930742826546
258.9425455988301,182.47319362107402,5.5683194970300365,3.8745701468588862
258.9432424931258,182.99360018192576,5.566925708438755,3.8705107636130798
258.86921519116356,182.40477143824836,5.566960752409025,3.8640117713345385
258.8689996645733,182.92521334244898,5.567391805589493,3.8585168381127204
258.71992210430653,182.41085694343826,5.569890159501982,3.8524309529601033
258.71952630391223,182.9307828649705,5.570681760290488,3.846937488989517
258.42295558744803,182.48766116906623,5.573076840181162,3.8470613512414094
259.0858634581136,183.00538339395246,5.576784114933841,3.845690358422904
258.8633508237819,182.48927630075138,5.578535253209103,3.843598240586157
258.56746632570787,183.00655054765107,5.579304825256203,3.8432987389632918
259.1613772215109,182.41554025704494,5.573535127745931,3.843267226079823
258.57249944944755,182.85826204506841,5.569939157116681,3.8438372860998813
259.01747606788086,182.26883989853164,5.565730571589866,3.8416887107204
258.4289194377543,182.56458525505383,5.562643307063591,3.8402982600657207
258.87410040691935,182.63690822675156,5.5570142593152045,3.843107798433868
258.28591740632606,182.04832211855785,5.554044336797784,3.840944091117238
258.6572180907176,182.3434915580178,5.548124912938359,3.8399507681362226
258.65897037070897,182.4173362240369,5.544620352955606,3.839492055942439
259.02877520858476,182.71267788632917,5.540861357315549,3.8374892754471297
258.3707297733329,181.83163326272683,5.53322967150026,3.8346151142266987
258.5949384632966,181.90523036959056,5.525564988072078,3.8343384659989765
258.6721913990935,181.90295667346325,5.517856392875738,3.838885858253593
258.67591918796785,181.90207345514844,5.510400815127005,3.8406522948832493
258.75304396009267,181.90137262843496,5.5028238568511085,3.8420539483102147
257.7311071492155,181.9013836084012,5.49455968148215,3.8420319883777
258.6135260214464,181.90146595493314,5.487194449734532,3.841867295313811
258.39627974879403,181.90129796317575,5.4826609227459855,3.8422032788286162
258.1785713979523,181.97695702261947,5.479240464621527,3.8371642132104755
257.7413779917724,182.05213551939113,5.476762157718936,3.8329514062109213
258.3259869164788,182.12752172245905,5.475841851948498,3.828216193030367
257.81561192177696,182.20285094141622,5.474976048771694,3.8235028683417913
257.3073363797369,182.27499989601162,5.470547673708766,3.825059167600001
257.82041812890446,182.3468324219187,5.465075136189064,3.827207110188056
257.3126988708572,182.3459625344732,5.460153377874859,3.828946885079067
257.89886191697366,182.34341569330954,5.453587930124968,3.834040567406386
257.46495661816164,182.3411396841592,5.447169264057951,3.8385925857070613
257.9782541660161,182.12100388960988,5.440354503360754,3.841815459800668
257.39908585108174,181.97412494755125,5.433627300824412,3.8443073858166823
257.91191745962914,181.82676342784058,5.426970125556882,3.8478858418588526
257.333368789285,181.5343526509326,5.419823167178967,3.850585246141671
257.5552338150204,182.11349059902994,5.412493660458923,3.8560441359493365
257.8497279375549,181.81956882007435,5.405288629537316,3.8621044797131825
257.19909631574274,181.38013079087128,5.397623574042287,3.868361672039776
257.5661708918051,181.95884382282551,5.3905911624425205,3.8743223929713144
257.9331383747257,181.8830594408817,5.383730443859953,3.880476307407228
257.28269106920413,181.44410489720767,5.3759165211212805,3.885913038900836
257.3591341935254,182.0235882970185,5.368413229372575,3.8900098944288377
257.43488325204436,181.6582450137915,5.362251595003815,3.8940140475368534
257.51121014372006,181.2930459723643,5.354906600101719,3.8978681881451713
257.58702613485013,181.7987329043097,5.348535250021561,3.903318749514538
257.5904034975131,181.36150031895926,5.341780524695637,3.9062634656403903
257.5204956220805,181.86947761808693,5.336397084894924,3.906703202046745
257.4511217879367,181.3613397752491,5.330020087739271,3.9071062296199086
256.8742893885386,181.3613869565917,5.32340937947542,3.9070118669346954
257.3848218211353,181.36035045032176,5.316871939896265,3.909084879474578
256.87535287949186,181.14592149896401,5.321739568296814,3.903341244381648
257.1662737172032,180.85879382949398,5.31928559441361,3.898208881782274
257.6759472319026,181.9436608625441,5.313016866153838,3.8993568895515884
256.8826480728677,181.58266587382795,5.3084751348567165,3.8981013899989567
257.1018228927006,181.36596683923725,5.303804056669184,3.8978208977021374
257.17653243919466,181.15083355385684,5.298868929926304,3.8946355697270985
257.1768958214001,180.72046007228312,5.298142165515489,3.8892419376717617
257.25102166966934,181.44182914584283,5.294147746925266,3.889076570035416
257.3252482860149,181.2987556381416,5.289888406716462,3.886835800473248
257.3245672169151,180.86913004104804,5.291250544916085,3.881532312827188
257.32654742509374,181.51765507421908,5.2872901285588325,3.8807176936781267
257.04170249209807,181.22908983365213,5.28116940188463,3.882037582146466
256.7569753740983,180.94067471968475,5.275098362587103,3.8833425347840276
256.47228716893056,181.5867445937058,5.269232852675323,3.885497107298175
256.18773947923296,181.29862904239863,5.263301548798507,3.8867015266404223
256.7648565620297,180.79445819194268,5.258557525111309,3.889239353384332
256.26421791058306,181.36833162914192,5.254244643223136,3.890738404450377
256.76763628466085,180.86473593837204,5.252711020391045,3.8926266606665814
256.19394739561915,181.4391378370536,5.2511100449599875,3.8928016168179194
256.69734926399883,180.93538929034375,5.249512377375543,3.8950926410626816
256.1235578689086,181.5099602157102,5.2481824207496715,3.894863537136101
256.62685268268126,180.93578871855883,5.2467236131878705,3.894485594314784
256.05267546741504,181.4392123500152,5.246584092918171,3.8925705383539118
256.1244918250159,180.86513023664853,5.246479639329901,3.892508672179611
256.1957519542801,181.43978269757116,5.247485040899023,3.891409031114746
256.4131532381499,180.93616513385354,5.243251292361386,3.8939835804123364
255.47965975162495,181.43987784271778,5.244728939202819,3.8910631844884014
255.4793584087882,180.8672087913606,5.2453316248763535,3.888598357044415
255.47969906096031,181.2971003305697,5.244650320532095,3.8894802601522045
255.47833619343757,180.2226738969457,5.247376055577624,3.8866094147977366
255.40499673045866,180.22503861290787,5.250612310440054,3.8818799828734165
255.33218459157283,180.22734010698713,5.25282219692262,3.8772769947149417
256.0470896336914,180.2295200178864,5.2567376713528,3.8729171729163974
255.8303693974151,180.2318044897437,5.260096341789425,3.868348229201806
255.75967889750206,180.23150793804217,5.258140614055807,3.8689413326048125
255.47107791062305,180.23378890499492,5.262075629868186,3.8643793986993447
255.2543049308797,180.2358234924322,5.265716442906543,3.8603102238248104
255.8969652387889,180.2377468616639,5.270008295114317,3.85646348536136
255.68057481486903,180.23933845690243,5.27291211850784,3.8532802948843203
255.61021209539757,180.2372362380515,5.270353359799992,3.857484732586143
255.5399871212159,180.2348034371,5.267488971753025,3.862350334489176
255.82315508500932,180.5189569700475,5.274555672722173,3.8674458971501897
255.8906664134064,180.66040113083247,5.283074576487244,3.8716406966986017
255.95826663789668,180.80201326727246,5.291613870114628,3.8758959090346967
255.6682467596497,180.80035030949514,5.295896734881723,3.8792218245892895
255.37929871439422,180.7997807725752,5.297557539473786,3.880360898429245
255.01755498451683,180.80037934835158,5.300531359543611,3.879163746876423
255.7367304791355,180.80060326034967,5.303462812366605,3.8787159228802257
255.30354566076167,180.8012466851651,5.304840012704438,3.8774290732494165
255.9505750002087,180.80153307245217,5.3082681279847685,3.8768562986752695
255.4442189583971,180.73067635717865,5.311525310564847,3.874361886216157
254.9385836324576,180.58575228505998,5.313281545442898,3.8757773398817505
255.44238656239497,180.44049237836225,5.31553933834063,3.8777646810565614
254.86403307300725,180.36964588165927,5.317581301522171,3.8751245475132867
255.29935451199827,180.22447186665983,5.312863111647724,3.876831014809599
255.66198064854734,180.00800066080566,5.308996736364283,3.87694188782908
254.72788892522573,180.6555085279557,5.302316174640382,3.8799089285523793
254.8037341102473,180.36652135289842,5.294793375455413,3.881212995234309
254.80684180107588,179.8631055521031,5.2885779937982536,3.8795214930214956
254.88225453456684,180.50938695193307,5.281705116597052,3.882532001387711
254.88583979311719,180.2206960248635,5.2745345994963415,3.8843235995623435
254.88593941705076,179.93392729453788,5.2743353516291815,3.8825890715735376
254.81738834900602,180.5789928712013,5.267650952658883,3.886536733785164
254.7490229468247,180.36198558790767,5.260632087348552,3.8893022913535065
254.3930359509327,180.1457000442573,5.254164542494998,3.8908084566716736
254.10930959855605,179.92943732536867,5.247158599709414,3.892489908794743
254.6852385795545,180.50321183218009,5.243586056719761,3.8932263141791927
254.18472360419062,180.00121599098443,5.2401621463987205,3.8927641355217695
254.68760401013972,180.50306660104832,5.238437720989198,3.893099301882716
254.185622549131,179.92777915437463,5.2385094299464185,3.8963699517326655
254.68874458736647,180.42983841194388,5.236539022447268,3.8965251055659436
254.2549942325462,180.35606871285864,5.243398322259877,3.9006242687651076
254.82546929097913,180.21112518264852,5.251341617272851,3.9032879762156543
254.39066250552798,180.06517852937708,5.2582985618832785,3.9076290739945843
253.95767851791138,179.55819611470847,5.260548598937742,3.913922975456596
254.53356479380113,179.9871901746106,5.261498070854959,3.9204763734248984
254.0287589927791,180.27282800565055,5.261625915969128,3.926048572447756
254.60612441948044,179.62185628951886,5.2613358658668705,3.9292461009981747
254.10109289822526,179.76451899148375,5.260927860359381,3.932626710787734
254.6785702857893,179.90726557746297,5.261189938883176,3.9359377522423173
254.17296449725526,180.05005618886148,5.261179697011387,3.9392770491423077
254.60684714897843,179.3989731769559,5.26050274051601,3.9408105525270094
253.66282226614527,179.47178539281532,5.269668995809313,3.9397156216061324
253.80844636902665,179.7597096942554,5.267723008946325,3.942471456525517
253.88248965845463,179.760005599647,5.264303001666595,3.9418796457423526
253.9564920653693,179.76032141984095,5.2609030222606075,3.9412480053544767
253.95902350911035,179.7617261525711,5.255840134778512,3.9384385398941566
253.59832594357098,179.69119220669873,5.255136616629731,3.935086701793332
253.3118294243017,179.47750148334686,5.250712849629793,3.929405544343256
253.887568798481,179.40720309274337,5.252785639295736,3.9258083832971096
253.30816095832304,179.19346505285932,5.258268157853452,3.920784527405948
253.81210547940202,178.83429301800584,5.259554190864033,3.918289257706818
253.23371185338289,179.41235530923825,5.263168677441827,3.9153374407024173
253.8125290510465,179.0522776718787,5.258760379932589,3.9147264042853047
253.31108116227375,178.54959302454648,5.253122737056655,3.911562278528253
253.96180429506956,179.1235657601048,5.247124314960301,3.915126001629619
253.7491759787547,178.61856097145525,5.240663812462473,3.917795596964454
253.67998292465163,179.12107815862663,5.235198843030215,3.919718766090313
253.6109062906747,178.54500053812376,5.229552753595096,3.9214791479848277
253.54037645735067,178.8325992144417,5.226870223017439,3.9212505842516525
253.39777782499712,178.97700277517157,5.224672249060141,3.919838701456359
252.89232568695417,178.9780503406733,5.230089044201587,3.9177435704528936
253.46434640369085,178.97867288377816,5.235561774725425,3.9164984842431627
252.95843947861266,178.9796797192999,5.241110173198265,3.9144848131996683
