221.10000610351562,190.6999969482422,8.899999618530273,5.900000095367432
220.35671518580472,190.08326416248374,8.922840036327026,5.901594958071802
221.15864248595776,189.9654281799425,8.944668444086107,5.9050264934307055
221.02779852193623,190.7846681599892,8.973730928451152,5.894924639083214
220.0910312992671,189.9652143897152,8.984115640636611,5.903576163122497
220.08375284131492,190.07689244927266,8.998672556540958,5.913413742421011
219.51002798290565,189.13310872951368,8.978241918121771,5.932372613558775
219.37256285865286,189.0193616168806,9.019587345049612,5.926282017247164
219.23802413830353,189.84093126622784,9.054560418019555,5.921873292653751
218.26353421129187,189.0251686942269,9.127093188475536,5.911507238534204
217.4089952417367,189.14869083584145,9.187874184346482,5.899933947196452
216.33452859100123,188.32062221214858,9.211109947055482,5.90275088665632
217.01575653067064,188.32289187602925,9.268156264228349,5.898211558894941
215.49539103397495,188.31116350743028,9.223183181251496,5.921668296092885
214.5732017803139,188.17780052796147,9.170916888574732,5.95131365503065
215.17282144495113,188.16596004124906,9.15563839261014,5.974994628455474
214.59672412802436,187.55978064924653,9.123043684253512,6.002564070250407
213.78982298716247,187.66340950884285,9.078350687104669,6.032234248039555
214.37295908852556,187.6636611106728,9.095828982216458,6.031731044379655
214.25876210682625,187.66427961963018,9.087218525562767,6.030494026464928
213.7965205173343,187.65489403294316,9.064283917702904,6.049265199838944
212.99067408767587,187.64745662956585,9.01822492684749,6.0641400065935525
212.78060310127287,187.27820715483682,8.965615214384869,6.093511428148654
212.66937665354052,186.80293215475598,8.951997264746808,6.0997780478992825
211.74863408449687,187.2618516681879,8.905726402972231,6.125817020966385
210.94985770555093,187.12599663341518,8.853358054377914,6.161824075299457
211.44314340359836,186.2874869443275,8.808818276572495,6.190288121468329
211.46499785864773,186.73744211514585,8.765109366473721,6.231596964722491
210.78009877890088,186.48817352543782,8.72296014639867,6.259485017615666
210.09508408656728,186.23977611207766,8.682117642786286,6.285989214909433
210.1135738352055,185.75678469060043,8.645138145509836,6.31212433449759
209.53777001475953,185.8656919958152,8.622595742763782,6.329139732795607
210.1340077011575,185.0377966321245,8.603954723349604,6.341562365442653
209.43623800194123,185.26541700198786,8.591370031781015,6.35569632238301
209.4275035530982,185.26809641740184,8.608838929467057,6.350337491555045
208.60655286929833,185.14474584153368,8.606402528204624,6.362133247739606
208.7087940607929,184.9178921578788,8.636981805285629,6.3457172949090035
207.16750492202357,184.09757242490323,8.661215855426036,6.3395560230302666
207.27566844828524,184.80955846769598,8.68041304240979,6.328729374487514
207.38674743483264,185.2820886040091,8.69389306617554,6.326221089303365
206.56444065812667,184.4621250179252,8.687896869482687,6.315538511366433
206.68937558363137,184.59053014225756,8.673562009280891,6.29426325350927
205.40737668916427,184.59581258335547,8.65291085712206,6.283698371313422
205.65204126878731,184.6019726307678,8.632544224222793,6.271378276488812
205.66787723959902,184.60039588986552,8.600872282599353,6.274531758293364
205.67150642664814,184.49530947427908,8.593613908501116,6.251163522836621
205.21248589728924,184.26765215389096,8.57946589233422,6.240383626170497
204.52639599076144,183.81051609742835,8.555712258299305,6.224033441035412
204.63552558016258,184.40543038387725,8.569479736634728,6.194338153826084
203.18724436882783,183.49528270495313,8.581156599515204,6.16998662236573
202.8475625160287,183.36266004045544,8.529412206020362,6.183765705398591
202.52556860055176,183.24899266853083,8.483360995493635,6.188404379334638
197.13599594321553,186.93350275186586,8.436352799084764,6.190382347868937
198.0794813837567,186.93394284977455,8.386681087626314,6.189502152051562
198.21686857438849,187.04907012258906,8.34080000705269,6.188140907112507
198.92194855921718,187.28295218917918,8.299681095814888,6.176723793405428
198.82838050729546,187.74285418348643,8.259456000988745,6.16636459946925
198.8478512322543,187.2867694798249,8.220514551071062,6.172215342165268
199.54758151365118,188.07346424491783,8.17754964749951,6.18140408107201
199.2296999153362,187.84596187647645,8.13657783601304,6.185252145877163
200.37374317958643,187.83634726458988,8.098657956533119,6.204481369650273
201.40347085629728,188.2817856816858,8.061970172103226,6.212612343899278
201.9832151556031,188.5060795756035,8.024103747187699,6.212673425542267
201.8907398809119,187.94458529105097,7.9853072402873595,6.216926713233364
202.78709083635775,188.28923873414794,7.978392247134679,6.197289921191533
202.90351436256213,188.85730273386514,7.968343323985968,6.175152568057275
203.57722408614197,189.64659146108949,7.954629242283103,6.15256470664152
203.58729473359702,189.54570286662351,7.934487947372997,6.132634968132686
203.7015790394113,189.45006616683563,7.926994035418355,6.102833668034454
204.36611603619014,189.46452767385492,7.920768776747764,6.073910653995907
204.80985088725402,189.58843242483766,7.912932478638351,6.046009503035021
205.70429266659443,189.81120271643658,7.878719259684442,6.039136504768857
205.9368366309573,190.150254888074,7.85103067937531,6.017131184118905
206.71592544790695,189.8307340222341,7.818281441429215,6.002417888961526
206.7295666315441,190.59832387033597,7.790999074154964,5.987488758958377
207.06783100549674,190.49214872344228,7.764026913500877,5.983320190328711
207.8422423238214,190.49073128514772,7.727478184085342,5.986155066917828
207.42638823361335,191.24367749867568,7.697078223893769,5.988951885925315
208.3050987796146,191.13334265842727,7.66052083350893,5.9945136037199145
208.9624929926071,191.1357212794126,7.633568885539613,5.989756361749249
209.5108061881717,191.24277780641813,7.607691274715309,5.9897930637991506
210.2689786888015,191.57060591270618,7.587626564542932,5.975399833117512
210.38306155757095,191.15225926210144,7.572674207830779,5.959239611019831
210.60499150925577,191.80313601291917,7.55425826741746,5.933817998253306
211.46976348601092,191.7008925721683,7.520930952752437,5.926277799899363
211.8043671061683,191.6992724426596,7.485907175183957,5.929518058916743
211.50601467461487,191.80412223897847,7.449879644154253,5.930729264324571
213.0814783339369,192.1355390183109,7.454629214058202,5.8990310833692465
213.08179766189787,192.88511565706747,7.4539905581363035,5.869435665885501
213.18728727111375,192.79453493925152,7.452457780277951,5.841150660943988
214.02845015235818,192.90769159441612,7.4418388316721735,5.823800702350158
214.65432642468528,193.3331828954299,7.441199399880242,5.8068935088974625
215.39627815195502,193.8583686295048,7.414934890104856,5.797692715579184
214.988641061905,193.86179773190298,7.399477710595645,5.79083451078279
216.13192445961528,194.38662589879044,7.393594847706232,5.7778526917947755
216.76532811952845,194.08129476735976,7.368990563872826,5.767413436659646
216.7729295736009,194.91333769868388,7.353787655727966,5.755229740883367
216.98632198444594,195.01825545028413,7.339117102181029,5.751451371754473
217.8142668323628,195.42933833815016,7.329397694445922,5.752370740071663
218.33380457886426,195.5298152777833,7.318509814642766,5.757054383445313
219.25831721750922,196.25203312036868,7.319407634482165,5.751447773819622
219.57204147379173,196.152173130314,7.30836808093073,5.745698100924495
219.3693040698779,196.05345745468557,7.3034283286880335,5.737922172146141
219.58286409393037,196.87879275651161,7.286318943563339,5.727294220415122
220.1980860004881,196.8837578081918,7.2832999381414005,5.717364117054725
221.33089817117474,196.88598691892224,7.26567118275113,5.712905895593858
221.94566147132042,196.9953072229712,7.26027068045758,5.698286303828892
222.15338017924626,197.81617817523158,7.252234870231587,5.68615082181089
222.6653954059065,197.72246953579398,7.2451074698667925,5.670187490094954
222.6743046478916,197.6249267470104,7.2272889858966005,5.662260997594257
223.29429349011926,197.72539052820446,7.202975096667905,5.6639440677438815
224.6218693825614,197.93326550323727,7.1772806633403015,5.652726017917738
224.52907953730139,198.54853498765195,7.161169931356718,5.632329584110392
225.03877047230193,198.2574677409028,7.147350406784205,5.611126670351565
225.7455896952295,198.26661497923934,7.137607088200819,5.592832193678491
225.7435210003309,198.37963153356213,7.141744477998055,5.566909106194719
226.6405170862036,199.18906455962195,7.145518074333056,5.546057070146545
226.6405950063885,199.39837412328436,7.145362233963217,5.526378210271052
227.43475341365257,200.00744195129516,7.150224400052925,5.503126789712843
227.43112766249564,199.42246981723568,7.157475902366813,5.480013838978399
228.13079836989655,200.12851314285254,7.148172040286124,5.457964740465771
228.23239292174864,200.0410433751872,7.143058171247609,5.434829041130804
228.93424157916397,200.04901984426627,7.122699085274868,5.418876102972671
229.73076803988792,200.25039533488416,7.106037703006886,5.410223006531848
230.22160045059283,200.94784785259108,7.107641162564318,5.391893564472189
230.12531196431425,200.8569144137427,7.103839221992306,5.377381529039783
230.42106428742872,200.86615644586536,7.1005865549232885,5.358897464794429
231.20865399373213,200.97416233531277,7.091267086659207,5.338618178942457
231.30826072995208,201.17944365102096,7.087312759556516,5.318573838200578
232.08852282867198,201.67718320542537,7.085758608927948,5.297451008648749
232.29056389607578,202.26872628090842,7.070680737731785,5.281377648516878
233.07120617447296,202.27384080481025,7.061473821001705,5.271148600713243
233.17286706187798,202.66640245476407,7.0518542801648625,5.260834236698453
233.94989559550368,203.34641996832482,7.044893882783989,5.254508795713613
234.82312864426822,203.25004603627735,7.0370267853198,5.254078993134662
235.2165255495181,203.25171973200386,7.022436681764372,5.250731601681671
235.21540193723186,203.35468145123306,7.024683906336836,5.237582289395597
235.7947560859875,203.55132282765524,7.021534634699911,5.229485878509357
236.46755602581771,203.8488845940589,7.02282399370968,5.211600590846427
237.1472073647409,203.85471697175055,7.008498133559901,5.199935835463117
237.15079330671517,203.8603167617259,7.001326249611347,5.188736255512445
237.63673225810103,204.53010666330056,6.9866393427351685,5.189223846616871
238.02270255792072,204.72584434397783,6.979590132950602,5.180194180189751
238.79704754557307,205.3942683527676,6.958642453496693,5.180120671479665
238.90221397327034,206.06061215772343,6.938957575906138,5.181968906196094
239.58099914297816,205.67505174446967,6.914038310838884,5.191574833075987
239.5926245687064,205.48419927877686,6.890787459382344,5.192966728184614
239.8873280205903,205.01387303947098,6.8708560702209125,5.184493349119166
241.12201261596383,205.97195534117432,6.863467038086881,5.162159636953303
241.22034481729233,205.98249464863525,6.855708189881011,5.141081022031421
241.9830595236189,206.46231174279967,6.837821122534893,5.123660799519434
242.64238360369288,206.3769958381268,6.834372215105177,5.106407001333995
242.64321031520834,207.2298389319313,6.832718792074285,5.088678778469918
243.20663582542625,207.33067086478775,6.829281482040286,5.074250531157377
243.95316307414956,207.61853694406713,6.831804081212106,5.059359783830507
244.51968927682995,207.52409386218872,6.819201482924018,5.061504313075264
245.26858457152858,207.15697753337338,6.814091936616416,5.049396449161129
245.6437585378729,208.0909410223175,6.808980573814888,5.044560895990712
245.551220490997,208.1892435925833,6.807904442769167,5.034107980256665
246.48149966868922,208.56569671134622,6.806992378075527,5.025060259007159
247.13609359255523,208.38432527892442,6.7984221247666135,5.016198096872703
247.14151611468588,209.22236193269538,6.787577080505309,5.009868064891509
247.70232528795142,209.40955120777215,6.77750957083281,5.0060064603575505
247.70563253318323,209.87659844118988,6.7708950803692165,4.997122897217378
248.17597081364127,209.41286658760683,6.754198889701278,5.000606234135298
249.01446805442254,210.15188221855828,6.738598624316942,4.9993698310574315
249.29176499902783,210.15835306747,6.737030460208188,4.98642813323405
249.84457351678267,210.16181366224245,6.73604998218014,4.979506943689122
250.5776023528158,210.2584789012949,6.741814694499354,4.970154263632448
251.22300478294073,210.90583795841766,6.738394848333328,4.962821163470713
251.2236978662665,211.55208516739822,6.737008681681826,4.956506593286681
251.22392699751018,211.55327480459482,6.7365504191944305,4.954127318893486
251.96446374948698,211.7351944098939,6.7240323198585,4.957426959449768
252.9832051983822,212.28337659122062,6.704315902853106,4.961662495406356
253.53413230480245,211.8304920493721,6.701679963073449,4.951416351552643
253.63185387901288,212.47479664889212,6.689231920839766,4.943772895822947
254.2780821204207,212.56468149204662,6.675540038549055,4.946683866731882
254.2861384696783,212.74200613685693,6.6594273400338375,4.957074969776271
255.1118375761433,213.47318527497498,6.650036779855023,4.954279051541223
255.9366219463557,213.3829365929878,6.640778119241708,4.952519739980943
256.67346889639134,213.37902853205983,6.623780373624191,4.960335861836877
256.7699728761117,213.56158516828614,6.612728625958269,4.9591350129340315
257.0476359862982,213.7446541384585,6.602707397216664,4.956533733676968
257.9624655114302,214.1950707189662,6.588780559253459,4.963566678811882
258.6907310554823,214.01905975530858,6.584058213179832,4.952636420619502
258.6962468769838,214.92658223460637,6.573026570176709,4.949846700934075
259.3344255826211,215.5554681437409,6.563752541632783,4.959158265395698
259.3335414914447,215.4682666270577,6.56552072398566,4.952538520788772
259.8747895231267,215.47267145700576,6.568674054445112,4.943728860892614
260.6943754304706,215.5603538213989,6.557112914559742,4.949209762639959
261.32666271605086,216.10788216169874,6.557851960563043,4.938707611037978
261.05499500943756,215.48013099241828,6.559391169472699,4.930018806192743
262.4094576855969,216.20366928931125,6.5576681481759005,4.926783455618497
262.3165821163244,216.29957920389978,6.563018260312655,4.915364652849678
262.319020324559,216.66306509369076,6.558141843843505,4.909575920992873
262.8576145072393,217.38801685846744,6.561714606249037,4.900687228460979
263.57976540741817,217.47757070706598,6.557699371340936,4.901615351945129
263.85012735572434,217.56896053584467,6.556945177223572,4.898825595219374
264.39378986259834,218.11045604616837,6.549216855293418,4.8954312663897275
264.3932615610033,217.9371047263798,6.550273458483426,4.8826146329197
264.842583255239,218.6617957237288,6.549460062631531,4.869760626412848
265.55903787994885,218.84436028561115,6.5512965879286895,4.8633179463274265
266.0985006082097,219.56655659481697,6.547965124059422,4.853050651452106
266.81331769405375,219.56883695417366,6.550705839572306,4.848489932738747
266.81763741873317,219.6604294385898,6.542066390213406,4.844318788539268
267.44876636756396,220.28851660374949,6.531507552821131,4.839843518489155
267.45310197345725,220.20147507463292,6.522836341034521,4.835346264981245
268.08330713761507,220.73001784500184,6.511049674583046,4.84850957726988
269.24854201127573,221.44309737822542,6.499923864043892,4.849639087304009
269.3418616858267,221.26472829999648,6.4915448019421795,4.84985666976147
268.9925069965953,221.264492789534,6.4777088066831405,4.8503276906864645
270.0652977640775,221.3530582375633,6.467328863756831,4.851130260631086
270.69361311644855,221.88371345558133,6.455218183018636,4.856551273741179
270.5224577972172,222.59165724929144,6.442143243109135,4.862205999809098
270.6175766063393,222.58869291905972,6.429491660060695,4.8681346602724975
271.0662556088261,222.9399619336661,6.41958414089998,4.875557019710145
271.6932858216427,223.55763196832842,6.407745592705678,4.882438827824309
271.70105328914235,223.46372566729025,6.392210657706302,4.89285936213911
272.0606775130819,223.4618898187026,6.382262476273435,4.89653105931445
272.6860576253774,224.08172295155833,6.3721340693534305,4.897496611273942
272.69304086870346,223.99097664087347,6.358167582701281,4.901894977955431
273.0536524866328,225.22591094111687,6.344755073751781,4.909363921650735
273.76809773737074,225.04285278756953,6.330820327490266,4.921741289941768
273.8640841425567,225.1269347231813,6.315705530164521,4.93043543176435
274.4894750747343,225.6516488326339,6.302302251478288,4.941617429146775
274.1448792856907,226.3532053341881,6.284513176402048,4.952465732365182
275.38791205899145,226.43883339725676,6.271536318207633,4.957858798256883
274.86368069582716,226.79161949171552,6.260770526003055,4.95843895502817
276.1903413154208,226.87798276163417,6.253188647168793,4.962095039214351
275.57905159004747,227.57962340690148,6.241487357113207,4.969420309596655
276.29252752451566,227.66160286444855,6.224658440702357,4.981726763568181
276.20781935037087,227.74774794212712,6.2178678629415005,4.985643534261516
276.30045755005165,228.18827562500732,6.208757726750009,4.9854194843513735
276.92225444956756,229.15448263230834,6.197324144106827,4.989257238360008
276.8415541682469,229.23656824746024,6.182815073558922,5.000995641245347
277.72759768791116,229.76164213770775,6.169497971510201,5.006109823118183
277.82344065536836,229.49784671171778,6.153567293963761,5.006434902994025
278.61856120666226,229.58719322943261,6.142968389686721,5.003257667376735
278.62411387603004,230.11706948009586,6.1318630509511936,4.995314565892047
278.62962524469714,230.64603898660616,6.120840313616953,4.987390389653036
279.5061330165385,230.6515351611939,6.1148743073810214,4.976398040477574
279.51366671903486,231.2587683315997,6.099806902388291,4.982980303505221
279.86476922035456,232.2231081985505,6.094843490981996,4.971714945494782
280.5605789852011,232.66172804401577,6.095639856967936,4.96473518936365
280.30468917932376,232.40064349716152,6.08556538433711,4.965050198686603
280.2250957190155,233.70488689995662,6.070950665059133,4.963587991512973
280.2318147277143,233.1851348759349,6.0575126476614765,4.96177183463517
280.4141574914754,233.96227914622912,6.039461961265726,4.967340079115505
281.1142005931524,234.2183104618508,6.024413929090234,4.974666762064114
281.1225299726821,234.90700126122235,6.007755170030796,4.981417463237175
281.21627224374083,234.98979783325703,5.993139670383423,4.988693361637949
281.7419367333805,235.76156034496398,5.978378547011741,5.000020122085491
282.4408346043268,235.75694955371756,5.9623144268473265,5.009241704578339
282.36252896940687,236.01055346613146,5.9463083367844645,5.019885959458936
282.4534619413555,236.6121241560535,5.9369842342484125,5.0245374691432065
283.0638221119135,236.521682951643,5.923573567955391,5.032947067275269
282.8120038553516,236.60463535581846,5.910006901002007,5.039443318950029
283.5928197850957,237.29351556957832,5.8990388651255845,5.04005073464075
283.68569439235836,237.9806522824913,5.885425947933193,5.042867687478
283.8644888551132,238.15011723906377,5.871779403155301,5.047880155064962
284.2993891804033,238.83652087199707,5.861182397344422,5.049798720829236
283.8772187368898,238.83405114683976,5.8469849932302145,5.054738171143852
284.6557134837382,239.26019653894397,5.834101269878167,5.060283926015854
284.6614898099317,239.94641724120868,5.8225486174912096,5.059497651390569
284.83827678942856,240.03201584377447,5.8115055578398245,5.059565895930198
285.4408037930096,240.71958158339962,5.804120481376267,5.0531989089066744
284.93376894603927,240.6363682063422,5.7929153270603,5.048746521645385
285.536833449578,240.72741814727684,5.781226086373516,5.037280892117681
285.11805731218436,241.32574942737384,5.7674310916553795,5.0325045092312815
284.95329656924304,242.0903515888705,5.756994076807663,5.033113439524108
285.8919408715874,242.5177410965438,5.7478060918789575,5.0274710695229725
286.0658450464427,242.43434223097995,5.739186911142501,5.024674216163573
286.2395742249869,243.19889299189728,5.730561018984526,5.020318786515829
285.6532322694098,243.8756246982588,5.718755301859262,5.02055780611219
286.3367659813463,244.12567680550356,5.703957181730399,5.0275545805267665
286.3439972092528,244.20703963886154,5.689494725917395,5.033745154244236
286.35067001252867,244.96080595721568,5.676149119365623,5.045331183471725
286.35742096357353,244.95977405571787,5.6626472172758335,5.04739498646732
287.03782444386957,245.88569989106676,5.650580199623606,5.050060737311749
286.79157776122105,245.9648536188207,5.6377305349873925,5.0602009584482825
286.71479377245043,246.63439611666396,5.622888535682196,5.068395777532707
286.72140632265075,246.5453842063056,5.609663435281584,5.078109536325144
286.80978476330165,246.88387191593313,5.601165890545173,5.074171463331746
286.9834935915232,247.6384394953891,5.589876893439198,5.077615271436758
287.07336651799204,247.88634238532094,5.57807461245861,5.085640207444562
287.1637622323061,248.30069275158561,5.565170931159662,5.096378211560798
287.5869344525898,248.29720796004898,5.558115640600362,5.1033477946340735
288.0124020589848,248.87652182603136,5.546474788241182,5.119732167272472
287.3466404858674,250.04816866377257,5.5344927304399825,5.127572598852934
287.7719021219306,249.4561790368717,5.523349291202611,5.136420086609858
287.1894327931941,250.03885040361902,5.513388807851119,5.145976493939789
287.7816867839139,249.78454282023972,5.50375445094283,5.151074393042119
287.2807238248138,251.0397490213667,5.499062777770287,5.1572059692201675
287.95511854945585,250.367280905834,5.4926226573849855,5.159792871386692
287.7068720658575,251.20493650201396,5.4859133146415395,5.16182271216072
288.38288485426136,251.4566497239045,5.4751794406886605,5.161380656950204
288.2189310008649,252.0426325930862,5.46811383009717,5.161821529431708
287.96641613127014,251.79745917573493,5.470994020823266,5.150018815670772
287.969897491213,253.1355840291448,5.464031300937608,5.149624290576057
287.97295688717725,252.55136215400086,5.457912509009059,5.148187107658924
288.0622735695945,253.72300623612765,5.446286529356547,5.143002335953993
288.2331486592256,254.39398437659887,5.438023059615796,5.134992893097628
288.81424851954216,254.39840719198585,5.441232974431135,5.126147262323621
288.23151136473706,254.4872600240863,5.44192869030491,5.114838540085067
288.7307719146697,255.15475294599543,5.4407777010251905,5.109679510380962
289.2318289549308,255.1553331882134,5.435434483621902,5.108519025945008
288.6543624710976,255.4029144893411,5.428181545506657,5.111436097596006
288.9087007070828,256.2306350938944,5.4173835470028,5.115589800044516
288.33348721327536,256.72732878654233,5.406814521297084,5.117341854737877
288.83593698195983,257.3887448781326,5.396229415361585,5.120262246801832
288.2599301653807,257.4761939684597,5.389044547339575,5.110963852030684
288.8451533898567,258.135384615958,5.37597785343435,5.115302277087617
288.1900000485066,258.1351419352557,5.364650460236554,5.115787638492162
288.6913633385988,258.3785298799758,5.352131697604503,5.1241156578281775
289.19175884943263,258.8699889125215,5.34116369856897,5.131020615368869
288.6200143387314,259.6079784137566,5.330296809413546,5.139213497901703
289.28356219261644,260.1809184572955,5.322139603159771,5.147404599650862
288.8757257951487,260.181971271914,5.313467543049109,5.145298970413813
288.54907203985977,260.18587659601326,5.307976407577289,5.137488322215289
289.12975848615883,260.68075228498503,5.298033723477416,5.134677122984497
288.56111530280424,261.4189696758296,5.285292723787115,5.136848955237345
289.22392275044353,261.57979307054126,5.2726702553375295,5.14345027252121
288.65596934098,262.15231538040103,5.260365405092258,5.146617321974093
289.2356664045041,262.14950261024205,5.248180588680046,5.152242862291993
288.74984637067854,262.55596576361137,5.237113932301044,5.1582388255785565
289.2452115757948,263.2099696014922,5.228614509389973,5.159872466245567
288.6731333189889,263.37775022000653,5.22758975036761,5.151505878540994
289.3261605570484,264.11721529250093,5.229129089953005,5.143618776219581
288.8341561586589,264.12100358068705,5.233044052074971,5.136042199847296
289.4042659267924,264.20642920084157,5.235860889762411,5.128481870103176
288.8298471738216,264.86366995183425,5.24218775189984,5.119726818179709
289.23812907108675,266.0910967733513,5.241508497324691,5.112526795011523
288.5872401524113,265.44347322641084,5.2388662468087075,5.10335380102545
288.91304917895513,266.18099022390953,5.238712640696141,5.094114811722109
288.1844006954947,266.4273044233079,5.231550228084269,5.089639539436356
288.18712114785006,266.9149489523323,5.22610932337353,5.089557964731428
288.1874757389673,267.8935302098414,5.225400141139059,5.081770191052697
287.7871215272566,268.54205949560685,5.214540049241327,5.083221244032247
288.4381621125181,268.4636966285384,5.209788260283766,5.077780805473516
288.27712084401486,268.62901185476755,5.20785954287015,5.0711616074353065
287.7155423266996,269.2779787620197,5.197921185939336,5.068193954715276
288.1236279981464,269.28114484742747,5.190089231012886,5.061861783899733
287.48348537326353,269.36426441030244,5.17881535819288,5.05706754847297
287.5689700695897,269.93035935043963,5.169038121339234,5.053222758788837
287.5745221336283,270.8140896890003,5.157933993262003,5.056519017932117
287.49883277624645,271.3791024167574,5.148457162401664,5.052482381786521
286.86042398410154,271.94085765907306,5.140131228944626,5.053472475183746
287.3457222147761,271.4595605911279,5.1327012193914925,5.0529001592780025
287.5100568841059,272.26039460000356,5.124835761874224,5.05525154723826
286.6315406871147,272.82098601222856,5.1183987636362875,5.056276517837613
286.55129877862066,272.82518331003274,5.118652220469187,5.0478819222293465
286.47414953761677,272.9066785517168,5.1128487723574585,5.044993368980642
286.0780542627002,273.54719203516527,5.105213693759945,5.0436874075726585
286.72153961050475,273.5448588621401,5.096838837762638,5.048353753623055
286.4066655167585,273.7820744645698,5.087521599942072,5.053221617748329
287.1268775217254,274.41904282982955,5.084366226875816,5.056857008888922
286.493557117682,275.6130747326596,5.0733737867073545,5.06435554370753
285.2976956989012,275.6149367793684,5.070357649241276,5.060631450289808
285.9379163165045,276.0950635453254,5.066261350391487,5.057636620643597
285.5420012259746,276.5745799478125,5.060934283215942,5.05519251355195
284.9890903548295,276.5771352723799,5.051592486517291,5.050081864417015
285.5506742224047,277.1340554227296,5.041995149144466,5.049811961495322
284.9201201745313,277.7739908604084,5.0316945703960885,5.041349760632845
285.24216457902935,277.69864415312236,5.022128166073713,5.033412574036596
285.40431099121025,278.25669625876543,5.014545236426176,5.025792994250385
285.33023544247027,279.1267627737763,5.004580796022323,5.024930880951825
285.17095975458983,279.13232608901075,5.0072422027869345,5.013804250482927
284.69659082665527,279.6892810663998,5.0091095783905475,5.004576522681378
284.0639857869893,279.37892968606815,5.012752937147266,4.994495923057125
284.2977103064707,280.3298211265061,5.0180871122036415,4.98384589825795
284.3005029173987,280.95836694279205,5.012501890347649,4.986838468208811
284.14237678209213,280.9579040167586,5.013814566460953,4.987764320275729
283.5931034558897,281.3486732783866,5.009825898587536,4.993751025789862
282.65185540450824,282.05582060404873,5.001882877789008,4.997285717136719
282.8930559238702,282.052431327513,4.9918834924854805,5.004064270208269
282.8949884505927,282.6021432578617,4.988018439040466,5.006555706378449
282.4267152796881,282.60120973312206,4.980195976341891,5.008422755857744
282.98226943305104,283.07186201766604,4.970194147257027,5.010923739033541
282.3577186950558,283.699709733996,4.961834569919151,5.012689359702101
282.35963863503906,283.93033325435874,4.957994689952558,5.022678138789747
282.2810027520744,284.55761871891036,4.9580913310319294,5.025508208486182
282.04704587619136,284.55794321360946,4.954341651313723,5.024859219087896
281.65616645213294,284.8734550417882,4.950341556000558,5.022442717474378
281.1857436283213,285.42579480240727,4.9488830353995565,5.017118059164537
281.3434992556195,286.6055763797139,4.947259739720077,5.011714596428331
281.2677179374612,285.9812039594314,4.941988955694486,5.005792074255777
281.19145490656,286.45346746669924,4.937857854075846,5.001208040245888
280.6465331091449,287.1558892392966,4.932061953670673,5.005043846068153
280.02459881123,287.22965780033445,4.924020149669443,5.01399552397133
280.2631435965923,287.30393673889574,4.916438319765091,5.021940227122087
280.42407425168005,288.00490987339384,4.907592396993352,5.028563201443064
279.87803562684667,288.70817870983484,4.904365702090828,5.03027345729301
279.2542165203784,288.71075118686065,4.9004209614352074,5.025128503241406
279.25578772783,288.8687807654644,4.897278546532045,5.02167890839402
278.94495348984685,289.4941936121534,4.894143089940035,5.020461080132411
278.4789669437679,289.41706843323715,4.889322198112125,5.018579107300708
278.7156143910313,290.6645483456942,4.8841071706732135,5.0200452401891225
277.93799619796704,290.50993995596417,4.879671244482484,5.01732755718525
277.78001207394425,290.5147037423168,4.8839305329097735,5.007799984480001
277.3142474779352,290.98441175791487,4.880826343445528,5.003017334766145
277.86192990636306,291.6093568100347,4.8749982417180435,4.998312093530054
277.31863535552463,291.45510208623205,4.8732121511301925,4.995857200488322
277.3963119689401,292.7025359556274,4.8732743389879785,4.987636096715216
277.16157890969544,292.6264055141522,4.876878505711001,4.984609662410124
276.61549304925495,292.62744353664357,4.8819732599749175,4.982533617427433
275.91379835217356,293.1734670070592,4.8872617309919235,4.977898505709596
275.75523609359124,294.26034544743015,4.893675818399884,4.979114633264539
275.2845192624521,294.6489845155428,4.902256123689241,4.979214294530043
275.67266994301735,294.1792712163458,4.904017400189458,4.984965727767132
274.6560949354293,294.9587462133572,4.91266814131122,4.983322867632348
274.18757577714376,295.11661676201993,4.9146581474793924,4.979264540441166
274.72975633075305,295.5858077808055,4.920959869787621,4.975736356750115
273.8693333893009,295.1980932621015,4.927423994881604,4.971900958789804
273.8671786402924,295.90191921728905,4.931733492898447,4.967299438523964
273.3192837883053,296.212657797421,4.936292980982922,4.9693824016256
273.55075004470734,296.8377379959638,4.94134447916632,4.967179367173247
272.6130835976697,296.8371691882287,4.944202017091414,4.968316982643431
272.529917210199,297.0760404691362,4.954432246104673,4.958882058612715
271.90173191618766,297.70454611458257,4.9618813783740325,4.95079222347337
272.4435807760384,297.16243967264114,4.970919160378477,4.942269605650342
272.44022429476337,298.1799656543458,4.977632122928486,4.936687239261129
271.81247327865094,298.73110539270783,4.984088709481708,4.927322527499728
270.71793488758885,298.65693812181723,4.987981423002347,4.919572492952207
270.32493060771816,298.73831908341043,4.993872276233835,4.912834111067856
270.7899797641353,299.28873561510983,4.999832879062054,4.904069782608616
270.0858233180982,300.0717169722071,5.0044594365016595,4.897758551341364
269.92468440444895,300.0740527624383,5.014860908902487,4.893086970878973
269.29772896803576,300.69973212246754,5.020549949322686,4.889950083226757
269.3724032204711,300.7022606078783,5.027268923203892,4.884893112405207
268.8979517116498,300.8585155063867,5.039613855712133,4.884569343766534
268.19015617409417,301.4854047137326,5.0486706988802315,4.881043579691004
268.2621881350139,302.1139728293224,5.060974659725417,4.874850409988303
267.78581637374737,302.11538741801456,5.074941246639781,4.872021232603938
266.92255757006194,302.58731837003205,5.07845263099167,4.867980904761076
266.83849433294654,302.43378051631896,5.089951123982822,4.861800649707948
266.28915301777005,303.53040321191895,5.091662327912537,4.862498111354392
266.2860788236737,303.61153593708684,5.097810716105318,4.856980707340374
265.7325189173198,303.14172807846325,5.107632232595838,4.856055027830043
265.09877484640276,303.8500174137269,5.119952726322895,4.8515399614230885
265.17106442933107,303.8523914975664,5.13239071801864,4.84679179374415
265.08896406901516,304.32073972569975,5.139455048915266,4.852913675888868
264.45818679177927,305.02906432700723,5.142257910320444,4.85236012797372
263.27637217683497,305.0318954460874,5.145202043764148,4.846697889813396
263.90347104478155,305.1146810707754,5.149685902748836,4.838461839797106
263.194442841871,305.668731492596,5.152271138595517,4.831283017247112
263.1915290185474,305.3563248266204,5.158098785242827,4.827292315577492
262.63915138537516,306.2225791187001,5.162253301063212,4.824299196527505
261.85183729574453,306.38536272221256,5.164421195189207,4.813224046529548
261.77144681926404,306.9409402454892,5.168098212326082,4.801796550745459
261.6908196860477,306.39712719777003,5.1723727567864035,4.790564592377249
260.98361722127976,307.0302059041552,5.174967077556455,4.779349942954337
260.5112895322501,307.50531351056185,5.179242792324766,4.769514393431981
260.03929220197176,307.9801102300775,5.183396726590455,4.759761680691705
260.03965388600255,307.67056225087015,5.182673358528903,4.752659088319182
259.56626901308033,307.75337966875617,5.190891382191079,4.743449539577513
258.7016896260021,308.1489114744646,5.199577138930117,4.734419117895909
258.6234824801508,308.7008256469113,5.199593426482917,4.725376802050867
257.99596593602627,308.6269031480011,5.204593436776563,4.7169676651267896
257.6007263421626,309.8804880033633,5.214083261108331,4.708963917267964
257.1276851151797,309.25983688246515,5.222858697254189,4.700523468637727
257.1225610672777,309.81096327726965,5.233106793058252,4.69180790247917
257.1958886071574,309.58077191216364,5.242691457308987,4.68347140066032
256.56883314757005,310.7571219142559,5.24675841935128,4.674603816099067
255.70695216831626,310.137274260578,5.252573822542574,4.664883446861122
255.62462090097878,310.76602781840296,5.261124496878696,4.656271213921603
254.91955531493502,310.7699020396131,5.266294234503604,4.648522771501368
254.37018978192265,311.3208353556769,5.27258387806321,4.6390975618390025
253.74373089738071,311.8717595456284,5.2774236455569685,4.629317433327323
253.8972514049474,311.4080482773337,5.282238999334213,4.621170863184618
253.89513357649807,312.1137963833042,5.286474656232863,4.612525543820138
253.42433754160493,312.11861055588383,5.293270220544747,4.602897198660852
252.5689076167289,312.43541568586403,5.290876537940723,4.592288223193617
252.17905920440518,313.0621255197899,5.292857583356912,4.583213802111857
252.56784646918456,312.5217576464611,5.292424424467383,4.5759516298325575
251.4040217832728,313.30168210058446,5.290497813680709,4.56915337665918
250.93979204673428,313.614291622955,5.287960230935251,4.564599035799671
251.0168920287516,314.15955193743866,5.288814101659239,4.55945525014269
250.4762947895707,313.6205092502561,5.285117159075517,4.5526492035624475
249.78274637690066,314.2412171864533,5.27885141198944,4.549777839991223
249.94025729899366,314.01052455963645,5.273179700779489,4.5471378941607705
249.78691116906907,314.01391903739994,5.270782022690676,4.5403489386337155
249.0906696155398,314.4046470139063,5.27367490016855,4.530887557610292
249.09057947350612,314.94988490642123,5.273855184235899,4.520453986347206
248.6290381193842,314.72287545703233,5.272176098791465,4.512091988280894
247.55134666967237,315.8049403442185,5.2720254131932975,4.503495798930349
247.2392755241264,315.6531455706009,5.280862773108721,4.499432880577311
247.3173447765025,316.2726958123554,5.278621719749086,4.491512008208396
246.70018416151285,316.2749959210389,5.283058976707169,4.486911790841318
246.0872273722489,316.2769488458257,5.279132212120181,4.483005941267731
246.09080753689867,316.35547618565766,5.271971882820674,4.479557860362942
245.556578133634,316.6667972816202,5.266346563731342,4.4706780259342755
244.86981730600945,317.20726424706197,5.260969876508309,4.4622205836401445
244.8732536872122,316.6756804434098,5.254097114102777,4.454444967897757
244.03515746304436,317.06074432282486,5.249921665584432,4.448120798546742
244.03498508424363,317.5982511662228,5.250266423185931,4.4412688215427645
242.96174374380684,317.7541136502408,5.261894568376487,4.434523072890042
242.4244329967969,318.2125910200694,5.268592873835317,4.432931066285145
242.49844362678007,318.7499953039573,5.273209756719154,4.4265894984608085
242.42256287502065,318.1424806347101,5.272364047823201,4.420761137636734
241.81349246944185,318.75318256098404,5.270502550257174,4.4193595938126276
241.81177940042858,318.7559585457395,5.273928688283706,4.413807624301704
241.58354331042017,318.75782745680027,5.273163737980302,4.410069802180125
240.5138865723808,318.9094127459702,5.279712251063075,4.411579932839671
240.2830441385947,319.5222253785159,5.2840002739944385,4.405679586790612
239.6711766773767,319.29652630770323,5.288242556876281,4.399767988583089
239.67151607473383,320.138442963146,5.287563762162043,4.392407448029201
239.28831798068015,320.14195143527894,5.292572689247499,4.38539050376339
238.0604519107726,320.36633679311177,5.312442707619694,4.393343935868144
237.44506044537167,319.7537243995178,5.321820766384574,4.397163851019036
237.8982521497851,320.13412019909623,5.3327269947603595,4.400780282864338
237.3586259932421,320.0585820473957,5.340224511562763,4.39874875822494
236.2844975443338,320.5962429246988,5.343815908979954,4.395759753818456
237.20530701509847,321.05757645458715,5.34056546107819,4.3922769408554725
236.66904760626582,320.6780834404235,5.341446412579616,4.385807350494265
235.13526492691648,321.8292094369313,5.349008302239806,4.378557959257608
235.21083173071682,321.2211591507818,5.350874015193004,4.370663967125059
234.44718860354516,322.36508499844143,5.3491561814704225,4.37631840390467
233.83731759361592,322.288504788933,5.345175005555546,4.376513423449816
233.4580538030717,322.7450358757538,5.33916586645005,4.38089531404095
233.7651934251145,322.3645207467392,5.336429607221895,4.377496840998329
233.15062881881175,322.3679026876686,5.343248731825733,4.370732959139432
232.611314372623,322.3714589778789,5.352387460917864,4.36362037871893
232.5319985994426,322.4514992947607,5.358209216268027,4.356349535965868
231.91807680289634,322.8379645899677,5.363799585087644,4.347327210722331
231.15166663003507,323.1479494816745,5.369404451773851,4.33824361892329
230.7679063083199,323.68645533975473,5.373622184011838,4.329855978432231
231.06984664636613,323.6143759110263,5.380099539676873,4.32142532794971
229.9228584548519,323.6182736207466,5.385790917228637,4.313629908509045
229.69140847245137,323.6218584671642,5.391150956541407,4.306460215673836
230.14814338957166,323.6246028502157,5.392556755264413,4.300971449570814
229.1610873337888,323.7021982104825,5.385315196439181,4.298192549836636
229.08929931261278,323.78053800966836,5.376635491849125,4.2937686984069705
228.40144538395225,324.31667848996494,5.38388481459293,4.285844375818338
228.3983583608562,324.8525725676442,5.39005886078501,4.2782910998723045
227.79054980062037,324.7039669314937,5.389631080465541,4.271491146975404
227.86468601019286,324.63173930239947,5.393247362545794,4.26405770393877
226.65019100863339,324.63549277223706,5.393062690505283,4.2565507642635625
226.42438331098788,325.3906203943841,5.389582011109316,4.26328243559274
225.97197618684552,324.7821146293812,5.383868071968178,4.266256382363988
225.44345327308093,325.2358589839751,5.37890569197557,4.269060422480591
225.52140816433155,325.4635532916094,5.374680856480923,4.268726648231902
224.98971449698473,325.08617226689023,5.37676457958891,4.2654146893948015
224.38135590941062,326.29830514045267,5.380737907206033,4.266636637332063
224.00325107126446,326.2988521008737,5.378579178671117,4.265542716489981
223.24474766210642,326.3729113303858,5.379357423301737,4.269047114834354
223.09459496108653,325.7647155609211,5.376279521802885,4.271905439609254
222.4899431173749,326.21825415391066,5.372056210089695,4.274973502982394
222.48553217994677,326.75060944386973,5.380878084945937,4.27199445308374
222.33408575076692,326.22143296150716,5.380245388494141,4.268007975968408
221.73193664356162,326.83115467911745,5.371036468391867,4.262071675260653
221.43349745607148,326.8316678206584,5.362110945384866,4.261045392178705
220.52538500918487,326.9867405087835,5.3627650038909565,4.253495155139869
220.52393398530097,327.44172585449917,5.365667051658744,4.250634894236539
220.21942805283484,327.0663092396231,5.369946505434585,4.245552610043233
220.06581931767218,327.67174963463475,5.374831697333127,4.244000933726799
219.00616082621949,327.66968372827785,5.3771281872436685,4.248132746440632
218.39538599932825,327.7475443496321,5.388133780733494,4.243729511268767
218.39459380650095,327.82327744037286,5.3897181663880795,4.24367831881011
218.0867768601352,327.8998476834636,5.399598420521711,4.241976242278206
217.47610330066453,327.9764176043873,5.408449773188555,4.240398371215088
217.39835687405892,328.05114019635545,5.412270863163357,4.242624950515213
217.32193442228353,328.20035280663575,5.413349351140033,4.247732561102837
216.78825949529855,328.73051429713445,5.417637665655954,4.25047111955955
216.86235841256598,328.1246149875847,5.421415889067357,4.246461275088524
215.87127974881585,329.038760980828,5.42798033943239,4.24179348288065
215.26453593164564,328.8879509768725,5.4255223917812,4.239427095293779
215.2641272179608,328.814745608418,5.4263398191509085,4.2339207072954474
214.6557031125158,328.7428772994947,5.4284674484639694,4.225817252444783
214.65760154084637,328.67001460345597,5.424670591802778,4.2198018651935705
214.65951879351493,328.5972031477527,5.420836086465662,4.21383991401396
214.1308402374225,328.67561924276345,5.418188552978231,4.20843695908855
212.99926498616128,328.75318840259075,5.411826429917274,4.204599481139397
212.8511464593989,328.83097423385414,5.4057811808820775,4.200168969892654
211.9498735268764,328.9845715891131,5.396607217668424,4.194927564084435
211.49542754910252,329.6664264378097,5.4009923546768395,4.1879780945002425
212.02295807740373,329.14309970542473,5.4008666054777885,4.179696251866859
211.12150369706998,329.74864659167065,5.39695591608655,4.173148779414166
211.04652501822147,329.450754319088,5.3965113463951955,4.167325615025867
210.52389694989623,329.4524395433302,5.38966538880391,4.163955166541538
211.1243074112526,329.38067895110964,5.3899711776204455,4.157335512041434
210.07725473394888,330.50429817861595,5.383548941919688,4.160662332359083
209.55480535520886,330.28056036407213,5.378491210722032,4.158156609156234
210.08230802059185,330.88067626970303,5.37261591204637,4.156930548854806
208.9591440098044,330.58300413893534,5.372453918903973,4.153210806465643
208.43365540395533,330.286240904068,5.375510462183808,4.147925465675465
208.58546371456583,331.0361517354756,5.371220948170648,4.144739338899617
208.51166579896153,330.9638552957913,5.36927063656227,4.139786075451179
207.91643981435928,330.9671449315353,5.36423725751965,4.133206803963143
207.3228578947814,330.89491325761674,5.357388150431965,4.1284185335198105
207.3994021381837,330.8974567740303,5.3533686838354795,4.1233315006928075
206.88110320408936,331.0483017913853,5.347493216772923,4.119490990340212
206.36308631499458,331.1991827680964,5.3421196813413365,4.115273983666854
206.35882799893253,331.64592653051676,5.350636313465442,4.113516745363681
206.35596166850243,331.0539009834086,5.3563689743256395,4.107782963241766
205.76250376084568,331.65073349290026,5.35354758414345,4.1038551497541595
205.76170395160787,331.2083723892196,5.355147202619061,4.096917025612673
205.24286794978366,331.8787229667306,5.353169889611284,4.092907849148722
204.79785281633204,331.87971390499035,5.352645493922524,4.090925972629206
205.019920312679,331.88035467288586,5.35366685780271,4.089644436838138
204.3520431940377,331.88150410518756,5.35399991951222,4.087345572234772
204.27962433654173,331.8810012149575,5.350489922834145,4.088351352694878
203.2404878765271,331.9535179473631,5.352414819843032,4.091628460956605
203.23804849333112,331.95261415810256,5.357293586235032,4.093436039477634
202.94463702445591,332.0256171440828,5.350127307775495,4.095927371569652
201.8269681577107,332.0261675710703,5.359036090094388,4.094826517594648
201.22631912284268,332.02573668748056,5.371961621750073,4.095688284774117
201.59182313731876,332.0252833320678,5.384742541211387,4.096594995599709
201.36179309385443,332.1739245909998,5.3979001373938065,4.097247471566506
201.06294961801652,332.47008453814533,5.398872073066692,4.101642593278332
200.38522594883534,331.94766697833916,5.410931528081491,4.101620470287121
200.30303106096122,332.39717670534077,5.425872508446182,4.09929378858532
200.07078222549922,332.9219533402788,5.441454714720758,4.097209936224541
199.46507161398625,332.32337055986835,5.454141408743107,4.095640968041786
199.38458267459401,332.9261835959676,5.465109915400447,4.090089872860625
199.00533068810165,332.55277182047377,5.4731860113294895,4.086485546792541
198.32378027015224,332.32894854606644,5.484941167208511,4.083683535600638
198.17206764738415,333.084145617725,5.4878013830745145,4.076114540634173
197.6473947635194,333.08798528293846,5.485732405450553,4.068435210207314
197.87406377659,333.0912570790355,5.482529050690287,4.061891618013344
196.75036212583663,333.09461031765795,5.481597197503288,4.055185140768357
197.35176168705226,333.0981283367242,5.476917945728372,4.048149102635863
196.75421996788265,333.1012761592917,5.475372761934883,4.041853457500893
196.75458067070423,333.47521203178434,5.474651356291713,4.041241366165971
196.23150401599952,333.85032642086014,5.4747881138719645,4.038167267892387
195.63478422907218,333.25351036913725,5.473166611789949,4.036738295401502
195.48606151050805,333.8500340119071,5.471942903382305,4.03836759200561
194.96430216556428,333.4013117095178,5.470062847603967,4.039756129070466
193.77152323378357,333.92390406701554,5.466230973476706,4.0399294243139074
193.2491301760258,333.404043756721,5.466046900936444,4.034679856847148
193.69774082468675,333.92810495907935,5.463981423109278,4.030905908207608
193.7728309195404,333.4827929781297,5.46290063082606,4.026933485562008
192.58130913791953,334.0047524497245,5.4616583429177155,4.026139602250672
193.17714218931496,333.48476898634374,5.461880045977939,4.023204698892366
192.58236010347852,334.0825080838908,5.459914321698191,4.019256399750928
192.5841088990829,333.9354382007052,5.456416730489398,4.015702876700015
191.84224859866794,333.9360574025431,5.452784854246792,4.014464473024292
190.72837292885484,333.86269918480104,5.45063972674611,4.012521144033257
191.1727012715146,333.8655254631736,5.453554924094378,4.0068685872881264
190.28001121845114,333.8677961558919,5.456371956518832,4.002327201851551
190.2754746539557,333.870320779825,5.4654450855096695,3.9972779539853494
189.75439265580582,333.86776219458505,5.467617835382335,4.002395124465188
190.42189572249455,333.8680916530166,5.470795849346932,4.001736207602163
189.8298796458896,333.9404147780604,5.465031436227488,4.005814528305622
188.6432227734693,334.013903352672,5.459082035538555,4.00754132567807
189.2399977460706,334.0883564294859,5.4546673747394,4.007277082600729
188.57345152979636,334.16250396761785,5.450625127918959,4.007552526266633
188.57438700090123,334.16322598597793,5.44875418570923,4.006108489546464
188.35590522754433,334.1635512372718,5.440333139010061,4.00545798695876
188.0632662620829,334.16410417011383,5.432319359925458,4.004352121274694
186.9527428660115,334.387953584815,5.430620674067638,4.001202387472348
186.954752808986,334.53613658874525,5.426600788118673,4.001047562334604
186.2925716363762,333.8685429646241,5.418585413201741,4.003857090440432
186.2216789121435,334.38627363564547,5.412404668433628,4.004159101032867
185.63361169557217,334.90465153524724,5.405521588964908,4.0025436253643285
186.15465081130958,334.3146466669267,5.397665949831772,4.0005846850435125
185.19744568388325,334.6854622444283,5.393346919841843,3.996926331902715
185.12792653110768,334.169247976986,5.384916253884121,3.997072066224944
184.4664303283316,334.3206382576593,5.381820203894393,3.9889778283321267
184.46548705394594,334.61856914275097,5.383706752665711,3.981770155970293
184.4646257866539,334.0337595786036,5.385429287249769,3.9747961834321597
183.80072939142036,334.6253905632466,5.390347659181633,3.9674225861775523
183.79933265195334,334.0412780193797,5.393141138115694,3.960128287259683
183.7242216203719,334.4855383525323,5.396500444005411,3.9527841645932598
183.13473561207678,335.0030251685785,5.401125925322285,3.9453637508650465
181.95876707196368,334.56580964443157,5.4051943320416465,3.939344046593859
181.59363519199798,334.5639152679338,5.401934384631011,3.9431327995894216
182.1107034002926,334.41874720364603,5.394820122754663,3.940034026818331
181.01113670164023,335.0077128847615,5.395574557975222,3.934571444365696
180.4942712264544,334.7902196155529,5.4039427723785725,3.9301168102249417
180.85812125084877,334.64591484801485,5.40891397621531,3.9256578442508276
179.68087179140804,334.4289794115627,5.418829801539266,3.9199193871131373
180.26144556121358,335.30861451202026,5.430422784223395,3.91975996964078
179.66877279170828,335.30972609687683,5.441642461624275,3.917536799927728
179.6656728630393,334.9448877626769,5.447842318962216,3.912717142296327
179.44536611901094,334.50639282128304,5.4477139274526,3.908223265951235
178.93259511920698,335.0954602473789,5.44538930741977,3.9047931219203726
177.98358032644836,334.80189337029736,5.435715244281491,3.9049411380357593
177.98825986787034,334.65565618699395,5.4263561614375195,3.9042109345983764
177.48022420359868,334.5823940980669,5.417288421526098,3.9042866741017175
177.555252796225,334.51132376541017,5.413543474483489,3.9001151012051607
177.11868556755286,335.1715569946892,5.4095566406696305,3.8953305793844377
176.53452729965153,335.1732808999841,5.4094909443027355,3.891882768794625
176.09543634042984,335.17642444927037,5.411732342552307,3.885595670222101
175.51310530656662,335.1788634070212,5.409029233789301,3.8807177547204352
175.65726642239056,335.18162699921663,5.412305890093909,3.875190570329601
175.3646874810835,335.25756836043837,5.4144312030782356,3.869065990293483
174.85474269416818,335.3333556480501,5.414494038847229,3.863180949078895
173.83759746326015,335.4792750984144,5.410474036222253,3.862529257556199
173.40174119729167,335.55316439559437,5.409054568934449,3.860272663067019
173.9843416763815,335.6274730764619,5.407560441840678,3.857118655217585
173.40532818380424,334.61117186315306,5.402477018130651,3.8542778663223287
173.40805586861052,334.6848772800906,5.397021648518076,3.8521320862337793
172.97655645855696,334.90343688559864,5.3891377732079535,3.8504542229262575
173.05271225633368,335.62919768706837,5.381826277913416,3.8489336225758897
172.69075991957004,335.5578954400537,5.381409284526768,3.8466737832225264
172.10832935964535,335.4156200172794,5.387703825784265,3.8415829841230806
172.4692536288653,335.4159381779209,5.390016973001012,3.840946662840098
171.30919123077553,335.77664704970226,5.392431636783442,3.84381333565152
170.87671693233034,335.9921049534894,5.387736348314698,3.84771947075672
171.45864573269102,336.2074886065573,5.383349615790007,3.8517537401945887
170.29694551863642,335.69992280010047,5.387808905388677,3.8523486050099955
170.43707071101792,336.20832588546716,5.397580831232042,3.850620521399004
170.07036083231625,336.206277943426,5.405347100570868,3.854716405481333
169.12507285880721,335.7732728992019,5.406818509039161,3.8488320915218655
168.7605491783642,335.48567457508017,5.409660301235946,3.843064284814024
169.26814972607878,336.06889528814025,5.410783094123522,3.838135873913009
168.25106497411554,335.70742636884523,5.413203687308413,3.835449101523858
168.1062438501533,335.5625388288138,5.412611379245547,3.83498962559949
167.59813072547473,336.14248412392357,5.413132424656026,3.83590498274757
167.5979783772402,335.63540080259287,5.413437121125078,3.834205638633912
167.3077423850129,335.4175470363304,5.413507834742436,3.834612218030854
166.87227836824766,335.92389447331465,5.413787338547447,3.837673962075452
165.85324793616104,335.41727694294417,5.419569371704725,3.8347696073084387
165.77713675727904,335.99781919262944,5.426589334605407,3.8353042668441892
166.286035324386,335.5591482311405,5.4260140666298255,3.8407417330463485
165.7053811278031,336.1378479083863,5.424135773794328,3.846529064556116
165.7806453633521,335.62614400946285,5.4190725914832685,3.851679840894359
165.70940498214833,335.55231606574654,5.416079835176138,3.8538622096122723
165.12742840110855,336.2819350232055,5.41631969745294,3.84926591944793
164.545566307913,336.1391180199708,5.416907198843016,3.8441157546670492
164.69198603565636,336.06884911995206,5.4147000055445,3.8393374236104125
164.54797211783387,335.99909978774497,5.412319849800988,3.8336320923304252
163.53222195206052,336.58163393951344,5.412784742069621,3.8291554683809013
163.5316599990506,336.2220973052048,5.413908648089495,3.8231926829651153
162.70667159300658,336.23617752343466,5.419436011505281,3.817865996432194
162.05414377418947,336.0898007592514,5.42019657179047,3.820776174276769
162.34148909181502,335.8702836660865,5.425430623790239,3.8248668451683363
161.7596456835829,335.9404287691936,5.428095130452171,3.8297044276793977
161.83534786621843,336.0115162048927,5.42193862498358,3.832777416083662
160.7485410870347,336.08258728418525,5.417471192406319,3.835840656894855
161.2584579889571,336.1548944702853,5.413955507070264,3.836414587338923
160.67946063982373,336.299500398874,5.410793684784335,3.837491860299623
160.67746889233365,336.73479364155395,5.414777179764462,3.837592200061021
160.09440292942958,335.9395116267219,5.41949786783135,3.8312157778308107
159.07810659793648,336.01465199496954,5.420092276395306,3.8260777737943052
159.1479066348078,336.5228148644487,5.425559218953376,3.8252211489412242
158.64015441436882,336.52513907507785,5.425114625261432,3.82057272768294
158.35219094454123,335.94773006701257,5.42083280418785,3.8149732223559716
158.06349321007679,336.45772517749583,5.418647937584918,3.8092485885701826
158.06180142490044,335.95403969760025,5.422031507937634,3.8032462511004774
157.55622775717205,336.4632641671282,5.420140764935262,3.797835390503663
157.05212819918344,335.8876904260139,5.416126943145592,3.7921680867130343
157.4882526437247,336.4655770330914,5.410563913718878,3.7919760187656673
156.84233363756243,336.0305927003375,5.403158352491481,3.7957823019055965
157.0619200718459,336.60560358250956,5.3969192782637005,3.8002506557990627
156.9924456728267,336.0295858412188,5.391577433063436,3.7979609924715785
156.92269360277228,336.4627528773454,5.386909473137144,3.7966595204289373
155.7683520763681,335.95639686033354,5.390311825249006,3.8008112478979426
155.5518158523439,336.52940581642065,5.390784375367034,3.8083930635381398
155.3348270633962,336.021670317957,5.3917655745921405,3.8135391769012212
