291.1000061035156,215.92999267578125,6.599999904632568,5.46999979019165
290.4902517860038,215.43444385978424,6.629638168985964,5.461097422185678
290.3804394893215,215.43860855234405,6.659079923679219,5.452768037066063
290.1758088217274,215.34684889402567,6.687339041359097,5.445786244948711
289.5053646310176,214.77449970866834,6.69246931644641,5.445549095949845
289.7879516236897,215.44086162247947,6.699988058330503,5.449108298527152
288.543178699053,214.7723278937991,6.7056153623073484,5.448681154574366
288.9262187192538,214.86093985798027,6.704136105592038,5.462607422133602
288.25672708925504,214.95095010355632,6.703650396808783,5.473939640807338
288.06110328799633,214.7578487102784,6.71184105807891,5.4770854861158895
287.39378049640317,214.55447606496853,6.704550131957675,5.500420345504959
287.3992447367933,214.45068205186982,6.693621651177424,5.516038109381005
287.4051590340533,214.44226307289432,6.681793056657401,5.53287606733198
286.6406754264828,213.76223707961475,6.673607113587064,5.547919040456102
286.25820464814797,213.37241697426518,6.669505595850438,5.558516176748915
285.6890072974484,214.22929939713265,6.653689486581227,5.5760675470163825
285.69057383183235,213.55023007254584,6.650556417813364,5.58735306560808
285.6941718284777,214.21721750804772,6.643360424522667,5.601165682724889
285.6028435545262,213.53598249815312,6.633364487998354,5.615068311523313
284.9326774373562,214.0120788235359,6.624642834606203,5.626485580566506
285.22454514580926,212.94086474566214,6.619220423432139,5.648432715296277
284.26025142793327,213.03035254347114,6.617406820515414,5.662497223545148
283.58556501789093,212.35203869448512,6.614113025882111,5.666458306799308
283.87891477655626,213.02265484392436,6.607165963846983,5.677981736943801
284.07168512717556,212.4408959874047,6.608282261950354,5.681528451957519
284.07222672921034,212.4345931101145,6.607199057880733,5.694134206537982
284.2654798355761,212.42893582116926,6.607869501227953,5.705448784428431
282.045193156114,212.32532375536587,6.591496191316922,5.718892626085868
282.92211461393197,212.31872799081884,6.581336624302904,5.732084155179912
282.9278982360178,212.31227575099516,6.569769380131174,5.7449886348272665
282.7378348264551,212.3046513827906,6.5622473451403245,5.7602373712363635
282.0659881077822,211.81639471577682,6.5482761070700315,5.766990222823763
282.2662939776152,211.32740536554275,6.535351584123639,5.775750881492923
281.49904450889755,211.99989579094972,6.519583736451036,5.787253467648332
280.9229145949488,211.32425301444223,6.509507619912441,5.78248041882121
280.9280284293444,211.13522138102795,6.499279951121219,5.77356378863829
280.7404516091617,211.13829159814887,6.488056317532249,5.767423354396416
280.0689490491389,210.7546560343936,6.480647696344519,5.763029486916476
280.1653350619447,210.3768768457795,6.480606670483992,5.747663865140336
280.2633098576657,211.05552428997655,6.47714177000093,5.73776181345898
279.0103603477289,210.48755396326928,6.4834974446599105,5.720067076774428
279.1961792317329,210.4951369287031,6.4960358413021915,5.704901145906818
279.09167971172536,210.50264347098133,6.512995149910786,5.689888061350354
278.7943833572495,210.41541436369937,6.5314016592867326,5.672284209389042
278.6878103545846,210.32789150085026,6.552482727830763,5.655264998301586
278.6762800966618,209.5677964215697,6.575543243676352,5.638509994174796
277.8013319476881,210.14920556657708,6.595587942797048,5.628926103377974
277.5975160683658,209.76809158563697,6.618496697409211,5.621708057193543
277.29790359785494,209.19447173815507,6.639923821908935,5.613352119113245
276.51994932883423,209.2988219229091,6.653467568799555,5.597447348499012
276.7049735142862,209.49725308068946,6.668916240526697,5.586082075569441
276.6983493538776,209.50085903781937,6.6821645613439635,5.578870161309651
276.21299018004623,208.92924695297378,6.688424750791696,5.564744541142841
275.7322105731732,208.6431253634885,6.686182264567074,5.558706700130868
275.8295891522361,209.1300544927178,6.684053535205294,5.5479905854931495
275.6374362707345,208.36492103735608,6.683513695560357,5.538875085623843
275.25515249219353,208.46214175692342,6.679011528987441,5.5367010774028875
274.67658158033385,208.65838129485653,6.6831751263462476,5.528548076990224
274.57814918099035,208.37453137258566,6.687944346769908,5.519961186741896
275.3436851346355,207.99451023940574,6.6931154987077,5.511881923487696
274.9585260190054,208.5710011639172,6.695515703967874,5.510777113464801
273.619524658272,207.50982635895497,6.6855381457563166,5.521142217927849
273.71527904437,207.12254004228842,6.686041790641872,5.527665182935082
272.94607932376454,207.88886202953702,6.687437597186719,5.532024843103949
273.2339453016747,207.02472061464556,6.688357540260274,5.530351976205442
271.98449835372594,206.83198997990831,6.68859343208913,5.531404321977065
272.7518826760301,206.735014677061,6.6916254011701675,5.5331298509604885
271.69030489982975,206.0653257345409,6.699485415935448,5.526410575687311
271.8837480456772,206.74187163051843,6.69722332325962,5.519503480299119
271.9817636287384,206.07252338450724,6.693357931889604,5.513039549054294
270.82535558728324,206.74696296527537,6.702150861035254,5.508173893880738
270.33970498918274,206.17924219504127,6.713158985499521,5.491263748264798
271.1006780149491,206.76162849204792,6.726850258995368,5.478219148022928
270.2331735833684,206.0023279195486,6.734271363747517,5.461186729991189
270.13533617098244,206.10044297475804,6.738153517795069,5.456749290296709
269.93993962987923,206.10604349072761,6.745385642270001,5.445548258357582
269.2628421016262,206.11267224981484,6.757609325480894,5.43229074018316
268.9666428005997,206.02429588083461,6.774958704732832,5.417360403876593
268.3853432410797,205.55175302187274,6.787314491423496,5.403910011509213
268.47876606157917,204.88599565827602,6.7921473682572415,5.393675113873387
268.57475679835494,204.9878861331558,6.791752421724399,5.38148069113256
268.57332167445946,205.0908086325717,6.794622669515265,5.36701826579366
268.3802397652373,205.09787421418994,6.798403014052884,5.352887102557216
267.52195667081094,205.10213366824672,6.795788313804967,5.34436819444364
267.71779646795665,205.1051751408682,6.785792073039514,5.338285249200688
266.86346184904875,204.91964994913636,6.7791526410048855,5.328155928253176
266.86878340649906,204.63757164811838,6.7685095261042445,5.321341558358969
266.1175470737725,204.07305610843534,6.75058178634168,5.310072333813322
266.22151250920433,204.6472826888437,6.732243487596804,5.299174605709731
266.32586283470874,203.99048093533403,6.712677678109281,5.288834222080897
266.42921366395666,204.09103945280523,6.694643388588512,5.2763845561135145
265.96890629965674,204.09300369164492,6.67431275586057,5.272456078434108
265.50939500956304,204.09525843518858,6.654265332811773,5.267946591346809
265.51955888247744,204.0028229921929,6.633937586982927,5.265383703057317
265.4349053195941,203.81740276204775,6.616163923165066,5.262062584178642
265.3477908657241,203.54116156525794,6.603638262400053,5.2542812722430625
264.794411876493,203.07666758140135,6.591777932623774,5.251087316424082
263.2202632823333,203.0695946777099,6.5746274275937,5.265233123807061
263.2248268218189,203.0684362748639,6.5655003486224,5.267549929499035
263.32699348202334,203.53015796851415,6.547233809066687,5.274440446464187
262.7630056187332,202.60321135070956,6.559820662325159,5.269352226536952
262.1119093654598,202.96965460282047,6.559951182709776,5.280501142979229
262.4804754871444,203.33938265037273,6.5675847925013215,5.285810901035483
262.3798926503564,202.87855165607274,6.582355862274809,5.275499870622749
262.0082823591931,202.41098594311876,6.579759849553489,5.278360552720948
261.3517787407158,201.66922433418287,6.587542260982733,5.270198255706655
261.72293781389607,201.67559592850776,6.59101513673345,5.257455067056853
260.51170431650047,201.02824534309912,6.591655096296034,5.248095526597236
261.253114532735,201.31260361135855,6.598053824062571,5.237836175166751
260.60047123294186,201.59040521043872,6.600752447619207,5.240484966733429
261.06877457158134,200.84417391711597,6.594987393196068,5.243600956809577
260.23345267091946,200.844329033831,6.590456253725923,5.243290723379515
260.0515513120565,200.8433184231156,6.582146811100543,5.245311944810325
260.05415072403946,200.84445582820845,6.576947987134696,5.243037134624638
259.87338095961695,200.84474884054916,6.566797648893189,5.2424511099432065
258.8489250453432,200.56879775290386,6.573231329020232,5.2373137902100675
258.47820431555954,199.92154215382476,6.5718922274513725,5.231959006379847
259.6918826578019,200.56737181662348,6.557176433446912,5.239414006425569
259.6973251891629,200.28511382621986,6.546291370724905,5.247480744105616
259.70243611494107,201.02232702070987,6.536069519168515,5.256629700796122
258.96376686386634,200.4615137056762,6.529901255184494,5.265626256263312
257.57801353832224,199.52799523376711,6.519066929678183,5.277769215685139
257.85759073464067,199.52382219982584,6.516471507514354,5.286115283567669
256.5647276425889,198.9639605095946,6.503589646182661,5.292149501700765
257.03485128200356,199.14803595619142,6.490915343061899,5.2950277987906125
256.3900030443183,199.2395922117574,6.483047124517476,5.297281672503622
256.58180225679405,199.32979888705808,6.470012478396366,5.302150211317505
256.49069336720396,199.3300362249424,6.467070076660138,5.301675535548835
256.1213742870265,199.24016069187337,6.465279170605552,5.296319335084534
255.66191510922548,199.23923635646227,6.459231622263308,5.298168005906743
255.29155011890876,198.59639834135513,6.460241366595213,5.2893336225932845
254.8296432162383,197.95105985500143,6.460040996728585,5.286390750010198
253.81341461263966,197.95384598224547,6.460224062404072,5.280818495522131
253.25395880873478,197.58956026974175,6.471145994169739,5.270730136500144
253.89883992656135,197.2170893297039,6.474071633389434,5.276993230934263
253.2439266357569,197.50039496099822,6.4901866889564275,5.2648297652207265
253.2355360462797,196.76773948196524,6.506967867910867,5.251206674449842
252.95125241073848,196.77437880299425,6.520823407307634,5.237928032391849
252.38826141900816,196.87475289078267,6.537396631131411,5.222081316754474
252.65970913841096,196.88350814810897,6.549197580326172,5.2045708021018795
252.9323322824784,196.89090249954108,6.558338277758683,5.1897820992376875
252.098031088939,196.80708660469224,6.564679598566317,5.172718214905243
251.72829145869287,196.44688641726867,6.566096168685741,5.155055899379519
251.82323632464642,196.45259102884503,6.560456821819494,5.1436466762267825
251.73170115358604,196.45862718012262,6.559548497973638,5.131574373671648
250.81402179522283,196.27852850988037,6.55722208096442,5.124234687409008
250.90628036520462,196.09909412121056,6.556318525855938,5.115876295038483
250.07908236038872,195.187355245135,6.559540042353393,5.1047157214848
250.07590275940652,195.10319677167132,6.5658992443177695,5.08970114010609
250.0729047039917,195.01897311641326,6.571895355147455,5.074964094902518
250.0713886119487,194.93361109542562,6.574927539233435,5.062652150530078
249.98020383512224,195.57759606122846,6.574415374107506,5.054854250376134
249.42903645852445,194.94488127389138,6.580269163703615,5.041056034184267
249.24824962791817,195.58624295849972,6.576620332968082,5.036611386785861
248.1503193446199,194.8613059979338,6.582683786748556,5.026620566040342
248.87702796980392,194.9599116253117,6.588567824800707,5.011821972337105
248.87115111192927,195.14926561450162,6.600321540550011,4.997635868794022
247.51179142528648,193.7855604988083,6.585913231560983,4.991918417906078
248.42524843054534,195.06122619317392,6.577954674580604,4.987124664127103
247.25251977296898,193.79104729751424,6.561364468007163,4.983738970510643
246.44334450034225,194.42716030298212,6.547224952142824,4.981227451555418
246.45152823578178,193.88475538793065,6.530857481263754,4.979250053611767
246.45946035549062,194.42836121814392,6.514993241846096,4.977134370844478
245.83440696438674,193.0723146839464,6.5010902346557256,4.980635033386526
245.84123323143504,192.44101134302105,6.487437700559181,4.980317198895801
245.84630113360075,193.0732070568868,6.47730189622772,4.977355472140156
245.3131009642491,192.35345817928876,6.4636947304293875,4.976843221333968
244.50965768901506,192.5361826630057,6.452514812640153,4.970964580179497
244.42143453958903,192.62839671048067,6.4494424394747645,4.966055157247036
243.88667472682488,192.72155718727726,6.442611457577138,4.959125971558207
244.4252128222957,192.99304287279944,6.440582641941972,4.953678288167079
243.71023492448288,193.0820107427581,6.438099924814906,4.954797362343791
243.26657504258907,191.8231854152319,6.430243958977043,4.965955974444937
243.89806166762756,192.35350846171028,6.420949485930669,4.979891690371562
243.62957993018276,192.25824709965516,6.420367300181672,4.991232527602257
242.47203342492122,190.99372364978151,6.4038119212243885,5.009273469447631
242.6500612261808,192.24335835964078,6.406552099840003,5.0215745176727244
242.47648907524942,191.0704369503378,6.394416823761445,5.032100079660251
241.87657932869175,191.20608300814504,6.383822596658641,5.040822068541392
241.53499466231702,191.04454122229865,6.375503439186632,5.048714243844234
241.2309325557519,190.8698967695629,6.366184398866942,5.057670930994616
240.51942252236776,186.1078593207221,6.352340850974204,5.062524381546939
239.80794710304198,185.29785107153307,6.33949541772019,5.067270074031242
239.90373644112054,185.29771757675928,6.327271306405842,5.067537063578838
239.9106866879031,185.29940138741878,6.31337081284074,5.064169442259816
239.91707248059151,185.2157579785588,6.300599227463894,5.052552594615864
239.92349255970882,185.13223197660017,6.287759069229303,5.0410850835355
239.84016783313817,185.04862737895974,6.276271790191436,5.030157546637224
239.757386497654,185.0530636550804,6.2640510115125165,5.021284994395886
239.67448787677301,185.05740231400705,6.252396032731943,5.012607676542603
239.32630475016924,185.06283381232268,6.240230952918745,5.001744679911344
240.03775439886266,184.80427864118536,6.231493262229724,4.988544419674292
238.80497584173105,184.89836854513322,6.227138888155584,4.976786860945486
239.69113117127128,185.07581987240303,6.216477020397887,4.974213964670418
239.69782328211724,185.33766559334342,6.2030927987059625,4.97840157561345
239.7043938795815,185.59913288747236,6.189951603777436,4.982933812917972
239.79937382944814,184.898588001793,6.175685784287804,4.978470942327552
239.80586190592285,185.33657551785765,6.162709631338375,4.97951027907744
239.81012506706037,185.77749653526658,6.154183309063331,4.973770861602021
239.8145111514032,185.07891440415625,6.145411140377682,4.970961401420153
239.82011584883938,185.25464143849516,6.134201745505315,4.969140452860883
239.82470843048588,185.51855593779615,6.125016582212309,4.965156364307532
239.83102935877372,184.82011804501687,6.112374725636617,4.966756604518783
239.83590564008585,184.99572675389683,6.102622163012397,4.964021512514866
239.75419890384646,185.1692978244241,6.0919885371780325,4.964973568086578
239.67168319765554,185.25887832211117,6.083120839961214,4.959711682311071
239.41650553731932,185.26139083234656,6.072442895718408,4.954686661840322
238.97998891723307,185.35469992668374,6.078314097155622,4.9415008809129874
238.6316890654513,185.44782619322095,6.0816762642882,4.928557731946354
239.3234319437569,185.5407418666915,6.0834034401016375,4.91587800155833
238.89038927285432,185.63322716491604,6.084624249989731,4.903880311492628
239.40658151306354,184.86136449301523,6.089024069624463,4.89242920521446
238.79981420154257,184.8677106536367,6.093802795536406,4.879736883971554
239.31409700372237,184.8736639037865,6.10051942050332,4.867830383671918
238.70874981380032,184.96563765296114,6.104014856859658,4.856339877249472
239.13736956514595,185.0549069491359,6.108396350559011,4.850125484178103
238.53234395284576,185.14684081275692,6.112414003017437,4.83854826724202
238.70216075422647,185.237751784987,6.117108710391953,4.82889047784983
238.7849267760578,185.32942372710176,6.123655906029094,4.817625832920155
238.78315692618395,185.50645209998717,6.127195605776801,4.807562070182149
238.86826753267005,185.68306196884564,6.128861517895658,4.798116582647258
238.954575876956,184.99890592980998,6.1280039024897714,4.792356075390441
238.1838262581278,185.0883410850363,6.12463247674493,4.785138060871329
238.18500964100036,185.17763893260255,6.1222657109997884,4.77802572561545
238.10147942736347,185.2652720880989,6.117994642271285,4.774090910625039
238.01771559790518,185.35295050768326,6.11432011458091,4.7699362580633204
237.76398820895054,185.4409476200207,6.108539623234586,4.765020456473619
238.45190330729756,185.78424602816835,6.099990039542844,4.762063946679437
238.1148716413313,185.10315114355834,6.0911283542342,4.7584036814171204
237.60960531711342,185.18959530350568,6.078443755193624,4.756051569435157
238.12752711042216,185.2759558594757,6.064423896240986,4.753634412105932
237.53954244281178,185.276433676562,6.050041904503305,4.752678777933318
238.0554194658063,185.36233356858006,6.037175457121114,4.750693593665021
237.55276152242183,185.86682910615906,6.024978752023509,4.7592151103735105
238.06608027851883,185.189253514181,6.015563965097557,4.758069327305615
237.4782181355689,185.27481019809207,6.005667841970563,4.75633030363013
237.90573234014545,185.35958237300213,5.996612167621132,4.7559805007707485
238.41596326042674,185.44656635688384,5.990451251299137,4.751062687047471
237.74399068000028,185.44756731368008,5.983388728788919,4.749060773454982
238.00075937074834,185.44863035327563,5.976057172183393,4.746934694263877
237.83519155598162,184.8584825274699,5.970015908268336,4.747111218805675
237.75479275036068,185.45030436606254,5.962314778043486,4.742958731887565
237.76025420362686,184.94487022139097,5.951391871511139,4.7439468511659495
237.76529314904664,185.53355031918082,5.941313980671584,4.743720533094696
237.77014366035266,185.03018585247045,5.931612958059519,4.742426522107452
237.69017950923657,185.61911289656402,5.923707152871782,4.739411185859735
237.52615136368462,185.1176640816435,5.9164354452439945,4.736324819505798
238.20038150486613,185.70586271126368,5.90799483649589,4.73244477467851
238.0371954013536,185.20543204205495,5.899746793433664,4.729445362834212
237.6238088556426,184.7071611933977,5.890844823109737,4.723176986053541
237.21019569216313,185.37787704654065,5.883586702257568,4.7169203962653645
237.79561821580344,185.2137903274129,5.87953085310077,4.7117254921997125
237.21458220419808,184.80094632362133,5.875838459962805,4.704724630962354
237.80064594361053,185.47048980109545,5.868284722965805,4.696579095246016
237.30710253767222,185.13983260002945,5.858652698975889,4.693414273466973
237.97408886267374,185.80775393483046,5.8520463984247355,4.68493795331686
237.48158748038995,185.3955716350799,5.842956607212192,4.680892089667914
238.066370128686,185.06632962916694,5.831731111772331,4.677467643692515
237.49078865823085,185.73049198089228,5.8261479472577555,4.671138489298841
238.07086054996248,185.4861527610801,5.821432848528014,4.664633206894644
237.41503639155775,185.07644705790423,5.8140132023953015,4.659627136407515
237.58441332672015,185.73812689507105,5.80463646425583,4.653775990815363
237.75286705952965,185.2489603556898,5.796628845557284,4.64540952881654
237.01913341519293,184.76073517037196,5.786372488949844,4.636710802598327
237.18639098229363,185.33888690337227,5.779643821543187,4.627659970379328
237.35476542814087,184.85132040000218,5.770181620852241,4.6209329041089395
237.68533616475858,185.50855940118308,5.762596942218528,4.613568490950634
236.95633067309222,185.09775224487595,5.752226292715238,4.619415229767116
237.20645946538843,185.7471390982021,5.741236298331589,4.625355097004971
237.53764288340713,185.33655337865562,5.730936614309201,4.631442596079185
237.86833808956476,184.92584661553687,5.72137525969976,4.638069800184417
237.05844118928795,185.57487663388747,5.711991899134815,4.64335149237809
237.1447209233668,185.2458603989529,5.702291472598628,4.649947795761095
237.06810162408908,185.07924453160607,5.692713397306261,4.657546182759171
236.9913611411838,185.73035958147935,5.6834020777113246,4.657654366256521
236.75150199633413,185.24164502394405,5.67516775023903,4.659178246983923
236.43063315233252,184.75323435400975,5.666709976210922,4.660706393805527
237.00329435756132,185.32196097514333,5.658491776321796,4.660357362106804
236.52044834522326,184.75400245088304,5.650315441157773,4.660094657480637
237.09240661460998,185.3224606596292,5.641668330783089,4.658447668387051
236.53023333180815,184.7552741450497,5.631863060478607,4.658668861637926
237.10230916433449,185.40120857019747,5.620831808742808,4.6617947694188295
236.45914111238721,184.8340819609345,5.613128278735192,4.66376330828036
236.86757045897076,185.47890943678811,5.604609987658256,4.667452999917336
236.1446448903146,184.91221060688017,5.596093737629936,4.669676025134959
236.14854584392475,185.47713546736313,5.588291830409635,4.67033336540878
236.23359596200982,185.06952161172543,5.5795829721985175,4.678604186889066
236.2385064849584,185.63259894036278,5.569761926301316,4.682182367129157
236.2433468470726,185.14675774990815,5.560081202072998,4.686085126769081
236.16739143392078,185.63050137296165,5.550781900433408,4.685858648321016
235.84933504908054,185.06672164072612,5.542642607941257,4.685977003989965
235.451637605019,185.47020713739042,5.533340861197151,4.683702645528607
235.45484714408425,185.3894704934065,5.526921783066618,4.684416755346284
235.45931808357471,185.30725388163077,5.5179799040856645,4.688178391692639
235.46165616833926,185.30672719338,5.513303734556608,4.689231768194196
235.30614251228712,185.30405624723224,5.503253505311822,4.694573660489693
235.23036229447473,185.30256461596707,5.49434452279943,4.697556923020053
236.19649297623687,185.2997465527727,5.486639759861822,4.703193049408829
236.12059615240457,185.21589734884154,5.478082216986787,4.710540266731464
236.0446476715944,185.13210376469706,5.469642292930364,4.71779054934365
235.80641233198688,184.65082904439907,5.465144729465728,4.718403504580435
235.567829796532,184.2501407349423,5.461520763342747,4.718465061772739
235.25069766493107,184.9702912083624,5.454953282135391,4.720035539853403
235.8938485794341,184.80967278374018,5.449703606137304,4.721009350845841
235.49570125604092,184.49012139359456,5.445668738883943,4.719848519905389
235.01829037153126,185.20956679030675,5.440581478526478,4.720821270546214
235.58046397278358,184.8904652194361,5.4356861731687225,4.719337613917874
235.0229514172725,184.65126681253196,5.4319563690376516,4.718268035517641
235.58453883147283,184.3339803343836,5.427012228112728,4.713852027542552
235.02899024988508,184.97495098824248,5.420910145494407,4.708709857874866
235.5100261680401,184.57947449036484,5.4153761518525,4.702547984740034
234.87295563432025,185.22047551651093,5.415609229978075,4.694453921761991
235.42992417505312,184.82657702402503,5.415458250110784,4.686689405592077
234.79454536582057,184.35379837105597,5.414332549579462,4.6783342222828885
235.0330925800985,184.99296817443803,5.413739957625896,4.670666179791564
235.11435372560035,184.44055566008043,5.409919392601008,4.6645791266552825
235.19507106552015,184.99759805891108,5.407029647542811,4.660308872463878
235.19740430900805,184.44669840306054,5.402363160567022,4.653086294175105
235.2000147925591,185.0040712811069,5.3971421934649255,4.646045675419529
235.2023271781689,184.37569364189838,5.39251742224529,4.638402350710296
235.2043043316955,184.77384651801498,5.388563115192099,4.631374595369137
235.12740016986686,184.14644662090376,5.384689820966268,4.624721446526598
235.04789266588148,184.46586486093884,5.386189930419997,4.615944560524542
235.0477175716178,184.86359030579752,5.386540118947367,4.607479288862622
235.04673524767617,184.31612616154754,5.3885047668306445,4.601541797877583
235.04505439495756,184.87046777971386,5.3918664722678695,4.59326897445983
234.88810624909954,184.24448651732564,5.391521869175264,4.58826792000186
234.88688571661802,184.7955533452565,5.393962934138283,4.585377331703163
234.72890254080653,184.2467953118702,5.3958774007268255,4.583711800855037
234.57203184868047,184.79643560266612,5.395561343931992,4.583632262927403
234.02106140512913,184.32621654775906,5.398344301532412,4.581935004596704
234.65028439020645,184.95289507993613,5.3962041955967015,4.584883804461472
234.10354998392177,184.39910720557043,5.390304709730751,4.593091254757551
234.7348437269246,184.94557578381486,5.384464966917124,4.599808373561686
234.18792047313835,184.39333258675586,5.378532968040293,4.604516261230411
234.73882921245055,184.9437625542189,5.376381858535922,4.603322695424352
234.1135507740472,184.39303743116793,5.370596524742604,4.605473507251283
234.27252159356112,184.94255549028009,5.366630700352017,4.605352740257221
234.2757031777629,184.31243897020207,5.36026753194844,4.610188471715768
234.2770325523647,184.7841508213154,5.357608782744874,4.608188385428338
234.27755275171444,184.23647144701877,5.356568384045364,4.605732151797182
234.27709942022165,184.70843144814089,5.3574750470309365,4.602463275624179
234.12025560995573,184.16038242220122,5.357689232734618,4.60140430560495
233.9625421887713,184.63192330269658,5.359670027975101,4.598660685999521
233.80487722220485,185.10339109607685,5.361580793326289,4.59598260258401
233.64652857669049,184.47715390381143,5.364885873544976,4.594888143874606
233.41066834836496,184.86812483218134,5.36641750673352,4.596594326238897
233.17400817776902,184.31616059212763,5.3693957829895265,4.60305798816253
233.72116785308376,184.4717034862029,5.373590274619101,4.605833297800323
233.17104486758717,184.7826507709029,5.374556519862568,4.612098571685838
233.80159519910652,184.14950421206626,5.370700071220726,4.621147474962301
233.25278561700344,184.5387204341783,5.367630804708399,4.628921052679966
233.64711804177796,184.61358778902687,5.365558555389383,4.636504863028814
232.9395974389906,184.7685408594779,5.363926259911738,4.641415055693923
233.25418365580234,184.13686643982965,5.364600591117074,4.645070365332794
233.4095617196897,184.21557619191674,5.368905993196046,4.645181626085451
232.62076841158407,184.37007367506496,5.370500879940603,4.651385005682331
232.70174550527202,184.37225828389245,5.366270059959307,4.647015788027357
232.70465525468572,184.37218301094936,5.360450561131914,4.647166333913577
232.7075435524223,184.37214245019658,5.354673965658788,4.6472474554190955
232.63294728945783,184.28965033007088,5.346454444143282,4.654819648226043
232.47966634477774,184.20632795599695,5.338203937208021,4.664058198226218
232.32625646782046,184.122923425181,5.330170749364518,4.673440788979083
233.03858371162303,184.119485167669,5.3225869340118015,4.680317304003031
232.80578862763392,184.11608148352576,5.315842549500032,4.687124672289562
232.4938742225015,184.19418807809697,5.3098744218034,4.688360717637538
232.18208093611125,184.1925122189811,5.303955191171187,4.691712435869253
232.8133748580904,184.11464197213235,5.3000733606531485,4.690114677886728
232.34297130994136,183.957876412212,5.297365644430392,4.6891408602204905
232.9730121863018,183.88064919617247,5.294842942440296,4.686400410958205
232.42540679516404,183.72302906118125,5.290270380486891,4.687416868303793
231.95681603956785,183.56588447100597,5.285108602305073,4.687591618862958
232.51025626928111,184.34898322461513,5.2770874999886646,4.691193193230539
231.8852967748873,184.1917913588495,5.271702525573234,4.691750933961036
232.12303585456453,183.87815970570483,5.266739303818657,4.691660990117155
232.20336104651676,183.6433874712822,5.262848734419934,4.690926015445236
232.20441513842678,184.2707730061144,5.260740550599892,4.689656201733198
232.20435125769467,183.95939047893157,5.260868312064132,4.685882744653207
232.20415155679558,183.7260490368483,5.2612677138623365,4.682836709443886
232.12610653802741,183.41473379260563,5.260823928647619,4.679331906925119
231.8923592012884,184.04293064353766,5.2589058706048295,4.674705489116509
231.6587453929954,183.7322495323911,5.257031953645606,4.670599000015975
231.111667692804,183.26629868230157,5.257280280967987,4.664866066143231
231.65807623168772,183.89353089106143,5.257755613443148,4.659878688900785
231.1114012175821,183.50655799825563,5.258319882287207,4.6532632178216
231.65748096619615,184.13296200296122,5.258266766613369,4.648576787329545
231.11098366612632,183.66841128635687,5.259685530661734,4.642041789602919
231.7364509643063,184.36989785496002,5.255605772006394,4.641780344814325
231.272322906105,184.13487519793227,5.249125538319407,4.64445748382502
231.89804987610466,183.97808855446766,5.243525140516413,4.646567385205154
231.43441426456678,183.81975052004685,5.23672510228357,4.651886366943943
230.96984883188532,183.6614587904226,5.231907598276272,4.657153703069001
231.51667323552405,184.3598896306363,5.227931133400466,4.661299320015273
230.9733404836153,184.2799524736626,5.224892717575859,4.665501645442342
231.36263114582746,184.2032595917952,5.224771136870148,4.663195460433479
231.67264514097252,184.0497004989839,5.2273559993536844,4.659007219669235
231.0487982104383,183.81780582895087,5.230038432423996,4.655917274236021
231.12473720817857,183.35156037623375,5.233779131565712,4.654696011936694
231.28178728013944,183.97206237915816,5.23099348350218,4.658949989520687
231.51696759159162,183.6598098277082,5.227678844871578,4.660727113388905
230.66367315219452,184.28032206989815,5.222019528991493,4.664974043317614
230.74217016339622,184.04650663865885,5.220664399728921,4.665688226373581
230.82217017162253,183.81107215545813,5.216293637133227,4.669669431204284
230.90126228410674,183.65431775867268,5.213734361566921,4.67192832597096
230.90233874136212,184.2760011769901,5.2115814470562,4.673531584166869
230.90282860512372,184.11942123606912,5.210601719532955,4.675464644753416
230.9015711191631,184.0399540736165,5.213116691454191,4.678769917680652
230.90047490048272,183.9597804582763,5.21530912881496,4.6833962371539135
230.74390109542162,183.87943352295684,5.21679904166098,4.688261259154736
230.51020198067062,183.72067670983506,5.216408249063669,4.693915537332093
230.20043792935266,183.56126038242152,5.211880929570445,4.700720481094608
230.8266871134756,184.18191467972025,5.2077990657323605,4.707828390904964
230.35962543375686,183.8673277626375,5.205310544731091,4.712594304777976
230.90663607811263,183.63056169758784,5.2042642559564305,4.717708577761457
230.3603233848973,184.2537699905766,5.203457683963547,4.720928515696613
230.75030532073524,183.85944983199357,5.204710596676097,4.728352048474243
230.04604338870828,183.3877673956518,5.205803596706614,4.733429678475531
230.5939619305561,184.00767945141746,5.205320627737234,4.745438840917058
230.04485413484713,183.68961238421957,5.2068950106612455,4.754920856173441
230.59288154180416,183.52816200291892,5.208710522558673,4.764144382828615
229.96479750632554,184.2312429732349,5.208768056813884,4.771106795986373
230.20057596594137,183.83331484660866,5.208587927837832,4.781335065479587
230.43635868018836,183.5139302135933,5.208879441918342,4.790961741410933
229.80613861280477,184.21889983048334,5.2097721473662055,4.798013365614997
229.96252443297925,183.9005778520277,5.212139644699629,4.804379047161507
230.11899877560384,183.74000078012597,5.2146065041940215,4.810117646221403
230.2755658394477,183.57931094700123,5.2171474582794835,4.81582223069768
230.27623300990717,183.97415756193013,5.215813117360556,4.815968593747474
230.2768756532565,183.34231016675065,5.214527830661894,4.816067869270124
230.277712374391,183.65824724352746,5.212854388392858,4.81591761676109
229.96190657868192,182.8668552453327,5.212856028429952,4.819676734697881
229.80468717217678,183.2613300554175,5.2113702282150705,4.820538647591182
229.25151958871402,183.41870402955843,5.21203550832119,4.821696381257736
229.80591093668883,183.73529105209582,5.209124227873482,4.820448859326881
229.25378014042403,183.10447176654947,5.207971161322876,4.818756391470732
229.80795064484946,183.57910277077752,5.204730494926041,4.816723247975238
229.17805228412936,183.97451384718352,5.202218463571476,4.8148440656600044
229.33800135333624,183.41962596942827,5.197759374375134,4.820583148909384
229.49604344195825,183.81375975940267,5.197157633289511,4.821021659356499
228.62953323493744,183.18317903372102,5.195051235579113,4.820272702172951
228.70833591393637,183.3398726963645,5.195139904885206,4.8222734314939055
228.78722085373934,183.4175356698094,5.195097243223999,4.824674702548823
228.78633483513764,183.49714078784183,5.196869280427376,4.823229191260506
228.78641344496904,183.65511234355571,5.196712060764557,4.822824874610046
228.86484987367882,183.024524552913,5.197599719808623,4.821916324186642
228.8654186909704,183.10359351844232,5.19646208522552,4.8215383159695975
228.86722626253578,183.10227652446724,5.192846942094701,4.824172303919758
228.5548764187727,183.10270103698346,5.186660142899044,4.823323278887276
228.08530328206683,183.10386525876416,5.180136990088687,4.8209948353258785
228.71746189670426,183.1056235007483,5.175601756320527,4.817478351357634
228.17044591267714,183.10622586011306,5.1682112047117075,4.816273632628115
228.64518789546122,183.107715148445,5.161996599177164,4.813295055964187
228.02031053280106,183.10881236403824,5.155213640789496,4.811100624777709
228.41523213730343,183.1109658206689,5.150002634924319,4.806793711516411
228.80808930068824,183.11267142989263,5.14817157139219,4.803382493068947
228.25948350460826,183.11488587374373,5.1485260758146465,4.798953605366781
228.34125925671862,183.11812441533795,5.14160361074893,4.792476522178306
228.42269930694314,183.1206068924181,5.135141561994696,4.787511568018016
228.58232469932403,183.197464916377,5.128367333314669,4.790033798141109
227.80519797215615,183.1988833358156,5.1208950577340815,4.787196959263922
227.80862038266795,183.2002662982516,5.114050236710435,4.784431034391893
227.8123828742846,183.12428665791228,5.106525253477194,4.780530328661017
227.81618141254972,183.04890078732797,5.098928176946924,4.775621567354591
227.8194386732672,182.97410167619333,5.092413655511944,4.769735908259305
227.82259395519185,182.89912365369804,5.086103091662666,4.764403295428092
227.9021382066463,182.90152481040948,5.082119990841143,4.759600982005206
227.90544727916716,182.90372345260243,5.075501845799382,4.755203697619323
227.8297111170879,182.8300739324257,5.072180453633448,4.747709021648281
227.67865556583314,182.75445792985948,5.0650459112684105,4.744318204343414
227.45068289096338,182.7555075471247,5.057618668368627,4.742218969813009
228.0715732413774,182.7560908808855,5.050303315081175,4.741052302291402
227.84422825859318,182.68038209334088,5.0424672358493465,4.7382945291139045
227.38561539081917,182.67967184989428,5.035638238451808,4.739715016007118
228.00393873442695,182.60423857031964,5.0303910350449135,4.736656639680312
227.39148916336705,183.2987746155119,5.024935104344832,4.731734006218094
227.93002357797528,183.30091798982252,5.023283182773984,4.727447257596842
227.39368793203764,183.30292038827065,5.02119449103813,4.7234424607006185
227.93217234157964,183.30457821191598,5.01831224654761,4.720126813409916
227.39686623232186,183.22876425599966,5.015521567936318,4.718411454224468
227.93511474656773,183.15301982419822,5.011931556034126,4.716627886885986
227.3226796359175,182.7720711242923,5.011297662543943,4.712585214953643
227.4755103636356,182.5450316324551,5.011864105505751,4.7073223510309115
227.55420087297202,183.15893526145598,5.007522355595383,4.703829243128656
227.17172552257242,182.54936316936931,5.007893183099067,4.6996456300291385
226.7117896037966,182.85815296158347,5.010632871348477,4.693487478468926
227.55267352306845,183.16560612900832,5.009669305338718,4.689782697267889
227.09493384561196,182.55717575987936,5.008789619069606,4.684831380616386
226.63796288905294,182.8646633406627,5.006926721439185,4.680392759548683
227.17451254380015,183.01736045928018,5.001569221550068,4.680067610772371
226.56762543029038,183.17056249172836,4.995777815458341,4.67855495415384
227.0280357832712,182.56035751216504,4.988944428449424,4.680315154676809
226.4222741903089,182.94072320831845,4.982448322690591,4.680845819672155
226.72966084469843,183.24449606599637,4.9763123304893,4.681937420894051
226.96030286303036,182.56085413047452,4.971270568647449,4.680494467471609
227.19078854440053,182.86504456383153,4.966236369250151,4.680029818548301
226.50887103640397,183.01918411047257,4.963034505142138,4.675536698621985
226.50989697840194,183.0971577602522,4.960982621146208,4.671361040230528
226.20756410767652,183.09904299338427,4.958955129767802,4.667590573966377
225.9790417058792,183.1014015330491,4.961254580266654,4.662873494636699
226.66048585143187,183.1782983184413,4.962252034884931,4.660622784488288
226.50922363778577,182.49728469480362,4.96173101572841,4.658945522744208
226.35629226937496,182.57622782577252,4.964617837822979,4.652547218169961
225.97673135164595,182.65480326420828,4.966582258939846,4.646827824166687
226.65663020511187,182.73281935586374,4.969126678691573,4.642166988265037
226.12779863995695,182.73429261698715,4.967430396657537,4.639220466018221
225.59850665655685,182.73537643775757,4.967168005491683,4.637052824477414
226.20439722167652,182.7364947719937,4.965188751165975,4.634816156005121
225.60226745505304,182.73420475647262,4.960177905812517,4.639396187047273
226.1322968148506,182.7325669166654,4.958192234877606,4.642671866661715
225.52969196710836,182.73057228977663,4.95400755349992,4.646661120439246
225.9084542246306,182.72892327316094,4.952344354130634,4.6499591536706255
226.21239952705275,182.72679940290212,4.949248277549067,4.654206894188282
225.53452259503854,182.72418158662384,4.944043109915539,4.659442526744839
225.68750248629308,182.722279772425,4.940522108720944,4.663246155142506
225.9907337884776,182.72229330209043,4.938958246865411,4.6632190958116775
226.1412991653857,182.7240404144459,4.940227099824419,4.659724871100714
225.3126655154677,182.6451159795178,4.934688076248308,4.666409529737625
225.38976065053475,182.6430007276086,4.931681436256319,4.670640033556042
225.46694981379665,182.6413074657138,4.9285068005943184,4.67402655734568
225.5428932314463,182.64044633878365,4.927827686739141,4.675748811205952
225.54378348264314,182.64085043354748,4.926047184345452,4.674940621678274
225.5451342890811,182.4911532513615,4.923345571469559,4.671967526737319
225.54673850302288,182.49066088486643,4.920137143585985,4.672952259727474
225.47135913428136,182.41698985235035,4.919836145329394,4.6692345890199825
225.32052570883084,182.3425167247397,4.919510805861544,4.667184749056825
224.94220348337961,182.11719241283606,4.9213627093366075,4.664957844407677
225.47132392142987,182.72204439029164,4.9197870744191,4.662871307991419
224.94502713306974,182.3449091438124,4.9161195271519444,4.662669569530268
225.4741158363064,181.8936113595712,4.913779215655398,4.6602619137468935
224.94740039029904,182.49894514355717,4.911896505636747,4.6556670338131525
225.47624545191158,182.12372379518072,4.908803865446619,4.652825814112463
224.95082274777863,182.72753181247228,4.905705790049176,4.649716618001707
225.478940368362,182.50147900789898,4.9027296968338065,4.650425449454873
224.87992856979065,182.19912224285736,4.897311130488762,4.653417897794296
225.18127769049673,181.82417153975175,4.896184572275677,4.651354700006679
224.43080193723722,182.42664079273936,4.893710179419985,4.64915691353121
224.656562998223,182.05196933238915,4.892995160001537,4.647154663309832
224.65706377636863,182.94881153314654,4.891993603710287,4.656183566915576
224.58252767696865,182.79583436350168,4.8907122722454535,4.661430845675777
224.5079179460361,182.64282491554667,4.889515117435363,4.666616508235279
224.28295356245474,182.26553084427997,4.888003803836586,4.668804516166276
224.0573572735902,181.88904582273585,4.887723318137626,4.66931945354117
223.98135988664097,182.49167828315066,4.889223306798128,4.668012814615421
224.58456254973686,182.18948820115506,4.886798589925773,4.670402673946896
224.43353069337118,181.7386918631104,4.887867380304017,4.669010582976992
223.98318523631625,182.26478929250987,4.885605401228705,4.670260766227461
224.51017277611018,181.73944326434867,4.884966018996087,4.667617125194639
223.983106081614,182.26697511960194,4.886126892746273,4.665525929930198
224.35766853555305,181.8910781875515,4.88905048392672,4.665271294972561
223.30441278302462,182.56739022124933,4.889241795214451,4.666710209285633
223.30738671428455,182.41318419076126,4.8832939326946,4.674167806806313
223.30706993244735,182.41160880684473,4.883927496369009,4.677318574639402
223.3091594068702,182.33281289072016,4.87974854752325,4.6843483914819135
223.23525445267566,182.32740753380847,4.876950614835247,4.695159105305296
223.1618807479937,182.24934581754889,4.87296293534703,4.700547448972319
222.93816354259403,181.86986981604272,4.868123854784726,4.705710299715212
223.54135469924688,182.4723794973077,4.867850485596309,4.706799881302556
223.01433964928225,182.24393590534072,4.8664446455139725,4.711357376660153
223.5425586725749,182.0174229842712,4.865792690160433,4.711903465414147
223.01517749142982,182.69579702851155,4.86478009935418,4.712580316628868
223.54193366415757,182.3206988951546,4.86700643917201,4.708677522433209
223.08832195353207,182.01844884635094,4.869471745118708,4.7100055431710075
222.55875832060977,182.62149541794798,4.872630220064777,4.710733875289493
223.16080481462848,182.39420904971487,4.8758471174101645,4.712565404737167
222.70714966601287,182.16662076906016,4.877198521826403,4.7147625196391445
223.31113860881396,182.08587926740475,4.8776133526660885,4.725196433394752
222.78090238612486,182.69052231889486,4.8795416769838855,4.725675040197781
223.38255807297895,182.38796386191245,4.886297530008476,4.725758340796148
222.84939967725776,182.08536437026757,4.893054559011875,4.7254946026922875
223.37571845530437,182.76814510679694,4.900689286024602,4.723140350769689
222.76633713804836,182.6160994950606,4.9070525277079895,4.724131726035218
223.29376098768742,182.46392243288255,4.913862306238882,4.725155142445952
222.6839316257649,182.3119354918896,4.919214808033707,4.725552468919263
223.21159296296284,182.23642981450664,4.927041240507611,4.724685379846651
222.6027228747136,182.08397565247407,4.928882672120138,4.725619017690366
222.67675149075308,182.6934661885752,4.932856412351774,4.722885723972582
222.75406022731795,182.23726205962458,4.930288882135465,4.722994324393149
222.83091111818766,181.85760158664374,4.928598545438572,4.722258045142423
222.90769014908722,182.46347201047863,4.92701379255241,4.726303668776835
222.98481689803526,182.08339554358162,4.924772827033023,4.72639394068748
222.98487177190873,182.69309990724034,4.924663079286083,4.72281602240118
222.83505004888084,182.31368426867,4.920465542658584,4.722044842833753
222.6842423900121,182.01087826541445,4.918395821286015,4.720286771124724
222.30566264066724,182.54286468694434,4.91664401299302,4.718789757840741
221.7738098874778,182.01115259785036,4.918231702038906,4.7200961186957375
222.3819636353159,182.6186673546692,4.916137582351221,4.719279981046544
221.85137715426683,182.0893185742374,4.915193951242336,4.7158609487031
222.38185633477138,182.69803912798406,4.915869831559853,4.711716117011704
221.7759490750422,182.16952726780286,4.914828313673505,4.707490804697517
222.30612433839266,181.64060807648582,4.915144315314575,4.7046626589895775
221.77684995428172,182.17151699873244,4.913305382388753,4.703232515644119
222.38405549463883,181.6414436951772,4.910354364893889,4.703351567437678
221.85295612039945,182.17380918632645,4.912835926474482,4.6983377720372665
222.38265829660963,181.72100314305524,4.912865071126609,4.695864003946138
221.77780924051146,182.4039681001018,4.912091817212072,4.69171437672779
222.2299628690914,181.87645665007122,4.915171084570323,4.688119664851142
221.62540470101575,182.4064683212954,4.914508560693445,4.686652824927435
222.1515951616077,181.80230105689347,4.920448867450946,4.685477378941119
221.62129746089903,182.25734118073868,4.922202468333794,4.68297581742316
222.1496089814375,181.72886976094316,4.924335874340505,4.681162209930536
221.6215144689551,182.25749184249543,4.921735927757276,4.682707018374048
