150.08999633789062,151.22000122070312,10.319999694824219,7.440000057220459
149.61830227932964,150.65929083998023,10.26338781194619,7.561420818666242
149.64451574022897,150.59872727948422,10.210960890147513,7.682547939658239
149.66851299517552,150.5385549863033,10.16296638025445,7.802892526020119
149.94535278650625,150.48115249807088,10.173918713017935,7.917697502484938
149.08185340488782,150.42299050614562,10.194799991588015,8.034021486335455
150.1969871852035,150.95368693290254,10.257039763824313,8.118882299255432
150.46191698697632,150.4793232728738,10.30496904677093,8.200926289574634
149.84930886338017,150.00580866133058,10.366344756474703,8.275075109544732
150.8597420698779,150.69300125574833,10.397202692440903,8.36620731282471
150.56997507718154,150.94179830980647,10.386629279671705,8.45872060287033
151.63022371818894,150.46547519284974,10.340852652665953,8.522200841779895
151.64521712912736,150.72914553461771,10.310865830789133,8.588281353114155
151.66231355217923,150.11771095214894,10.27667298468537,8.621889975346592
152.73798577343032,150.5375153737572,10.206637153301944,8.674270536895264
152.31094066043053,151.54228146989297,10.169450741252538,8.744383833404628
152.3376334112928,151.3653410393189,10.11606523952797,8.80062046915271
152.671086825248,151.2048133172283,10.044599291444442,8.823955473420545
152.98608057432813,151.03842012909922,10.008586012223171,8.859754740209151
154.04135926058476,150.87434762992788,9.97703912928572,8.890898240041016
153.3099505494729,150.5786991209402,9.954807714553864,8.88817572323411
153.6268884994714,150.42370726216575,9.914173851137775,8.901538422492512
154.67330829589073,150.86982710796886,9.894756163494275,8.897908118827099
154.22901677192863,150.7417218382477,9.895809127046096,8.858275296811916
154.23970120548697,150.60428619962235,9.87444025992942,8.837919674784949
154.68125781038026,150.76845565747055,9.87503641947957,8.804150548867435
154.82358792240603,150.93644581986933,9.884415740269473,8.76220976891131
155.5884505392075,151.82316639439728,9.8222638461359,8.749856627218735
156.34729989149054,151.68646922462563,9.766327218587158,8.730898551358552
156.23048658126342,151.55077910224986,9.708773063285745,8.711098020354441
156.2612602136658,151.40888788828096,9.647225798480969,8.704910129969598
156.57725979527166,151.40680955469682,9.593056142977161,8.709066797137904
156.89131253202873,151.40596069249216,9.541227365378454,8.710764521547196
156.7847851822803,151.09836317109816,9.46692351315788,8.751242460900434
156.96565293324653,151.93635380947302,9.392032913430093,8.79633059737877
157.58333701825407,151.9065776766569,9.302234794069731,8.855882863010997
158.48507228391082,151.8768004189856,9.214362320481957,8.915437378353602
158.09810518334092,150.99233548656406,9.131799658516112,8.97137351698534
158.69892179383024,151.11745156792745,9.070512608699678,9.006227897049172
158.2924885886831,151.25854545386613,9.029361132562173,9.008712753982342
158.84369050458864,151.2794395469872,9.06321373741198,8.966924567740243
158.8454464642595,151.56232650582862,9.059701818070211,8.969026997349419
159.1167783568853,150.4451687144998,9.08487021579897,8.932013848085836
159.97340103639377,151.44564653357466,9.073992285864243,8.917153543865314
159.83431179073517,151.4531127105404,9.068848337454032,8.902221189933801
160.42539270902748,151.4488948201296,9.018710211495707,8.910656970755445
160.87021306256685,151.5959786845651,8.976122376043955,8.898840199093481
160.58093487774414,151.20443751522936,8.991689113909182,8.837438090094558
160.58948748837682,151.6515825864212,8.9745838926438,8.78546103690121
160.44978564186644,151.53295995210246,8.97430580319624,8.743024523070323
161.42419039141973,152.38995735526436,8.978546233407672,8.703072513304825
161.56269435318188,152.27732381719719,8.979980550276933,8.6498973490456
161.55234838725417,151.7415115316204,9.000672482132376,8.611027093977363
161.6854794329228,151.90420138291185,9.011743020202235,8.562980020801609
162.2301006743711,152.0706610611927,9.029479473452959,8.506805398276688
162.08052104973748,152.23979478816688,9.052507424185105,8.4446692428635
162.0698725920231,152.4059051713411,9.073804339613831,8.387952996047012
162.4983655543542,152.39927276760525,9.04162422797774,8.401217803518694
163.47341658107615,152.38821757426877,9.014031139445738,8.423328190191674
163.48588964245474,152.37825244257158,8.989085016688588,8.44325845358606
163.77371044588259,152.2239964014204,8.962426308503812,8.477279086552938
164.74519287912383,153.30818489877015,8.941762672190707,8.505817783475559
164.88499570888627,152.08155869351907,8.936900616426072,8.48637776013547
165.56783096657549,153.0316800954024,8.94302711994155,8.506650782820325
165.01475572602985,152.89834763986605,8.950071222872854,8.49853909935301
166.11924694932813,152.76231372336747,8.939154877353928,8.495848669715466
165.295438058482,152.75959605834294,8.939503883605573,8.501283999764581
165.56988940682328,151.95303810926623,8.939873989494437,8.466581490203676
166.38471017339714,152.5196200999776,8.954784906599574,8.429785808949497
166.24258371460948,151.9875121261019,8.965296268468224,8.39903553387444
166.51176387144037,152.693407960474,8.973771337116133,8.354332320904385
167.32783545889984,152.43714821891285,8.978667737059874,8.321171945739154
167.31472914532168,152.46204005282968,9.004880364216225,8.27138827790548
167.58327769836058,152.4787519078162,9.011795085020925,8.237964567932481
167.85949950589537,152.22400045094165,9.00251429883578,8.204304652797116
168.26911600189763,152.77377138206305,8.995983186952984,8.188365297383307
168.54453417228368,152.91634484077073,8.986236715384113,8.17376331456956
168.14042336312676,151.9809263194321,8.983976876670225,8.153476957515482
168.54517949221247,152.25970209255817,8.983870393038233,8.13552926095623
168.6768436579145,152.40773809909325,8.99005613991025,8.108971326162157
168.80699409292242,152.5653252304564,8.998941906386317,8.06298369992775
170.00688026426684,152.72110588001973,9.016485441360757,8.02001305387484
170.27565221948618,152.88158435405512,9.015294646592531,7.967232663639269
171.47629709048127,152.90804560825075,9.01983109663823,7.914310155248021
171.47619406320382,153.3362905964208,9.020037151193153,7.857432020106976
172.0182323978098,153.09457568124836,8.998477359970222,7.809603411457344
171.7663731605355,153.77894651571071,8.973138637313902,7.7635047355448155
172.57933588333654,153.2717465377157,8.927595388215693,7.724316560532231
172.593852558866,153.29349693317192,8.89856203715678,7.680815769619823
172.60866272640413,153.31468961411318,8.868941702080503,7.638430407737314
172.62011323994975,153.07588013187925,8.846040674989293,7.596493392563179
173.77833196661697,153.10194913049497,8.858358166862514,7.544355395331683
174.0320763036016,153.2543774459702,8.867075803809106,7.497601919839203
175.0838625726966,153.12553701565872,8.823389368147858,7.497797017646093
175.09096684659883,153.13925029164622,8.809180820343409,7.47037046567105
175.3505159957373,153.41181576211284,8.802390638542706,7.437547641214085
174.84546966225392,153.68383588379223,8.79039865268045,7.404549724269814
175.48763929190878,153.44418003537723,8.78008440871274,7.374251414962982
176.53119992574565,152.92995122817672,8.726227485008405,7.386076857379297
177.18695555757154,153.94181897669694,8.682304003480583,7.390481811737178
176.94826992133613,154.19982700239763,8.653854738126787,7.380286298160375
177.60641549115414,155.44102045956544,8.599098349354936,7.420968885553206
178.51162745660042,154.29599295693643,8.553471811113424,7.441998671688439
179.15861556690098,154.2893909961905,8.518221061905285,7.455202593180349
178.67618895076168,154.40535881951632,8.477431564845697,7.474677628863214
180.18218932943466,154.90983438912832,8.478513278107233,7.470087313175039
179.8203906042155,155.1505935713338,8.449010179695346,7.490635981330942
179.706853965969,155.89331994817724,8.425178862023602,7.51061079263258
180.72443407070858,155.87849189534356,8.396850441748304,7.540266898299958
180.9917183735135,155.61271521020075,8.364056997563637,7.570045107160403
181.2659736421221,154.82987183107628,8.439389782352391,7.514150491067954
181.6875695739744,154.96425498869294,8.5191866573837,7.461319899002739
181.83441571635362,155.94687936812207,8.477018005132278,7.5082602002000405
182.80099518942805,158.73949853624785,8.556827600873595,7.458685354146446
182.52122219542775,158.50501124074862,8.612244515127003,7.423530871397684
182.66806747453035,155.70970584021558,8.570912332568248,7.4622574082419835
183.43982336429812,156.06400043208822,8.54144001204153,7.510687954001142
183.20947269571488,156.78402205726007,8.49682316342645,7.5865992610021165
183.47129153400732,156.25138407500876,8.47954712440777,7.639151950372284
183.73244566046242,155.71842064320356,8.464741897911237,7.690072761155394
184.75039951486505,156.21352112911606,8.463501344258079,7.717205366906485
184.74958944548789,156.06688319191068,8.465121483012384,7.755734729478803
184.2278427629362,156.30583537560972,8.487072939630854,7.788601316323131
185.000169421022,156.53430829940456,8.479924532607418,7.84415710511616
184.72849548690493,156.77352531808316,8.509225590698968,7.879769877901546
184.1962786092891,156.24844245629103,8.54147205555981,7.897748311115003
184.6947212845816,156.50171959707882,8.579929647573499,7.908865500838692
185.60205122697698,156.50738394373943,8.58255584710308,7.897536807517497
185.5984677650863,156.51759088313148,8.589722770884455,7.877122928733385
186.25246431289025,156.40008631660655,8.57802814333061,7.8528723681724415
186.11382665930773,156.41898372747573,8.596612118966704,7.815077546434032
187.14003647834573,156.4290773392409,8.611220747009252,7.794890322903701
187.12356109948433,156.44917530477574,8.644171504732077,7.754694391834073
187.62721938532687,156.47321109556577,8.669474404835109,7.706622810253996
187.6204481940282,156.62181712100337,8.683016787432466,7.6671905891219545
187.74749523955458,156.76816559533228,8.686282009872642,7.631852953957111
188.13004631308382,156.01119929910837,8.691712901419226,7.604719469194704
189.0214670293328,156.15144829546009,8.704329233345227,7.5807154428375805
189.02362262303717,156.28993837124588,8.700018045936469,7.560040032847988
189.2710352346221,156.6857803546763,8.717005882733792,7.5360756559380055
189.14315207656003,156.9451215886399,8.716987122193492,7.528963341339756
188.99750582911815,156.45535111016167,8.752608952536468,7.485821640133244
189.99957747929076,156.98886799360307,8.792695304354188,7.4409026993318985
190.50265757646147,156.3715001209649,8.808237233578105,7.39851079015161
190.2364663005718,156.77931565408468,8.830654027017935,7.347828361421181
191.23489089079123,156.79403303940643,8.86989745279641,7.318393590777731
191.34865821534058,156.81277042356524,8.897003640358774,7.280918822460092
192.51211558319943,156.79996492853547,8.860160890361472,7.306529812519598
192.90852519155342,156.912249697731,8.830240104166597,7.336259750966208
192.28718022387008,157.02472993325713,8.801336897840857,7.365617908252444
193.3178070101727,157.14175154956152,8.774856166186602,7.385921280762545
193.58457381028992,157.39328968618562,8.749853245780306,7.391375687342489
195.3736507640751,156.881889831156,8.72724319900458,7.39830572288893
194.867496918831,157.6514064831419,8.724631011108134,7.381652236494127
195.12843743557033,157.27953222594758,8.709593428942492,7.365135573913252
196.03135554282557,158.0319702779334,8.674224430078448,7.377802797638536
195.7874228452359,158.04304483850507,8.656926552612024,7.3556536764951925
195.92926815162264,157.9213101145886,8.625194304703022,7.347164759463698
195.80212113912586,157.93817724860065,8.628156499130405,7.313430491439606
196.0497758267172,157.95710803457564,8.634517290937636,7.275568919489628
197.04808150165454,157.9742358242513,8.640497486381529,7.241313340138273
197.80403678036365,158.11384042612238,8.627773845485622,7.21196862248318
197.8053793750043,158.13210659820572,8.625088656204332,7.175436278316486
197.91364761409218,158.15482026534585,8.657117390678081,7.1300089440362715
198.27749786084544,158.17048865348866,8.67439251773413,7.098672167750614
198.50710686566254,158.19241935805223,8.711343821457628,7.0548107586235105
199.35441496380116,158.21172704895446,8.7523289313864,7.016195376819037
199.3394437906316,158.35538560951377,8.782271277725483,6.97682490732006
199.45618124134694,158.4948071145655,8.796563616311502,6.945749137233316
200.19225486246893,158.630845740648,8.809306703323491,6.921153606610992
200.1898243776368,158.02592978698235,8.814167672987743,6.89459929446715
200.06634696466233,158.89060181412856,8.81420251781324,6.8936951080390845
201.02982528278608,158.77949320489716,8.862492380253606,6.869006514165893
200.52333695072963,158.04594413447413,8.886499565498871,6.852650436710538
201.8885454747583,158.17418366735555,8.876852539973386,6.843514100268724
202.64559071935508,158.16932810614486,8.845041464022126,6.853225222690145
202.66326553810947,158.15934053347488,8.809691826513378,6.873200368030084
203.01047820832144,158.0510274053351,8.854777088005926,6.843323090337504
203.99482997976523,158.92025426332822,8.85972396371153,6.83181349062029
203.9926857908372,158.80367773106116,8.864012341567573,6.818372172113318
204.37971253000524,158.6738801210168,8.829281429352365,6.831526536828363
204.39310570926136,158.54835983352177,8.802495070840086,6.836442382554976
204.4066862488577,158.41671831624,8.775333991647406,6.8539299599747405
204.66375351135167,158.2869716836901,8.752528906617027,6.867758505095766
205.53188788754218,158.2809114200514,8.735045009841595,6.879879032373135
205.92565636471014,158.26634488076726,8.683918235079169,6.909012110941452
206.17922203658674,158.26352804667,8.667106755735798,6.914645779135984
206.17716704013858,158.26496552443783,8.671216748632126,6.911770823600304
206.55672772762716,158.26172824184636,8.647125410864632,6.918245388783274
207.30046932608005,158.25875914644803,8.628116083108921,6.92418357957991
207.31349848142688,158.37304311983098,8.602057772415288,6.940165970840954
208.19549341633902,158.72427113061102,8.548933503779992,6.970938064076186
208.9485673211419,159.19973109222158,8.507334018407068,6.9963836903435555
209.45947496356052,158.94550261084416,8.460970710167098,7.017114664799791
209.2386913406127,159.7889777314304,8.415569762536265,7.034553100969987
210.2371172134681,159.7695373425174,8.363245235181132,7.073433878795958
210.7398043859683,159.75768361654076,8.329411171197496,7.097141330749268
210.8648862685535,159.5067412128378,8.32199139671154,7.113538156786205
211.10867672651773,159.25282793037977,8.32019626783534,7.1355789346500424
212.0819877665116,159.2492398791786,8.319328086109582,7.142755037052394
212.07848302533296,159.2584431385036,8.326337568466851,7.124348518402363
212.44253476775685,159.3806062674378,8.327635329674733,7.1231560092192225
212.32017815917425,159.62121447033914,8.329213903472159,7.128208890152016
213.53456740894862,159.74676642755128,8.332837606261196,7.120345195961475
213.0510947728225,159.87116205411544,8.327103423160835,7.114723806671296
213.65212446784585,159.87687901635914,8.339998697834716,7.103289882183891
213.77023024808116,159.8823258743823,8.3467935004541,7.092396166137594
214.62559137651624,160.84372172481432,8.336624214468245,7.113093574855588
214.7376166491882,160.84398684625364,8.355685495043163,7.112563331976961
214.85009212684247,160.84389369202935,8.374132266956659,7.112749640425541
215.93327963482574,160.11794747026198,8.36448189456775,7.1304750941796025
216.33208061017885,160.22070888480894,8.3918990629794,7.084442594956627
219.36390085824604,163.04324524746613,8.415868249381544,7.039970777575871
219.5927930863137,163.0652439348534,8.444399413062527,6.9959734028013
219.82459842975373,162.96366589248535,8.466564451333884,6.956241624961724
218.64943777484515,161.36078184743147,8.4886675241621,6.918625274825301
219.09958934268474,161.49435478723373,8.508443756221006,6.883010635655341
219.5351132609414,161.66733503812387,8.513744922131272,6.855962031896964
220.00341479868078,161.8335054335857,8.514287099272215,6.84290261798337
220.42538911324533,161.96824467506082,8.52762720213909,6.828867817956349
220.20466580032755,161.57927232930987,8.486145100382679,6.882419418070196
221.07485724079567,161.06396050437522,8.437627104477002,6.946263133636286
221.22102909319037,160.54748774372652,8.387264618677994,7.011283778972109
221.3663791677845,161.1174426450086,8.338819137009283,7.082647314005761
221.63333019082495,160.60036351453854,8.290229556829706,7.146180643143208
222.26850294054236,160.81430351720698,8.23451459691173,7.204152853613027
222.78115124763772,161.03108342977737,8.181190857553357,7.256579465888439
222.78628363186868,160.05938649274123,8.170926089091427,7.255929677043058
222.91994078726648,159.56884031130596,8.146447534199126,7.265679016300478
223.293442143521,160.53126095609304,8.127279476281242,7.281730138969318
223.77992635468672,160.65057872013952,8.124591918264166,7.28566482695495
223.78803818134892,160.76392331730517,8.108368264939745,7.301566921412719
224.15178319190846,160.87673680009095,8.10865718136684,7.318532935023171
224.51771636058908,160.38016024547903,8.105395452396515,7.340213233059078
224.02013269075934,160.38256730670486,8.127909593592138,7.335399110607479
224.98230284835424,160.38741463450816,8.151062915972387,7.325704455000874
225.58916273338062,160.39447298710343,8.155552946216583,7.311587749810321
225.36070209386605,160.5057429831144,8.125501524464308,7.332534108179046
227.0674281769167,160.51251017349148,8.118998983115207,7.3189997274248935
226.8277384529684,160.64009866665853,8.112305491441784,7.306859210875818
226.95944454474161,160.64379302179083,8.091631962590197,7.299470500611203
228.17322331188075,160.6516687014937,8.087067368449151,7.2837191412054745
228.41766001526133,160.659280855972,8.082147891693703,7.268494832248839
228.89109046157418,160.6760517515131,8.101916975027581,7.234953041166653
228.99358486167193,160.6947699648669,8.138357195550077,7.197516614459083
229.34114337369974,160.70650229315464,8.167428698643004,7.174051957883573
229.80560704625222,160.7190364195444,8.204387229260169,7.148983705104063
229.56538911631728,160.97004185090975,8.201538062682815,7.130257868820649
229.68963195313336,160.1357998170848,8.194350599529397,7.109654463119058
230.18147367482965,160.2640261460666,8.174093429785906,7.094058373567688
231.02599952178628,160.39677309708142,8.1670920089223,7.068857367687981
231.02656554535173,160.52668127245303,8.165959961791348,7.048821344819583
231.1511460133804,160.53539215052106,8.15624035916904,7.031399588683538
231.50897260142514,160.4263038614061,8.157621328893224,7.010564784975593
232.3375115334528,161.03503180570115,8.171431264055245,6.986600181540696
232.70411439018093,160.92176960846814,8.153805886660148,6.9745977973196895
233.30839158214587,160.92804779635284,8.135559369317981,6.962041421550276
232.7182168826689,160.82385221669452,8.128019440029014,6.932854715218328
233.31668410399587,160.8265480412168,8.116046738208416,6.9274630661738
233.44711157601978,160.83091284178636,8.091912526620948,6.918733465034657
233.929703190276,160.95806169600715,8.071559545115392,6.900643318344829
234.76807681739126,161.08581121235446,8.044029035651546,6.880746677759728
235.45947994079995,161.2187247138148,8.070366507260953,6.8497769612434976
234.97966761399618,161.23236351824679,8.0909261864156,6.8224993523795
234.84889329484838,161.24688501961435,8.11783019402983,6.793456349644346
235.8910218634399,161.14812484707357,8.144898781251634,6.756384947569812
236.12140237372714,161.0449473462574,8.152959873611046,6.728328892735163
236.24026444908682,161.1650905590268,8.149318100191874,6.722124844496581
236.58916611018864,161.28658377958305,8.153293313761042,6.713064581974986
236.93819103552158,161.40780117834453,8.15676661777425,6.7044708360117715
236.46660404697127,161.41408746538372,8.164917830811945,6.691898261933387
237.27462931248982,161.42310355477932,8.184612863754223,6.6738660831422
237.03252092595807,161.43089157470476,8.20145118836234,6.658290043291278
237.25591368547268,161.44230630454337,8.222057664578266,6.635460583614092
237.9447643606978,161.57334254268522,8.2462137511848,6.607031013506509
238.0520615840748,161.70596208868787,8.265172301202316,6.575344918272742
238.16061144562192,161.83818318962696,8.28140243644203,6.544232574728496
238.38510125323722,160.9232664607201,8.298569888325343,6.509477764086601
238.84916013141031,161.4035077108817,8.301538962686667,6.480082094470924
239.89598044158376,161.7681834539551,8.298951026439132,6.447748169690592
239.2054708866157,162.13400946229564,8.289328681643324,6.411416880375519
240.3684394789056,162.14677972983267,8.273742480455697,6.385876345301423
240.39077215634686,162.14836670847527,8.229077125573232,6.382702388016239
240.5260024542042,162.2639994964693,8.18826355952193,6.381083841691588
240.54823372781107,162.38005633189837,8.14380101230819,6.377967023054157
240.682353468026,161.4722165076852,8.103827716223194,6.36751719672164
241.2648345790571,161.5937522595275,8.07628915915056,6.3519304260350085
241.61745699243443,161.7213380668188,8.051474386863365,6.323568829608217
241.40751396725273,161.7294971032362,8.01942161620726,6.307250756773368
242.43369014231175,161.9679472426405,7.993992850052617,6.280777941067809
243.34342095052534,162.5385119552194,7.969686603802936,6.261620622270897
242.90564956591587,161.8803159808959,7.950384743998676,6.235745627383072
243.57088096475047,162.78849439988144,7.9578937134730685,6.203351145603541
243.56661832484465,162.80147134486776,7.966418993284727,6.1773972556309245
243.78438636434942,162.81808561091694,7.97546564514672,6.144168723532591
244.66942040275885,163.2800339228985,7.980504781659156,6.107825706235143
244.4474322253662,162.63359785634034,7.981735293256312,6.072460309787054
244.5697000861685,162.75513896341124,7.958014312288924,6.050192836282491
244.90183120000506,162.88157559560605,7.9540209218441325,6.017409184302256
245.23352167124307,163.00732730637057,7.949120370472823,5.985399226474793
245.34983276768142,162.14195442597475,7.935393994851846,5.964978449220739
245.45637399508664,162.37759937303994,7.940664524561172,5.930394524129779
245.5634002448149,162.6124305344256,7.944479642381652,5.896467435912484
246.10937149689715,162.84384783736473,7.939388725668594,5.868373465014809
245.8961787856244,163.50841797143232,7.932108677340334,5.84022960950105
246.76822402631288,163.30373143313864,7.918104991610795,5.817080987176527
246.12609940214878,163.31693045950192,7.908342861329306,5.790682934449993
247.42494941660087,163.54593263993794,7.891690662441014,5.762853211913935
247.32006032668662,163.77510443081678,7.887090998144201,5.7332653184069615
248.19203571625906,163.24749661548682,7.853718580913295,5.719369472870602
248.18773089889575,164.00854849846382,7.8623282156399386,5.688879732612485
248.39903527128007,163.48941120564322,7.865154536576332,5.663566653991111
249.03665195816026,164.03417743429122,7.86398691726634,5.635755658737121
249.04428571127895,163.83219676747694,7.84871941102899,5.615978699638431
249.052032471463,163.63058788812222,7.833225890660848,5.596571618609016
249.27739298030428,164.47229830090575,7.804021528005059,5.5992174131489465
249.81958447761434,164.47158051776321,7.771435880892257,5.600652979434028
249.52083592915878,164.4746587565914,7.739265278248345,5.5944965017776624
250.26981556910602,164.4756701954907,7.7064079708599715,5.59247362397908
250.7041551150268,164.47728665611658,7.672803668881506,5.589240702727311
249.9904312455359,164.48096220263943,7.642811369577614,5.581889609681599
251.04342530358255,163.86216985722137,7.613121427614829,5.573695396039347
251.67290536369978,164.3906722010533,7.5964288425488515,5.551913654349287
251.06563408024525,163.57546109191935,7.572368920388829,5.530865887191725
251.90251582542226,163.7878919093149,7.544390080393351,5.517450414990259
252.11780771763142,164.2089364984255,7.5239626271869655,5.4956738991931005
252.23049655696465,164.83211360104275,7.502995638790094,5.475783835576117
253.0578664089715,164.92621202008274,7.478383690885124,5.49135296700973
253.16381014950454,164.83005774043045,7.470143890882532,5.480013845250811
253.26967415523222,164.73396331395088,7.4617524417501455,5.468866135887003
252.5593793613494,164.74284122707095,7.461158146508751,5.45111030964687
253.17065453445164,164.6512856181997,7.454963338807226,5.431495604305547
254.14567634920414,165.00394349706698,7.445808378744605,5.414459654204133
253.95411921276676,165.00602277509682,7.425140053735197,5.410301098144449
254.05918326926593,165.01315854594858,7.416521314689368,5.39602955644089
254.3679589584816,165.01486888676052,7.402402728436961,5.392608874817046
253.977046454228,165.11367378742605,7.380732355841039,5.395872918761785
255.3956571822187,165.20765704959882,7.3518895587638955,5.408504870052217
254.60751535615213,165.30021665994923,7.3252322472699065,5.4237532698048305
255.5241003088537,164.59174206482982,7.293973742700023,5.43921581495121
256.03926154592585,165.48537901749347,7.26360192940206,5.4518530991472565
255.5544020273729,165.57741710608784,7.234648066563679,5.467511501947362
256.46745468647316,165.67001956196862,7.204488012904667,5.48185606402371
256.87945029261977,165.8613541430263,7.177792647795192,5.4978348255002345
257.29123011094634,165.15615908929684,7.150942636803797,5.513983088050968
257.204739617328,165.83808963816347,7.124892905365478,5.543337021042245
257.1162784188235,165.22843808601647,7.102704675387175,5.567976363412278
257.22912731113223,166.00995302955013,7.076178907574988,5.5983226107871875
257.4403685412748,165.59661408143717,7.052214346225551,5.62796470914185
258.05117418368116,165.98198208701191,7.026839278493936,5.654719509379804
257.35045487940465,164.69464425913804,7.032357993405131,5.636972505507047
258.05977491652897,164.98042170726396,7.008217698685753,5.663060371910624
258.2735994686447,165.96599987232173,6.97910136868193,5.684567912933416
258.38752483480437,165.6564644551623,6.95041783137347,5.706137162219597
258.9990737684323,165.64558194883185,6.921769246990823,5.727902174880533
259.90236272065505,165.05266966254732,6.906060811428568,5.719813768194105
260.0090005213435,165.55157784166528,6.891398365242136,5.715063185910468
260.91042652414814,166.43649376897358,6.873343203964158,5.730028175625107
261.12170205667115,166.42720765946578,6.847340177491686,5.74860039464067
260.241642469159,166.41761252743964,6.82390674193113,5.767790658692972
260.945923424613,166.41160789197622,6.802184824666792,5.779799929619813
261.2750350661246,166.15435223640696,6.78468239289819,5.788508044764802
261.54989424104275,166.22958012531612,6.779000618668589,5.783470790546948
261.7991638504127,166.3050402607187,6.773306932712089,5.780080594600053
262.07671251178783,166.37455878331912,6.757250535388384,5.790419167980075
262.36253618668115,166.44826394649257,6.746334434467886,5.79393290340951
262.36926628019296,166.15155067694633,6.732874247444338,5.79533318192081
262.77516451652883,165.84831349415512,6.709703558427965,5.810338209761759
263.57598719294367,165.84265847586596,6.684368571550037,5.821648246340118
263.5895421458398,165.83597428140138,6.657258665757797,5.835016635269276
264.08863224548645,165.7332183687152,6.642189369466041,5.843906280041342
264.3913746199614,165.3390113019102,6.626297425093529,5.846196674214746
263.9082195414119,166.0247917835371,6.611001785742897,5.848883825990544
265.2917064768119,165.72800470608513,6.589804330016679,5.854077320521525
264.5196470456614,165.23480859825418,6.566875241584348,5.861064566975155
265.3142967530245,165.91133861823178,6.542669146667816,5.877461181853385
265.41746643897204,165.42113015112403,6.531852232373395,5.880265828065472
265.52263537243545,166.19744599363574,6.516913445993218,5.890826787414864
265.8207540152443,165.70465056646867,6.506682016112675,5.899741215520354
266.6072025441529,165.40904166316415,6.496331241091291,5.905004166080913
266.61467760640835,165.9949716190398,6.481381116580432,5.90459090721051
266.6216323342174,165.60524079486495,6.467471660962313,5.904045369969094
267.1116780000335,165.40950186584638,6.461262939949293,5.905970183758519
268.38777234693555,166.1871801034001,6.440310618791706,5.908297630279727
267.7106892103304,166.0933167434285,6.433528862562658,5.901603203160147
267.80101545448883,166.09502571638257,6.447085263469396,5.898185257252026
268.0840057588621,165.80918012987325,6.464201637519217,5.886779447474386
269.64463213495543,166.00176602406225,6.454156754863351,5.890508642787753
269.73865923449665,166.29585812627394,6.460456067748082,5.885384974265825
269.83282799390446,166.58984233070794,6.466488505244369,5.880526434333513
270.4095328578567,165.91374323232222,6.479397365545983,5.872019611531155
270.21129964727004,166.017707420662,6.486960386497486,5.8585429349625135
270.98583167714264,166.12031154113896,6.492731497565008,5.847689090360186
271.3736943527405,166.31391935368845,6.494089942640677,5.849015363396843
270.7868085480692,166.3210035968024,6.501982136491623,5.834846877168961
271.36862426025573,166.32493839316524,6.503609165181698,5.82697728444329
271.46268963079876,166.23336085675595,6.509587784191683,5.816022997165834
271.5495575584958,166.13912741385806,6.529879195497969,5.810462616261257
272.22446530432154,166.14085381411437,6.539838301304344,5.807009815748635
272.8013729672249,166.1429492036483,6.552140449075867,5.802819036680766
272.69182218435157,166.05457270588414,6.576765204769391,5.78509522215596
273.5600444858984,166.05431017930525,6.591496856259492,5.785620275313753
273.85223998444366,166.0585979981942,6.591541601432823,5.777044637535899
274.53748641694733,166.15432051408396,6.583775652586031,5.7802748794935574
274.249493022954,166.25036743845482,6.575942518463016,5.782787671455099
274.3579709077954,166.53707597048816,6.553512192790406,5.792946939419101
275.0465724109779,166.82659941406487,6.536690422186492,5.796920581877548
275.8241526569488,166.0589150120885,6.534671767488058,5.779147548586828
275.83315519997456,166.2487858067706,6.516666681436491,5.787060241997635
276.5112060161696,166.73589008965783,6.51628509507878,5.781223137674798
276.5118930969767,166.2555971857467,6.514910933464527,5.773933758402355
276.60300096840314,166.6488915468524,6.526132334067897,5.761093610016352
277.2735326924038,166.0762079374922,6.538909707243578,5.746025839156505
276.9809849920183,166.47108841716053,6.543916737514629,5.7297160404863945
278.33159661246424,166.9610202165671,6.547202346660202,5.715748459543706
277.85112611281227,166.2915390297717,6.543111693223352,5.703666519297421
278.5280813957431,166.5883382585754,6.53844657635038,5.6883161112565475
278.52380907203866,167.26953385114496,6.546991223759138,5.672942281689722
279.28525765040825,166.99002020787046,6.562628403845059,5.655019191929217
278.8940735633331,166.61485730602845,6.575912057005896,5.636260474623718
280.3311787706343,167.29506672470785,6.584331162163645,5.62106874648636
280.9064307495552,166.5338161170501,6.586195094265207,5.60707944187729
280.8107081455565,166.63626306286272,6.585775062230591,5.5940507902842125
281.1955961246816,166.7382327324411,6.582596140621956,5.581760710287822
281.96194555635515,166.8407722818917,6.581117358168961,5.568084121498381
281.9600855581756,166.94216991420325,6.5848373545281,5.55644851367095
281.95840253446795,167.04334820808452,6.588203401943307,5.545121731931839
282.04999735563143,167.14617853275803,6.595913144706172,5.5303604676746145
282.1398699430685,167.2470368948364,6.606948505385672,5.519424279071368
282.81438319810724,166.48931594519456,6.593342878472301,5.508670883310294
283.00172300549673,166.59430297435765,6.5994461176628585,5.4890882519689175
283.1891163273786,166.6990113677748,6.604998971398613,5.469841213884332
283.84434725029433,166.70736860092583,6.62415055605691,5.45312674758225
284.0312515845742,166.80783472233128,6.630281289459941,5.442164205752749
284.2182561779922,166.9080986528561,6.63604597595201,5.431523281367139
284.97607758452574,167.10170776334436,6.638832294221477,5.423912343224784
284.96827462906697,167.5830203284235,6.6544382051390425,5.409904503263838
285.53643901826536,167.19915062483867,6.656529968478095,5.418696882609553
286.38815063873756,167.86523384498386,6.662306665259826,5.415908171661742
286.863113057386,167.778044580936,6.662155570221261,5.400331951305772
286.10030887588124,167.59454037387428,6.6701605650651485,5.387939523387867
286.95453597871705,167.31519048417988,6.668311105756341,5.377771053989094
287.33774129813753,167.31918315596099,6.659619346938982,5.369785710426877
287.90949107724356,167.3199387876778,6.6511218430531365,5.368274446993217
287.3417493284344,167.32411252003925,6.6525326726867835,5.359926982270346
288.1908861185911,167.3255916688703,6.654346426213333,5.35696868460828
288.76303937474955,167.32127687724423,6.643310995872117,5.365598267860394
288.7696479993641,167.88146246885609,6.630093746642991,5.378320386634096
289.1447819802589,168.53591754244013,6.635233168914052,5.391373161572222
289.4258705651038,168.1522064348301,6.640481889658276,5.402227522880192
290.2739711953457,168.80639154263068,6.648864177287317,5.419644511366793
290.9441684765168,168.6086271735962,6.637130078402737,5.435555974162211
290.8545426212917,168.41186991461208,6.626496309243273,5.449299532911265
290.85838739407177,168.03376137068668,6.618806763683221,5.445740710084979
291.24295341253986,168.70228980963446,6.6087475785155885,5.437061322784444
291.7278355824473,168.04182007272735,6.5863497224263154,5.431687719382776
291.35800973757995,168.23358983643715,6.569833707324985,5.4262320443812175
292.6826193194126,168.71254624776498,6.562410213545383,5.411817675256123
292.9654345071027,167.96855015277475,6.56183810504363,5.3929878202274315
292.6869076674941,168.25855135960063,6.554772150910721,5.377105039925805
294.09321024188796,168.9250297595802,6.557286445988534,5.357870647103921
293.4420160418941,168.46339438999897,6.547857713112329,5.344129148506407
294.198464357353,168.2806963386855,6.531244124259778,5.335454490617046
294.295397674121,168.93871158289846,6.524017282848288,5.325902547063045
294.5736661969965,168.76207258382735,6.526603128011539,5.306431951262439
295.50448029510335,168.7660103064984,6.525966627824995,5.298556505920297
295.6880025223764,168.7710527267168,6.530846155277981,5.288471665483535
296.0571063608681,168.68558265814005,6.536133450291348,5.273538059637867
295.77659857519046,168.68931655136186,6.54000952007398,5.266070273194243
295.9580684881541,168.69564338624528,6.548373132318363,5.253416603427414
296.6994188480936,168.78908001658522,6.550272745273335,5.252118384351795
297.53858594227967,169.06279813014018,6.542186830411707,5.2614315817453186
297.81899294461533,169.2462656468911,6.538202802978253,5.265716533068795
297.1737576903605,169.33896194311413,6.5293454605377725,5.265942205044139
297.9180933555153,169.61280241805625,6.524562003590046,5.274719207670602
297.92232974621305,168.96194747363128,6.516089222194547,5.277546484445693
298.0204043549263,169.32914760856386,6.505410332972538,5.2850275273990865
298.4928090407,170.0574431867437,6.487737782930574,5.31185528544802
299.24479009697546,170.0459264094441,6.468492044327821,5.33488884004725
299.06854563940266,170.03424646282735,6.449649808438276,5.358248733280739
299.1714496494319,169.83720337223326,6.42959426177893,5.38082996767077
299.83185976303514,169.82559765513875,6.4094266412971725,5.4040414018597644
299.7490157904276,169.72355860340727,6.389244227726477,5.422249146537136
300.59521452198396,169.71109810210498,6.369513540189386,5.447170149141677
301.90606933170386,169.60799926780132,6.351072205237033,5.467420083142793
301.35731488035816,169.50509158148748,6.332653795631945,5.487247570387683
302.2967507113934,169.40284605796646,6.313993251209088,5.505717505664973
302.5855590127064,169.39457938460535,6.294461670187727,5.522250852387172
302.7798635302012,169.57413912317932,6.277833829957837,5.535112569998849
303.438473002074,169.75377009684297,6.262185821666921,5.547728032801457
303.4416592410018,169.7483330504386,6.255813343811315,5.558602125610196
303.5385826408418,170.02257841979915,6.247939319426549,5.56802971277529
304.0073127418997,170.577097626741,6.240485230308371,5.574998634488715
303.817491106148,170.02170695492086,6.248134875403106,5.569799098903159
304.46568428240846,170.67563839599327,6.2539762720534515,5.564163965929662
304.1771669353971,170.40238329920192,6.272911459888989,5.552574653325227
304.267894664251,169.93785301336982,6.277597734821117,5.550926561789766
304.44897305645037,170.68790507190883,6.287817098719728,5.540327037901165
304.9107476005621,170.50681955891886,6.295152882529701,5.5301441150678174
304.90339281799555,170.3287904441134,6.309862447662747,5.513946940540443
304.98954599239966,170.33575470827327,6.323652325539057,5.500018412220699
305.5474429654263,169.87769162519731,6.324377761702236,5.485711759858951
306.3794595307324,170.62843544839896,6.333160129702363,5.471171223333392
306.75308715885734,170.53894679304352,6.328989005165231,5.464377501116068
306.84137779332616,170.5479977360714,6.338005222752319,5.4462756150602925
306.1916062452289,170.55560263822724,6.339423888692698,5.431065810748658
306.9294134966858,170.56437936610757,6.345601373530673,5.4135123549879465
307.0316946490186,171.1135175216202,6.326076467544907,5.425460436041564
307.6828558967508,171.3881523398952,6.3182475514012095,5.430973762057612
308.3344083176387,170.7379457199114,6.3094088362515794,5.437120875399082
308.2462869542893,170.91851127886784,6.300794397710024,5.445704087966995
308.98413205872833,171.01518307330429,6.303997427713936,5.437222153954354
309.0750402017872,171.1143170144361,6.306956233435192,5.423729363529714
309.3529718599024,171.21188934643374,6.304905680630817,5.413188954009824
309.99125408863756,171.7704264298543,6.319164306087042,5.402534572534224
309.9974232369251,171.03448304473258,6.306826009511932,5.398801126656094
310.7302532407031,171.03926190509472,6.314781019044654,5.38924340593186
310.7219570353871,171.13858598715154,6.331373429676678,5.374766455544879
310.90001587631383,171.1465144130758,6.343645173178816,5.358909603696366
311.99940253419885,171.33894025090368,6.354420020632113,5.342315955244462
311.62661388398413,171.89747311930574,6.363884953526217,5.329418769743482
311.4426758587749,171.16116353486726,6.363828447533988,5.330307712977886
311.8100366424907,171.89842957845963,6.365025799053839,5.327613463695787
313.0994461698606,171.44298210105285,6.361573599254719,5.318734541744791
313.83305916267665,171.90909505224323,6.364415521287423,5.30530108165461
313.73931772535843,171.1812448871576,6.368312646520646,5.29231541659999
313.09697280446363,171.73944303290457,6.368947804252805,5.276537425726726
313.9174232263547,172.38923758684524,6.376771688866627,5.259289773264337
313.82262747360795,172.03126055278918,6.383329510968161,5.243109107808754
314.00723175430915,171.85210880830482,6.379867479912572,5.235666066430603
314.83761790316345,173.2156957876324,6.363393216799279,5.248988832100975
314.75276621848144,172.5719439300193,6.350435072737741,5.2578619533478
314.66662324174735,172.8438339867001,6.340115738391332,5.261897703429855
314.8576715736377,173.02021694361434,6.323042108453974,5.274154823444655
315.04964220712924,172.37589464709248,6.3039932123853015,5.285676118287552
315.5153664889179,173.0093220755419,6.284235965825867,5.295189105213627
315.34138359131805,172.7326174458757,6.267828204305977,5.302038029466709
316.7812509352553,172.71731802935366,6.271240359162227,5.288573613087094
316.6861520827413,173.54227908229848,6.279558260400076,5.275569741308579
316.5004043243204,173.36658397478502,6.287456338545884,5.263362517639579
316.13395101864575,173.46212676738384,6.2934675940023075,5.254000771415121
317.87841075219296,173.23471063812826,6.306821981928724,5.240434739770283
317.78062605820236,173.24192802559958,6.32073877042276,5.22599996482768
317.1364656774249,172.97755791083225,6.337621696910442,5.209838265047823
319.14123748281196,173.0741272903226,6.323999968120186,5.198332318884592
319.1490114945711,173.1693054558428,6.308451944602029,5.189213431077357
319.24432999471514,173.26522925439312,6.298665940960405,5.178216830623248
319.33969477489296,173.54099172929872,6.288459237478701,5.168260451433764
319.0721750373086,173.54416176847158,6.28288357806428,5.1619203730880265
318.8974769030885,173.90581015478193,6.272246095420847,5.158691102634621
319.2601148202174,174.4480062184755,6.266174632897553,5.153105532849232
319.4469599169244,174.27108439853163,6.251719411427494,5.147714200793003
318.8184762396258,174.18887978231092,6.253530460936645,5.132815389650439
319.80673311683637,174.1030242718913,6.247064568621898,5.125431150298188
319.53782017943246,174.10961787041632,6.248260865205801,5.112243953248137
319.6277903497688,174.11606974853163,6.2470023535285435,5.099340197017491
320.3409041158252,174.12072382228166,6.248406035851608,5.090032049517472
321.3274645664408,174.12103470283898,6.23685978591371,5.08941028840282
321.51166365293557,174.12420443501736,6.224736570931463,5.083070824046021
321.1625314864988,174.21655513432123,6.211606257520992,5.076218087009302
321.87719570494534,174.31062394798565,6.202566311863861,5.0656165210849515
321.97302875631294,174.57995083213032,6.188125942077133,5.058639951641163
322.1572599608283,175.1969185632486,6.173445517146124,5.062941433753446
322.43122080770434,175.01754997181186,6.1557282105418585,5.068209025195058
321.99295024465596,174.49217492434144,6.149532494523788,5.059674909598048
322.1706085283451,174.49565127472812,6.146844395746009,5.052722208824722
322.6123618203207,174.58547567060344,6.14414077081982,5.049234008879082
322.70524948795526,174.41178493451673,6.134428099302062,5.044490153549744
323.0613961878003,175.1173120194229,6.125481270496594,5.040129125506491
322.45158388458213,175.030712781311,6.115705808752147,5.03769902056167
322.8942334006859,175.02826148159036,6.107601515261766,5.042601620002934
324.10802659399207,175.20729904893506,6.109162635387403,5.038454324780113
322.5303208469225,174.68309780393395,6.10826574130738,5.034754018709276
323.58045658472275,174.68087015886255,6.11131733390165,5.03920930885212
324.534958989605,175.2484843675758,6.10424643245519,5.047393151012565
325.2433691149062,175.41888760269828,6.0907789569699595,5.057424874546916
324.2774842001958,175.415777670528,6.093439050787206,5.063644738887509
325.1776804432192,175.4244106041244,6.0905343975700585,5.064972647608336
324.92090642677283,175.7662014434651,6.077607686534438,5.083357294164711
326.23829345614763,175.14835715396313,6.076665475112226,5.089924344415857
325.6246688123318,175.8461035476644,6.074154182591931,5.099872220044301
325.9792875195028,175.66340390583363,6.0642690028682384,5.109364223246096
326.15655718781954,175.71247657829096,6.0585998792110285,5.116383523441821
326.3872746616942,175.75732800785227,6.057038908649224,5.121347313613033
326.60990820253664,175.83710103135687,6.046052517027024,5.129432523788077
327.58101015389724,175.83353985753897,6.038130773033577,5.136554871423875
327.0532964626936,175.9788878370441,6.027199310457502,5.142103833601794
327.67182485946535,175.5413345076368,6.020437430961171,5.138428410954131
327.56545332838016,176.06343422838907,6.00992014034332,5.143347654990501
328.71097670220536,175.53576333321857,6.00049589690803,5.14563290492458
328.12976552609234,176.09730753667864,5.988643415630142,5.150465414246605
328.4158542987124,176.13257591657978,5.976019204548025,5.161247618472276
329.29366247253705,175.95860965972327,5.9731293962795355,5.158634824309152
329.0330716265883,175.87247426034344,5.96875302641374,5.155719602481022
329.73714719001475,175.8686816960925,5.961174191451876,5.163304730982952
330.26185321713535,176.1337571930607,5.962217903425446,5.158381620153952
330.1728467506304,176.31026547921113,5.965217700468643,5.155391319786295
330.2295130559019,176.3818594532893,5.958291508598738,5.1487695807393035
330.46450711428116,176.45026263272266,5.954543042043009,5.143038195297081
330.7311234860689,176.50265797319673,5.9586111613790855,5.158389214644701
330.9776283083236,176.5622047257598,5.958641373316499,5.15556503925702
331.21596446110044,176.61018246061644,5.959416324554335,5.1712711990424385
331.4808122628864,176.66024933027447,5.95222840763072,5.177400809922772
331.7882697639933,176.70631331341866,5.9389888779049675,5.185289340041855
332.0895215084446,176.7453313462551,5.948069922981873,5.200113523678764
333.0625797030506,176.29980781133287,5.932047993013345,5.213844930230721
333.1576474513408,176.90625672017654,5.917347246100875,5.228990360218972
333.42596408089065,176.5509633487347,5.9070615085689395,5.237780407678928
334.13329776504617,176.5442292813171,5.895835619535606,5.251248542514217
334.13764041327767,176.3634174601051,5.887150323072716,5.261929697321454
334.31768640894,177.14961323464598,5.878072394763208,5.269101431808063
334.4052752725353,177.06252569854828,5.878375211419707,5.267795960156392
334.9379817825453,176.96971352199364,5.86574860090114,5.277955911682049
335.46907574892646,176.96480967203567,5.856142872465729,5.28776361159797
335.20733269813076,176.96451676771827,5.853316428149191,5.288349420232794
334.8607173373885,176.96013884167394,5.844935542806104,5.297105272321469
335.82766814590383,176.95728607646544,5.840567892124432,5.302810802738481
336.6229472207276,176.95181812011072,5.8289264202823325,5.31374671544788
336.4494532238589,177.03679124244945,5.825057868147189,5.319228743706756
336.0046939114406,177.12761450908295,5.837299614934463,5.313037586049601
337.1421978512014,177.21777250271137,5.844407051564163,5.308268930804367
335.3774235917243,177.22457088776108,5.862316571213742,5.294672160704966
337.48111373722855,177.22797038700892,5.870386261919004,5.287873162209258
337.73871596918235,177.23163228437338,5.882164043967301,5.280549367480393
338.4362877008389,177.23323365049282,5.892835972266001,5.277346635241502
338.1647647784908,177.23830172725954,5.908356972769509,5.267210481708035
338.24832771258144,177.15372332784574,5.9171518708318,5.26044651429204
338.77274545344574,177.24577305423992,5.9240116180837825,5.252296266333767
339.3844478408511,177.24926148727397,5.9320843608946,5.245319400265648
339.0292069129042,177.3408259136781,5.93881012437552,5.238129570560585
339.8159242363577,177.3446997987573,5.948730262748503,5.2303818004022204
340.7791559147652,177.262285803822,5.957806224240461,5.219251670426693
340.95221723055624,177.26767724358973,5.9635247258394095,5.208468790891207
341.2112062078403,177.27347028026998,5.973056042854667,5.1968827175307135
340.67769131131854,177.27424683669278,5.98529576543182,5.195329604685132
341.4674126551372,177.27242070225861,5.989519485028008,5.198981873553444
341.3803532526166,177.27038312607465,5.9875514062071,5.203057025921409
341.4647730955344,177.27192028995495,5.994833482584654,5.1999826981607855
341.986805988822,177.36203092626053,6.007878828805496,5.19594661434899
342.24641968699984,177.3620702384517,6.017618425431212,5.195867989966669
342.41511638786824,176.83903346996038,6.033168532784575,5.183110999678866
342.587479115739,177.45922706047483,6.041457994745218,5.1782760306074325
342.2349395684202,177.02074299961868,6.04030528347499,5.172454394935021
343.2024637956992,177.11032956691082,6.046169625832136,5.169727878252115
343.728388357152,177.0244522700272,6.0532811279723555,5.164989034511692
343.7271254156156,177.02069793301968,6.055807011045199,5.1724977085267545
343.8987647836539,177.0240322912586,6.065901985997277,5.16582899204889
344.8690747040805,176.67515383231478,6.069373858620084,5.156643468672532
345.2226931637035,177.38346359681677,6.068703069025286,5.153156198971158
345.83582126186747,177.2084275234013,6.078472523300462,5.150078159915579
345.8332615749685,177.20914349510235,6.083591897098361,5.148646216513441
346.27103051665426,177.12337674559873,6.091715907926462,5.143447336680768
346.6155522079974,177.12510172589822,6.1097688612123005,5.139997376081811
345.8972236095265,177.12827211842358,6.130449788158908,5.133656591031042
346.689205194166,177.30488159345563,6.141410611935746,5.134865194979317
346.59961091946985,177.56562891219372,6.143196966072775,5.145577143269055
346.41684906341675,177.74103593473777,6.153516003338909,5.149967773021019
348.0235394017806,177.91343866828456,6.1411139149376375,5.160826593519299
348.28824164948935,178.17996352294466,6.145157004114808,5.161224468793719
348.5520658047181,177.55727975273166,6.15116254178041,5.161399696932347
348.63647974338403,177.92015050244981,6.160314703317697,5.147578352972393
349.2630950020288,178.09996451649005,6.152373136747245,5.143747167954546
349.9774751633882,177.39042003892058,6.145327108770978,5.14112182835103
349.8037322560488,177.9237475299826,6.137686157070978,5.139847145363149
349.9778538531996,178.5450652715888,6.144293097132842,5.1391871324225615
350.0712597987663,178.01572114430928,6.134997475503265,5.1327777699588015
351.31600901156423,177.83391653440523,6.127275046937608,5.141847561619734
351.6697256747924,178.63225034402427,6.129028878141146,5.140851047116443
350.96365220627933,178.63553016158903,6.122713590811478,5.134291411986897
351.6761748908784,178.7260181487829,6.11450616929597,5.130420181059508
351.6747864255759,178.90929146681162,6.117283099901043,5.117705231842053
351.5828001650767,179.00544499712615,6.124501821519912,5.102151970592583
351.66885745787226,178.305120467846,6.129001571034911,5.0898863483033
352.54501049392803,178.48792693526903,6.141553900926769,5.077245093857949
353.3367301071447,178.57808578554852,6.146390841874969,5.073402523008069
354.03682950987263,178.93581125819415,6.158092423007865,5.063901771011107
354.03131418723206,179.3834806510018,6.169123068288983,5.051133871110302
354.2040365331022,178.8546192341095,6.176633453651748,5.049991473585626
354.8194009741089,179.38065879610926,6.181926327996175,5.0573595693212585
354.9031975907642,179.02515542474592,6.191108087118726,5.061266342314958
355.16734818802047,178.93933129083865,6.19374475109672,5.055935323966031
355.78230217965944,179.6455157843296,6.2023722211824674,5.059035426542721
355.77471345161945,179.64825926034126,6.2175496772624985,5.0535484745193955
355.5954063377439,179.65142568297006,6.221642271276707,5.047215629261822
355.8556495325936,179.646770762702,6.232819558870784,5.056525469797903
356.5629870012898,179.73212641322579,6.238492856244024,5.063357698096048
356.4721998910921,179.81609074112154,6.242325867077903,5.073170251866233
357.0940613409216,180.52778076288885,6.244314797528516,5.073460871314171
358.2497291034743,180.2582976129139,6.246902405409082,5.0784449098058
358.42488649238584,179.98907816380176,6.252816549811387,5.082540424691817
357.8857405572742,179.72216594857161,6.261479036625297,5.08155016344738
359.0400537404873,180.35035553238262,6.271904538611868,5.073891232663068
359.48195364289063,179.90725549053073,6.280228538325276,5.067967511846723
358.8561897143081,180.6217922412937,6.28255985933586,5.06654719449752
359.47468659022087,180.3594795282001,6.294852136032843,5.05576432274642
358.9335101538306,180.36199873863913,6.306304623034696,5.0507259018683826
359.64030682991904,180.36305348513858,6.3213305976125636,5.04861640886946
360.25859563747633,180.72375264738807,6.3361683492730645,5.042312579670448
361.5987730297779,180.90549679055042,6.33929593709688,5.036621943002659
360.96837433231923,181.17864814953157,6.348112336798746,5.026882508704114
361.6778073824147,180.55774933494752,6.359897661662199,5.016860140949604
362.1200605459325,181.09672730343257,6.369637172975629,5.011999209998415
362.3822414221302,180.47379394844802,6.382033314668077,5.005430833762486
361.84000405703557,181.0146545191079,6.392494499609338,4.9977232376907414
362.46144283726676,180.4831969369271,6.402875815185155,4.986416508305472
362.46770571639985,181.02375301520172,6.390350056918904,4.979375291983201
362.5612816326016,180.40438656620452,6.381903998073694,4.967167775070059
363.18562105134976,180.58885168062216,6.381871469596701,4.954993634526019
363.8118209426496,180.68331586506557,6.376727736579968,4.944244701293926
363.98624914164805,180.8675012261845,6.3837230731132415,4.931725713586383
364.78376275620843,180.96186808613822,6.3891558869810385,4.920820887344311
364.6037020185353,181.05657376944765,6.393808920898429,4.90914374143991
364.69127964489945,180.26332944026382,6.396268622594151,4.897097809991587
365.0506575166501,180.26714745795056,6.387337288500782,4.889461774618095
365.4091113440482,180.2710518271457,6.379210836098713,4.881653036227799
364.96266375825525,180.27331499268877,6.387386190804402,4.8771267051416585
366.472689480894,181.25194922217557,6.40359542550764,4.871424039800485
367.8000396136065,179.92448669119003,6.4061305992392015,4.869113662615067
368.3242068050095,180.6353857113064,6.420696067120427,4.864515423298595
367.69615837861704,180.45980502175024,6.435714335049257,4.8610829210235105
368.3101758672268,180.90438347942063,6.44996752612451,4.859274697321907
368.30507608088334,181.25933299770986,6.460167098811427,4.860004973892538
368.9278371866651,180.28330126858796,6.45941716712283,4.855997706618678
369.04029125163703,181.03765416560537,6.468140051896558,4.864942157050413
369.4126109319508,181.0496914843873,6.468483019450212,4.861125907814824
369.77352487281314,181.04298808629744,6.478106008687407,4.851067850640268
370.14136540208415,181.02096769165482,6.47519265647444,4.848381125003273
369.78888362923334,181.28847698776093,6.468702890218681,4.846952516759139
369.960970420327,180.75879919278978,6.480011655197335,4.8398610652034995
371.101593837302,181.02290303308726,6.474017120594294,4.842240849571917
371.44105166704225,181.01337671217476,6.476763881010885,4.844801493046341
371.79879632765335,181.00388369888975,6.480060068102249,4.846723374929226
372.1358413873331,180.99506556826466,6.486910156034492,4.847294364233646
372.48539028766066,181.01869412664482,6.4964902389345145,4.84651246008078
372.31294332992655,182.35912821323214,6.4850703984899525,4.837997456252018
372.22145610188056,182.36199477348384,6.490201076841166,4.8322643357486195
373.8278606756471,182.44901405997143,6.478296041039191,4.836053768980718
373.65352936040637,181.91658670487,6.471540886128049,4.834655123005515
373.48207281090833,182.53806878182516,6.459287559377931,4.834773459207146
374.618631955074,181.56724025317777,6.44413222285043,4.838630084708572
374.9990032962576,181.60144976405613,6.442826104402999,4.830721596248685
375.3451332440606,181.6270612234628,6.429379614005777,4.838611895639287
375.69255273703783,181.6628114301051,6.44578142383914,4.824507791836171
376.0535258176744,181.71498865611485,6.463901108954397,4.811604114254084
376.4836267788175,181.7660146722919,6.449270539579703,4.82221747626236
376.8707759831012,181.83526956452755,6.443117485208854,4.829405712655849
377.2728200973153,181.88387924239962,6.4514957873584855,4.824966985163629
382.050369124071,182.68654023826105,6.4608590347268935,4.8137218769208
382.1359413275354,182.5132485681752,6.466792758227914,4.806148956232695
382.22161648327136,182.33988484062297,6.472486871232362,4.79878756238435
