158.39999389648438,150.07000732421875,6.0,9.100000381469727
158.10778815506006,149.3571657192397,6.057489804533169,9.052605269743262
157.24895147696017,150.0914623726797,6.117684349087709,9.004708087130627
157.33785962070112,149.52327866121067,6.176928524277492,8.95577319671025
157.6645096312477,149.4292285732798,6.235539426167158,8.906569731577676
157.9913234958943,150.2853542470774,6.294499041147283,8.857022187286816
157.3722073596529,150.42994610961063,6.3439714534961436,8.805590434247165
157.9402233959111,151.05057265551883,6.396874910832768,8.753272872283778
157.55719593832714,150.95803803352283,6.449342497188873,8.700479673338528
158.24498242173064,150.86553670868253,6.501292533733535,8.647561822460492
158.10092273561318,151.2484354471654,6.551446607028974,8.595660242313091
158.07742640663324,152.10641995940296,6.598439264988899,8.54564517138252
158.17462008356634,152.13071288947705,6.6420480669304975,8.497059311234334
158.1558929512794,152.2743332380339,6.6795023315043345,8.44778189915449
158.14188906517006,153.12844234145985,6.707510103723033,8.404287664278487
158.25120730712524,152.9112827563935,6.726479357624433,8.363395358787665
158.3622158829756,153.04735065059054,6.741748225492873,8.328545589962697
158.47589104620644,153.30136203257078,6.751396237299138,8.294519502538218
158.5877760998131,153.43600349197916,6.764257936310949,8.26186838994657
158.82004545272457,154.16014894307736,6.7723950388863035,8.231604912944913
157.9876337588813,154.2954058948347,6.785190859691488,8.19709494755619
158.2228165382045,154.31041766258716,6.786184187587328,8.167071412051232
158.92044703276568,154.9160015139704,6.802322285819931,8.132069615413844
158.09865676189128,155.2794066313642,6.801224210863039,8.110121644928686
158.3337196592875,155.05633348666206,6.800294550902278,8.087071799501278
158.56866296990304,154.95079417860978,6.79886327333443,8.063922743774222
158.68511429903347,155.89802067058736,6.799808179358125,8.0402502740956
158.0904987971448,155.9191192057495,6.821551614580209,7.998053203771336
158.54753278977074,155.93976309004364,6.840266317488274,7.956765435183084
159.00458921184602,155.9598104584848,6.857586382041938,7.916670698300731
158.41594327853477,156.09529895967498,6.872298402403327,7.878209665172603
158.75523010168678,155.29990255976534,6.890193928029236,7.843907730488722
158.05172108722206,155.54735585049676,6.905742687759333,7.812824238758996
158.38939415452376,156.49163970770618,6.925431711594621,7.777683613509891
159.30673836917103,156.62858999127914,6.942326152588719,7.73523090515005
157.80035788847715,157.68268915076598,6.951329257925636,7.706557255750001
159.17702852466383,156.6632639800044,6.9670629510302,7.668601373164744
158.3623663682151,157.7159739741174,6.9834703779745,7.636931666878464
158.47722418544151,157.03591720991434,6.983939794999936,7.615934886415401
158.9286491658827,157.28217970457393,7.0005515398540155,7.583140749964447
159.3823582903979,158.10279347380276,7.011607800494593,7.549243603431025
159.03538236723824,158.1174763418668,7.017762649509041,7.519877867302973
158.46129607300085,158.13010040560903,7.0214098413718355,7.494629739818487
158.91811145963098,158.1413822963976,7.022053782706533,7.4720659582413145
159.26508789411346,158.37595374220462,7.0127799598829315,7.459375764054899
158.69963874732338,158.5000828174596,7.004274085302522,7.438998447177087
159.1523264728119,159.31043338984256,7.008608042684758,7.410288767039922
158.92243083058523,159.3246308582053,7.0143049021833335,7.381893830314402
159.59869490290737,159.45009810299658,7.021936642034893,7.357652654814512
159.1409987591423,159.6839323065176,7.031589746530121,7.342853839289932
158.5627270889467,159.81281564488327,7.056353476894655,7.311443084563881
159.23822063603942,160.27568883496863,7.062899967059785,7.290719093960203
159.00701588896032,159.83653412792572,7.073241207241216,7.264892000092559
158.77868100174376,160.63768577290574,7.078326320540709,7.2431350241001455
159.45372982678026,160.64628266731015,7.081415215589385,7.2259412352913035
159.23382773329595,160.76234221321857,7.0705997503314775,7.219131969587716
159.12921612885094,161.21421021922765,7.054790853206372,7.215524381630094
158.81134808669287,161.42022627876625,7.016349507734408,7.2529438824116355
159.61078528486985,161.40929013342284,6.990414026994098,7.274816173098456
159.51185644985256,161.39889874585901,6.963633564333769,7.295598948226107
159.40922179564296,161.393803035562,6.944363243931687,7.30579036882012
159.30782445814768,161.72385082281926,6.92276409678618,7.318876260713755
159.20566966356276,161.94422916061328,6.9028175737559625,7.326631809525807
159.10570211507974,161.7106904988616,6.878691703488582,7.345587198562315
158.8829238497963,162.38534901853237,6.876299789646232,7.34011549244851
159.44604524004234,162.26878740983693,6.869310838824194,7.349387943905352
158.88847471151217,162.37452912086488,6.865028865509913,7.361789127924421
159.33386286430758,162.60049882741635,6.870293482451528,7.357870176087636
158.99710367116893,163.16466849549417,6.8717138398388835,7.349694221415273
159.44032312639948,163.06165563561981,6.880985153578352,7.33179238511386
159.10820743482785,163.06612064168593,6.8738311794084614,7.322862372981665
159.00438178200696,163.06624310147203,6.857940467338211,7.322617453409453
159.34704952932486,163.84598648218747,6.842462662846791,7.326131968982125
159.577537197968,163.84673449535322,6.827677266385965,7.324635942650629
159.69296708411315,163.7358008983304,6.81965421381298,7.323666416979018
158.80804707606103,163.73792322632437,6.807941432876047,7.3194217609911
158.92312362343725,163.8533423499249,6.800230042689179,7.311025218355587
159.14874051882595,164.5245733819506,6.793372436779923,7.301691708908587
159.26313682719004,164.08543649747966,6.786513244921033,7.292231778373393
159.26439329971913,164.97635437170828,6.784000299862821,7.283810092149171
159.38527352128168,164.63805761818884,6.763745219309028,7.29588751147425
159.5034167155154,164.63875425476868,6.748830718670889,7.294494238314521
159.61525429063613,164.974157701701,6.7462685517075185,7.287026294284126
160.0559162347133,165.75637593528432,6.748767650346448,7.26928005400565
159.28734629087393,165.75632114898315,6.740877286824063,7.269389626608039
159.51460889466568,165.75192000873622,6.727541828642977,7.278191907101872
159.73542864050017,165.86803287426284,6.7269425669343725,7.266486291028856
158.73592204033818,166.4236527004792,6.743003735754224,7.256886656098425
158.73621187700957,166.0945785769581,6.742424062411441,7.253734161890931
158.7369935880957,166.86732826126016,6.740860640239182,7.25086096407976
159.0757655563959,166.75560739212725,6.724233131020708,7.253997226551644
158.84990845811993,166.76214258166814,6.735767156670032,7.240926847469864
158.62443318516512,166.76835097099618,6.7465787555163255,7.228510068813778
158.94812158855822,166.99279032536495,6.759344212184387,7.2197262023790945
158.2827603490089,167.4341287409555,6.769388735889044,7.217501341460664
158.61332011547609,166.99283297886305,6.768982370549792,7.219141975518728
158.8271785613673,167.4394619031397,6.781779285831286,7.2069117410933385
158.38252591892348,167.55609654307705,6.790008923444961,7.193911373037091
158.59399998110132,168.11687185751578,6.807453301877229,7.173342001129406
159.4712396547679,169.0048794589114,6.814183189370624,7.158536033164762
159.46270216984982,169.6696473009197,6.831258159206795,7.149157046011583
159.46499515796881,169.56341520556646,6.826672182968808,7.141471447848567
159.01948166996064,169.02120084397146,6.8378719604966856,7.126116172927933
159.01539700926062,170.01602720670743,6.846041281896723,7.115505956958277
159.23729126981695,170.24068441292104,6.841966056020344,7.10590483976732
159.23992129610903,170.9010687989468,6.8367060034361495,7.102986136376352
159.12890463199147,170.7987305054027,6.839226633953926,7.088150025747153
158.9099262169147,170.58316282234227,6.8385434476037865,7.080645375364351
158.6909240919243,170.3676778393263,6.838164628568662,7.073232272380358
158.91978709216355,171.78908531276466,6.818577222910365,7.078318191834831
158.9271075131594,171.01784833610395,6.80393638091868,7.08891781537888
159.03767847652315,171.89535294196574,6.801568051922516,7.084097385506052
159.47513213868615,172.45002447820815,6.801303048644896,7.068057214331678
159.58939778396405,172.55889900405145,6.791176780551259,7.068713185107238
159.70482039445548,171.90374993630354,6.7785866030280975,7.069481059845022
159.17571773107585,172.6582364121506,6.746453046277691,7.086982545064553
159.40656433690793,172.65345455744438,6.720425589731865,7.0965462544769515
159.1760660779646,172.67195419715347,6.746282203456104,7.059546975058772
158.94995427242873,173.0151282513738,6.763704535066108,7.0254007858107075
158.72458312654112,173.357532574614,6.7801638510211895,6.992016603060447
158.06481884650265,173.91576775999513,6.79842251276112,6.959937814245685
158.2730196013293,173.81991735671247,6.8153477216204434,6.934975261554679
158.8104781719086,173.82907815873918,6.823122933840107,6.916653657501243
158.16278587965314,173.94044621050176,6.820268431293036,6.910290735152378
159.13322610696983,174.81655584549753,6.825441023929392,6.887896396067281
159.13357708009883,174.7169446284435,6.824739077671383,6.871161320498511
159.14170804171712,175.58510237395132,6.8084771544347955,6.860311118256026
158.71164397911113,175.70065349790994,6.807580794452408,6.84446499163738
159.144105322495,175.81296303962475,6.8026287111286505,6.834838559068749
158.61276159633468,175.92427396567686,6.791500591734094,6.826979821307567
158.94676475758604,176.67737080734196,6.766886498795476,6.822034673626996
159.38239511612656,176.57614816223335,6.751619053921333,6.810481645792518
158.64447300266184,176.58012727913678,6.73243207840409,6.802523411985621
158.86672863075196,176.68946983775703,6.714217203923077,6.7969864855947675
159.09125757751144,177.32287154633002,6.690707036673775,6.8068262472577565
159.3140958251131,176.79190327906352,6.670145767036791,6.805974717874877
158.9016890878985,177.85304148583222,6.646080542103586,6.805895052743648
159.1258055868368,177.9551862299303,6.621524339840146,6.8134439623541585
159.56042255013745,178.1653357356802,6.598566041546476,6.8162827650081255
158.94035401325522,177.4242491134322,6.57120008042532,6.8197024688042065
159.3761503975169,178.26435951776426,6.54309241976215,6.826451875860468
158.6526140868015,177.7356268963996,6.516439765718674,6.8312562075367165
158.76783478276627,178.57487892518773,6.496183693320395,6.8342347062105
158.88178008154662,178.68180767135198,6.478204068379649,6.830288186501936
158.99481668563288,178.89281537388894,6.4616950787814424,6.82740121857665
159.21071314134065,179.20903076375924,6.4484167576766405,6.822742324302169
159.32161332166424,178.58637668153716,6.435590243338286,6.8142074108930375
158.49244927789437,180.04737956862536,6.424822872987037,6.8131186880260355
158.59950522431834,180.77776595727627,6.419160079288063,6.811489604767192
158.70637228512717,180.57147637489254,6.4137597432095,6.807401198456482
158.91863552645904,180.36166795878654,6.405601633631223,6.810649657582973
159.0249692030136,180.26106885914936,6.401039784066933,6.80374235331253
159.12582335496518,180.26673001539203,6.40725662834641,6.792420040827202
159.13154422025812,180.06102333687812,6.395814897760527,6.788139800300459
158.7170609905896,180.5821600039576,6.394387953714211,6.783858220370718
159.33978084758584,181.20836064570733,6.394000897384618,6.776509594534151
158.9287805086254,180.58810141855372,6.386450597192199,6.7727015816714475
158.8266374206903,181.62260523432738,6.3835283488945995,6.775778191802716
158.5173072413691,180.80367050823668,6.38055823760368,6.755966390828704
159.24818838547887,181.2174296092172,6.366768937473022,6.755861324918437
159.25034665478861,182.0498979339015,6.362452398853503,6.7439877414725915
159.25542746017783,182.46463044941132,6.352290788075069,6.740037780063021
159.25460219084474,182.57476524254355,6.353941326741289,6.725923989595092
159.0522331004761,183.2982917335108,6.346756897019676,6.7206001442667
158.84831755753143,183.0963892922576,6.343059791870808,6.712876835734931
158.43878965918302,182.99984489959758,6.33977687036799,6.700380941505031
158.74380764543986,183.00965615034858,6.345752453604934,6.680758440003046
159.25609829814857,183.11825454327953,6.346795866310629,6.66868659776579
158.6420809415933,183.43142320115888,6.345115241519396,6.6572069509579475
159.1541405706437,183.9488129454756,6.344727146858394,6.646158625764351
158.75146450054103,183.9427748735553,6.331810848172343,6.658234769604971
159.36795736113254,183.84497092600893,6.326134126818037,6.649291164726282
158.9564981896923,183.55037579119832,6.331766220148071,6.62551674718471
158.5516039081498,184.37322038056038,6.325400421044068,6.612136292838686
159.26742133325985,184.2778273699438,6.319863149423417,6.599194088557607
159.06511477967803,184.38998057700704,6.317600594618145,6.5783255054155765
158.76539166149692,184.3969653824744,6.30782160994365,6.564355894480853
159.07139588249635,184.6024520068767,6.303917345172379,6.558785430494646
158.1606499682721,184.7119172179086,6.302438409902947,6.542407315510642
158.16137797547913,184.92109383698514,6.300982395488921,6.528598496957672
158.06085858890185,184.12155324778053,6.299988474140673,6.511418119344383
157.9610035114174,184.43338058607745,6.29795106333104,6.493006140086221
157.86002111456128,184.74496642192605,6.298489315505397,6.474114093002615
157.75667579368917,185.3593809197696,6.304041350205347,6.452116739581072
158.45981107059586,185.36286803427683,6.3039377663879685,6.445142510566619
158.45466756232784,186.16858691803225,6.314224782923982,6.439863455889829
158.35551718946476,185.66349848901905,6.311676181692124,6.445793579126246
158.35721556926148,186.362566616497,6.308279422098651,6.453973144727019
158.35715440772296,185.96022802177342,6.308401745175714,6.454742009109122
158.35797870489014,185.85722832315247,6.306753150841355,6.459750319529574
158.46348714638958,185.75196922025043,6.296779957188587,6.469224835987583
158.36805441664308,186.3522845615704,6.286610556621282,6.474803313709596
158.47471213329575,186.04652940995828,6.274256807653699,6.483428563920527
158.3782286967722,185.63768729831492,6.266322000802733,6.497506067615256
158.0814234447356,186.6317366107634,6.256941734281439,6.519376678033318
157.98583936153733,186.62212476334412,6.246918647626272,6.5386003728718585
157.89171362783614,187.3265431606633,6.233836458172836,6.53909917622403
157.69806651275948,186.72071810018454,6.218862226572836,6.543943911921511
158.41225435860449,187.5242874602248,6.197295944865834,6.544587374678851
157.91304379275857,187.531228834774,6.1925123484259785,6.530704625580453
157.51575350558016,187.43744618835873,6.185701221990749,6.51792199321294
158.12205708506005,187.44460291433094,6.173333794061471,6.50360854126855
158.2260263517069,186.74800082420222,6.165015208814761,6.499473085196999
158.43134375041794,187.25231412216692,6.15322715640008,6.487963351786115
157.74056679725769,187.95711673202942,6.141386142431709,6.471753052349969
157.84155394494908,187.66365817204436,6.138026926032463,6.4628249353694205
157.9489689001882,187.06939861672078,6.121619146636879,6.460811259521012
157.9407657174791,187.86966455097894,6.138025512055032,6.4453234702010125
157.9361512602834,187.7777812600668,6.1472544264464855,6.430941849160991
157.93178156749096,187.68570738828726,6.155993812031314,6.417020357006116
157.8298311827113,187.39369772575566,6.161905026331574,6.407071016291952
157.7321391834575,187.29769511556773,6.159361808094344,6.401149019922973
157.6352129078045,188.09162676927946,6.155420201599218,6.395638974908662
157.53878645774785,187.8950454338335,6.150627677141343,6.393510796658246
157.44151496471125,187.70058965031893,6.147634433078235,6.387349903414666
156.85562106878933,187.6955111746093,6.135068402046767,6.397506854833909
157.64828733572216,187.4986090061505,6.12855644000372,6.396606048795917
157.061975154419,187.39508687522135,6.117768638283296,6.406414949933112
157.7514146685958,187.3000778940725,6.119416602329194,6.399214770459438
157.15781536233942,188.19269380223673,6.123826272161186,6.388166368152048
157.3538166172001,187.9983885295107,6.12588028318716,6.382720392856809
157.3556201914368,187.4130015846642,6.122273134713758,6.371641547699867
157.4531115734118,187.21934774398432,6.124035134826546,6.3654597009339104
156.37503233043512,187.60948957814,6.116760137151767,6.371879117578248
157.16254905355555,186.92257648313338,6.115016491064679,6.3690767324569135
156.9682760413016,187.21662833343356,6.110383085074965,6.370742177603
156.28517410592252,187.8022404095832,6.100789720341899,6.378772798581889
156.58530071913714,187.30592168976682,6.090085556124979,6.3888284678608
155.90184203565045,186.8124188256622,6.081473158144737,6.393312935388871
155.99671348994366,187.10846403708135,6.088168228290884,6.39053644874845
156.08924383250738,187.60489596367674,6.099608154467401,6.380175652077233
156.18042204371037,186.92106137435383,6.113771343482881,6.372207550772866
156.2736981258202,187.12576427697888,6.1238382380602125,6.356039863116816
156.85744868325614,187.8186159083,6.135487174609407,6.3460116604657975
155.97261097647964,187.13820867587808,6.136194167978136,6.330961798499693
156.0680972062901,187.44223246458424,6.141548883428374,6.311895746300683
156.067083072473,186.7641434541312,6.14357715106259,6.2952852077276935
156.54646926073895,188.04625313053663,6.164224543985849,6.2775572555001595
155.45769658390884,188.05635545783008,6.186522963749782,6.2573526009132125
155.74242316496571,188.06587955727045,6.204967053758081,6.238304402032521
155.2417846048431,187.78091605137868,6.226459899095392,6.220360848871269
156.21264482920532,187.692415438437,6.244868643188803,6.201349155472865
156.3012701488139,187.70033776341816,6.26362113432357,6.185504505510547
156.5887427411427,187.70533700814343,6.276820722968372,6.175506016060004
155.79942278217536,187.70942976044321,6.28667655284957,6.167320511460434
155.99394583225072,187.712936979914,6.289877825253937,6.160306072518875
156.18898803746458,187.71559224586284,6.291919882116948,6.154995540621213
156.18967554885162,187.61726101037752,6.29054485934283,6.155646560584436
156.18762475695362,187.13400624164052,6.294646443138854,6.1421554164567596
156.38119506863802,187.62986153848476,6.299208753333246,6.129702156676177
155.79031435792015,187.34228749124938,6.306612196338614,6.117671261931802
156.07694351531813,188.1323879841437,6.320310934648919,6.102689084426564
156.4660226245137,188.0411707268715,6.324673880467372,6.089493307918537
155.49307220658585,187.94372516461038,6.31567546393038,6.088894507201555
155.88157250656124,187.56014177204352,6.320032451868333,6.0747037044465735
155.78287902251404,186.97727837054583,6.322236283456842,6.06933168840682
155.97567097344762,187.56733674703244,6.326917665081331,6.060010785908493
155.87875131088046,187.07840334417259,6.325698572351472,6.062585502307429
155.68101232448302,187.86052684378936,6.331016371062794,6.058979199408231
155.68068566963737,187.67109172796492,6.331669680754071,6.047636866166051
155.48747321149168,187.28682245922096,6.32822083615565,6.036427881874258
154.9077213779626,187.87429280845797,6.319492572207886,6.029719114406185
155.58886838782823,187.5884049907881,6.318435277286717,6.018107581970163
154.9154690113912,187.19862479904137,6.305400922276043,6.020620475243814
155.209097880242,187.7826783045075,6.300436047125925,6.017099189414623
155.89164763038792,187.30005735289663,6.293085265537969,6.012520579276421
155.888575528928,187.98350402575255,6.299229468457859,6.00206256472573
154.8263983470308,187.49891488637883,6.2928068055796755,6.002705831349334
154.6345377017816,186.82247580289427,6.289294803953804,6.00026747588341
154.53908832739035,187.21045828616872,6.286670520007913,5.9983946402480735
154.4457372997531,187.4058780117769,6.279920298716459,5.9944597421637855
154.15900496200223,187.60289552802368,6.273532210896804,5.9869932185511345
154.83485740647782,186.9342504379153,6.273289026306017,5.972821694407473
154.3564151661398,187.22827273560227,6.265985383937097,5.9632899728605056
155.13114932914746,187.42425684825156,6.257095173513621,5.956466276459897
155.14024495882293,187.61133354881306,6.2389039141627,5.966962842006832
155.1497109183669,186.93339809994293,6.219971995074717,5.977388609866146
154.48722514495702,187.88614716294518,6.200419090642235,5.992639699936271
155.16661902888498,188.1693720961161,6.185699249446718,6.002218945020312
154.60127645128964,187.29957960984274,6.164802711489741,6.014431377845605
154.80277399850922,187.38744315452956,6.14539823174401,6.030499595818689
154.90739235436152,187.47739707683712,6.127905808161807,6.042336039325933
155.01243618336545,187.85082894520684,6.109474317735435,6.062096972912406
153.87012783103353,187.7500627739349,6.093955922148274,6.071951390435338
154.6450479123466,187.74480597893057,6.076827865049145,6.08246498044403
154.46282883803903,187.5465184731504,6.058296170551925,6.09607014889195
153.99097425968048,187.63940799908895,6.044969764675213,6.101698209533586
153.5208705803959,187.6365017628872,6.028749181757195,6.107510681937089
153.62451617134403,187.4381046727595,6.0125791962475175,6.122062469419258
153.72785538588985,186.76542125361007,5.9969955418040835,6.129765885180573
153.73023600224076,186.8631714529661,5.992234309102309,6.125235245845381
153.92883377446668,186.8601565217917,5.976685601716552,6.1312651081941585
154.1292279584615,187.0450380248934,5.957242242298159,6.142847110562079
153.27182862623974,186.5753440515844,5.95711805266514,6.129500138248586
153.27787028233018,186.57335235507136,5.945034740484241,6.133483531274689
153.28511215734756,186.66531756681167,5.930550990449465,6.139760206131166
153.1026380173398,186.6606128540191,5.915346265046253,6.149169631716269
153.11236448631092,187.5077830164302,5.895893327104046,6.164680405046982
153.026445237959,187.3105542179105,5.877813321114843,6.1793009967003645
153.8911065316145,187.1137887892,5.857239513414974,6.193109903096702
153.90023761087178,187.0114805012502,5.83897735490038,6.207975625821142
153.52255346505873,186.7222945988318,5.835571467291749,6.217266796231795
153.04741770190898,187.47848856429263,5.836919591708818,6.223156308322018
153.6184321353563,187.37826434652877,5.834279348044927,6.233706639977967
152.8542359470431,186.99612244053392,5.842503744856284,6.237906462060177
153.23547429707008,186.8060191450679,5.840895855048402,6.2376786478691715
152.09444676090789,187.0896916400143,5.840693586204262,6.240897993268527
152.5691545657395,187.08582252906368,5.842453910592981,6.248636215169754
152.66395429230437,186.701293595481,5.84323846326892,6.25615805911251
152.8586535493486,187.45642738051095,5.834867820546452,6.27000197451644
153.04584104893434,187.4582440841111,5.8416869761594,6.266368567316128
153.42921181534453,187.45403559216507,5.837540307844209,6.274785551208196
152.57473240694952,186.78315060114198,5.830071186724509,6.2815560259912155
152.67017610976305,187.6479970412336,5.829884935133304,6.268173532130597
152.8611614147653,187.6545725764745,5.828893018480149,6.25502246164884
153.0530621198379,188.13349561816733,5.82562820504732,6.248517870044208
153.05408563711057,187.47110612784522,5.823581170501986,6.2424927324379285
153.05707961884067,187.85103024802504,5.817593207041787,6.2425976125528
153.06211098605482,188.32486037104985,5.807530472613483,6.244411265353596
153.06389876207444,187.75887036141364,5.803954920574268,6.237812200963542
153.06743550941152,188.13885389209045,5.796881425900121,6.236258557716117
153.0722973675444,187.57272807042918,5.787157709634337,6.23171010084632
153.07375133046335,187.76740285423148,5.784249783796414,6.220842808946189
153.1743294895754,188.52424729795808,5.772118783902419,6.219356468133596
152.32997432874964,188.4319512123597,5.761545479005395,6.215139347491651
152.23754040122424,188.43733256238121,5.757837944139741,6.204376647448626
152.1408012172302,188.35148191833397,5.762967795606341,6.187729419021638
152.0479518532037,187.79799066240878,5.7604962888290645,6.165690521890129
152.70639913558765,187.90212334762987,5.75810977257356,6.145212015521161
152.42442473251873,188.0070510841997,5.759771267459163,6.1227856461322245
151.95536154615857,186.9894017527997,5.762372399005474,6.0999287783493905
152.6106998847211,187.74621016044674,5.759218602693544,6.080623826841688
152.24047277112786,188.5009732416493,5.753924687007562,6.062593950181488
151.77467665493063,188.04542474906037,5.755161744765113,6.043335760722465
152.52266551700143,187.8662069645193,5.745498055832708,6.030192821002302
152.43753826736656,188.97689323542264,5.730322153831424,6.0339850944478135
152.25644296436727,188.98039459008987,5.722014258082828,6.026982385113332
152.0722640980246,189.17109598444463,5.720356019234536,6.01559556793746
152.62330790409408,188.6235042747591,5.727089491038399,6.001957903365665
152.15802769089638,188.90788508146838,5.734166281258925,5.987286471652051
151.79163814866604,189.46886839754492,5.728629178062958,5.972794120984044
151.88721741328808,189.47547755534663,5.721735002056072,5.959575805380584
151.98560871562893,189.4802723878579,5.708900514905046,5.949986140358093
151.9897317295048,189.39560284035002,5.700654487153335,5.935730534832835
151.99389394066745,189.31102311818128,5.69233006482802,5.921649169932249
151.99816025337236,188.9486051062305,5.6837974394182025,5.914931604537846
152.00347286927354,189.0417345053832,5.673172207615854,5.911320889503048
152.09938272628358,189.2278721923329,5.663775818195229,5.903892164802561
152.10640193308183,189.95579381132674,5.649737404598727,5.9053144308268095
152.1140842860549,189.49906585997087,5.634372698652634,5.908979372859146
152.11960486409043,190.1365403348312,5.623331542581524,5.9064359068947825
152.1265980134736,189.68054648371654,5.609345243815224,5.9106363263581425
152.2189387184022,189.5037685941368,5.6060653542794725,5.901389064874713
152.2244377670797,190.13897005483867,5.5950672569244455,5.899419985245033
152.22973054500642,189.77975700587518,5.584481701071018,5.893847351772153
152.23411746364343,189.7852262161539,5.575707863797,5.882908931214751
152.24021366413686,189.61031658214452,5.563515462810149,5.871859309277792
152.60767349200836,190.86573851516462,5.548868906315702,5.881971290607606
152.79321830430058,190.5944134789039,5.537767526740222,5.884638995615687
152.07871109792825,190.23434301267517,5.527904492152812,5.885341204407096
152.16630316394566,190.41606784051976,5.532434475840677,5.881319780163237
152.34364874149,191.1371792099171,5.537189655457287,5.876882380189752
152.61068934904122,191.4983211028986,5.542296232721785,5.873515650716078
152.87966562502316,192.03794848354477,5.543616620902317,5.872806769712454
152.24820054354916,191.67954666337437,5.548174221795097,5.870540374593125
152.42794396727416,191.22708548314694,5.5482960966838135,5.876440929201049
152.69690972646754,191.76686478291347,5.550060271074401,5.8762737152227436
153.0575721404559,191.67527219637057,5.548431177441246,5.879534954722665
152.43107751019946,191.67316630230897,5.541776839287003,5.883746742845842
152.7944425276612,191.67166457374373,5.534684228028982,5.88675019997633
152.07887177535451,192.1164383126622,5.527075774563466,5.896421445938726
152.1723174408083,192.20215493289166,5.520058528817234,5.904862290641184
152.17436988215877,192.28802172065244,5.515953646116291,5.913023213204886
152.1782529854748,192.82359338676636,5.508187439484243,5.921620259347172
152.27022935833728,192.73196883144843,5.504202225057139,5.924901838685153
152.5407493178111,192.64218021371303,5.503028519430102,5.924523669715756
152.81021003855827,192.64367315330014,5.503899615625291,5.921537790541523
152.08632591024116,192.6483505536778,5.512483118024269,5.912182989786259
152.44003067094053,192.65385780279595,5.524627486508859,5.90116849154992
152.61565652113876,192.65780321107246,5.533194518178362,5.893277674996898
152.70364020972727,192.6618998524718,5.537149246350146,5.885084392198227
152.7936002742129,192.66309850465277,5.537085948019531,5.882687087836284
152.16260397722917,193.37892632131448,5.540350053085535,5.889578298971708
152.15547762494342,193.74504642457381,5.554602757657076,5.877249556457176
152.14911325322018,193.121475738619,5.567331501103531,5.864312221910267
152.14202043170548,193.93968891487035,5.58151714413291,5.847982145440621
152.3157851468635,194.03575416114944,5.593947484663989,5.835831538305952
152.85899738351196,194.48379894568393,5.587441670506881,5.839674185186897
152.32314386670762,195.11384820794004,5.579486982364352,5.839181002717796
152.77495465462283,194.6657443525309,5.574914988084796,5.836339131985227
152.1440916468119,194.6718755695736,5.578790007660328,5.824076697899816
152.68327639823187,194.67845833133765,5.577794408024612,5.810911174371723
152.86566746959818,194.6815257373239,5.571692867022081,5.8047763623992195
152.33206314949533,194.6865751686105,5.564015937388683,5.794677499826052
152.8716141894648,195.14125303535798,5.558120904547755,5.7796609722460595
152.33884126515053,195.50542357237296,5.552431406461677,5.765476796025846
152.967405931437,196.13643834457253,5.542890236362535,5.7510354141005475
152.7069297490719,196.22869061033697,5.530293965023096,5.744380427928276
153.423015146153,196.67339762551273,5.518490571212219,5.742696022796359
153.25040549729638,196.4103255606232,5.509044401185394,5.736841950965343
153.07537140862829,197.38769133110264,5.504929600513879,5.730116789048924
152.63168010565965,197.39561729355637,5.507707309668266,5.7142648641414695
153.3423638996335,197.48856140242756,5.500071616246235,5.705093133214802
152.81600675879326,197.40390975135566,5.494074481070082,5.697944532549184
153.25876801805813,197.31992108383395,5.489776749978259,5.689676910104976
152.73445580452156,197.40769278007178,5.482117065379447,5.690180869574638
152.91109020954698,197.76319506771213,5.4807163993612935,5.682912582359338
153.26176161983437,198.47392602485294,5.482565465335565,5.667834441175749
152.56225833521114,198.1277492424488,5.476845721660595,5.657824849523296
152.74109674016904,198.83249112039775,5.469855616264597,5.651087911704833
152.91739247042594,198.74939255821366,5.467518465692738,5.642157881102079
153.18090212790503,198.6663011474678,5.465349537393143,5.633390573707638
153.88474231197677,199.36513685135031,5.455895572691274,5.633945569384224
153.36573769079163,199.10053508666778,5.4460795734534235,5.639236477945253
152.84623212654782,199.8851619127613,5.437699016854743,5.641070353387572
153.46232779955974,200.0542991731488,5.426737890082126,5.6517187523986765
153.20366876649598,200.05605703510406,5.420691286212231,5.6482030284881155
154.16043304771094,200.84450743307974,5.424507721643907,5.640039048969042
154.24929447613187,200.93459609643847,5.421021431008394,5.634098288457916
154.3381010144894,201.02458222684515,5.4174966432850065,5.628214316636213
153.47090370432858,201.20144264514872,5.412488355088555,5.622374061732717
153.55874471885818,200.59564462962888,5.410575828329064,5.61758357667428
153.64593396488783,201.29044426149844,5.409861488723252,5.617297532563454
153.7322970686873,200.8573120909847,5.410783647121153,5.615320043606728
153.7292935022631,201.55691581813417,5.416790779969566,5.605168262595225
153.724487125258,201.56414640212336,5.426403533979739,5.59070709461682
153.72014622484144,201.5715062072794,5.4350853348128485,5.5759874843047355
153.7168106765196,202.01264856162769,5.441756431456561,5.560698636764601
153.62476112808915,202.62695895833647,5.452591050542066,5.544929187774597
153.6195652872715,202.5478380270046,5.462982732177361,5.529983281526376
153.61531346553855,202.64263508169753,5.471486375643301,5.513505943301819
153.5245405103196,202.73711807084,5.480040597461029,5.497531653636986
153.51953549953353,203.09004681808116,5.490050619033168,5.483174553953888
153.51444899279142,203.70203512654984,5.500223632517412,5.468844747107964
153.50913340259726,203.10479635390914,5.510854812905733,5.454134889030599
153.41762934261016,203.71616313287097,5.521186507263809,5.44013631042014
153.41300107671194,203.46479740808957,5.530443039060231,5.425013528261446
153.4081165978901,203.6445271045743,5.54021199670387,5.410603890941354
153.40308895658498,203.8238665314075,5.550267279314148,5.396826584968869
153.40019732302287,204.4319633936813,5.556050546438347,5.387369477017026
153.39878738264048,204.43451611232896,5.558870427203149,5.382264039721689
153.39973620021678,204.43538276757027,5.556972792050535,5.380530729239052
153.40181279553346,204.94879147373223,5.552819601417177,5.3871445978852215
153.4012031841952,205.6396063908971,5.554038824093693,5.383738457624563
153.39696587017704,205.29661968909588,5.5625134521300215,5.380738895481146
153.3931656486927,205.98747790859306,5.570113895098696,5.377652367272825
153.38948512928644,205.8170379093927,5.577474933911208,5.3737341508565235
153.56059407736817,206.68057796890977,5.580162085460771,5.371179270387191
153.38869500893819,206.25129094949705,5.579051786225833,5.367482218975462
153.30381360786103,206.85530704655022,5.576436275728569,5.366098213430022
153.04551555924814,206.16792166794093,5.576086116917538,5.362345621217221
154.25042991994817,206.85667965970342,5.577765036181597,5.362834003786033
153.38868183773332,206.59760196390954,5.57841533762854,5.364135636478974
153.54943792286232,207.28373439180737,5.576191875569673,5.373124084509164
154.58538708411007,208.05609705226027,5.5733666586990145,5.380203592822013
154.32856555437087,208.65840278360645,5.5695383270114505,5.383025376183468
153.6188470342228,208.0187238604279,5.572870182787733,5.378517677657745
153.60160117492242,208.21165426783725,5.578964686593023,5.3776876443151576
154.55312160859265,209.07149587305236,5.573846519125291,5.383388706496551
154.63736922372922,208.5544626884667,5.577899657394556,5.382164864413477
154.72543599458197,209.5882507009947,5.57435867571846,5.385699559710897
153.85230538320604,209.18301361186593,5.567433907386234,5.393746539152877
153.84962626721398,209.40344676506547,5.556950444496079,5.4049867857823655
154.80449088623234,208.87921350308508,5.546093849860293,5.417704595160811
154.89483414643144,209.30558400807493,5.538062613068307,5.428240003211915
154.89817514978859,208.6952001701413,5.531380606354004,5.440139081257014
154.7245127988133,209.99205217840327,5.533148620456556,5.438110223593303
154.98213184663513,211.54662850513242,5.536232852448156,5.438891535946766
155.58623370891343,210.85250386897067,5.537873463121893,5.444461568007024
155.32306797835702,211.46178614185536,5.545359142443948,5.436537179749501
154.88760545746663,211.55049810598365,5.551578552031866,5.432054377931457
154.80573618296006,211.5080353282916,5.547416469758599,5.4414129501776305
154.8736829257162,211.74076567357375,5.554562673232836,5.439683772348455
155.1310828466437,212.6060711360963,5.5591689604326415,5.440426610819504
155.30156535971727,212.6062305382837,5.564642842626052,5.4401078064446216
154.5202619521637,212.695150664091,5.56754618736347,5.435567940426713
154.69104900436386,212.87157709878096,5.572520626184687,5.429263614268323
154.68728888517322,213.04320397524822,5.58004086456598,5.432515406680739
154.7739492311144,213.29925899794912,5.580142365360772,5.440671939310275
154.85987100819526,212.602017603307,5.581851467490163,5.446733478265671
155.03468855215053,212.5968556505847,5.579566868307084,5.457057383710261
154.94951412481885,212.76551578007758,5.576113293605154,5.467341983455149
154.6879418722324,213.3722334161096,5.577526080989776,5.471280719563705
154.34218923194882,212.58344013925756,5.573051576180674,5.482912756171115
154.34331367790625,213.54006682790626,5.570802684265785,5.484849885437858
154.34568511811025,213.9728311513374,5.566059803857787,5.489838485723117
155.2505023012825,214.65989589155637,5.571007943434326,5.489688732534808
155.28451919001222,214.87207237576828,5.583035343893187,5.480103124929176
155.3196874673105,215.08846093461804,5.588359748172027,5.487351184961846
155.35071853885066,215.33287553217656,5.596901302209692,5.485493342623095
155.38170919540792,215.5496135722772,5.599762987209136,5.488806623370319
154.07089563391787,215.3730530775865,5.602075741874586,5.492685696976404
155.3108654028874,215.9709009874032,5.605021464305492,5.501352799045028
153.9987515325187,215.79214380286285,5.6057248022364465,5.509063914418205
155.22055086404453,216.40685164856293,5.608618077513576,5.513124081886339
155.21335457394477,216.64670049104672,5.611716413627237,5.5212264011923855
155.18300887219306,216.84828094530766,5.621745087353202,5.520147089911354
155.20545821358778,217.07372482256835,5.6295044689036,5.5110718062608575
155.18470521916095,217.26931217382753,5.63545265381557,5.512473259903985
153.43097402570405,215.07325743506422,5.631810684797077,5.515702292515229
155.03666246959193,217.5062785509189,5.63453869254941,5.513786266541793
154.3336826468673,215.4890121941713,5.636005554686274,5.510402228013718
153.63176834780896,215.8394039886962,5.635584595496902,5.5117434176169695
154.16284312652317,217.50184989751628,5.62670962406956,5.522221122313764
154.72191881323133,217.98574222471777,5.624108892829596,5.521361925804818
154.01975355972812,217.4584684071909,5.624300512456547,5.52280539532394
154.6405322792247,218.33664429046755,5.623532203859453,5.5233327267419225
153.76457486587753,217.634110932198,5.620052960782236,5.524084187463745
153.7653163089802,218.07361909166525,5.618570074576896,5.522550848235217
153.7660579397946,218.51300701552478,5.617086812948137,5.52102047139678
154.27513497813385,218.89132888688252,5.6108189900985055,5.523491158842939
153.05340799521437,217.13306984820656,5.59948329507866,5.533166863539426
153.76055244611146,217.5673163231148,5.587726774790646,5.541256652164375
154.03226060516988,219.05284925638617,5.578283266489078,5.551618777486494
154.02158058150786,219.21341361277382,5.5750464034622595,5.555770555757473
153.93614189591494,218.07753054637965,5.5706353843080825,5.548787614126194
153.49714154973702,218.51782648747002,5.573091381188341,5.543740427421008
153.86565644177495,219.53233869939675,5.570681325115242,5.5454160549538525
153.82100537453692,219.68692573295354,5.56496052147416,5.5505585212143425
153.78365733995219,219.87921901102558,5.568468276088299,5.546971816087367
153.2626421378069,218.30511811590122,5.560221367408912,5.544341667426171
153.17533980871923,217.87110963412917,5.559951061862855,5.537983812363431
153.26524744069138,218.22253517671578,5.554906340264714,5.534214896574722
152.3944888882166,218.74622344464765,5.550105900212838,5.534628887711852
152.48108957694782,218.22439436271506,5.551467232777299,5.530910791415435
152.48205234211736,218.74994597034475,5.5495417024382565,5.526960954863255
152.83554361026216,218.3164885674343,5.540291254533733,5.5217106502027775
153.01320527943233,217.70577059744338,5.533377302132182,5.523713739398943
153.1905593683726,218.05327499952466,5.526923926954753,5.525214540642599
153.6287742257413,218.4019163312554,5.520741333047964,5.5241295738456495
153.19614657043383,217.88032388601152,5.516321779334839,5.523704627139636
153.11093936188135,217.88157997363183,5.512877522592085,5.5211924518990525
153.373302921329,218.22763839920876,5.509445011157722,5.524135077359786
153.02770008816358,218.4875284792314,5.505622164497703,5.525626302057654
152.65717493448216,219.26790769293336,5.500717578289938,5.528136212894602
152.61361818432707,219.2966833956707,5.496773046429333,5.531579486112758
152.57655392654516,219.32641851325573,5.492098851199341,5.535742125759578
152.66063639985134,217.8543854173196,5.4976003516241825,5.52747871799953
152.74539339225814,218.4649663189253,5.5017094998529,5.521678846084279
152.82947580311318,218.03472416693958,5.507141273796656,5.514180171786508
152.9142848285977,218.64419527600242,5.511087331231553,5.510186712488225
152.91330889562016,218.0380317002166,5.513039197186633,5.507570269703318
152.56478795116928,218.2130974495617,5.515869487496305,5.504544570309138
152.3075370439952,218.5603986083645,5.509721887525914,5.50414147179495
152.37958943342832,218.9739216454053,5.516856791890679,5.499196697222532
152.2927308557991,218.71521127143646,5.51709284557117,5.496174140426473
151.77363971224412,217.9381509997924,5.514651949750642,5.489359909318782
152.3794905479132,218.54859782389565,5.51599015475587,5.4815061374557015
151.94498661825375,218.46708228078384,5.519054488398561,5.471348518544042
151.85898980246597,218.38343420713184,5.517971314898705,5.465567860772621
151.42613259550774,218.47342299498663,5.5188425852775715,5.458558913770555
150.82292110620767,218.3029243128427,5.515162873800996,5.453812652322251
151.25405640899524,218.22035729122982,5.5165877512217225,5.446207598948859
150.9117951974825,219.25534558978006,5.510543946168484,5.447929686084634
151.25813889108284,219.1722415293386,5.508151293561924,5.441564123319037
150.56819419799868,219.25988142224745,5.508555350507161,5.438720003654246
150.73938499775463,219.26382361689548,5.510968071213384,5.430835614358157
151.25358464384925,219.52669418620945,5.516433062072149,5.422026617254216
150.73812612298036,218.7535036912423,5.513804482099607,5.4180891746230735
151.08180257718942,219.0143839002151,5.515068197340128,5.412791224421442
151.682928798793,219.70668317778143,5.5174484842612515,5.404915789435349
151.0807491314827,219.10776869331102,5.517783639091934,5.3987205785862304
151.76491145329453,220.40094733605167,5.524746163128509,5.39102673246792
151.335839981303,219.79887739966526,5.52339555325793,5.391875629845724
150.73423270601617,219.20019768917686,5.523373699865707,5.385998646856648
151.33423382621004,219.89177734638682,5.525955597541661,5.377221204509532
150.81794038289462,219.29259148195067,5.528345018224894,5.373695889776273
150.98910549840267,220.23923726156286,5.529377517470047,5.3688993469886945
151.3291266593134,219.9874434595181,5.53582221791009,5.3576216843820745
150.89719972197295,219.73540705407413,5.541953296587059,5.347060817667597
151.32235752746982,219.57047024871042,5.549006038373056,5.333987087283162
150.97484517407838,219.57723647257208,5.558521322321681,5.320454639559819
151.31363130502348,219.4981687456099,5.566197862644049,5.30727789293108
150.88057203287593,219.59070844231357,5.5761978990104115,5.293422201109496
151.4728635828619,220.11012737384297,5.589739263800199,5.281548164989241
151.1241758024326,220.5421940578639,5.602378115568843,5.273335683309824
151.71680418214774,220.03449254898507,5.615881755711935,5.261229787147422
151.19896003787485,220.7242445746182,5.623948059712315,5.2518883819417015
150.17150914834232,220.38203718423136,5.623874345884783,5.251311331751224
151.45236013510123,220.30083061837618,5.630736974435947,5.242486823323657
150.51027976213445,221.07266868005553,5.631647353559554,5.239651909173071
150.50939002600379,220.90527111420644,5.633426825820913,5.232099566664227
150.5076904909224,220.90889925797637,5.636825895983608,5.224843279124326
150.507785920727,220.9143379307827,5.636635036374477,5.213965933511726
150.59631934813265,220.91811003880704,5.630411373980433,5.206421717462997
150.68303927899643,220.8376565576622,5.627597643365413,5.196702548640174
150.76726059803096,220.8439033564667,5.629582656302308,5.18420895103119
150.68460503702102,220.84776363869022,5.624633959659822,5.176488386584151
150.5997502880351,220.8541577799718,5.62428364873717,5.163700104020966
150.93624740367358,220.94341874893576,5.630692595169902,5.155028960520504
150.76720792908878,220.86479982094403,5.629146376853287,5.142454232760812
150.68439390799486,220.86995170784823,5.625186206623154,5.132150458952438
150.51947229221128,220.955648587142,5.61630466145445,5.130119088732768
150.43878622763836,221.04303300795382,5.608485075312531,5.124541962396838
150.52734340435507,221.6358890448345,5.600351810348907,5.1216975079236855
150.61394939782653,221.5487812516119,5.5959489253210934,5.127103992453808
150.5335567500005,221.04474380545886,5.587907603755784,5.12221918145593
150.95222144567342,221.8914097522064,5.593695960730293,5.1151227846013905
150.2751919397334,222.48605399312456,5.598949302800584,5.106039263848697
150.44150798406406,221.90118676600702,5.603392842232297,5.096009019758004
150.52546825851232,222.1574030181172,5.603919440008849,5.0889179555566475
150.52465631841187,221.48919480302033,5.605543320209719,5.078595937918355
150.52253846501506,221.74714995131808,5.6097790270033325,5.067294622365159
150.43731782814064,222.17158467966277,5.612131674741292,5.058868295730409
150.69082997682753,221.75159989479752,5.609079678666936,5.058884029961832
151.19445395610475,222.1679345610853,5.609493084431208,5.065932500985242
150.60594246416642,221.74565986253836,5.610078930347946,5.070169656679112
150.42751328268372,222.17932104501466,5.605383140933056,5.079549308337603
151.35159695348213,223.02291062112076,5.60758855130427,5.074527203369096
150.68241269957147,223.69288284276465,5.600597674111231,5.079942145095688
150.85538668774132,224.1942562369204,5.5909447128863405,5.086080402128661
150.27021508269138,223.60538714001868,5.5846220270616485,5.087152700007544
150.44187615255677,223.8568120489436,5.577327465762164,5.0883442498046705
150.94738326839666,224.19532662739212,5.5738284226580195,5.082991885291394
150.5285528544333,223.61083041195366,5.572592082284224,5.077528280547515
151.1988957833848,223.8651833676499,5.573291217775479,5.071841741677859
150.69773186202042,224.45121191602504,5.570058755852783,5.072938333687681
151.1986936630224,223.86769830241292,5.573498386608405,5.067041789359101
150.52945855743198,224.12077921344752,5.571807775178952,5.063440275768738
150.94889789479694,224.12052603989076,5.570110998516488,5.063946622882245
150.78152881791334,224.70442207439726,5.570013069872295,5.068080842309268
150.2782745146416,224.78943183930167,5.571627201214436,5.065543725034011
150.69591728422589,224.87679928370326,5.5736771554164335,5.058275934904942
151.28120538461104,225.2972088226403,5.574782948691827,5.054372567063531
150.69487304708642,224.62941438292236,5.576080842772114,5.051256553963407
151.36212979215193,224.79903604872248,5.580036283489,5.046630455075157
150.77680129483483,224.88520276540257,5.579618696241948,5.041593390555206
150.7779331835206,225.21844401510978,5.577354918870423,5.043948987634826
150.6953001024747,224.6348299265336,5.575409192814662,5.040693947754853
151.5317941696845,225.0539945574411,5.5737180691418375,5.038013191313205
151.44929012164022,224.47136901113024,5.571665531083862,5.033839844908994
151.53297597207103,224.97505039941535,5.571255964950847,5.028249876710532
151.45203300228331,225.6429180385274,5.566275321248962,5.027447264705248
151.3693151217634,225.31152398981183,5.564934763653766,5.023130087596392
152.2811051905825,225.81288620575222,5.5749071532667696,5.020525216034432
152.27854179008943,226.31537723037508,5.5800339542529676,5.01634372442997
151.41985004502828,226.2077732414815,5.5906632730759585,5.007818305505206
151.45983837743137,226.32556170756052,5.597232706223037,5.005253477187566
152.96413114393042,226.9946663300256,5.592904945276714,5.0022699087248155
152.46448699880906,227.5807093964594,5.591463309218057,4.997702023208812
152.96377451376472,227.25038384935485,5.593046024390738,4.991581287362016
152.4664182713047,226.7514227204856,5.588040000555143,4.989785036344852
152.88399658793648,227.33405212548954,5.58544988052067,4.990119344857782
152.5531435606062,227.2478941468981,5.581242279904658,4.9959568882214915
153.1408098737896,227.57709133822513,5.571453756222335,5.003587707101434
152.6459759900431,227.90552935691065,5.562265233912954,5.012615862931966
153.31459580392126,228.65489697606577,5.556844108322012,5.012176439557793
153.23471588816133,228.57420230849993,5.550217934675025,5.00717976952254
153.0704774038612,228.49176761288354,5.546288427298772,5.005845922767083
152.99228442145332,228.49360418159893,5.536553544215114,5.002172785336336
153.02781965060333,228.44458642782237,5.537991093030264,4.997164489590053
153.19636887369788,228.44546838095567,5.532599247342962,4.995400583323443
153.19960017483905,228.44732496058353,5.526136645060583,4.991687424067707
153.28646264588846,228.69843600749115,5.517993259740772,4.986210000589491
153.20921188953955,228.03711525188857,5.507127253072795,4.985911356868374
153.62278147138093,228.61628659948317,5.505956738676658,4.983924770680516
154.03426079640803,228.9491733603291,5.508717271511136,4.97872659529966
153.4569050298331,230.3494848774308,5.507701752829209,4.984869258401966
153.9528908647605,229.85240523190498,5.506846365451827,4.9879122669762195
153.29442589250272,230.18090564163222,5.502006145964555,4.991796529523109
153.37779459615496,229.02302522754803,5.500476634921931,4.99464681002572
154.28462985744258,229.84874606975438,5.504331017581115,4.995500494007955
154.2009195589108,230.51005831429066,5.5064484844790975,4.995301046260047
154.2838684991521,230.26111473026572,5.5058835049554835,4.997189511433156
154.5333266527508,230.84156826751538,5.503029853309911,4.993761966554713
154.94839503649035,231.50264681134536,5.499168902893731,4.99364618619551
154.6178698864326,231.34010255694687,5.499446272999383,4.988348229987526
154.70168789515793,231.09458213194034,5.496923336577505,4.984049836914343
154.94933950112843,231.0938932977767,5.496635979745913,4.9854275052416135
154.2076830403009,230.9302284714404,5.4947438746476465,4.98271159641346
154.29031494032608,231.59239016708622,5.494430108184472,4.977988473819019
154.62152523602066,231.67492801510812,5.491488861245273,4.977782613887728
154.95209039794958,231.67551648328003,5.489641698545039,4.976605677543875
154.21204051519356,231.50893214214724,5.486781927803095,4.980227796197496
155.0776607608148,232.2913993937273,5.48200390618559,4.980799591604284
155.15926668780446,232.4507101596002,5.479555018851519,4.989069080844327
155.32761923875591,232.3637204676545,5.4724798733653195,4.998233486527321
155.4933299911228,232.44219665161538,5.4707600388968265,5.006131953738228
155.39720794546648,232.8240208402496,5.467697919210643,5.0053931903492765
156.30590508856713,234.55471230907023,5.464097947851628,5.006708490134196
156.2227429447062,233.9744872072932,5.465566981099073,5.013171912367101
156.30716087793328,234.80010101006545,5.461712173250916,5.011754892883234
155.88038329451624,233.76471461239515,5.4550398255355965,5.023994100364212
155.3854664908614,234.33784394549417,5.454937934618573,5.032660182097403
155.880368748694,234.00340831893732,5.4558867309260055,5.041029227229331
156.07411599391526,234.36219420268938,5.459726587111077,5.044994113027631
156.18516505186005,234.56326850003325,5.461738297595988,5.049945423436532
156.35087697850668,234.72499440112367,5.461327579445682,5.057506756398656
156.26813516297017,234.80547622121367,5.461190796206421,5.062163530530911
156.18531119064093,234.88603069480462,5.461146412449285,5.066746911764662
156.0196381820124,235.05140018446986,5.460963413289035,5.067536948851514
156.02150963923208,234.38546135767277,5.4572204988496855,5.073220899318765
156.10493957213725,235.13269895776637,5.456166788981754,5.071001102613698
156.27294900289996,234.63212646552591,5.451656784136348,5.0776195170547185
156.43842272656372,235.6257690272761,5.4522877707854445,5.079804997414029
156.68634620326117,236.0408644075073,5.453942201568399,5.0787832105814
156.9355867039795,235.37676432981863,5.452991355655122,5.080236284562964
156.27060899460864,235.87243688869512,5.456133721669239,5.084000956355656
156.85250115124464,237.36175391979796,5.4540729605280545,5.092656028200717
156.59975150719814,237.36117182218183,5.461374733406648,5.093820223432991
157.5936222534191,237.77692111557104,5.468013390149142,5.093313365481459
157.75956764336152,238.19172956443862,5.468710481148102,5.09516614495553
157.75885376232196,237.52621030603143,5.470138243227197,5.095530594862693
157.83866650461295,238.10911075123317,5.476875096993519,5.094266072897296
156.92180173887618,237.60759296625446,5.479683207298118,5.098617231308087
157.08603935464373,238.52543332828228,5.4843287439387565,5.095100732218995
157.25155413264767,238.60947653509595,5.486453182031877,5.093591315642198
157.3346086836935,238.69205044008282,5.486930235140181,5.095029660868347
157.4164652590836,238.77501518864128,5.489833548870715,5.095716628262194
157.41909951885845,238.8559181930917,5.484565029320991,5.100583309408382
157.59054524286876,239.10197467994013,5.47500923653248,5.10847381855969
157.76267122826002,238.43086746071273,5.464045334054155,5.1175359837976755
157.8504129280739,238.9272384605307,5.455178672274743,5.124494411251919
157.1893294855768,239.75624275441527,5.444636140225871,5.132372594786613
157.27722644459863,239.5865068935885,5.4353911404203705,5.138746479963776
157.28220467126079,239.83259419169596,5.4254346870961,5.146088292485118
157.36895530753876,240.16294029040245,5.418399560105533,5.151260677333537
157.78462920874364,240.15814553044197,5.419242012904548,5.160850197254481
158.36723226852718,240.4046379257382,5.420258311027172,5.167675014243335
157.8683340632843,240.6492330304457,5.4176912472736785,5.17866654194796
157.7040879727947,241.31293448189692,5.412461103835746,5.186152936714115
158.8755666791759,241.31049175285014,5.406072822578929,5.191038394807667
157.96133762327722,241.30673506817823,5.398905367229397,5.198551764151489
158.1329788778793,241.3015666723265,5.38938612226746,5.208888555854944
158.30442797987493,241.46122912810475,5.380279742462397,5.223355468484607
158.8905468841609,242.37496110100892,5.3769146016516025,5.232691429158097
158.3086743141636,242.2864108025848,5.371123887431769,5.242715475404203
158.72882218786415,242.44932596494428,5.3665482323248925,5.251173187603006
159.14809316156786,243.03122445180088,5.364035001980416,5.2578164177780025
158.5641685502592,242.27390233465343,5.360986106183914,5.267020214112255
159.06697701372593,243.02556716533545,5.359580436414811,5.27000743849479
158.4831509678182,242.93911580263517,5.3554773366954604,5.275516565104685
158.98908862678678,243.1864581477089,5.348098276111087,5.283080003633648
158.40816144178967,243.68288651415273,5.3380172126739724,5.294739356544243
159.04088663629955,243.9636096234263,5.3334602308912125,5.308205359560232
158.45867711045483,243.78952692919697,5.324783114234337,5.321200414205688
159.13267094857136,244.95950560934077,5.318021690313547,5.328388995464633
159.21515633387358,244.5378930919375,5.320710910635749,5.333314075638284
159.29821099483752,245.21174850294057,5.322381480403267,5.327842387195801
159.29864548615558,245.38098961668348,5.321512497767164,5.324800270500215
158.96558514426445,246.04858285994803,5.316999314377674,5.330881518314667
159.55001030858276,245.29798357037865,5.321930875382816,5.3229319536282445
160.4720263991373,245.88514426866578,5.321890678363051,5.322060001474501
160.72180349372485,245.79920868617197,5.325200300817866,5.326309895918844
160.97019697498143,246.63676145655828,5.331634291798677,5.328607533459288
159.9645124108564,246.549747181105,5.328469552111478,5.334758262037747
160.04919643632,246.46385823544244,5.327026341350408,5.338611313196708
159.54430751861798,245.45363600538738,5.3290275391226185,5.343502498043212
160.04690449317658,245.535517835506,5.332261393137712,5.347810138328043
159.54122375034507,245.44870486633886,5.334482529019055,5.353246018365357
