150.5,150.10000610351562,8.5,7.5
150.5308728416938,150.4752493630145,8.445636086169554,7.512431577727241
151.57161560535613,150.58949915665426,8.373756184111633,7.535132693606079
151.73315660945974,150.70704355701986,8.301120821613708,7.5504905385842225
152.64056625160035,150.82608310960237,8.233233399851757,7.561973128064759
152.5494888469599,150.94598224027982,8.166700961158053,7.570862114684519
152.58276204508013,151.06620157008854,8.100154564917567,7.5782146825664825
152.61049802881007,150.82548066411434,8.044682597457676,7.56591800173753
153.37652685696779,150.70481870124635,7.987468885286693,7.561434603449394
154.38436888584093,151.20749760830304,7.930517964205806,7.535443357668744
155.01043802517813,150.49955609134167,7.896072579909125,7.490094918338208
155.02246193057965,150.64595936570922,7.872024769106094,7.439569132279378
155.15198261520484,151.03005172363365,7.854086818097611,7.39469467115615
156.13463024016406,150.44270032795467,7.809679934469687,7.368842233582535
155.67676235331396,150.58210546417888,7.7693891476101165,7.329038601274087
156.28764278113465,150.7232343755485,7.736354456748271,7.284526011490767
156.31206524383907,150.61788575149671,7.687509531339378,7.258700716352616
156.45050392056802,150.51686292551062,7.645981348678818,7.2253971975274744
156.94180209566974,150.40897679803047,7.600071085445996,7.206997930745079
157.8901246203131,150.31041978720953,7.5687192176578275,7.170950304699661
158.0263904243901,151.13964964940223,7.528287257899954,7.137188119087231
158.0372157721431,150.3518127032309,7.5066365623939335,7.096339159071733
158.16169267258198,150.7176618704436,7.4876281889656315,7.054477106994718
158.2791178281563,150.9683808002378,7.481762011313171,7.011007514398593
158.6215544809332,151.33210393702538,7.481496171141558,6.968168706205712
159.3201967098677,150.88476787114192,7.449318975214705,6.952769330011233
159.32972358170974,151.1299767633311,7.430265231530575,6.915893220131254
159.57054716531388,151.13375394967616,7.40039296063502,6.908338847441102
160.15066577214097,151.24882331362025,7.366660985856348,6.903501167327991
159.71786867915904,151.36354334353808,7.333465694031203,6.898758476939567
160.5197648506302,151.47761314576573,7.298396982322512,6.8947222483748085
159.741657169988,151.82283070527006,7.290174735683342,6.874760389904781
159.7484146940705,151.15038538642597,7.276659687518361,6.881375860105288
160.50128755626042,151.8134657692425,7.331490211756265,6.892851879001693
161.1557755192708,151.93112131649767,7.36638683960553,6.881519543469643
161.03417825277856,151.9384405778412,7.385237377589485,6.866881020782591
161.02289672142322,152.05755769679584,7.407800440300162,6.85305247728208
161.35774923893175,152.17287596948682,7.411709036620142,6.846953809012446
161.91047236512244,151.38896504659397,7.428771955707418,6.843262814742071
161.8932687257404,151.50799438569072,7.463179234471534,6.829913300265811
161.87543442056057,151.6258205394355,7.498847844831199,6.8192938264843574
162.200930153051,151.74862672659395,7.524113524430817,6.799100500360911
162.98174707675645,152.08798297961405,7.540910883847451,6.79685851153254
162.96566488550786,152.5431526177388,7.5730752663446275,6.789381726496885
163.17808347841532,151.86633023261356,7.600430542784791,6.786449109982064
163.8425011586941,152.1999103270079,7.6304413381135445,6.798711999136574
163.82238157925917,151.62730994419746,7.670680496983395,6.808230934442673
164.0443330775195,152.30221112302686,7.682603907783686,6.8259077987466705
164.82688306195593,151.95536119478032,7.716170230355914,6.8344649589062385
164.70023432027097,152.64394849775198,7.740429048885494,6.831522342004808
164.8112696702566,152.52499444677863,7.747726273028173,6.840062519837607
165.3831810550354,152.17787145468057,7.751992293970897,6.845455229733464
166.29408830239552,151.9353000623363,7.768339507154037,6.8710575874462085
166.28031107130616,152.63211588336785,7.795893969332784,6.8600263476224965
166.96736465420153,152.3996843019225,7.805892156941544,6.8635210593800355
166.84042640677885,152.28942561818124,7.828873471323907,6.853143246399527
166.83045605235532,152.1753337298845,7.848814180170936,6.8502418433978365
166.81660671519685,152.17243462738972,7.876512854487873,6.856040048387378
167.74360421181112,152.29069678045224,7.877474040864829,6.851385264713012
167.74056226533085,152.41080772286838,7.883557933825388,6.8429731635021245
168.31461087234024,152.52487046618026,7.894306167919279,6.846616766500889
168.30553900949403,152.7653320115576,7.912449893611738,6.829681459089541
168.41504295675273,152.3089744568289,7.925444947261418,6.814384775878478
168.87534226958508,152.77263256831196,7.9326798525619875,6.814902083877586
169.80755229546028,152.6699162815679,7.924888213999764,6.7882561057172355
169.92911916626156,152.67677218120699,7.913284617531728,6.774544306439064
170.044451918257,152.79709004913522,7.913749649389782,6.7650391064315984
170.73842877632094,152.92134281138578,7.911705951606754,6.747518584987889
170.39385840675922,153.16306609449578,7.908831116577654,6.725415734869607
171.3217944855296,152.365018017148,7.895135926068372,6.709607043412636
172.1299386967371,153.0561126370004,7.887492558400265,6.706256422062241
172.25306672177254,153.74508897526707,7.870871039716521,6.706110933852033
172.4904991083884,153.2826463271735,7.854757248980964,6.713494265046923
173.29940890842178,153.04918826329225,7.841654196841523,6.721919950544398
173.30456698059734,153.74247253929101,7.831338052490432,6.710419936129792
173.4211159306953,153.51218741796674,7.827074066452297,6.713322350462808
174.22387360242604,153.41214714680152,7.823261103709275,6.684588266976356
174.23057788907937,153.42962620979108,7.8098525304026385,6.649630140997225
174.35289691360256,153.4465166520972,7.792739536782262,6.615849256384991
175.15619401607083,153.46270983144603,7.77316854971053,6.5834628976872915
175.16961415710622,153.47707574926062,7.746328267639756,6.554731062058149
175.1814494802696,153.60280153159223,7.722657621312978,6.528297499155528
175.97056464175466,153.61108788357706,7.714018815887151,6.511724795185912
176.09241140386706,153.61275262025143,7.694152636462326,6.508395321837164
176.98031914966174,154.39796659897803,7.706074825849744,6.502237835238561
176.6510367328362,153.61484788585548,7.693983416191536,6.5036106937619484
177.10012654074038,154.40236874563809,7.689354227542011,6.492282221724712
178.10818082748455,154.41091806900155,7.681450408634064,6.475183574997825
178.88381678712972,154.4221215703345,7.689335351972523,6.452776572331919
178.76876019787036,154.4329817319104,7.696951047452378,6.4310562491801555
178.76879056766188,154.43819002687326,7.6968903078693405,6.420639659254407
179.3207048650585,154.44135029132727,7.703542080611095,6.414319130346351
179.22242844333573,154.55328523639614,7.677998273933575,6.412545890331732
179.23367430868254,154.66914331599628,7.655506543239947,6.402504233943918
180.00638424731463,154.67393196434978,7.658248963092101,6.392926937236943
180.781553013865,154.67347786257295,7.655289070599477,6.393835140790624
180.78271105180212,154.77760895283177,7.6529729947252,6.406595936915227
181.5526439614044,154.77090878187914,7.661457653742377,6.419996278820443
181.4389912395543,154.76264357517334,7.667223476493699,6.436526692232063
181.42569310380145,155.07210495492686,7.693819747999367,6.483288337941994
182.1976477383957,154.94337867593637,7.711316350587396,6.517682914240586
182.53027218442782,155.16555264192277,7.717712060461311,6.521098050226565
183.3111174037698,155.8281795590851,7.724267921547224,6.540055329990312
183.31323664861839,155.0523254680701,7.7200294318500085,6.52067371127612
183.77539403943618,155.39648603895614,7.691971109075485,6.504544913649839
184.0172140002462,155.2982552453724,7.655074360346167,6.477634914371991
184.9222581229168,155.311876639049,7.623939430060109,6.450392127018785
185.82085739873966,155.4344485677456,7.5983433518318995,6.4266985788027915
186.05963597479467,155.5474762392878,7.562134286788649,6.421317279251833
186.62942349383877,155.6666564137829,7.52270198581577,6.402985477684641
186.54042144431463,155.78554974289816,7.481581221172387,6.384323683145813
186.5533419200879,156.01775644977053,7.455740269625887,6.356289700104506
186.8864793188199,155.4855748226469,7.441485281844664,6.333953271547116
187.54106468041405,155.9273046752132,7.432878667896215,6.3175363059077245
187.4363131546587,155.82136019726664,7.426017913518772,6.3130614559127
187.43698460237874,156.46736954361117,7.424675018078696,6.318158209311526
187.978281534397,156.3574512871559,7.4233167591322955,6.3217476012040414
188.73327971345128,155.82521629664666,7.427307360404614,6.304798325521893
188.84239041368508,156.48498421110952,7.425158891881712,6.281700088264342
188.7259564642729,155.63853682684456,7.442358601219218,6.249249340899604
190.56727000310602,155.65505129407416,7.42172041899311,6.216220406440427
191.3322822770895,155.6686826914204,7.393621887453771,6.188957611747902
191.35147693157214,155.78367563203776,7.3552325784884625,6.17266019408528
191.583957057796,155.78565266154465,7.3159404970189295,6.168706135071495
192.23802599415038,155.90311415075254,7.280789146117387,6.145947576956946
192.14905113475257,156.64725471478874,7.2474830913975055,6.136456863493006
192.06070279487284,155.80744903873574,7.213590693420736,6.1313555937088395
192.26812279752974,155.9182450826219,7.2187182793369375,6.119747301551562
192.4593062410925,156.0272766731329,7.256103914891662,6.111560381869687
193.17523246567004,156.2331386139825,7.296501294171626,6.120479308294753
193.67777169792785,156.65533365952325,7.346862936708107,6.120441302854991
194.3976843843431,156.2171539678596,7.390082503672894,6.149346434870781
194.48627595282468,157.0587827678054,7.425894784609015,6.170052178173002
195.1136252022772,157.04440388164628,7.454481872129109,6.198809950491302
195.11149063956478,157.03003099374763,7.458750997554,6.227555726288603
195.2217973917228,157.01183456957517,7.453451748410269,6.2639485746335115
196.19581704835207,156.68094918785658,7.447782627253558,6.278262607370064
196.96874496137906,157.54326713768808,7.413660419802975,6.281322271825165
196.8715277633061,156.8008683065469,7.392610176737279,6.257727459626096
196.9835490310146,157.0314417579301,7.383347772566233,6.226140819351722
197.32309349876806,157.46463590976643,7.3466454567052235,6.216268008540224
197.97542388503297,156.73112785276123,7.322406622485206,6.189458527855832
198.5122605232233,156.8542402491564,7.311724325966131,6.155831931037827
199.26042945053007,156.97617961433488,7.298631304928636,6.123845319763104
199.27524754993715,157.1998114819742,7.268995106114449,6.098931749852382
199.71327459323885,157.3171804502464,7.234208364833656,6.074510649638646
200.46508389864906,157.42945339915448,7.19629950018838,6.05935185841896
200.48566813962603,157.5329083272391,7.155131018234451,6.061000366613845
200.81789291949588,156.81158277254198,7.11453046571126,6.04800379250292
200.8378585929025,157.5459698411093,7.074599118898,6.029026396361535
200.96034346248675,157.44739318173256,7.035821391345664,6.019987703498826
201.80021389202057,157.3576509660213,6.999661694972511,5.994024489584564
202.62711587154163,157.26917608558438,6.981631432513422,5.96650253838557
202.3397902863591,157.17593273680058,6.945029913260123,5.949238339413686
203.7669458894231,157.08967036017174,6.931429353464432,5.918855189361946
203.67476905559138,157.10212660308196,6.913573460620671,5.893942703541493
203.68975680890196,157.11223864292646,6.883597953999551,5.87371862385248
203.9023107557731,157.12357840776596,6.8599804478054764,5.851039094173457
204.30429383417209,157.13748618525017,6.856077595918722,5.8232235392050455
204.50306637965815,157.94781238163372,6.8575491900425645,5.798637886821787
204.7981678379526,157.85025373479905,6.864752935125017,5.794619626600645
205.58534481096956,157.65594461534258,6.883855344973114,5.784873776543078
205.87545064533094,157.56137533711345,6.901603050873755,5.774692541460168
206.66922509984497,158.36407408538793,6.909489322061452,5.764730225126983
206.7629755523621,158.26714627407964,6.921378784806566,5.75919547996422
207.4507190433589,158.17285603463347,6.9422818869010365,5.748291661129636
207.3485225909565,158.1758370721777,6.947044496785007,5.742329586041186
207.44727433102315,158.17892379722664,6.949148406177858,5.736156135943311
207.64508524359937,158.17961906237116,6.9526068228119975,5.734765605654287
208.0294122601367,158.28199084064644,6.98223635935593,5.729592941508367
207.60344556008317,158.37810405814068,7.034397145510645,5.737309660008004
208.085395385923,158.27467258268894,7.074846292316986,5.743302851214335
209.50539692121066,157.9833790858993,7.057077305582971,5.721125398256176
209.71738224041036,158.59551447810398,7.035019475332066,5.7025930382922425
210.22917196578402,158.2985644576872,7.013028856305442,5.695539780093357
210.83910704455008,158.3071756259395,6.992354060797747,5.6783174435888295
211.54614338018678,158.31266780164236,6.973169261784649,5.6673330921830996
211.4634224833499,158.51498821512877,6.9398137554791335,5.6602868651688825
211.96858483998903,158.92216186163603,6.92034324013778,5.638622930503832
212.47317923649504,158.24153402714552,6.89876110661374,5.617229276201646
212.2903442275513,158.83762828437114,6.870743648437008,5.606103189943281
212.8915195130925,158.6549473515199,6.845792797380726,5.578998482303703
213.4920852165223,159.44975549124788,6.817130930036277,5.552674922201209
213.50644890094077,159.36527528411386,6.788403561199318,5.527089848035231
214.19365789095065,159.28212652135716,6.769817823547302,5.499697053210389
214.01357370229445,159.29395843547707,6.7440627758865395,5.476033224970581
214.79692953234417,159.30484755752255,6.714817274570032,5.454254980879613
214.90459907513264,158.74341575129122,6.690859905549388,5.428828294004657
215.48638367509216,159.51730977985767,6.670904880985177,5.405859137344874
216.1657820213062,159.2418663351558,6.641577774713562,5.386973346967242
216.17971427482271,159.9152372246156,6.613713267680531,5.3644091921963195
216.28498744672544,159.45607218775726,6.591542101086141,5.340863379857547
216.48690519405383,159.37053112958853,6.563013951077673,5.32429182387083
217.24516127988073,159.2883622995451,6.542080942750014,5.3016820885419556
217.16196081852183,159.95188394046247,6.522221810470003,5.2784591916921135
217.4479686128328,159.96311464135115,6.506944021276198,5.255997789914713
218.56610289197937,159.88081086663888,6.490448850160103,5.235624223741159
218.6592513252755,159.8917840583395,6.488550030192946,5.2136778403399004
218.65819606341762,160.45467581011778,6.49066055390872,5.191975027098793
219.30093216984736,159.82261601195893,6.491047088294285,5.170235876171459
219.0249327100412,160.4736430587927,6.493003435012578,5.151614452589976
219.8445192203087,159.84232047403106,6.501508867505354,5.132731936424941
220.48744013133756,160.49105952486056,6.495960834590995,5.115547623909255
220.30845092002357,160.13648888978804,6.488869121316326,5.0945486222489444
220.31334433501775,159.87333878394043,6.479082291327983,5.074592815996132
220.95997761495514,160.69905789430132,6.457094414398449,5.0576557590611
221.69110838753133,160.61685910625144,6.442829154274316,5.041053799532347
222.13791781176417,160.26525729317797,6.451767361630188,5.022211781022054
222.40900620908567,159.64228628899147,6.450615469248278,5.005762350785795
221.69036870307775,160.45166643047355,6.447439782666304,5.007509103744227
221.86064892964714,160.52782243571457,6.466951798863141,5.035233327929952
222.47762022810554,160.52020832509615,6.498508569304137,5.050461549166786
222.46921910486688,160.51010597513744,6.5153108157814215,5.070666249084236
222.54737808709288,160.50573240043684,6.541094248518908,5.079413398485443
222.99366188244105,160.512270366541,6.56171585145222,5.066337466277122
224.27298255011613,160.52294201330298,6.561434524757775,5.044994172753164
224.0025047618688,160.53365430596693,6.555226202188602,5.023569587425225
224.91947634460303,160.54357256082605,6.540722700590046,5.003733077706998
224.92502219233694,160.64532972710094,6.5296310051222095,4.981617936988129
225.19925416044796,161.10795038830184,6.523774834016685,4.9607228897805475
226.37458849529344,160.39659706779582,6.518812907332521,4.939917688942295
225.74503456099117,160.9467093018512,6.517755001643463,4.91983531308311
226.3780823962198,161.13665264438143,6.509416131596496,4.899307713854171
226.1131160925906,161.04469542682028,6.501697518821549,4.904005075632031
226.64150968823972,161.2170444174323,6.519967927116977,4.917659627605867
226.10041850665945,160.3974228930591,6.524084044097005,4.93980330708149
227.5348445849037,161.02633502462203,6.53686631845966,4.942694107453004
227.25880299710144,161.655873358362,6.547917018992694,4.946026548473263
227.16997104599952,161.5584566181877,6.545013944361048,4.960293051986371
228.16649552869515,161.45959539312992,6.540278204021787,4.977259754369901
228.44095853167877,161.36218803429512,6.534233764979854,4.991113949731075
228.07219948742798,161.2649881278881,6.547374352634535,5.004419387333376
228.88255092585868,160.89055486210418,6.560278298239981,5.027238442249318
229.04976383206187,161.60966849091636,6.590014253057238,5.04565825351929
230.0618180250964,161.6164416031005,6.577090817500115,5.032112029150974
230.80231424513784,161.6172830125733,6.555433580972685,5.030429210205372
230.72236827801652,161.70791927555203,6.533266551043852,5.031215648419392
230.7336189854725,161.80842269884587,6.510765136131899,5.011942183365521
231.37321359354723,162.27136242308518,6.49910631704571,4.99144158993211
230.93051373231197,161.64776476079854,6.48168762832969,4.974691138844129
232.2015167471539,162.2837392054661,6.460028340058044,4.962915620215152
232.74065993778683,161.7391951049917,6.458755259687041,4.974990520269117
232.01849369033593,161.90874821460582,6.465651313346387,4.9952434113514315
232.5596422162509,162.4361119909288,6.46404299985267,5.021204597041749
232.46650744114032,161.80378254550007,6.469799667123971,5.022273307250382
232.4639507211194,162.436061163691,6.474913107165806,5.022043863956418
232.91483708455965,161.80619598885113,6.476603699395392,5.016925566881997
234.27051394807552,162.4485727154356,6.474777563899376,4.99661832309635
234.19185138691023,162.3677259242164,6.45182611299535,4.978035332300228
235.01144927854716,162.3737882037278,6.429240446872027,4.965910773277421
235.6443658877146,162.20493265510635,6.416973559680947,4.94546006162208
235.56146894770728,162.2131373705235,6.404207011270838,4.929050630787798
235.66049085590876,162.21875334950954,6.3842613218151865,4.917818672815726
236.37946686827723,162.22743180111715,6.367193843374066,4.9004617696005
236.3026323912412,162.23121210740868,6.343795641970772,4.892901157017451
237.5500744713087,162.3208782518754,6.321125119270475,4.890155556472191
237.56083286656823,162.94317001077573,6.299608328751366,4.8789419303084065
237.7445421971921,162.3354485299625,6.283558442808676,4.864594178367487
237.92956448504367,163.03923477254958,6.26392500278656,4.858666235917416
237.9329371276738,162.52278261087193,6.257179717526286,4.842716132069366
238.0277241097646,163.22577030162725,6.242052087805319,4.832311426243249
238.55579269671688,162.8842953806678,6.2301897480407975,4.819078045402073
239.52098492660693,162.71622128979945,6.209945413148108,4.807928022613802
239.61667397049717,162.54718342486888,6.191725594554375,4.799687214101372
240.2262622004364,163.2437715764048,6.18176918850398,4.78847668683294
240.14885691859266,163.16472331665844,6.164168667467592,4.774162121601799
240.15582348009755,163.08561591263125,6.150235544457806,4.760467814920764
240.50529903027297,163.09285330108537,6.1371775400390645,4.745993038012545
241.108361766854,163.01562637191807,6.128318686308376,4.729408807856926
240.68618575271512,163.02358051138546,6.119507358391144,4.7135005289221645
241.62641108322077,162.9461341442221,6.111685137516105,4.698154314145602
242.31010001846434,162.78453801784067,6.103262851737164,4.681607670731409
242.06010819533225,162.70782207456722,6.094832963679551,4.665568379171057
242.15231998625956,162.63057091035006,6.079490399499326,4.65098968993099
243.4261686794641,163.22525047709712,6.060930602961034,4.64189476504329
244.10852840586205,162.63992672363955,6.041632452265203,4.635298632620851
243.9491350783334,163.31456390508427,6.024867889819017,4.62822913974529
244.37224187136164,162.98536766761993,6.015676719661877,4.617003681954516
244.964669746514,163.65768251041737,6.000389453902619,4.609023692983019
244.88856058643165,163.4125334383901,5.985889981354253,4.599168458898228
245.06397141098,163.24949431766913,5.967739991217092,4.592575041380643
245.48688950099614,163.16645125945516,5.951660267830084,4.5927098664795105
246.06853228847754,163.91165064412652,5.948330339917258,4.593682643343911
245.6540695480204,163.4115469377919,5.948891138298806,4.599852436973858
245.4847520627362,163.2417201363118,5.955962138547047,4.607942069613853
246.46960367960386,162.98724963370228,5.978519750723851,4.61881786335486
246.87932763610434,163.72928273471103,5.9917889946752805,4.633642543851567
246.53972342133005,163.63960603689003,6.003047220170561,4.646008388480275
246.61504975241527,163.6337556635143,6.01975545909547,4.65770913523168
247.53901856295101,163.72227148128493,6.01769131652662,4.648484179554314
248.04945095154045,163.8120962549248,6.002576051700165,4.63645955099995
248.72500776921066,164.39850901733243,5.989048023604021,4.634021432523464
248.7310264704883,163.73623812592842,5.977010621048767,4.6229484280866195
249.07165846876467,163.9893732308601,5.962097212890462,4.616441159519037
249.74222343415983,164.5747540114395,5.9509981115380155,4.609456574118374
249.74453561190896,163.91641168559184,5.94637375603977,4.598376765042071
250.16055549076873,164.5008074727645,5.942931493213329,4.589621683547086
251.07484883113935,163.9253383876723,5.93511247522804,4.581889522886802
251.6576402629585,164.5063942808795,5.926482393940969,4.5767305188235765
251.0836979656223,164.01312432507493,5.918925088191277,4.572891658642321
252.07844284051427,164.673497572969,5.908057427230536,4.571226555402985
252.74333521379558,164.26256257159147,5.895809058444114,4.5696363220478995
252.42023104287875,163.7712541478534,5.884101317485109,4.565379045335087
253.65952647879845,164.42976990409613,5.868972682919568,4.562194059395685
253.09286552236685,164.1874206124899,5.854660241454476,4.555049347896044
253.7513231705588,165.0908023481722,5.846646789005617,4.548025911942064
253.59310262155526,165.09477674569837,5.836335979419576,4.540077116889722
253.68006825109984,165.09865381079544,5.825493722683297,4.532322986695574
254.33710276261172,165.10414107596756,5.813801456303283,4.52134845635135
255.23728690647604,165.10938561007967,5.800270883122781,4.510859388127158
255.48839120349226,165.11316331640705,5.784249155914256,4.503303975472346
255.98040846541264,165.11781552899728,5.770381259971973,4.493999550291907
256.1481681587359,165.1176835375831,5.757523975633353,4.4942635331202325
256.7153603649733,165.11638493415057,5.751110865203298,4.496860739985321
256.1546930354783,165.11551183570853,5.744865115666563,4.4986069368694155
256.80248290659085,164.70890080050748,5.737411539926887,4.506750153218125
256.80431095895307,164.38337945010034,5.733755435202491,4.513656499978469
257.28306174443304,164.46291918280843,5.742795949514135,4.515667382107568
257.92774045917383,164.54429885639013,5.7435296173896315,4.514169422113792
258.4164057654098,164.63087128634362,5.733688658382983,4.502272837784385
259.06597205593306,164.71754948536,5.7217909566014695,4.4898207996597295
259.71170708950757,165.36508596577642,5.714480397056175,4.478907346430698
259.7940239950934,165.37041109104663,5.710077287484786,4.468257095890237
260.35931042331015,165.29579397361604,5.699435864804983,4.45750112592946
260.2848576058983,165.30104255668994,5.688688946937773,4.447003959781692
260.28829709380034,165.30629811772576,5.681809971133722,4.436492837710044
260.6102904302239,165.31180772523751,5.673988722086508,4.425473622686514
261.33129157621164,165.3964254210469,5.660669234824039,4.414980764924716
261.8116083571469,165.48088902356668,5.650244850370987,4.4044217561214385
262.2909162436,165.56513625553498,5.639851370217336,4.393964340976961
262.29710354670476,166.04306068608312,5.627476764007792,4.3843636217387365
262.84827551977554,165.41814908473472,5.626671334836101,4.375285662184244
263.479540680469,165.97247180847936,5.621762061162393,4.367058631443976
263.48373089665506,165.34869194689915,5.613381628790225,4.358668660822858
264.03278455179753,165.90197844899407,5.612377898466694,4.349199236594441
264.66060523396715,165.3577272168114,5.609213357773234,4.341784480269654
264.66562890565814,165.986664907445,5.599166014391277,4.335033352048375
265.2926336858717,165.60076368152593,5.594173307249383,4.326200270583225
265.29675423528516,166.2279379532086,5.5859322084224665,4.319107739366966
265.5349376031784,165.84275038553665,5.576562306908587,4.311154817590042
266.1611393342742,166.46715686663762,5.567302575709628,4.305485586380722
267.01798147943,166.47007426322756,5.560369419614667,4.2996507932008505
267.2483926808778,166.4734642491584,5.56442181437319,4.292870821339136
266.62521598486296,166.47743947025532,5.571497329319341,4.284920379145323
267.16282254786637,166.4795360006749,5.580501844578149,4.2807273183061865
267.77445789241443,166.48163696314734,5.596889865580383,4.276525393361281
268.07973832675737,166.56091625716297,5.606884531649811,4.273105689018857
268.6184833398261,166.63943792038424,5.616043346423576,4.271297911277968
268.53608159230873,166.79500707352562,5.625501125652756,4.270851036606426
268.60774099322987,166.86999796971824,5.637664941944323,4.276351862355071
269.1422049191029,165.78032983640261,5.659042057733297,4.275078193916368
269.67888292073553,166.55945963140798,5.678125921348905,4.277446985164193
269.58981296287004,166.1704668235271,5.699873567016259,4.273471250608445
269.57913354526823,166.1699142766073,5.721232402219937,4.274576344448064
270.19628484706874,165.77844040889335,5.742942807125903,4.272515949559105
270.0293052017362,166.55638501419003,5.762305654295163,4.289608956445226
271.75716303420216,166.62795522542393,5.779786427973519,4.304341099368811
272.2239613216061,166.7803462539637,5.796467642585946,4.3163183054294025
271.97900513023393,167.40699891291604,5.809891702842186,4.3336485141598295
272.61046158702726,166.9987844532556,5.821517231357642,4.353490907166841
272.6873659605545,166.98839717604477,5.827527353269907,4.374265461588466
273.2424293591837,166.97997381572333,5.839151379815064,4.391112182231396
272.8366724861394,166.97186042770406,5.847152439061658,4.407338958269932
273.47966238790303,167.28508985649097,5.8498894862174255,4.425238526037607
274.7785593268272,167.6080356291756,5.834875379143151,4.425041923361877
274.78510039388397,167.20654776048627,5.821793245029527,4.422059181043105
274.8728165603816,167.85290290152543,5.807304483122113,4.416897467667531
276.08291224013436,167.2151804840247,5.796689285297461,4.40723501643916
276.64860154913595,167.78065008191453,5.7875426004683135,4.398527753833531
276.33432082446916,168.26545697410762,5.775954991886365,4.3891375563206845
276.336480884085,167.6318874332499,5.771634872654706,4.378618100941178
276.33535802423654,168.11565286781493,5.7738805923515395,4.367905591607162
276.8917377732655,167.5621838636951,5.776424229461393,4.359540464678988
277.6084738600607,168.12343548847196,5.776032190892545,4.351655097919905
277.6886018150445,167.56902638076517,5.774872585948912,4.346799178166615
277.8455975009887,168.2060636265451,5.7788797769583455,4.344718938197996
278.4788582407888,167.81249138656273,5.784568748877209,4.336731885963315
278.4805085845133,168.4518646977643,5.78126806142814,4.329843982125003
278.64139927751813,168.13791930199986,5.777125569685829,4.3224569851192385
279.2779593681945,168.06263924630997,5.773089930889087,4.31438152867952
279.3613517087588,168.06759783310935,5.764747291801716,4.304464355080785
279.4420688171791,168.07251700305247,5.761465904046917,4.294626015194498
279.52193776983364,167.9950518210367,5.759669904829605,4.291614473134373
279.9936799221123,167.9178283351909,5.763377364102136,4.288196150854344
280.62327439812424,167.92046368946453,5.767114341019655,4.282925442307117
280.6257872192762,167.91968370219527,5.76208869871577,4.284485416845586
280.8648562683342,167.9230263738848,5.757306777696597,4.277800073466523
281.5817350991514,168.0038894257211,5.741977984057517,4.273677177348991
281.667909126135,168.4029224904503,5.726932484486493,4.262123819871411
282.224650631674,168.8787915003597,5.711641434369828,4.251693195162353
282.0756740910503,168.33445191730584,5.6966320750307045,4.245003819217012
283.329612380731,168.88680613393169,5.687049807961663,4.23329914759326
283.2595830071988,168.2673301790972,5.671302513701323,4.225802726663332
283.2676182121485,168.5046927511178,5.655232103802,4.217408923760379
283.43046591484,169.05256652686705,5.639660515115617,4.2070947307003275
283.9793638938732,168.59466002806099,5.624457923229429,4.1949705573007225
284.52690946140314,169.21739650329508,5.608952127565694,4.183309423285293
284.5300468845604,168.83852626628928,5.6026772812511245,4.17205128278643
284.6136892472635,169.45568662364934,5.588912558771488,4.165890591479312
285.0794538226575,169.23061659297412,5.5766419810840056,4.156401366279538
285.2368481344557,169.8462239865377,5.567588906620374,4.148128775683442
285.77577424182164,169.6960487840715,5.5578992369364215,4.143289882030702
285.2474923843354,169.54726270085584,5.547886698518938,4.136125976064918
286.3172522345363,169.3999911579987,5.537745422653406,4.126472143988256
286.3224152526568,170.0875749822322,5.52741938641241,4.117380050595261
286.8584807265079,170.01558010611922,5.515650313653983,4.109889534972136
286.7112118152461,170.02011203511762,5.50783089124474,4.100825676975337
287.54588619443325,170.02335123891234,5.498506565255582,4.094347269385867
287.6239048733656,170.02729470765047,5.493132632801448,4.086460331909618
288.1557919421066,170.0297453758659,5.482526520687413,4.081558995478778
287.78546347951834,170.33151046932184,5.472128411547359,4.078872836020151
287.6399977630425,170.48199809837772,5.463042138519695,4.0779152838877915
288.76860036076823,169.88308436947256,5.453660919476727,4.0769032876135425
288.7741144684897,170.3348049923367,5.4426327040338185,4.071635717209765
289.15338445465636,170.93401770437424,5.4313007135656015,4.068743064118825
288.71002115099907,170.41593616646105,5.42269655521042,4.060353579997186
289.3859990853959,171.01352447602096,5.411323154351253,4.056805821263548
289.4654769778663,171.0150556982963,5.401089820345519,4.053743376712856
289.84205938072466,171.0169260989139,5.390507886057859,4.050002575477648
289.2540319430656,171.01887643496804,5.38020845956701,4.046101903369373
289.7778343049921,171.01947313689757,5.369119499367596,4.044908499510331
290.37239867948233,171.01989792095907,5.363073030638626,4.04405893138732
289.9327204561354,170.72401709925765,5.355753690422965,4.044703383517153
289.8547808596104,170.71828614596325,5.363954564648326,4.056165290106002
289.77634492159734,170.56380684663375,5.372835928772666,4.069142864961441
290.8053379006991,170.3349555625991,5.391579354143026,4.081831993693526
289.9783822769123,171.00379798004195,5.408352921314606,4.083623442773069
290.4183941708648,170.92502164845337,5.423022463682993,4.092060550904635
291.0143469502288,170.91902498483415,5.42693205521156,4.104053878143101
290.5578721194506,170.91187082289116,5.4414873839694184,4.118362202029059
291.15128540924894,170.9818151513215,5.45616396308031,4.128661440006769
290.9176857747863,170.9770944524157,5.471623925408734,4.138102837818393
291.2912002545818,171.0446453045491,5.479442810356971,4.153970702459469
292.0428255674087,171.1143108933334,5.4896708976891615,4.165987396189428
291.9585273389028,171.26036567350403,5.50656737359727,4.177277798055661
291.9510662571876,171.78486596691303,5.521489537027614,4.193270384782915
292.2517625800418,171.63226969157057,5.530618704286639,4.193202028984112
293.40306510768625,171.55469551717397,5.519541185795832,4.195581875324126
293.4855550277125,171.55492230695037,5.507199825675932,4.195128295771325
294.025091798834,171.556000982237,5.495226495130717,4.192970945198077
293.80313288049433,171.5573890753247,5.482469116195638,4.1901947590226625
293.4292212964318,171.55828601350996,5.470366405863338,4.188400882652155
294.042035996486,171.55978508914407,5.4589070992499185,4.1854027313839515
293.8165555404052,171.56191136975133,5.4552254980406465,4.181150170169415
293.43618822633294,171.4807692529421,5.4588501972849715,4.19201241800782
293.80602050677487,171.47565209328448,5.47745756274133,4.2022467373230885
293.491555297448,171.47178521699266,5.497967078779253,4.209980489906742
294.396784308063,171.23696899514158,5.5180408030037995,4.221979997245239
294.16165216617657,171.76806672329022,5.529166223769165,4.2311085546322245
294.77071395048307,172.29963686460215,5.537961916953488,4.241522626080991
295.00032204647255,172.21810172511857,5.5397525464758335,4.250923964547696
295.5402470513786,172.13876130223426,5.536849348942965,4.255755265705037
295.0072480542373,172.0600421444252,5.525659492158663,4.259309602599294
295.93566232335627,172.135456208321,5.514083533329914,4.2622525230918535
296.0186018953947,172.13504835817145,5.501846575439079,4.263068223390904
296.4839886871592,172.13698557767108,5.491884114984694,4.259193784391636
295.953853822645,172.29037034566306,5.479381304828719,4.258930688174644
296.9544988835358,172.82777485079282,5.4678433647918085,4.2555266988545455
296.5783257180304,172.90512437348,5.456059175469407,4.253653757546902
297.27112489359075,172.98196954342393,5.4440000801380135,4.252578890524464
297.27722671414574,172.9081505490605,5.431796439028009,4.247803290388828
297.2828286817297,172.9102454311394,5.420592503860132,4.243613526231077
297.13684410885367,172.9872316228063,5.408742067524863,4.241550933940971
297.5978439145096,173.06399171658097,5.396912271547915,4.239725715614107
297.67879486797125,173.06568050167874,5.386494658300642,4.236348145418532
298.13848466489884,173.06755000693764,5.37473495874388,4.232609134900794
297.6157687004423,173.14510950136633,5.362962177289358,4.22851939038162
298.2249623104783,173.29727809851187,5.350835706531297,4.225747383419019
298.0053373872852,173.37485048413282,5.338429816064009,4.221154524461658
297.9363207727312,173.52697459026396,5.326175679751087,4.217481043041336
297.9422439431272,172.77771750251765,5.314329338959051,4.2155946876112855
298.0230321490026,172.92845446487192,5.302580900148166,4.213776708782511
298.62726338672576,173.15548605218166,5.291066210208063,4.208568953727901
299.23053793814853,173.3825066999508,5.279377405046656,4.202600269821111
299.1618729612982,173.75657326004756,5.267625777161484,4.199875057556526
299.1674038776355,173.16152685470885,5.256563944486861,4.199109770691098
299.2471644390089,173.68207616064956,5.245718095580083,4.198738075689613
299.8432048908128,173.16687651956101,5.241660742721103,4.189616750961404
300.5846953292321,173.46790717740214,5.241608501898895,4.180726889685738
300.36245159655675,172.87976031868004,5.241652219223387,4.1718372790602025
300.5085263617852,173.1053090728053,5.245511493545935,4.1647529779787105
300.80276706678575,173.40509413041497,5.2488244878801105,4.156977267094678
301.3918515498061,174.0742194743984,5.253640765397333,4.149584978130543
300.7994843193959,173.5605559137724,5.2557600424557736,4.142123813590831
301.3962179628635,172.89987095024918,5.244198117385065,4.133850208539805
301.3280968796147,173.26965921447135,5.233013497321688,4.131407612900057
301.2600569628971,173.63900542403428,5.22187745165601,4.128794589278499
301.2656075863873,173.12605923112085,5.210776204675624,4.12566648674178
301.78492220744164,173.86178643460096,5.199621846307153,4.122033342267539
302.3033542832957,173.79014647162901,5.188623781693478,4.118760970055061
301.942566796159,173.71730908108023,5.17854523253902,4.11810504646705
301.58237252719647,173.6464288968404,5.16810559557562,4.1136997799690125
302.46326195917675,173.5751897757254,5.157536965453582,4.110243836045835
302.4679285792335,173.50530455326103,5.1482037253400215,4.104298131660675
302.90693227670596,173.5090137004673,5.143056290050667,4.096879837248119
302.98243558544993,173.51221966703517,5.137327118163845,4.090467904112419
303.49302422275144,173.87881079519173,5.131749283166743,4.082713818946365
303.2780499682708,174.24462041563288,5.127074689130538,4.075466416393219
304.2192243637853,173.16356316401232,5.125632931379547,4.067303573544352
304.22146917709534,173.38343751980636,5.121143304759487,4.0611467023358205
304.5138602215582,173.3155177706213,5.113808875402687,4.052624285813705
303.86609529593284,173.10332757727932,5.112337557808109,4.04467094954923
304.72974587243226,173.17915110310906,5.112551607508494,4.036983498114718
304.87067693686384,173.61397318453623,5.1183655955319916,4.030367685920214
305.0844999184574,173.97692941130802,5.122178470939932,4.023553296702008
305.51390026478543,174.48361013460757,5.1259812813474825,4.016562603676943
304.9368523330832,173.91215662989848,5.130382616879162,4.0097750852224365
305.658669014733,174.05446864875134,5.1234371049844105,4.012488617797673
305.8075283288839,173.8278757146051,5.116671706807513,4.013161061579256
305.59565296392157,173.9702712101662,5.109880151578553,4.015398260559543
305.5988339480301,174.46965706692862,5.103518183361396,4.020752258975163
305.8893713327978,174.03759279852636,5.096187978801851,4.024263948315993
306.5702640687243,173.94799239774568,5.08873703798345,4.027949069174673
306.14400370765475,174.73392182460134,5.0812976688387685,4.032683716150575
307.43663812736287,174.65969418383173,5.075241114256219,4.037849426310148
308.15680672245355,174.30116543971812,5.067709764602713,4.0385039942734835
307.7310708830394,173.86997780650358,5.060126792400089,4.041824609671615
307.80595541244867,174.6542553927714,5.053471113518112,4.04751661643771
307.88100531191697,174.57969453911397,5.046474909439381,4.053534728894724
308.09935885410476,174.2199865693407,5.039049237478367,4.057481647750123
309.03221988884013,173.7897105285163,5.032896638301941,4.059770896955427
309.6793600389903,174.36094926877774,5.025494424432817,4.061185048815788
309.396937710026,174.00339752810686,5.018756185855891,4.061809909525555
310.4721783471956,173.71759969841867,5.010310694519573,4.062196026767794
310.5474373690942,174.3594468558913,5.002471595846924,4.062612217943707
309.9103970385415,174.07471385493182,4.993464755051971,4.0618171079069105
310.554067351084,173.5789175715532,4.987850614608337,4.056511297720894
310.12953652778987,174.222046007144,4.983460362942386,4.050432273920505
311.19467123364564,173.79943180738783,4.984334046692394,4.043203435248214
311.69205601694586,174.37081389338562,4.983373209615533,4.0362206684222635
311.62064795430115,173.8777986331694,4.984344410950397,4.029336721173417
311.4088181204677,174.44776269538738,4.9827588382482295,4.023395904388309
312.4698597103756,174.02598744639266,4.985094096754124,4.017179027049137
312.61096580411987,173.53376331971188,4.986008052828517,4.010685777940304
312.1179683842692,174.10297880483262,4.9816993997837145,4.004030227980245
312.7556223263629,173.61236094641401,4.978073540870301,3.9961799251598387
312.75582564772793,174.1804265672905,4.977666898140295,3.988970195224935
313.31843004865584,174.17849898898444,4.980395044153255,3.992825351837065
313.88418486485375,174.17742782199704,4.977656929328465,3.9949676858118583
313.4623615101346,174.17630675018876,4.974768703567524,3.9972098294283915
314.1691747152031,174.17817964821745,4.971954052152806,3.993464033371054
314.31299647955274,174.25061034785756,4.966265138382385,3.9895799415552125
314.87861013656686,174.25376432554157,4.961654648654412,3.983271986187209
314.38876180825554,174.25655195099102,4.956772107658965,3.9776967352882933
315.5156774289149,174.3302701069476,4.950763828275042,3.9707493584960742
316.0785480142293,174.26173088540642,4.94729621834433,3.9675436064911773
315.520821456723,174.33476688652308,4.94131687521243,3.9616506615259097
316.57045744836233,174.33672428763094,4.941922586320745,3.957735859310227
315.6603062467162,174.26965199706197,4.943035033731043,3.951942751534131
315.5915948188907,174.551154016999,4.940597048007123,3.948382077159295
316.2184993622167,175.04324907793205,4.94467956176905,3.9425520889483727
317.1252555782997,174.48736603662195,4.947706340368181,3.9364478880207607
317.1241294195654,175.04925981817962,4.9499586578367945,3.930109643613306
317.6821579468373,174.84312372637947,4.950804329579399,3.92354330485616
317.12231057407234,175.54371297489166,4.954345225345349,3.9175571200367942
317.60860585767847,175.47696037625846,4.958088670705028,3.9115860297929372
317.74718280611035,175.48013816457166,4.959808067991354,3.9052304531665345
318.7223079117478,175.343842575351,4.960594145601771,3.8991021617670665
318.6519220837979,175.34685280982785,4.962093601919301,3.89308169281337
318.8608240160624,175.41978285863195,4.961881656571327,3.886418901598846
319.41657206039685,175.83955275290901,4.963071660924606,3.8813936828113422
319.97292208331646,176.12075969446175,4.962549719805884,3.875068852066113
319.9725577603945,175.15154058267595,4.96327836564976,3.8687470756927795
319.97269798878426,175.50167011416326,4.9629979088703235,3.8625867380809256
320.4601638213752,175.6437729062075,4.959072892976639,3.8558116252177284
321.01448885603276,175.71629835953638,4.958782787780692,3.8493057140748506
321.08399697570394,176.20362605635574,4.958201229804537,3.84369308999946
321.63778730508614,175.23846514377195,4.957296040129464,3.8373328442608154
321.64095768926444,175.24189213030027,4.9509552717728464,3.8304788712041526
321.6441213850757,175.24529442882792,4.944627880150283,3.823674274148877
322.0620482971556,175.24728226001866,4.93558074189329,3.8196986117673526
322.6170826981603,175.2495951759458,4.926297265716075,3.8150727799130544
322.14076797605054,175.25159976218728,4.917259602347794,3.8110636074301043
322.69387491602185,175.8712013143696,4.908466972660173,3.806459409602334
323.6565202702564,175.87196100491875,4.900733170110443,3.804940028504062
323.86529236588706,175.94142559461045,4.893665277998025,3.802836282170283
324.4156485019648,176.0099605498429,4.886418385782769,3.8024495441979695
324.3510618144605,176.08009255766345,4.879025653572081,3.7987516357763402
324.35466752767866,176.14830410549138,4.871814227135646,3.7987214678640076
324.358234533589,176.21841864311446,4.864680215315024,3.794774575372689
325.3116695510531,176.76380692624946,4.8633347862828655,3.7928692124718104
325.3117514941374,176.2889016147012,4.863170900114263,3.7902784851199525
325.78798582786555,176.83417366802152,4.862791043788706,3.787835876914365
326.8106790391831,176.49665989949992,4.856911769613845,3.7830276978041106
326.744741231111,177.10994352379407,4.852988349675607,3.778651773958313
327.21948018886053,177.04464352373108,4.853185470049145,3.7735839118167505
327.15310237087164,176.64081459628622,4.850352690187129,3.7677112716674777
327.4248599565885,176.16976712520022,4.848635714122464,3.7616593719437943
327.5608080100288,176.7138151624096,4.847389222358617,3.7561617579919293
328.3711409072612,176.4459611279451,4.849318618444061,3.751004763404176
328.84438120086435,177.1920826154919,4.848970465914796,3.745541328517557
329.38420533063703,177.0597780605683,4.849862071532925,3.7400154720739045
329.65377353733646,177.06220797961703,4.850690018719305,3.7351556339764134
330.33036422483843,177.06533156987336,4.846754190654971,3.7289084534637795
330.06289790091444,177.06843356763198,4.842636178396203,3.722704457946502
330.93957483633244,177.54263347092638,4.839065301705432,3.716495494359041
330.80732856119266,177.68030370479505,4.834671884048735,3.710040994558048
331.8800077396415,177.48139272072927,4.837644918962317,3.7050508267249835
331.8114814987143,178.02060694631697,4.840462674735361,3.700500184200589
331.6759881393924,177.48604838029297,4.843042376557769,3.695989248963337
331.5410522499115,177.82327372692149,4.8445755944323174,3.692384958424419
332.276881150232,177.35608762216754,4.848390269469401,3.687820137955367
332.8145037812275,178.4294185386317,4.84608534135366,3.687038972777379
333.28410142588365,178.49756242917542,4.845377576748887,3.6848208380767185
333.2845769934253,178.49875055118056,4.844426441665675,3.682444594066436
333.8199175926676,178.56590895175407,4.845500162592289,3.682097157845873
334.42509127473716,178.63176143782957,4.840973378767436,3.684372250174268
334.36020971819227,178.63183248915203,4.836788317742387,3.6842301475293238
334.89608126510353,178.56699387302146,4.836101496816524,3.680025345678337
335.4981107532053,178.10137056015955,4.836268999857384,3.674651376434258
335.3665502242426,178.10101645821644,4.831954490953749,3.6753595803205217
335.5019764942752,178.3699926961989,4.828429068798282,3.672061340175219
336.036483213875,179.304691180648,4.827863408274174,3.672447983959078
337.10307307763594,179.17186714481804,4.831542202996443,3.6709887403385597
336.30051725042046,178.7043016592843,4.833622687856761,3.671018195823128
336.8340879402263,178.23751268482323,4.835426351214017,3.669269232147403
337.836591940977,178.90794571618108,4.834674465312756,3.6645739131652113
337.83639461821986,178.84360988788436,4.835069110826994,3.659716619433253
337.9024792116633,178.71258486792846,4.8363555678322445,3.6548553715607572
338.3016289046662,178.38153634534712,4.8384312553183655,3.649973188813516
338.23859062867444,178.91660911261295,4.831160099315208,3.6466093181751416
337.83863092702995,178.5862189575487,4.8319876642920905,3.6414797630436175
339.23897419900123,179.18629726553618,4.8266271676965085,3.6393200245030735
339.0424265089183,178.987952065982,4.820741100647475,3.637028976396667
340.10832348855104,178.9219986869207,4.814814548840996,3.636069021553133
340.5079739457602,178.85687010176372,4.812078057163121,3.633565454743628
341.04146874336294,178.6580503710199,4.806513608061736,3.6331704864422356
342.1027981513705,178.39241539578268,4.805245310457508,3.6340928073139325
341.5070166303039,178.12738798679302,4.803564533186166,3.6338170388912485
341.9055289738944,177.86250059969478,4.801855023586769,3.633381694700038
342.4362860505631,177.53206263639927,4.8004958130112625,3.631660782064895
342.1731987467901,178.06109049049203,4.796788231270056,3.6333694524539886
341.9101498987827,177.66297335824058,4.793118130212873,3.634952021348965
343.2919937450188,178.93707479707837,4.791917251064625,3.643348873701026
343.61498778302183,178.93606340200512,4.789904277430456,3.6478197015073204
343.9577150493024,178.91512802230554,4.790172570964517,3.6513433609260635
344.3078717342198,178.92212046003704,4.790091332840393,3.6551600736370453
344.7736937059087,177.9268576125472,4.787315955594138,3.655253126906059
345.50661985504235,179.05520308003503,4.780665269754474,3.6536919565909685
345.3756158406938,178.52767198547542,4.777617760494828,3.6485319938838328
345.8423597079978,179.05944385527224,4.770909808936539,3.644165149204031
346.3745569133487,178.5970974891786,4.764303802392934,3.643293027752682
346.047889968413,179.25889745972967,4.7570949720096865,3.6407785271600477
347.0398354335576,178.79979488661039,4.752567236183988,3.6352808493156457
347.63543127355854,178.6686749709731,4.747564809301611,3.633923068785837
347.5721810644336,179.39326329026073,4.7423648915494265,3.633450126233541
348.1668244105599,179.72126388907893,4.737597685756646,3.635515309963726
348.16946316475577,178.2071981964295,4.732320177364899,3.63744031549375
348.3037530504496,179.45586984825977,4.726790425970853,3.639072201772189
348.700831478635,179.84974470905823,4.721436651737211,3.640125562312461
349.29474536635297,179.32294716156804,4.716232207069426,3.642499918832317
349.90297488019036,178.99243630496505,4.7116822667433205,3.645381183397588
348.4607657163317,178.0062074410898,4.706638066678117,3.647750824023713
350.52701247776156,178.94397730750813,4.704058813482664,3.6496354371709314
350.9188177270969,178.95856746856148,4.700352034263172,3.6522638724700593
351.3261013611467,178.95064776547875,4.699659157699036,3.653239619599224
351.71398468389714,178.9406397667982,4.701871022913825,3.651677443127737
352.09480814785417,178.93932809088182,4.702600988380147,3.6524415371053514
352.4883296486005,178.98290600900495,4.699747161894064,3.654144922059416
352.9190402237439,179.02627227204235,4.701257513363814,3.6533113672431936
353.30332865864915,179.04831962751592,4.696975926179269,3.6570209971416885
353.69721289899746,179.0483866889722,4.692963726110942,3.659860132347194
354.1258090896879,179.0798014216769,4.6889761509011505,3.6626713004589813
354.5436561781834,179.11026356792507,4.684944039640191,3.6657954817705725
354.94994098775925,179.13732653697437,4.684558696015361,3.6666134505673407
355.3619569620131,179.1490342936468,4.682920448472124,3.6669496277183655
355.7569019073545,179.185198550806,4.679375723626068,3.6695984543205804
356.1113568425618,179.20928928541124,4.680808133031657,3.668110293054078
356.5150612156573,179.26142898562034,4.677285687645909,3.6714380264668773
356.89230506324435,179.30982953187316,4.674078653145604,3.6717340324481333
357.3019919698857,179.35824080135896,4.672265407930385,3.672372144352126
357.71709889620075,179.40557301547057,4.669185698736323,3.674843482954707
358.1430367475578,179.44761769760774,4.668206862035504,3.6734095471666306
358.6098625274602,179.477145619294,4.665670456061183,3.6729514403589407
359.039182494168,179.49077364849262,4.662338592138022,3.6760897438372826
359.47223095708705,179.48983970978,4.662499445226766,3.6757037531944414
359.9200906705543,179.46474204872393,4.658178597318818,3.679541419450381
360.37923525674216,178.6144740568679,4.657423985677704,3.6760846475126336
359.8564886223482,179.53269809923407,4.654847838091654,3.6737580414349176
360.90561333578154,179.46808299814774,4.6515016114444006,3.6720567935938506
361.43151412509985,179.0103902155627,4.646520736398226,3.67147424312229
360.9110500772976,178.74922403218324,4.641313946087231,3.670739166923491
361.5669810246276,178.2926478739113,4.636203959080823,3.6691651481099092
361.24326142961206,178.81543468639606,4.6307862617395,3.6681625429363467
361.24519177850624,178.29506123298805,4.62692556395108,3.665132468061925
362.09551889686514,179.2741012352483,4.621000774016505,3.6625095175219258
362.8797869693741,179.27531680387722,4.6152303365050384,3.660078380264136
363.4021753290434,178.30176214959894,4.61127459860097,3.6556483486307747
362.9495994129299,178.303786432652,4.606635545569229,3.6515997825246456
363.4712057441354,178.30592134936333,4.6020897120603985,3.6473299491020303
363.0196167914264,178.3079128532276,4.59740669651903,3.6433469413734447
363.6683468340951,178.3099030646497,4.595526959852572,3.639366518529284
363.2813268597538,178.31157034753238,4.592779110992229,3.636031952763921
364.31557107409077,178.76522315075485,4.594185337946638,3.634305258156436
365.02894838026805,179.5435876892298,4.590411864932644,3.6299192423052604
365.16038945028305,179.3522567607115,4.5859955736066915,3.6248823262857264
365.2274467629071,179.1611168806676,4.580964461896437,3.619911545760018
365.6815927327545,180.06509302832862,4.575152845809695,3.616919897654136
366.6506424536175,179.4227660523248,4.568876259468177,3.61369194607222
366.46047640167546,178.7797473372853,4.56328937918223,3.61333276225134
366.0132082270469,178.71644934976888,4.557987877881039,3.6113804729187025
365.8861968645555,178.52570157413518,4.555139860429936,3.6075699105352035
365.3748715895965,178.20674019985358,4.551151252846324,3.6038431856600117
367.92230740372844,178.75390084155123,4.548553641619133,3.6007659956318268
368.2219009333616,178.72480735059742,4.545462935743227,3.6047087097982846
368.52052016235774,178.6990379524947,4.545489287106279,3.6029796688370026
368.8188588263304,178.67244679522452,4.543214594338764,3.602479370291385
369.0114225268772,179.43974840501943,4.542280992984253,3.60465134965758
369.20428159466803,179.37540130667472,4.540819496501348,3.605259999980733
369.78177851833766,178.86334083591845,4.538482937538776,3.604796685158404
369.84783788409936,179.56736433266636,4.534393920493832,3.605076550925774
369.84975871984415,179.11868208301027,4.53055224900423,3.606639845626266
369.91588735293567,179.88516021506462,4.526233072013511,3.6089406518245473
370.1102066606771,179.62890469103567,4.521322076223942,3.6098148736247633
370.1122662511493,179.30814235177291,4.517202895279375,3.6120990550603116
371.24003811164323,179.00109795078131,4.515502045594669,3.6080574881209784
369.8344509283436,178.556073885847,4.516608151930737,3.6039929897240652
371.67729003455037,178.99443363886277,4.513511163451326,3.606197639171481
371.97377831748065,179.0157503380492,4.509729068184059,3.6090648362077298
372.27843283416337,179.04229016785888,4.505618215882378,3.6117001507104685
372.59045361919874,179.07378117544658,4.501500008451865,3.614202041061066
372.9109799639121,179.1096802835727,4.497791326892961,3.6168243612607562
373.2416244614956,179.149387586918,4.494914641676402,3.619145537801604
373.58477117762925,179.15111630758173,4.492158960636216,3.6213097224956012
373.89142576994635,179.1987058744615,4.491365599187852,3.6216977995800925
375.42421295811135,180.60171444884634,4.487738501386001,3.622465656127927
374.709276772578,179.40442082910542,4.484435325826125,3.6241080740234732
375.0449193138821,179.43167846114568,4.48131454085553,3.6271590341275894
376.00285233642506,180.45075690854344,4.478177288017191,3.6292461843961616
375.78599236132374,179.55857664979038,4.47446516002643,3.6316284037688535
376.1037098346311,179.56711572800037,4.472591923622637,3.633662162846282
376.4476020179072,179.62194415693338,4.470639126890282,3.6357472419128842
376.8189993242382,179.68095385777633,4.467434296026082,3.637964444299471
377.2077023326839,179.6957293435489,4.464722671065638,3.63900852058681
377.5654914195712,179.7087877752666,4.464602420515368,3.637628702572846
377.9377575057471,179.71821277101415,4.463935058488899,3.637023319811416
378.27689831271164,179.72464822020078,4.463245059549982,3.63523044943742
377.8317298657067,179.21578082588812,4.462003944964845,3.6340189425255947
378.8816989914467,179.67868862551552,4.463203393259239,3.6310811501913665
379.2354281533777,179.69055081086253,4.459800666632791,3.6328252739412425
379.6101550832099,179.7413551626597,4.459189966276802,3.6316572554388458
379.97909757624444,179.78771827775537,4.462506016015925,3.628071557464332
380.33974837794625,179.82715260328382,4.465976812407772,3.62448518767335
380.7098844170364,179.91356178025768,4.469665451050032,3.6210302124936473
381.11686693526735,179.97593106975012,4.473159613771375,3.6176367423085085
381.51010171931216,180.00800911450352,4.47109238188613,3.6178671419880426
381.86782827531687,180.03686672263916,4.474189891579621,3.616377541575753
382.2067665062088,180.05230576381777,4.470115402327789,3.6192374975701367
382.5002938176689,180.048304247338,4.466045209826128,3.62208413211698
382.8960725185633,180.0657716814962,4.4619779166468225,3.6249126722840748
