315.54998779296875,219.22999572753906,4.449999809265137,3.7699999809265137
315.04732617775005,218.79333554378516,4.455323039702583,3.7726583823443587
315.5000686451724,218.33896156808717,4.456078873494683,3.775165565103467
314.9820622124511,218.85588084361459,4.455971987762607,3.777446765223253
315.43408906777785,218.3375255287137,4.458768390756648,3.777757265142171
314.9146972532026,218.7909988346281,4.460766603954672,3.777997892271785
315.108407407441,217.88440224770832,4.462244969317031,3.776330588194823
315.1089938078691,217.949924778788,4.461072168460751,3.774914409729246
315.10983087557673,218.01524112373744,4.45939803304556,3.773869716929454
314.72279337889154,218.07983516395265,4.456200924565401,3.7742269868074727
313.8155645102145,217.8874187297313,4.45763411769298,3.7705545957730346
313.49077333685716,217.8894541924795,4.459892533391387,3.766483670276685
313.3604065546426,217.8265785601772,4.461757847517186,3.7628008097295624
313.2936357950877,218.08653471747004,4.4658957403305815,3.760503000329925
312.3211090795551,217.63505547918254,4.469492188915828,3.757448218414296
312.31943495763204,217.2484252167105,4.472840432761922,3.7540882696299134
311.8645790737545,217.76780907579476,4.476512363971994,3.750794650369994
312.3808992319487,217.38141261723288,4.479374575852519,3.7469606712920513
311.73243416713126,217.9008565160568,4.482103115793978,3.74343414539902
312.3131296580429,217.96713844206664,4.485360513157434,3.740275668844518
311.85926964255276,218.03384552804485,4.487247963585059,3.736266151252702
311.34060339107754,218.10002522696274,4.489627765475994,3.7332758410493527
311.3390747845783,218.1019239230486,4.492684978474497,3.7294784488776864
310.8865491541238,218.10388421276494,4.4923327308522785,3.725557869444955
310.4344960377553,218.10610255051856,4.491516147981673,3.721121193937733
310.88856049378893,217.91425268644835,4.487720973604303,3.7172493202110903
310.37368451510156,217.5938141687662,4.484915878957594,3.7127781980620402
310.56882436027564,217.27150008357907,4.481499091512561,3.7126348635977107
310.5697864024359,217.01437382956323,4.479575007191994,3.7112898239290346
310.5707459488951,217.7880166732299,4.477655914273652,3.710180880965172
310.1830286128204,217.46767588110814,4.480286846416428,3.706859348536567
309.40907133110863,216.89000278825455,4.482751073979998,3.7031177823487007
305.5435235457203,218.24116014499637,4.487942467154633,3.704869531025807
305.6065992236152,217.53115510639884,4.49066435292139,3.7072739510990287
306.0574141479657,217.91761238072596,4.4917121088819405,3.7080830635832642
305.6069422477388,218.36878028337057,4.489774005664922,3.7086291619648537
306.2524374354732,217.72366665657935,4.48840480122514,3.7092352445181778
306.0602381495093,218.10894608256578,4.4859508930181935,3.7123813528149237
305.7386478853819,218.62344934350517,4.4843122711677585,3.71508547110458
306.642554262356,218.17096768297094,4.482250856206012,3.7171731226798173
306.45078972575624,217.97558481051433,4.4788273830257355,3.7209863212131826
306.1303646246127,218.6833233343638,4.474712711187593,3.7244319965897366
305.7454371781851,218.29481852800527,4.4706565928818005,3.7275305981458056
306.77925700857054,217.9059163110534,4.466579203778288,3.731499180174253
306.0714975035549,218.41989119598506,4.463386573416028,3.735339694233588
306.52455298414367,218.03109075571237,4.460180914994069,3.739021743845647
307.04214774057243,218.8678200015551,4.456962444140322,3.7425161954162993
306.59249461472723,218.9296493689077,4.453247370491296,3.747860507188158
307.1749790055455,218.9914147626063,4.449564955306828,3.753361538285612
306.72486399577264,219.11777186225265,4.446349940863631,3.7587744915611694
307.6931890775839,219.56732273770473,4.446216091169269,3.7633803538235204
307.6933563261521,218.9839512321996,4.445881594032836,3.7675651617633923
307.7569668074894,219.630338489685,4.447895927905321,3.767143612262059
308.01521453255197,219.50089208211838,4.448438906651082,3.767517212959755
307.30432015291797,219.37103975184502,4.44821368091307,3.768673876232714
307.8221963381829,219.3061469231786,4.446774353018634,3.769170403236086
307.3055621770574,219.3060739017381,4.445843472299804,3.769316446117129
307.75649832772143,219.30600806044984,4.448811330472149,3.769448128693638
308.2733711051185,219.3065912071274,4.44955226455165,3.768281835338507
307.75594654816626,219.3072774606057,4.449973501187095,3.766909328381927
308.27317594514784,219.30826393113688,4.449817941967533,3.764936387319545
307.8200423661638,219.30968462172618,4.451308784158191,3.7620950061409304
307.7545608600127,219.69918910023645,4.453040751877034,3.758472316621164
308.52756217277977,219.89470663003243,4.457431710253125,3.75503565300679
308.52518884062187,220.2182954458979,4.46217837456887,3.7539174393148294
308.522742682474,219.44362837577808,4.467070690864639,3.7520464657858534
308.52035704686534,219.76784434714028,4.471841962081986,3.750176571139292
308.6478223698023,220.2863021833527,4.475623030828359,3.748107757195908
308.6456980141634,219.77051032048138,4.479871742106267,3.744644949158908
308.6433582075948,220.28967052041241,4.484551355243439,3.741448571619087
308.96518097556054,220.1613834327458,4.487961294826628,3.7392005567464035
308.7055505119606,220.35623352302022,4.489512661631544,3.737782546493738
308.70512222249,220.80962187360336,4.490369240572767,3.7370048218604914
308.7041940411955,220.29277236387614,4.492225603161853,3.7352712079823163
308.7038081785301,220.74673193479646,4.492997328492564,3.7333600754309653
309.28472842325175,220.74751864450133,4.495853845599183,3.7317866560212085
308.701365661904,220.29584468205914,4.497714861418967,3.7291288533355704
309.2174157058195,220.81525371305972,4.500936127905904,3.725632145652395
309.2150301301185,220.88150523791288,4.50570727930789,3.722537438271405
309.7958687846512,220.49500782788428,4.508916497222212,3.7189412403421414
309.40636196563435,221.0793077463927,4.511391109619518,3.7151499417800555
309.46899764236133,221.21033988891938,4.515519786888563,3.7118857181729568
309.855682677097,220.3059747970169,4.518614678595953,3.7088643258941705
309.2062265713648,220.43697139611768,4.523430671257259,3.70569037145324
310.2418196312405,221.1494742409526,4.523162914611571,3.7044410564184767
309.7881646779388,220.309834675496,4.524616173974202,3.701414985313251
309.3352858793519,220.63368448846583,4.524703055117459,3.7006230136812115
309.85222056939307,221.15279610453265,4.525794204961703,3.6973603114741307
309.39952075035154,220.70158036421319,4.525855135648324,3.6944530847166344
309.9807452539226,221.22023919507674,4.5269984814672934,3.691439736732756
309.5283407723807,220.89788610688797,4.527009208769018,3.689861458980368
310.62568246933455,221.80388922646327,4.529261917399264,3.6870967160374666
310.7539441754772,221.74066920877772,4.531181385288665,3.6843153113211846
309.91332999994495,221.61307866864342,4.532732471831294,3.681084504740291
310.364717695644,221.61475918598654,4.534199628005657,3.677723470054062
311.00980368735674,221.68070533963785,4.535484265996925,3.674976824893106
310.62188796090567,221.7466101537001,4.53659004736876,3.6722881420237
311.26863006765785,221.811738493366,4.53404995147627,3.671125874453102
311.20332110247756,221.94227271875346,4.535631284275854,3.668130618800284
311.0738544708978,222.45893965817004,4.536539752881251,3.666895918183689
311.0071943187714,222.3305182487718,4.540853699192958,3.665726021097914
311.0053412692861,222.0741681997416,4.5445597981636014,3.662211551668163
310.93900184700425,222.72134806013426,4.548185026999997,3.6583879881546095
310.93700928873943,222.46507998853212,4.5521701435297235,3.654734863983163
310.93450361177173,222.2086893190593,4.557181497465027,3.6513191088898886
310.9321278201938,222.1455434489373,4.561933080621017,3.648540060293388
310.99442212946616,223.0508201227588,4.5664430721063916,3.6453672530732866
311.4456546151758,223.05266440709372,4.5677923189214855,3.6416786844034856
311.8967627644599,223.05449561701417,4.569116309492181,3.638016264562579
311.4444669956992,223.05618945095702,4.570441322241712,3.6346285966768397
312.15304369874895,223.12253345648932,4.572325597644714,3.6309440112033924
311.8314444452304,223.25264033175625,4.570661527924817,3.6286752913723643
311.57389908733154,222.35176835854125,4.57011142150815,3.625676360052067
312.4123797263634,222.54619441551446,4.568240590830906,3.6233835801178995
312.41215985309015,222.86939407484093,4.568680337377318,3.62092046954238
312.4124037492273,223.3851485527522,4.568192545103093,3.6194435272976118
312.4127261856377,222.870439530229,4.5675476722822035,3.619081114117176
312.5395057049808,223.32082514239025,4.571402227365641,3.6192574679881715
312.6670781523109,222.80529870715728,4.573794731726814,3.6201607423683084
312.79428374942523,223.2556706420795,4.577023550320113,3.621156917400482
311.9550386378707,222.7399038888955,4.580000593583954,3.621605390017631
312.2749472590006,223.38549008444582,4.5848758637226625,3.6198180237141346
312.5952541757791,223.06360812884415,4.589182700588388,3.618661264494844
312.7863619097207,224.0325112935217,4.594061093376848,3.616324238498045
312.1397319441457,224.03378876822768,4.596641002723956,3.613769289086097
312.7202820801844,224.03539433070284,4.597134531693297,3.6105581641357687
312.33285709370267,224.03694744866235,4.597856397585583,3.607451928216816
313.10679431757546,224.10282784600733,4.597764930943772,3.604673048618805
313.0433230016155,224.16766091951135,4.595772214254449,3.603942250220047
312.9786185107387,224.36232345922167,4.5962882137981325,3.6012961174286513
312.91426676846993,223.5905007698744,4.596133834497316,3.5986471300620466
312.8493465400643,223.97854763175,4.597161852714898,3.595428037873392
312.65623339577695,224.36498993110982,4.597060665087616,3.5951983915576253
313.62131465638794,223.7219378317919,4.598456299241494,3.5935971532762045
313.6203988123211,224.17356169923164,4.600287987375125,3.591710381980642
313.6842044588413,224.5609181424121,4.601439874714481,3.5895765778977764
314.0055117495997,224.04750377697385,4.602555739643385,3.586436594461117
313.1033840456481,224.56403753243362,4.6048421154591805,3.583065673305859
313.68261493074965,224.43709547119192,4.604610002725504,3.579565427462703
314.5839698153445,224.43836896675293,4.6027437529935185,3.5770184363406736
314.5854649217312,224.4386288990163,4.599753540220097,3.5764985718139313
314.5865732840608,224.50414362566985,4.597536815560915,3.5739766604480483
314.5879936554643,224.63356796023461,4.5946960727540045,3.5719932320405863
314.5893308531482,224.76302820869932,4.592021677386163,3.5697865817547503
314.6548268063972,224.8925082167766,4.589309907283448,3.5673868383906884
314.78322666967193,224.9584789076942,4.588909452635214,3.5636450925061336
313.88686998940494,225.02435627617854,4.587766117598205,3.560022976649669
313.9509495259563,225.21800619040243,4.587663238308548,3.5568917296407685
314.2070236874451,225.34779812790126,4.587529520608778,3.553315157282059
314.5269437845766,224.45402049078706,4.587406234294236,3.5496630892546137
314.9747331394849,224.58383732852906,4.587001765641049,3.5457934826744695
314.46430360332323,224.77738213697702,4.585358105028405,3.5421423906295377
315.3590874371935,225.2260851388873,4.583986254570185,3.538834295450147
314.9131471153519,225.41930692518162,4.582292829241005,3.5353510381525592
314.5964268329837,224.7191728649606,4.577879210932484,3.5323399558957846
315.55345668189875,224.97525644964145,4.575635241758807,3.529990314175872
315.5534809632557,225.48577309529801,4.575586679044876,3.5280117185868547
315.6173607539294,225.42319922999172,4.575175960843446,3.5258105860535567
315.6810664561082,225.29712504480477,4.575071287688155,3.5233454940227875
315.74487857925027,225.17110367319603,4.5747120106359125,3.5208582987766173
315.04661394766487,226.18995312829128,4.57183275474003,3.51866268904677
315.4928376971831,226.25439965809886,4.569359784674767,3.5169088478560946
316.0025764575764,225.30275616779073,4.5664653227024505,3.5141025931956293
315.68567331347765,225.36803657680878,4.565356802027529,3.5105247369340424
316.5749066536517,225.43290283738952,4.563598376289078,3.5076999482446487
316.5130649630229,225.49750365248912,4.560446906305484,3.5053331692866436
316.5145069161073,225.62513196306074,4.5575630001367475,3.503572884533633
316.5152841209061,226.06839984437673,4.556008590539101,3.503765301596952
316.51656240588784,226.38487269225445,4.553452020575583,3.5040939062514216
316.39109463568525,225.75170124730582,4.551145193973816,3.504224961113761
316.328486605142,226.00591227489306,4.549773157065693,3.5021552979179007
316.26560366452,226.4491257721844,4.549005613153908,3.501462279426572
316.70923517082656,226.006379509916,4.547315495742981,3.501381908761101
317.4678353475722,226.51339942143372,4.54791472595322,3.499208474860043
317.1520680859285,226.32376472805723,4.5471640901995345,3.4991067661883752
317.02487873285304,225.9460359238,4.548654968230827,3.495900890344258
317.02389521341485,226.64261943676556,4.550622007107226,3.4932925848542355
317.02235598819516,226.58027747745643,4.55370045754658,3.491574562426416
317.0836817668235,226.58098247957616,4.557469819022076,3.4901645581869762
317.1450332565772,226.5816738990977,4.561222290954661,3.488781719143886
317.2060262280951,226.5819792697279,4.565726505744294,3.4881709778835144
317.3308416466882,226.58351358344905,4.569193498357823,3.4851023504412173
317.4556675409484,226.5850402124188,4.572645193402415,3.4820490925017245
317.7705998160158,226.5866752590876,4.575553470806302,3.4787789991641107
317.26285221652836,226.58841545191942,4.578684318431031,3.4752986135004553
318.14696739895834,226.58994753263883,4.581964436587173,3.472234452061622
317.892507773156,226.59165520808128,4.584737959321596,3.4688191011767104
317.7649290039215,226.65662178909142,4.586849646281848,3.465408864910858
317.76414295955146,226.658146085069,4.588421735021974,3.4623602729556806
317.7632408777422,226.78624318001934,4.590225898640533,3.4591131735732326
317.76267075524004,226.91437917566924,4.5913661436447955,3.455737124053825
317.8886390005749,227.10565865594086,4.592249980200165,3.452408654348348
318.01462029137764,227.35998263751955,4.593025834440955,3.449237562883176
318.20290765618006,226.79321284120252,4.595438677319128,3.445814438068012
318.5803519699436,227.30021285933546,4.598409783690536,3.442294046999951
318.95790041628453,226.85995753234994,4.601098548027646,3.4387214344487957
318.4516090540181,227.3668747305995,4.603440545733932,3.4351277647760736
319.2718051514855,227.24228941013195,4.6043884548827405,3.431784543544513
319.081817644471,228.0644053197101,4.605713541605279,3.428369076049387
319.01847833646275,228.066103475669,4.6062112594095925,3.4249727641315535
319.01813469711345,228.0677143888007,4.6068985381082594,3.4217509378681097
318.95489290147594,228.06886304820983,4.607291555448697,3.4194536190498783
319.01735062541513,228.07028058187672,4.608435040510017,3.4166185517161316
319.0168536832162,228.07167798857665,4.609428924907915,3.413823738316221
319.01583680363814,228.07311591240017,4.61146268406396,3.410947890669215
319.1404095879713,228.0746896513546,4.614283183274375,3.4078004127603925
319.2644803301633,228.13920912796632,4.618090369473724,3.4047357948285946
319.3265225110306,228.3289242050993,4.61998797851726,3.4032515528972906
319.51388621346393,227.57364317693802,4.6232200047809835,3.401975884698617
319.70139240065464,227.8261830375097,4.626251644276915,3.400954848725038
319.19507362698175,228.01568421800593,4.630537288997303,3.4000844512171327
319.6341963622493,228.20589486408983,4.634955527984312,3.3979476059874334
320.07343705946556,228.39614168035598,4.639362248839064,3.3958345942925963
319.56666701551455,227.51431381174328,4.643629307314026,3.3932625300204626
320.1322962934435,227.76798333677613,4.648006155248602,3.390650326084739
319.9410335257965,228.27417484707053,4.651915848669278,3.3879095504912558
319.8127577033109,228.78034820935727,4.656028239553602,3.385319842265231
319.68490093576077,228.27685110249402,4.65926275636844,3.3823979828496227
319.4937090464223,228.71953186161585,4.662924744016358,3.3807206436739126
320.43914386207297,228.59436261450753,4.666084048805464,3.3785219464118366
320.3736995026017,228.40612398614627,4.670692376061815,3.3761580280756633
320.2455674369374,228.21815418878052,4.674333643231978,3.373163326569579
320.1802093380135,228.97729420967448,4.678732420954802,3.3706923262799746
320.3049217418515,228.91543176039744,4.681994574296179,3.368073744325469
320.7458966762775,228.91671619689959,4.68449376803611,3.365504871321177
320.112936292442,228.91787923684,4.686959624457986,3.3631787914403137
320.55432878707245,228.91912953600132,4.688586782992159,3.360678193117651
320.9325939897861,228.92019171547048,4.6900250070770015,3.3585538341793724
320.3636900331406,228.9211162297551,4.690998482386177,3.356704805610119
320.8681600657268,228.98527963407173,4.692452458155823,3.354677252094623
320.3612088655602,229.17578739089876,4.696051597485875,3.3525254613167554
320.92860213504315,229.23985040994492,4.698028014583098,3.3507064183425803
320.485946627426,229.3666600376164,4.699190201096995,3.349701114062529
321.05363836199,228.48386119065557,4.70057891374183,3.3469865252263
320.67536767507823,228.73668882074136,4.699414224880896,3.346468640177734
320.29675997486936,229.0527767666455,4.699080532374419,3.34558365913967
321.0544183269071,229.3689253516365,4.6986264984597605,3.3444792683914293
320.99210347496376,228.92791631583043,4.697042708454445,3.343002882759113
320.8667394219653,229.6853530032743,4.695440410673855,3.342111930536156
320.74157483338416,229.49656033758447,4.693517044892698,3.3413184475005537
320.5535148531198,229.4964345739249,4.6913847487097105,3.341569974819744
321.5622312747797,229.49726550524446,4.690847037414522,3.3399081121805896
321.94124577131373,229.49794431659325,4.688940666382896,3.3385504894829765
321.24974878738357,229.49829620232035,4.686273242191386,3.33784671802882
321.6280395616538,229.4992112771161,4.685195155312059,3.33601656843726
322.0065536804582,229.49995362074912,4.683391611910544,3.334531881171258
321.44140822046995,229.50059556986474,4.681311288992977,3.333247982940022
321.8196556163098,229.56417961413655,4.679414825647417,3.331846282452112
321.12954271390396,229.56462157543325,4.676780111792895,3.330962359858696
321.4444815947045,229.62782753144802,4.6752030862829415,3.330210595047403
321.5073566276222,229.69127899296882,4.675076911570689,3.3289315631289305
321.63390544553033,229.75426515650994,4.673181111026964,3.3285601536829668
321.7589517984667,229.7552707898411,4.674220603662018,3.326548887020711
320.87952541518445,229.81907380087193,4.675391383018154,3.3244915783310667
321.1935043966869,229.819962723682,4.675096176463213,3.3227137327108682
321.6328020171329,229.82102547281207,4.674992519802615,3.3205882344507653
322.13464174545567,229.82251291750273,4.675010779492231,3.31761334506944
321.63420028782815,229.8856776403484,4.672585861559253,3.3166973785265994
322.135752619375,229.88710805827634,4.67237470598279,3.3138365426707153
321.6981773745739,230.0137751754085,4.670345702418174,3.311125020739769
321.26034507009695,230.20277282135854,4.669358511613225,3.308837643022135
321.7614234472962,230.39168811157654,4.668668474491727,3.3065570815649012
321.3244935538435,229.70402167700013,4.666581058131115,3.3054014884427123
321.88848132458526,230.0169792510356,4.664367684568207,3.3049097669943137
321.45209380983954,230.3297247467813,4.661841080640412,3.304634227945238
321.8909013250735,230.6411590129432,4.659228272129556,3.306767282733594
321.3299287697399,230.01527509446322,4.6562100664048405,3.308575879258032
321.8292613997676,230.26580227777401,4.657385116473105,3.3074416676982157
321.39214073227,230.57866713483978,4.656772478050289,3.3066076488653064
321.89165407975577,229.82955823697492,4.65739479506082,3.305351926621863
321.4546629623166,230.07960342711627,4.6567630347355795,3.3050409721697873
321.8916978508471,230.26646628127455,4.657204461591044,3.3061057798173428
321.3295880228957,230.4533510688563,4.656834552286123,3.3071993930564325
321.45506420530137,229.57779198398495,4.655815817038863,3.308782155849981
322.14168278540274,229.7655600953691,4.657330819196343,3.30817834099813
322.0794601993187,230.13980956127088,4.656785537933892,3.3096221297776593
321.89258313404554,230.26396528790485,4.655521715957341,3.3113226448583237
321.518757133334,230.44908560152157,4.653084531583613,3.3161266105232126
322.0828946232196,229.82173303328565,4.650323294227099,3.320260922090017
321.77180262614723,230.38343316537828,4.647090587945567,3.322610718672044
321.46066619270636,230.00742717576185,4.64399815301186,3.324184335726368
322.02504717450296,230.63142099192513,4.6407052482204545,3.3267178798464094
321.52650842862994,230.19240155490013,4.637431360391151,3.329449296767899
322.40338758719895,231.13007980091277,4.634222601851417,3.3296816175265422
322.2799946668615,231.1296977167683,4.631019538571758,3.3304457858154577
321.9691489116985,231.12939974558947,4.6279186556277985,3.331041728173124
321.5330879385576,231.12951072181679,4.62559163223404,3.3308197757185005
322.2839033271094,231.12966015651656,4.622549179563114,3.330520906318949
321.9728686167528,231.13021253681424,4.6204619579133315,3.3294161457236013
321.6620772562234,231.1306790226054,4.618137055063072,3.3284831741412897
322.2245153384576,231.131317447723,4.615839372269338,3.3272063239060845
321.9140800488531,231.13204395096494,4.6133343581854955,3.3257533174222136
321.4794629070695,231.19429327919946,4.610275852169854,3.3258679166078817
322.0414802918894,231.25625691006786,4.6073600366287195,3.326509427548731
321.66945293243015,231.31871183382736,4.604204092149572,3.3261346905960103
322.3552962674571,231.38133025408638,4.601809516936663,3.3253789496089965
322.10735493238207,230.51132210096006,4.59996270989157,3.3233420856782803
321.4847409507939,230.57418470288863,4.601481784066244,3.3219877707212926
321.9185778548128,230.63736265331093,4.6044096052203125,3.320003531189867
321.29542716004204,230.70056885097483,4.606876687115307,3.3179745666266878
321.72905738407394,230.76385097686733,4.6103285264419265,3.3157977844689053
321.230163041215,230.82714807263145,4.6128852718348465,3.3136075854812264
321.85232825480796,230.89009880999913,4.612622006618587,3.31211282694285
321.54131276465785,230.953203239096,4.6127622902283205,3.3102821080871925
322.10072264018663,231.01633013404106,4.613093882059788,3.3083784674069694
321.6650249777715,231.07943692719306,4.614222219501773,3.3064887364441145
322.22409047121846,231.14258318472812,4.614879952878567,3.304506079181866
321.7258847731422,231.14383607179852,4.616993771526903,3.3020003050410507
321.3523175248941,231.207246654944,4.618460398781773,3.2994571169570763
321.9109462897616,231.270559659526,4.619527846219151,3.2970894385899685
322.03404435731653,231.45801393807545,4.6218027495166405,3.294887439101885
322.15746969088195,230.65179312927705,4.623419505792861,3.29229080455235
322.34260198206255,230.83944193475887,4.625801216744818,3.2896394869018444
322.527755970031,231.15104842747797,4.6281167000802,3.2874656002508487
322.71291865687857,231.46264406850466,4.630412501432896,3.2853096099437735
321.9044500449987,230.9046738717808,4.632668034162882,3.2833934480632587
322.34004828671385,231.40117228018812,4.6309334479778546,3.28406737095747
322.71335416291515,230.9660222189951,4.629483889614639,3.2850116002975254
322.09223539850643,231.46321423375556,4.6298482153013465,3.284126133281257
322.0927572600848,230.96722325452822,4.62880449214458,3.2826821376772903
322.2795132815873,231.46468087191562,4.6277084174419425,3.2808761517087404
322.4051252990966,231.15405167292369,4.624669003272047,3.281672997570807
322.406725746149,231.71220750848684,4.6214681091672665,3.281896323677171
322.59449995276503,231.52585712392255,4.617963734065294,3.282553054675666
322.72009849379486,231.33955147061886,4.614711563994095,3.28324699330025
322.0397634631409,232.20730857017378,4.61210040325713,3.282817985883861
322.288527382751,231.89803221223917,4.6101248107816835,3.281930393322112
322.78583184472944,231.7738584494571,4.606264168541821,3.2825908484570574
322.29264401431743,231.64996270157357,4.602272137869737,3.2827904213500907
322.72764035607986,231.5261950697619,4.598451067941801,3.2828480810886242
321.8014941553379,231.0936810823412,4.595515137530072,3.28210283437875
322.11243521379816,231.77369284970885,4.591758813792716,3.2819560446463476
322.4850921746101,231.71139777265466,4.587840009970986,3.282980345787691
322.9194034963505,231.64909481200738,4.583880853913079,3.284062911736084
322.3657426640053,231.6492340502075,4.579871762914554,3.283784435335833
322.73771024497296,231.7111588178572,4.576431852390117,3.28335077527159
322.0608649885508,231.71156419170364,4.573199524241561,3.2825400275787184
322.1857467748458,231.71267391426252,4.570024567541341,3.2803205824609436
322.24891491304885,231.714005493941,4.566897979926256,3.277657423103996
322.31184852512564,231.71544040123953,4.564149258971638,3.27478760850695
322.25175292203426,231.71679119156968,4.561310821985144,3.2720860278466426
322.3143251229452,231.71818467156262,4.559108611186308,3.2692990678607243
322.37654423940234,231.71928995806744,4.557533351610585,3.2670884948511274
322.2543674220675,231.72037249665053,4.556281512925859,3.2649234176849617
322.13224991859516,231.72144962242805,4.555020224766267,3.262769166129899
321.8268367097325,231.72139081072143,4.552378680978773,3.262886789543157
321.4609097281525,231.72120124176294,4.5482995875297,3.2632659274601314
322.5049347721265,231.90451283789267,4.5444485695167485,3.264442571071519
322.07790117606834,231.90404274634633,4.540589126622858,3.265382754164168
321.65108712027194,231.96487156544174,4.536591776020847,3.2662430391440807
322.1429136966795,232.0255817673892,4.532710501888882,3.2672941200845256
321.59405862167284,232.02532839908454,4.528551251561623,3.267800856693838
322.08568672868194,232.02528940818382,4.524296710640538,3.2678788384952964
321.53743120427583,232.02531449337235,4.519999899255644,3.2678286681182183
321.967430306138,232.0253134098801,4.515723736764559,3.2678308351026857
321.358721531408,232.02556535846009,4.511329345653491,3.2673269379427827
321.7272032452123,232.0258168230911,4.50700352454656,3.2668240086806937
322.5832711736622,232.08629244324538,4.503321162660305,3.26790516087309
322.1582279864574,232.20795039054076,4.499447477487099,3.2685778547345077
321.73335107921656,232.32956502459075,4.495575265208327,3.269241737137582
322.1617419597039,232.38991773149186,4.49208458332882,3.270435048920399
321.67611775560005,231.53634368310318,4.488410191548961,3.2714682457195097
322.1652655034428,231.6576429308154,4.4847270812431255,3.272522846640005
321.74083993243147,231.77882144503448,4.481062532088245,3.2737417299668214
322.22987595985666,232.0221092578152,4.477009131563721,3.2741754315683136
321.7452495757909,232.20486263901762,4.472678620396764,3.2737623989003595
322.2338655833702,232.44823384646622,4.4684496497824595,3.2735215062752294
322.29664185238335,232.08337096304192,4.464454323636963,3.2739040018391417
321.44805418063567,231.7185194557565,4.460590311120359,3.274590149547672
321.81432952773474,232.4468149338128,4.456771880925374,3.2754637214415685
322.3625413821974,232.324906041729,4.453053478913479,3.2764581040728653
321.393582428975,231.90000096862403,4.449027139819358,3.2766676428595596
321.3955927397424,231.47570073114207,4.445006518284412,3.2760716865525983
321.397568908415,232.08235828175233,4.441054180939306,3.275185722558991
321.2785080592138,231.65845092155692,4.4368392147212266,3.2748221167778055
322.2491442783853,232.50624581342208,4.433139851000696,3.2746087733421123
322.2510070312113,232.20400111859874,4.429414345348582,3.273905183580662
322.25294925037764,231.84130289125807,4.425529907015989,3.2734789956990453
322.2547628256546,232.4459230595593,4.421902756462024,3.2732827674675256
322.31669920826454,231.96386640528226,4.418876046951346,3.270627630348395
321.4124392691787,231.5427346740839,4.4160477279677846,3.267595267405951
321.59470417699106,231.9665553795765,4.4135095323818465,3.2646009698442473
321.7159705892243,231.4857736507972,4.412129175053536,3.2615545588500137
321.77649250785925,231.84871006500708,4.411590676877929,3.2587137649959823
321.8370542760982,232.2717053166193,4.41091774717813,3.2558775092181715
321.7655535932567,232.07170206144164,4.4107335594822725,3.253301785859112
321.7650313195255,232.0697838190798,4.411857315914488,3.2503475532265043
321.77027555073806,232.06467266199084,4.411215446415113,3.2509707486814756
321.781357542676,232.0582049382813,4.409946461239891,3.2512623726647782
321.789340988668,232.0500941003944,4.408684925149154,3.2515464075838265
321.79338157787015,232.04037300875376,4.40771415317813,3.251494781994043
321.78331343774477,232.0289347168222,4.407261569822483,3.251045373114412
321.75405114897734,232.01543472420062,4.406808159681854,3.2505970759002065
321.77292909966457,232.00900297512948,4.408330464715009,3.250161134818134
321.7747582555808,232.00142418921564,4.409409874985278,3.250140843883747
321.7563233730082,231.99593207046323,4.410484694702294,3.2501262068620287
321.7607349769862,231.992987242723,4.411684489405289,3.250012611005881
321.7389606213397,231.99045397171807,4.413357544151178,3.248766672465918
321.73966566910775,231.98754949836166,4.414988121167555,3.247944508671188
321.7140377030489,231.98404135100202,4.416510994869274,3.248001777109438
321.70715311887756,231.98100743739425,4.418253619526785,3.2467735316597626
321.6699027418548,231.9766877991451,4.419832469514112,3.247770757310695
321.64705166727595,231.97343731326717,4.421012089741624,3.2462750141702954
321.66555788723286,231.97274185758795,4.42231405643799,3.24546940961325
321.6673531906475,231.97849307711405,4.423606363178592,3.244673602108866
321.6496873895548,231.99123125734283,4.4245162438518975,3.244764998355285
321.65216624248643,232.00950897036918,4.425717791439355,3.2445785328753924
321.63199143196005,231.98761171626873,4.427005427395274,3.2445153037368177
321.6356166245582,231.96804343276773,4.426680214107935,3.2451669330356205
321.61978192356133,231.95184904343301,4.426409087080304,3.2458419561147944
321.6270420984157,231.94617466850306,4.427046734043533,3.2460561509202503
321.612672351211,231.94929478807654,4.427182968483951,3.246632347067377
321.6217060134481,231.96613099644415,4.427920379668956,3.246696392766714
321.6366940193345,231.96819628238114,4.428673377497736,3.2458037189169735
321.61197398603264,231.9523856353697,4.4301358035243075,3.2449685461433604
321.6028871724425,231.97192766849096,4.4316406490314595,3.242570277117015
321.6215949430228,231.9879447224721,4.4325774217110165,3.2415487066437274
321.5952475985675,231.98457413406632,4.433938538800937,3.24157929025048
321.56716466919414,231.95960782268932,4.432669087148689,3.2408515449685438
321.5358307324802,231.96137914805718,4.43140216823372,3.2401232306820003
321.49536218653463,231.94190499529432,4.429250803173939,3.2401917582509907
321.4979974181514,231.9629271207367,4.429512487433529,3.2395180950480316
321.50321424987465,231.9724470717844,4.42989805188963,3.238758561259429
321.5071902167956,231.96322237059138,4.438520220977617,3.242141843453361
321.5147129795965,231.98394889235234,4.446297687579617,3.2445830505215514
321.5315765855898,231.98534746775,4.4482668545337765,3.2440335239196765
321.50683373816474,231.9654756225088,4.45022831629396,3.243494784446865
321.48617092870614,231.9623432829627,4.457094663263924,3.245713928844011
321.4738024528022,231.93612688470955,4.4568284278663945,3.245085758683982
321.46053311027447,231.92281184455328,4.463466170541743,3.247337521330922
321.45024867575484,231.92864959434334,4.470162005768431,3.2511198874434912
321.436413224836,231.927632647466,4.4776699104354964,3.251931493602546
321.4222423884672,231.9275565867881,4.4858079837280105,3.2513177501081865
321.40855352060987,231.92669365603598,4.4934951001405565,3.2526166172469724
321.3960380078718,231.92564226127217,4.500048592254618,3.254480682745407
321.3856961153394,231.92293090558738,4.5033950016964415,3.259665236568829
321.3746811459064,231.92009176892566,4.509053717664562,3.264876725537061
317.3452825553644,230.9440697203198,4.513772196227636,3.2644168948649677
316.91969489858576,230.8822214093343,4.5102790232575565,3.2660180187605734
316.4331822018898,230.88137439663717,4.506753764317081,3.2677120441548233
316.9230360423758,230.94137677011028,4.503391625187756,3.269750489938974
316.436591668911,231.00121712445667,4.500074986468664,3.2720954544523133
316.92621695677605,231.06126236064887,4.496935321072642,3.2740188458597284
316.3786293623352,231.12173654102423,4.494130282689493,3.275068288138389
316.92857612213334,231.42584447159942,4.491988922218734,3.276714737613333
316.50273474903196,230.7549576454072,4.4899027537916885,3.2768515241510654
317.05251331320125,231.05899528082608,4.487783727250177,3.2784640876449624
316.8698316468685,231.0594133416208,4.487351465465614,3.2776279660555367
316.38206745156685,230.9992485077156,4.487587207865482,3.2760460528405355
316.8694247831927,230.93912615092054,4.48798612505589,3.2744015688753416
315.95512460570757,230.75652376861464,4.488562553121849,3.2740015481063107
316.01524340081096,230.69560240761803,4.490195408205928,3.2739738248086088
316.07537836191625,230.63466362678503,4.4918202600932435,3.273956612376767
316.0743575008357,230.57378901032288,4.493861982254418,3.273786692333457
316.1337982941941,230.5742758858723,4.496927746075457,3.272812941234571
316.2542831036699,230.51426916343686,4.499913903985887,3.2708484976744807
316.31367119752457,230.4540178867016,4.503128658697677,3.2693601087238373
316.3121277860502,230.39335656884867,4.506215481646469,3.2686674725890876
316.3124408897784,230.27054183228339,4.505589274190096,3.2701955006912495
316.31102411283035,231.12538220646488,4.5084228280861325,3.269443267798613
316.37148623661875,231.0639718388444,4.509595530933804,3.270167052615139
316.3097197083924,230.94156149329075,4.511001958270968,3.2707344854912694
316.06557022138725,230.81890699426526,4.510671793737309,3.2717289142702777
315.639116000301,230.69665657197288,4.508399950782691,3.271892534533009
316.3716914312597,230.63572807987984,4.508891124651222,3.2716126824036023
316.0660349293704,230.57518166744927,4.509505675066367,3.2705658165920553
316.18831117203376,230.57542304962638,4.509216823128236,3.2700830522378412
316.3708877423764,231.00378897750596,4.51042219614569,3.2681877284516414
316.85982338725915,231.4318502413965,4.509404116521394,3.266811759544229
316.0662394942005,230.94449758958706,4.509680062747462,3.2649682386146077
316.31071942829976,231.25075215386514,4.508890188911253,3.262671603011397
315.94351975512046,231.61783915997742,4.5113328441780185,3.260454281878513
315.9434887493108,231.19160416724324,4.51139485579734,3.2589705726647815
315.4565805448387,231.61876389229423,4.5094517471475575,3.258440700457567
315.94441061061895,230.94904465451435,4.5092457554774095,3.2566297336680137
315.64044420532355,231.37625304257318,4.507684171200828,3.2555051103648207
316.37200952797554,230.9505035542337,4.506834125514078,3.254007070600414
314.91449891693964,230.80885311492253,4.50438689389693,3.256648154662546
314.9612503796031,230.83166183292875,4.501732432074188,3.2593707415587576
315.03221624762494,230.8602122075943,4.49909037406679,3.2620834062292534
315.12948699289075,230.89498542353115,4.4964378074270295,3.2647321972372176
315.2552628501313,230.93660089819338,4.4937609278674575,3.2670249146366013
315.4119776983561,230.98570419914245,4.490809778692633,3.268653221872892
315.39866792953126,230.99311313701932,4.488382478082196,3.2704354488766985
315.3675505854017,230.99916281157945,4.488038160403772,3.2700167475944224
315.3138276423733,231.0051450667747,4.487528714752948,3.270089762083182
315.2845886498585,231.01337695463394,4.484251157538959,3.272180007872556
315.23108759883917,231.026248502504,4.484753003340993,3.2724525219944876
315.2013683667465,231.04357014688938,4.484549786685517,3.2722978981837056
315.14646365959766,231.06543363299227,4.484548322958472,3.272613106710721
315.11834711015973,231.10459494899297,4.483808735596612,3.273679394299254
315.0721261155895,231.11397111126055,4.482222823377771,3.276135704962509
315.05342178139114,231.13971501834703,4.481173467119229,3.2763944126228406
315.0297847975778,231.16734179469947,4.480526693199431,3.277296751738274
314.98597044516913,231.1943980791458,4.478085642032139,3.277833393512176
314.96679830559583,231.21968354011145,4.47591536443525,3.2797047779633157
314.9059015802739,231.23767106776003,4.473093569707015,3.280895466383725
314.84530831476883,231.25239728947057,4.470672090042281,3.2829179345604484
314.78591337017247,231.26350959793217,4.467734284872789,3.285450940248372
314.7247349654684,231.27070834785445,4.465036297318829,3.287991016582127
314.6651370981143,231.2764380414732,4.462088613040545,3.290625109947331
314.61036568545165,231.27772629054047,4.4596097014766265,3.292822887620606
314.5588482193975,231.27417804289615,4.456671407869806,3.2940881434831706
314.5077937302446,231.26375439729244,4.453989651321853,3.2971231595487014
314.4576169863406,231.2441829885025,4.4511785261497225,3.2988396089962864
314.4086530640333,231.26231715293298,4.448048491323945,3.3016528295519216
314.3639055890515,231.2792422754441,4.44527839192596,3.3034605545047366
314.3173974542899,231.29220003962905,4.444000617229332,3.302786009246339
314.26140580762416,231.2978562841249,4.440869983521773,3.304453176639719
314.184163531169,231.29639977288295,4.437750129277093,3.3061055992283648
314.1411706998784,231.28983017756966,4.434613929964239,3.307794943569026
314.0850518712443,231.27737862372567,4.432765221893271,3.3097413522341195
314.03619497127005,231.26155085258412,4.430667374532035,3.3116958220401838
313.9986315730332,231.26365446204238,4.428867012166837,3.3136702609943702
313.9892673410548,231.2870700811003,4.427960435681297,3.3149894077980817
313.94735849780517,231.28916168112156,4.428543935596749,3.3149710650676276
313.9212217410047,231.30509513739494,4.42799186370131,3.3161454681429134
313.88105247712343,231.34166542998696,4.428888786458436,3.315638206099933
313.84397370365417,231.36071529498267,4.429365752114348,3.315511380730739
313.7866863176768,231.40161321541993,4.427520171160717,3.317166375695006
313.7529481850047,231.4139431133314,4.427607058566705,3.317328750678942
313.7078878033515,231.44724710482626,4.42727450832936,3.3178633513961713
313.70242118489455,231.4614213442299,4.425494451167402,3.319305798796609
313.62956319421266,231.46935973679126,4.427083098684906,3.3184362573402093
313.5564423175748,231.47673832109592,4.428471521389522,3.318180183526034
313.4843657159373,231.4846759714936,4.4301682924488395,3.3169382348350123
313.4164595842402,231.49291531837014,4.4296960306306055,3.316005913999029
313.3546561684565,231.50165207027715,4.427692042362357,3.315930775307657
313.3003929659478,231.511431299095,4.426590238821888,3.316736726718491
313.24653642917724,231.5214830227541,4.426355910016953,3.3162928687623676
313.193087573882,231.53110685274683,4.425702560300867,3.3156749245964585
313.13901993366864,231.5403068044278,4.424571225437447,3.3147731282943034
313.08474848510735,231.54911995528826,4.424306530258379,3.3137177285218113
313.03050143086404,231.55635667709336,4.4223846005786145,3.3151830627216636
312.97524975467394,231.56479621810524,4.423089724441403,3.3140104100781644
312.9195328130571,231.57292930117296,4.423026649462351,3.3137381547922895
312.8639834451676,231.58235500087065,4.423442330829844,3.3130693229483166
312.80943025678766,231.59033016406374,4.421055196380608,3.314953172334398
312.75599432084255,231.59886135940818,4.418407934453278,3.3168964737499222
312.70350613237554,231.6082042225057,4.41577380526411,3.318825414643944
312.65106149206684,231.61852033281068,4.413202434921883,3.320605895782262
312.5998460732619,231.62992116751602,4.41089448422218,3.3221761590737695
312.5483500558075,231.64160819439277,4.408083604002697,3.324636513471954
312.4958883015446,231.65449690500927,4.4060304170864635,3.32604325169248
312.4421009194177,231.6686968334085,4.4053856320684535,3.3259797744295914
312.3879239336474,231.68266974118245,4.403948443176969,3.327225693147011
312.3333911400075,231.69673829562305,4.401600810007028,3.3290344992432934
312.27841511186983,231.71097667631298,4.398840838618852,3.3308086494479427
312.22196815091473,231.725420899875,4.397908267663127,3.331888879173982
312.16564102465134,231.73947847570446,4.3956002984397236,3.332715067455221
312.1087765469872,231.75207389999127,4.393237756421045,3.3342022285161708
312.0506963944094,231.76544728721916,4.392217340692311,3.3353165659698387
311.9922410026138,231.77937707192945,4.391249822282155,3.3364761172885244
311.933067270576,231.7938498466164,4.3909336842987035,3.3373125317984993
311.8732768001941,231.80822711378835,4.390016707758295,3.338541618296428
311.81149309024073,231.82218076331975,4.388948768441185,3.3400657719204405
311.7491017562474,231.8356696758808,4.387920251716271,3.341303144870516
311.68644129059646,231.84780279063105,4.384997708945416,3.343213798822309
311.6220231416402,231.85893198929432,4.383693009692867,3.3444044453558
311.5568882487481,231.86948781747336,4.382995791689152,3.3453991817735185
311.49389738135307,231.87989611308836,4.380170505469956,3.34728812597913
311.42905944922956,231.8902479769027,4.380537550516595,3.3478049314670324
311.36506575200696,231.9002689816836,4.380348160556422,3.3487619284780674
311.3025698527206,231.91089021264457,4.377296716902207,3.3503135875385137
311.23932266569915,231.9224371186078,4.376338712519366,3.350386524337238
311.175896560779,231.93415759968963,4.374396965027962,3.3528640025552128
311.1121470284815,231.9469239960843,4.374148549035081,3.3534834904667576
311.0485652243396,231.96088008798438,4.373736526341003,3.3541128194162377
310.9869452526486,231.9756441696101,4.373632651820171,3.353977868714104
310.92449871510564,231.99050159575614,4.373528277715,3.35384340419555
310.86048691171413,232.00600169567633,4.374646636308201,3.3525568953837728
310.79548784995586,232.0215532276618,4.375714870727196,3.3512720593638856
310.7295219840253,232.0371546190601,4.376768774748485,3.350000063914028
310.66277663964655,232.05281261739208,4.377770720877267,3.3487861520950193
310.59707361533737,232.067058358087,4.375753107494693,3.3506939479931863
310.53054699148583,232.08194298240508,4.374519135445181,3.3515820595980865
310.4640545194162,232.09659846307795,4.372374612943146,3.3531242569166255
310.3971013988263,232.11133058348406,4.370229729931942,3.354631760993525
310.32849251439626,232.12749787951466,4.370495083210501,3.3533093268189336
310.260598586003,232.14222692842876,4.368351416712059,3.3548300475566433
310.1921930885597,232.15679282167764,4.366277022822013,3.3565812825417116
310.12199948704443,232.1729558428465,4.3667405833196415,3.3549998987617355
310.0507017565132,232.18945809420532,4.3684065594241375,3.352652449723434
309.98081073315734,232.20490653353508,4.366212483247292,3.3522596612661597
309.91045532093074,232.220230737885,4.363997272874595,3.351966960007461
309.837547867008,232.2360396170495,4.3660480701048305,3.350587809476721
309.764250089481,232.25183043227653,4.36808375202258,3.349176947023902
309.6906769715278,232.26789300854972,4.370053572626353,3.347222700951166
309.61646757894323,232.28392971338448,4.372694982193832,3.345375875096193
309.5423168127639,232.3000972558581,4.37462823739766,3.3433826187943856
309.4680193714133,232.31608979046072,4.376269623552202,3.341913773713174
309.3939325010087,232.33165080261207,4.376892186721226,3.3415352347202147
309.3191994661829,232.34769620310405,4.378190125161476,3.3404699417785486
309.2436830071365,232.36468131019632,4.380430003779778,3.3378460264212255
309.16892996149136,232.3813241695605,4.380516616642886,3.3362401382733458
309.0941451619165,232.3975826633871,4.380036005295965,3.3357108851598736
309.01944482697394,232.41373675754858,4.378749760964928,3.3356036281818913
308.94519319885643,232.4286880402837,4.3759233258995796,3.3381777226466856
308.8705678593739,232.4439440542675,4.373213254685875,3.3404881541711693
308.79562683007464,232.4594071666968,4.370511694473128,3.342789522918418
308.7203496133273,232.4754836605238,4.367815114247568,3.3443070196868767
308.64443997289584,232.49171992546974,4.365547223062808,3.3459503719465205
308.5680648177377,232.50836321261593,4.36332855332826,3.347191128397164
308.49016519135233,232.52556733063076,4.363162646486705,3.34763783404334
308.41178824083727,232.5427756424566,4.362852444600357,3.3482696593158354
308.3330865781354,232.5596265770422,4.362031794515254,3.3497236311111447
308.2537083519567,232.57675846319742,4.361489547589711,3.350722285282981
308.1736001610613,232.59405904786954,4.361301534852717,3.351385542476044
308.0937040379765,232.61087321903767,4.35963420544836,3.3529682208588203
307.60798628956184,232.12656265200465,4.36147463246528,3.351994285112374
307.89188387179325,232.60124650810803,4.363184054577986,3.350356401942438
307.8067324523377,232.6166464674024,4.364679965900717,3.349495685664596
307.7208052761906,232.63247262853403,4.366585057511826,3.3476406157809238
307.63536070930485,232.6473389205986,4.366416257191503,3.347658998708736
307.5495020666862,232.66253123645419,4.366212888330854,3.3470138447446334
307.46387629958724,232.67703774778388,4.364669219507893,3.347736078001967
307.37764691996205,232.69114509877323,4.363429974493082,3.3492582520353307
307.29105454933654,232.7047810584442,4.361973896405779,3.351730188958255
307.2038208118073,232.71890032574444,4.360814376983945,3.3532490736323806
307.11652452364484,232.7327037475441,4.3587602868627435,3.355423699706417
307.0289901379986,232.7464886133973,4.3561583140546,3.357677795167522
306.940796379118,232.7603412243728,4.353850072098087,3.359857633799043
306.8518733034908,232.77457180362185,4.351976007841909,3.361360914243293
306.7624034858949,232.7888708240871,4.350168150223985,3.36282302693458
306.67219101524876,232.80340596392796,4.348816594571264,3.3639226271770855
306.58152066039514,232.81788007065805,4.3473463861162935,3.365265417925609
306.4909797934284,232.83178796258053,4.344578299003272,3.3678705999347622
306.4001994391453,232.8462439333958,4.341241383299827,3.369516398614571
306.30665429982224,232.8619141534267,4.342378156161651,3.36887962654261
306.21486377096454,232.87660846424868,4.3389390791064315,3.3703465835017674
306.12116557103553,232.891513554293,4.338241895631061,3.3715497109608523
306.0274815375477,232.9060965901548,4.336441502539815,3.3735616585224086
305.9332526886482,232.92077353861504,4.334657185573969,3.3755597351970694
305.83792305788796,232.93583234652658,4.3340122551223415,3.3769808361088103
305.7428648412927,232.9509275900432,4.331776972996066,3.378532027012433
305.64646981980485,232.96650061828797,4.331185742623932,3.3793509103598662
305.5506129229738,232.98153503579385,4.328510050053006,3.381495151174691
305.45442425672576,232.99655419949661,4.325513763437341,3.38394770827124
305.35704403199037,233.01223041450277,4.323943075931888,3.3853990674292356
305.2597700029639,233.02789450417163,4.321232296373968,3.3872278706015004
305.16205656303185,233.04335276957107,4.318506166489119,3.389866170737981
305.06418330016,233.0593255990072,4.315242852121298,3.39192058858358
304.9657158535068,233.07536735080865,4.312352375647762,3.3943290877207124
304.86690848234235,233.09163934348663,4.309371699424909,3.3968224204471227
304.767813098725,233.10836099435528,4.306247792888874,3.399022897231348
304.6683977453409,233.12542351103627,4.303100879574044,3.4012172260947025
304.568704876743,233.14285449070007,4.299905583707365,3.403426950907489
304.4685445642575,233.16056078518136,4.297098222912591,3.405921540639291
304.3681479154194,233.1787294633694,4.2942751832449195,3.4084149792397875
304.2675594966132,233.19739693851224,4.291404476736536,3.410925075327061
304.1667511978634,233.2167769850544,4.28859791744604,3.4131145767763598
304.0657582880242,233.23646084334175,4.2858404759579045,3.4158926432772576
303.9645827265099,233.2567437746991,4.283190657271279,3.418765610201064
303.8634073847955,233.27780779724634,4.28034692162252,3.4214664622000677
303.7622054506025,233.29974577807587,4.27743285955554,3.423908510643435
303.64010187534075,233.2971644984352,4.275510599501001,3.426236680298802
303.5338598332261,233.31445795682137,4.2726234310326525,3.428773618726301
303.4269087496807,233.3321258044461,4.270026335385026,3.4308403631905344
303.3195873583533,233.35008274419647,4.267027853490559,3.4326031910177854
303.2115741877696,233.36817421174183,4.264257306950687,3.434370019525874
303.1032148571731,233.3865517707482,4.26102111293875,3.4358371426211862
302.9940258392651,233.40514356876915,4.258284095287825,3.4371471006079726
302.88425017868155,233.4238768505675,4.2555571985051,3.438443552584405
302.77389821242684,233.44284811643544,4.2528153031031355,3.439530894589234
302.66305019683017,233.46174631870966,4.2498915497595116,3.4410278820967672
302.55079787407163,233.48071393496932,4.248594406854209,3.4426456422727294
302.43869787692654,233.50008296413725,4.245802088287261,3.443716067391236
302.3260073408804,233.51946707502864,4.242991472457839,3.445007599102545
302.2125122596096,233.5389846238963,4.24058146062821,3.446279218929503
302.09852779151623,233.55847670717938,4.237932198904118,3.4478443143252107
301.9837260701912,233.5779600816815,4.235689493406964,3.4496647757421823
301.8684872228238,233.59763773803863,4.233082576015388,3.4513297597961685
301.75230838299416,233.61727863307425,4.231106086398721,3.4532961213734628
301.6353923983197,233.63712453240316,4.229342399450998,3.4550746355903654
301.5180167103322,233.6577103474404,4.227223837185713,3.455589437640044
301.3999040275382,233.67778963637517,4.225291120589321,3.457326875702613
301.28155136398317,233.69743296362174,4.222535399399534,3.460138776461071
301.16278635385817,233.717800645543,4.21928582932278,3.4616970048031255
301.04285173389627,233.737858899906,4.21704071930856,3.4640612813682825
300.92220604973335,233.7580537238532,4.214866621215253,3.466331627315497
300.80104639587285,233.77823760056938,4.2123530898248,3.4687951765086944
300.6790663081902,233.79881018457806,4.210097172377357,3.4706450954300516
300.55649567503184,233.81984248244657,4.207623899720143,3.4717325763677493
300.43321166646166,233.84080858270474,4.2051647468491735,3.4731037893734373
300.309245018829,233.86171368630357,4.202645408471549,3.4747443153535706
300.18477011362097,233.88311311233093,4.199706056160885,3.4755416758804167
300.05955239908195,233.9044729897088,4.196806979619639,3.4765645102381475
299.93319044324994,233.9252622021767,4.1947450208766845,3.4788792222305074
299.80610916676994,233.94629155176838,4.1926677108159405,3.4808720645737314
299.67829507148804,233.9674125053506,4.190603484277609,3.482852457359471
299.5486841632827,233.99002576008647,4.190686628076383,3.482036805582012
299.41944168614816,234.01152583475223,4.18859869354081,3.4836603735503893
299.28949793157983,234.03305074800582,4.1864977256555544,3.485479072087351
299.15846390409735,234.055074542823,4.185187531747132,3.48658560226511
299.0263752179972,234.07681673512155,4.184630775531273,3.4885917813850433
298.8938155598632,234.0981956355642,4.183702823480135,3.491723099561613
298.7607195418741,234.11983559825723,4.182586845487803,3.4948053647791277
298.62769913683485,234.14226368305503,4.18012186729135,3.496872673867273
298.4925625034899,234.1653028850928,4.180766449807141,3.4983825286191323
298.35839366064346,234.1882660292333,4.17844052194211,3.5008294845511436
298.2234397474375,234.21326800552657,4.176752318657519,3.5001222958343714
298.0874399806902,234.23702382840986,4.17428326302758,3.500426757904696
297.95060876159084,234.2607497413776,4.171974856975351,3.5010277297276855
297.81299729927787,234.28462796616688,4.169716692915823,3.5015627534220037
297.6735347679955,234.30838117278458,4.169642176463359,3.5025885712659286
297.53425510479934,234.33247702216835,4.1676749071964245,3.5031721861706933
297.39376765039054,234.35725180599525,4.1665879237988666,3.5026436258532856
297.252121595576,234.38174893214074,4.166274859041031,3.5029189594285772
297.10961664553156,234.40685317059675,4.166128620247099,3.5022317840786714
296.9668643818049,234.43191052085135,4.164918634291752,3.50189346049508
296.8237447856596,234.45644230355148,4.162877740119629,3.5028648946291208
296.6798587165288,234.48102103480528,4.160797168724865,3.5040047559363354
296.5344634755773,234.5065767222641,4.160155403060424,3.5034568660764442
296.3883698245498,234.5318071004087,4.159324131451777,3.503829710459282
296.241862939699,234.5567132290456,4.157726332062182,3.5051252222447515
296.09434217400417,234.5820973644317,4.156556730520191,3.5057430172636486
295.9461729868913,234.6074400561603,4.15507792099608,3.506726171488757
295.797061751477,234.63395723118978,4.153870718922385,3.505647016246083
295.6472345045861,234.6602170821116,4.152476623425406,3.505373315371844
295.4965913116082,234.68662742635885,4.151089031655417,3.505093490353223
295.34481141292645,234.71325094595014,4.15034288072402,3.5046860836194416
295.1930922154615,234.73897545611155,4.147836580629566,3.50637915068502
295.0402617048569,234.76527709362657,4.145907100561992,3.5072238044852706
294.8865990006663,234.7915361132507,4.143988769010097,3.5084625380022896
294.73205422644173,234.8180328644947,4.142173440022076,3.5095371837766827
294.5761171047996,234.84552119237114,4.141473225446554,3.508942027783125
294.4198916835012,234.87233873232256,4.139670971171863,3.5100031396113422
294.2631508834754,234.8992464083882,4.1372110988118065,3.511199305526169
294.10526275916953,234.9267841680321,4.135347035981531,3.511450502827767
293.94609868520513,234.95422633763977,4.134324809896169,3.512207153077729
293.7859051015132,234.9819318806293,4.133639543865099,3.5127495977798717
293.6249913878321,235.0098271599747,4.13265972148235,3.513222599523592
293.46349761617347,235.03778384601725,4.131091728590369,3.51387959269412
293.3016284823355,235.0656288048528,4.128512078263118,3.5150630173496444
293.13900508970045,235.09352024363307,4.125663980797864,3.5164521828108493
292.9752516777555,235.12202027468496,4.123284083547227,3.516918362315567
292.8106766741092,235.1500915368132,4.120740636319729,3.5185318573029027
292.6446906635361,235.17900417072315,4.119197908217875,3.5187484529486555
292.47828494492114,235.20701403061753,4.116659522302003,3.521053516718702
292.3108908807389,235.23537223595804,4.114250296421623,3.522943547353351
292.1421540067284,235.2644480315613,4.112668678285498,3.5236812536126987
291.97290970760184,235.2931358431152,4.1102361688451845,3.5254824026902485
291.80292647132956,235.32218532546534,4.107411722144402,3.526856856681297
291.63169607473765,235.3514601228289,4.105212434340141,3.528092383041666
291.45979219466665,235.38087112140997,4.102497567961072,3.529389710877968
291.28605631198724,235.41125523130222,4.101598187248276,3.5291067742976874
291.1115992453237,235.4416097599046,4.100315762749085,3.5292920495187095
290.93599767588455,235.4715466333299,4.099427070582773,3.5306490705713287
290.7593679940973,235.50172531217987,4.098688952174534,3.5318603967697304
290.58150314027193,235.53233924529084,4.098505035885185,3.5325405317332232
