150.22000122070312,228.77999877929688,7.300000190734863,5.090000152587891
150.59074819868704,227.59590733076683,7.307571528891732,5.097798931995421
150.5847365352711,228.17683677306422,7.319594855723591,5.103442635456008
150.96831178598993,227.49222527797548,7.331878763014977,5.108655410357835
150.9595735784459,227.97528810948668,7.349355178102987,5.1181810199683735
150.9501638614336,227.28931797470798,7.36817461212762,5.121260278360537
151.3324339126801,227.38526112781256,7.387181175067074,5.1252606385095
152.21054271939613,227.3882891692284,7.397121438545931,5.119204555677799
152.2033144253852,227.39175727290493,7.411578026567801,5.112268348324751
152.39601385705149,227.29548767911268,7.418965530311368,5.108414352371158
153.26346886226602,226.81008361902386,7.452023507057517,5.097018035229198
153.741454740782,227.0134475552874,7.479805737236243,5.0837917575864
154.41324818575276,226.23308522225727,7.514871475134396,5.068913420401333
154.50268704663844,226.23966249089293,7.533225487676874,5.055758883130007
155.29133178325398,226.14890907904754,7.534253063160613,5.039976075731435
155.28898679256702,225.56165956479083,7.538943044534571,5.032217210233508
155.28512784967666,226.15099892437232,7.546660930315301,5.035446190868142
155.97639121220897,225.3645477932778,7.544214508112918,5.0311138212145705
155.58385345252194,225.46690746147763,7.541107828424467,5.023440034580533
156.47202749220614,225.47128039360842,7.536601504095119,5.014694170318948
156.66563689932806,225.47531694415164,7.542699061491739,5.006621069232492
157.25817240111303,225.2811675642565,7.537321754632366,5.001688596785934
157.16132415262265,224.7920010114159,7.534565474150541,4.997757815154315
157.06461491633658,225.48163332109345,7.531637960682206,4.992915098082928
157.26009176727337,224.7961303374219,7.533127163820789,4.990370897883401
158.14154155541618,224.89867979343995,7.536041214168561,4.98147349991767
158.1392164086654,224.90247166167876,7.540691507670136,4.973889763440086
158.6239546004116,224.90811908258246,7.551419799986322,4.962594921632647
159.30703941177688,224.9137607983006,7.557348244175129,4.951311490196406
158.91282833400703,224.9194691465484,7.562110093639312,4.939894793700779
158.81680234606154,224.8244571265583,7.558365759146672,4.934122523297386
158.9219942509866,224.14355194541687,7.543625874423611,4.926425409691383
159.02694513759945,223.4638795806786,7.529018578605785,4.91870879731267
160.00507692178468,223.47094581498888,7.522221935256258,4.904576328692115
160.4975156210299,223.37850704817183,7.510390342986492,4.894844701082034
161.08699118192015,223.28138874283084,7.497055825327848,4.894811877743657
160.6065835031937,223.18769726166042,7.487527028797291,4.8881260092878325
161.5801969433212,222.8969829777908,7.478444407122036,4.8881112994531115
161.78024316981646,223.57071087505483,7.465707746371121,4.896400777763502
161.2048824528947,222.9863124808697,7.454680114217466,4.9034485001366015
162.36826754019546,222.98346911814085,7.450829740072515,4.909135225594376
162.46564371944237,222.98534615707067,7.449690882942334,4.905381147734708
163.14577769671132,222.98094726662276,7.4441602704838195,4.91417892863053
163.049973829792,222.68956060339457,7.44217072939892,4.916160430316477
163.05330220554652,222.20667211966253,7.43551397788989,4.9139355849017905
163.1480556006667,221.53143644272808,7.439470530436744,4.910163539260192
163.82500657471718,221.63039206570005,7.439788642491202,4.905712301909853
163.72917436155666,221.72783542499303,7.438062363903616,4.904216288232475
164.5976879480232,221.8256647175848,7.44109409121717,4.90189758085408
164.98574513575184,221.82515054708284,7.438366972550911,4.902925921857998
164.4117948844589,221.72679220243182,7.42632962453859,4.906319636060357
165.0909215743242,221.53391765857592,7.420466782834642,4.905671427193119
165.09279598317394,220.85594146575303,7.4167179651351685,4.909925301478305
165.09327814493037,221.43646273695188,7.415753641622327,4.907568161737195
165.5746977180906,220.66783086430445,7.41821716077261,4.900347642278859
166.24982533793334,220.66863504124663,7.418803790830111,4.898739288394499
166.1519412675123,220.667055400436,7.421612473098975,4.9018985700157645
166.3434512880394,220.67007779637103,7.424700874806403,4.895853778145667
166.72688413588781,220.57484289813874,7.429835229986422,4.893323561891064
167.11047703700635,220.47950595870157,7.4347894505207055,4.890962435072602
166.53264578009703,220.3767714641974,7.432031408771679,4.903361331486337
167.20818772282266,220.08252577855495,7.433592984364852,4.9121475051807915
167.11374126410595,219.49746008394064,7.42908116907373,4.9218504980624305
167.01552084996047,220.17073687827056,7.432023632076619,4.929785466419419
167.21369839527654,219.3928593777646,7.4230176515571555,4.936144026980631
167.99828069459048,219.38775262743832,7.403012413814293,4.946357527633206
168.00692450474614,219.3826867071009,7.385724793502939,4.9564893683080244
168.20513153198044,219.1848113314878,7.376154911655955,4.965395946912655
168.59163746254458,218.98408409261475,7.376846739813438,4.9799985800158195
169.07731988446398,219.65823135873234,7.373875097450614,4.987454529846973
168.97570970625011,218.88405776160693,7.383337879862273,4.985741131969484
168.87319130807185,218.98401714519238,7.394503041647932,4.9796939993694185
168.8676460915651,218.985435395765,7.405593474661428,4.976857498224184
169.25424722503598,218.98545150950451,7.408628028637162,4.976825270745149
169.83089814981707,218.98794567911915,7.419952184896134,4.971836931515904
169.3444817896425,218.89079156608796,7.4218254662346,4.97195326977612
170.21266515957026,218.30625563831413,7.433456733854845,4.97569312033996
170.39571224136017,217.6272209559897,7.456280733037664,4.972548915319439
170.48211761095683,218.0178986865907,7.478220096738565,4.97019386569418
171.06005370258987,217.23964055834318,7.492592664500465,4.966383787485226
170.66639443612598,217.34277202543512,7.499137425017523,4.955314296404024
171.44340451797177,217.34689044647214,7.505978297141634,4.947077454330012
171.4414040989072,217.25363332562856,7.509979135270739,4.938518391998005
171.44037216811483,217.16208134346167,7.512042996855483,4.9266314614387685
171.43915188415357,216.77545416688997,7.514483564778022,4.920590128835585
171.63173782505717,217.36185997297218,7.518831513700807,4.916338008861139
171.8273396655533,216.68213892173506,7.517136471630193,4.912499875109686
171.15773686284896,216.97582293747982,7.493687605623264,4.909126617083997
171.94310548914504,216.97605970718817,7.4770048445269515,4.908653077667291
171.85341744831607,216.97739004004706,7.462382426040148,4.9059924119495095
171.94649024053388,216.88700566617385,7.46997149945691,4.893026501843581
172.42932809145535,216.6992942789831,7.472458973695228,4.88118400579254
173.0076642666977,216.5120005079184,7.4766224537783295,4.868826271066002
172.81665189714025,216.12940207690374,7.471988980304398,4.860706707917623
172.7208903561412,215.5530171754941,7.470387842521414,4.854731192050498
173.39726922726354,216.13344287903303,7.468633986211836,4.851883115774186
173.2979038994886,215.46106289304694,7.474437889609731,4.846155822682416
173.2925981711761,215.5600373236505,7.485049346234671,4.841125208412292
173.3841727072562,216.1377033618428,7.494893666090948,4.843753484126387
173.66974612720915,216.04163809071775,7.5033012797041145,4.842699208536822
174.44577320874413,216.81522547811272,7.497592971303764,4.841870288416543
174.44835758078185,216.62375760355158,7.492424227228359,4.838418352325611
174.35165638867613,216.2387117135485,7.492767857323444,4.836275115866484
174.3528410663359,215.85222857397713,7.490398502003872,4.837128885605172
174.353214774054,216.52524656816107,7.48965108656768,4.842140979755761
174.34766349994058,215.84988674275667,7.500753634794525,4.841305368037069
174.63874099609373,216.04356059440755,7.498293989524202,4.840421229425971
174.8293807623299,216.1410883722487,7.503374777646425,4.838545834040949
174.25195670158695,215.3648058669348,7.4988729346897,4.845310892078576
174.92806383301644,215.36735035984367,7.499551865808021,4.840221906260848
174.8324507938552,215.3687252437311,7.497582259446724,4.837472138486033
174.83863259517514,215.36853458117707,7.485218656806841,4.837853463594074
174.84426697241742,215.36837540100487,7.473949902322345,4.838171823938445
174.84731136011968,215.37069032076715,7.4678611269178115,4.833541984413902
174.85086218851833,215.37178030930363,7.460759470120465,4.831362007340919
174.8572631510226,215.27526828490403,7.4479575451119295,4.83191971397391
174.9613293977748,215.08242777371717,7.432108756080148,4.833033327402463
175.73939895299262,214.98401980362004,7.412486474689021,4.837784663966163
175.65386431883502,214.78947939729665,7.391706277210173,4.843166545024899
175.56825295858008,214.59536632063768,7.371301692607676,4.848138088117971
175.57509844502627,214.02186211195965,7.357610719715301,4.846723825310079
175.48843718615015,214.593852153609,7.33975859305031,4.849791608514869
175.40244905059765,214.0199905552542,7.3207773029427,4.851769437949046
175.2198343080818,214.5912928457127,7.304596234903007,4.853396516246315
175.98530977138802,213.92776079954834,7.297558510380343,4.847036556746521
175.7963123325563,214.02546079086895,7.2949981422137915,4.841914197020266
175.6080504696778,214.1226841429319,7.29121393576242,4.837621458998562
175.60999657999267,214.12369755674226,7.2873217151326966,4.835594631377855
175.70653042287194,214.12257504360934,7.284187536847538,4.837839657643635
175.80279319831283,214.12297072491307,7.281585719524179,4.837048295036173
175.9904140286897,214.12318032728157,7.2860869970678,4.836629090299205
176.18010752548733,214.12142509367098,7.286564309040792,4.840139557520415
176.36807096875296,214.12152717688932,7.29063281900644,4.839935391083695
175.60753453532476,214.12052494900118,7.291262061377303,4.841939846860002
175.60646076631483,214.02554824378075,7.293409599397193,4.841795016601844
175.60684525886023,213.92939550216275,7.29264061430636,4.8439723903658365
175.6065475182584,213.5494239947515,7.29323609551006,4.843304378651487
175.60612629270884,214.21420176917155,7.294078546609148,4.844803026482579
175.70163976343252,213.64451427584504,7.293239785596927,4.843048930524806
175.79517511852075,213.0761989858996,7.296315482880488,4.838801065655607
175.98807535922555,213.64637714031267,7.290758987438952,4.839176714733567
176.17700361564172,213.07862976082455,7.29299194164699,4.834403072588615
176.36551286709724,213.55701620281158,7.295971245915213,4.827624706562546
175.60412903036354,214.03581116385658,7.299291564121546,4.819689381510722
175.6965232684608,213.37608915708654,7.3043518566982275,4.810192013652626
175.78919233132416,213.57075594846418,7.308780428015765,4.800391824985856
175.88208406001084,213.66847439239183,7.312666989827192,4.794624956315301
175.78151243279342,213.0055689329885,7.324177928347049,4.793009663717561
175.67890513227826,213.10144622703655,7.339614353724992,4.7910332512738405
175.57632135850102,213.19725970297722,7.354805025529972,4.789383175142033
175.47373834425616,213.19801323516685,7.369793793682817,4.787876110762727
175.47273750965994,213.1963760979018,7.371795462875215,4.791150385292843
175.47345482763322,213.19608831734956,7.3703608269286764,4.791725946397338
175.37950753458074,213.19347366698383,7.367805765313507,4.796955247128802
175.28384025331783,213.09577946150822,7.368641804241688,4.8018451344824085
176.13668202047143,212.9997231992066,7.3782915862150125,4.80336506838775
176.03842627681504,212.9046875919116,7.3840403893144835,4.802673598764462
176.03084250272278,212.62182683019608,7.399207937498987,4.795882978153415
175.9339399747273,212.43133336315,7.402061427908388,4.794966781082424
175.74279807934434,213.09983418312325,7.402387096364411,4.794818569220599
175.64296264423908,212.53049053564095,7.411076495842238,4.787617039789124
175.54548485425568,213.1043216436447,7.415040530835026,4.785904093625646
175.35462562718533,212.43789962797587,7.414714259370069,4.781591585343489
175.3540720562316,212.6333219050107,7.41582140127752,4.772637986711444
175.2627518825774,211.87172354308362,7.407649187818499,4.769334224426275
176.12699902332966,211.87055576120673,7.394869412995446,4.771669788180075
176.13084402210757,211.87283364178327,7.387179415439621,4.767114027026983
176.13692293610774,211.8715295631127,7.375021587439304,4.76972218436818
176.1435380243934,211.77624271645047,7.3617914108679905,4.770143431572853
176.14937157123478,211.68269695594685,7.3501243171852,4.767273815485422
176.05858789486405,211.68048907236448,7.341953338358164,4.771689582650165
175.96973054657295,211.58640975788003,7.329978579194992,4.770158755873663
175.88088657085598,212.25055720882762,7.318182204003409,4.768254140356935
175.88776350862432,211.9658823473984,7.30442832846672,4.769776994817688
175.8935613704546,211.49487088426218,7.2928326048061916,4.766326615879229
175.98648874975743,211.87582316695105,7.295841009782199,4.75987470482821
175.98643389445732,211.21882486177003,7.295950720382393,4.752265914664921
176.2685013818654,211.30302042673824,7.297842470249996,4.772550359623076
176.36357275523974,211.29599665591155,7.296741777709905,4.786597901276453
175.6059965174014,211.28859300804737,7.297817776357551,4.801405197004832
175.6057313682411,211.1891280854312,7.298348074678114,4.810812748333358
175.60609331999297,211.08960440942386,7.2976241711744185,4.820173235262632
175.60449255054854,211.08621717765868,7.300825710063257,4.8269476987929645
175.60324647196583,210.98776051682307,7.303317867228672,4.833868431416407
175.69930356644704,210.88967176993987,7.301348847407862,4.839900756041229
175.70095857908845,210.88503145794266,7.298038822124997,4.849181380035656
175.79692381912653,210.59609646340633,7.296428845974776,4.856089857330567
175.89183304323376,210.0209088662786,7.29702155034379,4.863998136085242
175.89223135838134,210.68572562547595,7.296224920048661,4.868225158822778
175.98734572723285,209.9184408287915,7.296605954044152,4.877916578603712
175.9883746991531,210.20208907613704,7.294548010203651,4.8829496464322695
175.98985225693116,210.4858868416471,7.291592894647534,4.887841626129141
175.99173905481658,210.96074931113134,7.2878192988766735,4.892446486949971
175.89682093313976,210.2927086290997,7.286769897137569,4.892328335363942
175.8039689104606,210.48191214729403,7.281606049154778,4.895657085657521
175.70973907815667,210.67350671731344,7.279220265610561,4.894158841922947
175.61338128259771,209.90867496636633,7.281151182060812,4.897544946475756
175.51597339622643,210.00411733234594,7.285097015962452,4.897530153357504
175.4188205273913,210.00351348646146,7.288473678312751,4.89873784512646
175.4176900169046,210.00157885938626,7.290734699286137,4.902607099276864
175.41234389218044,210.00038985273443,7.301426948734452,4.904985112580484
175.40543658496372,210.00085101450986,7.3152415631679135,4.904062789029625
175.4090626328607,209.902917046959,7.307989467373971,4.908439612844455
175.40400548738168,209.90245183254132,7.3181037583319455,4.909370041679837
175.30275577549182,209.80733259730155,7.328980881200903,4.9079862112485655
176.0641174187827,209.7124733273299,7.340361265323937,4.905941792353784
175.87018489003387,209.426412849333,7.344425969863227,4.902362218909898
175.78265338238756,210.28658774263283,7.3275871525085945,4.909128926135241
175.78896130333723,210.18918262570898,7.314971310609281,4.912178189216837
175.7951194085955,210.09199494237933,7.30265510009274,4.914931762819586
175.7994152941769,209.80605984133118,7.294063328929931,4.9123554985960105
175.8044322454964,209.13873293480458,7.284029426290926,4.907838727484858
175.8101547922363,209.61844524098908,7.272584332811154,4.9038346049941035
175.81559244458612,208.95194318044705,7.26170902811149,4.90092111209963
175.81846774992354,208.95424563681385,7.255958417436666,4.896316199366019
175.8193482970868,208.95757133317272,7.254197323110161,4.889664806648259
175.82010810897555,208.96100496096733,7.252677699332647,4.882797551059043
175.81985146696593,208.96145265957733,7.253190983351913,4.88190215383905
175.7232304673701,208.96313463404334,7.256243482120782,4.878538204907067
175.6266007282253,208.96448682058912,7.259323355238164,4.875833831815513
175.5310378802413,208.87202987886357,7.260267993097606,4.870566657158076
175.44094809202045,208.59067488552995,7.250339748506518,4.862953180726796
175.25249004641225,208.49652322662456,7.247591784896073,4.861424471124184
176.01139823836004,209.1624072957034,7.2478977968807445,4.858013429361714
175.9195362183419,208.78421064828038,7.241908575568606,4.855553678814287
175.8256328953679,208.12398262961386,7.240132911727471,4.8489335476233455
175.73301649673118,208.6942022767624,7.235920052002574,4.845168195316048
175.44993434320398,208.0321594291474,7.234125118469894,4.844015662509416
175.35830792496589,208.5063273479566,7.228104350812476,4.842047845559
176.11801114217593,208.88538051721744,7.221900727882177,4.8405429127822766
176.02442842616878,208.22666536871387,7.220034127197278,4.834748980894826
175.93070755277486,208.41636239303966,7.218568144015484,4.833170392182429
175.83479014915443,208.51301293647737,7.221543491928582,4.828728764634751
175.7396065320463,208.60849413497448,7.223080289796465,4.826596803988854
175.64465659495082,207.8547530922373,7.224162031562338,4.8235338300623285
175.54978095589593,207.8559115286204,7.225129798094425,4.821216957296171
175.45595637605643,207.85687887458909,7.2240193899439635,4.81928226535878
175.07196069085455,207.8571022394636,7.237167873123923,4.818835535609783
175.72819893884707,207.76337374292396,7.246998324099341,4.817391536266105
175.2493287700096,207.66934787254644,7.2596148232729005,4.816418509320832
175.90774485367044,207.19835722831706,7.267170165075705,4.812408719833578
175.90797589192562,207.9553000856934,7.266708088565346,4.812483485448792
176.00377160772294,207.95481357566018,7.264356017607891,4.813456505515238
176.10014987400896,207.95379173737132,7.260819687476985,4.815500182093003
176.19608439651358,207.85907223146157,7.258151693112239,4.8157381432680255
176.29063166400448,207.57723914857777,7.258222070510099,4.811909571896538
176.3818854036953,208.24159717400877,7.264816889500928,4.806909609641815
175.62540615921571,207.86706993785415,7.26482959110268,4.7994911882723
175.7204615555815,207.3034535535504,7.263713785976835,4.792754031245555
175.90886070838224,207.87299835999494,7.264647706983049,4.786861098179662
176.19120475397986,207.12022479172788,7.266305788232047,4.782151774862466
176.4744257469008,207.21399513564901,7.266049484920254,4.783339647863581
175.81305792914418,207.3078412038791,7.2675737048863605,4.784391999338698
176.09457697489773,207.4026378977758,7.270890301659742,4.783583507638747
176.37902683462056,207.496697582177,7.268454298746347,4.78428537768043
175.6249710980201,207.4971993850623,7.266195014953435,4.783281771909883
175.91001950603035,207.49680570921674,7.262335328355995,4.784069123600923
176.38001471772364,207.40382680524002,7.265849180807084,4.781326076386836
175.72042984822374,207.3091060364072,7.2640632165631835,4.78205965644621
176.28117819510516,207.02960311909774,7.274726632463847,4.774985436233366
176.7516176929455,206.8424070325917,7.277525953001991,4.771906282757924
175.99527680593835,206.74682550783822,7.280396531484067,4.774342932823338
176.27727548769002,206.36759917261955,7.282829396081634,4.777555299126142
176.7486323024249,206.8380726006005,7.284616278297152,4.781108954849547
176.085544417808,206.17458704276487,7.287889249283307,4.785177272273151
176.8390431628504,206.55294580658148,7.2937157947354105,4.78487176240836
176.64690373696328,206.93147191901033,7.299623876645494,4.784561077278967
176.3621954468555,206.17654716810637,7.30123377230312,4.780259420265852
176.26488465327233,206.17959475390902,7.306633963295356,4.7741642486605524
177.02016107291533,206.18290259540743,7.309688113539172,4.767548565663703
176.9252314080262,206.18453099140234,7.31041101015571,4.764291773673887
176.83024054894418,206.18576648763963,7.311299741641757,4.761820781199314
176.73531225872344,206.18695898392403,7.312091199602745,4.759435788630501
176.54648468113464,206.18737685714476,7.311671897450672,4.75860004218908
176.44944512463627,206.18872573436474,7.316734006466289,4.755902287749118
176.0709924664716,206.1894981331786,7.317447559883704,4.754357490121404
176.82457505491004,206.1907945076097,7.32254540986648,4.751764741259211
176.72931317752938,206.09707579082723,7.324003085317321,4.750136095513604
176.73218829399605,206.09712930051896,7.318252852383969,4.750029076130135
176.73584165221735,206.00181004841028,7.310946135941381,4.751694820956409
176.73837419823565,205.90840846175715,7.305881043904791,4.749607026009946
176.7357084255565,205.4417993157171,7.311212589263032,4.738924389010432
176.7323195845133,206.01421558866562,7.3179902713494585,4.726183516307448
176.54197820812678,205.45430899860736,7.32153116873905,4.714571130273676
176.35173543516217,206.02521600521584,7.32515648480593,4.7033378066437415
175.78650503457192,205.46390009862395,7.325836461388215,4.696188795229335
176.44835182143746,205.56059285448669,7.319455711334078,4.690990829743362
175.79429580072082,205.65537707278543,7.311531854886034,4.689427521414664
176.26846418077167,204.90206012879875,7.302496754111619,4.693178754464254
176.64661619691498,204.71598463139154,7.297343372889052,4.689754423746721
175.89627901878944,204.2498109705769,7.296791615880733,4.683835424588911
175.9930551370723,204.81334300167353,7.290785501870698,4.682048097729625
175.99390914501691,204.1614422031687,7.289077485981457,4.673865608458106
176.18373183633716,204.2585033732863,7.283960122771644,4.6670072779382865
176.2755133855114,204.35828126768186,7.287469793115229,4.654524257839216
176.46326004701237,204.54879134314697,7.285809823222579,4.6473374600182495
175.72074233062168,204.64448451701583,7.276671921533998,4.642722779089269
175.81426663773598,205.1049285910024,7.276181023612052,4.6546232126493745
176.0936412796003,204.35365287453428,7.277679671205494,4.663180162060039
176.37161264247362,204.44227854401782,7.282481223968879,4.672843582596276
175.71517391356406,204.43980443157648,7.285321719850998,4.677791807478978
176.09149966304133,204.43316021987908,7.281763626339685,4.691080230873774
176.4679513041476,204.42665288515258,7.278628287832422,4.704094900326741
175.72047154647714,204.419517269857,7.272689660036859,4.718366130917929
176.19257500578607,204.32153901890163,7.267289579342565,4.7265612652439675
176.28089544396823,203.75879753778253,7.278465772309545,4.725141811494493
176.84502741675712,203.2883022739983,7.27796785837692,4.726327312691913
176.37449645495946,203.668328074258,7.2791632197153,4.7181689619780975
175.9027179650096,203.01304187342436,7.283444486483339,4.713755365261009
176.55872431545822,203.48581296510284,7.286351579204478,4.7074416059172375
176.4638083540748,203.58470786392397,7.288399612978688,4.697435697267575
176.36746712043114,203.67966511035692,7.2934345379977135,4.695168746669989
176.17794023474784,202.93094845371286,7.297118047698954,4.691121013296679
177.02140969166615,202.9323741961034,7.299233569036619,4.688269528515538
177.02232645876367,202.9315806222614,7.297400034841603,4.689856676199555
177.12212073624482,202.83470881063394,7.2854673008384,4.695944478495397
177.11964886963125,202.74153241879918,7.290411034065521,4.694718558661985
177.12275266377088,202.64577756843062,7.284203445786235,4.698595948260486
177.0325529558428,203.3956304680575,7.276998829017213,4.699722410008925
177.02871254697854,202.74392693290892,7.284679646745711,4.690525443936561
177.02290786476098,202.0931622437281,7.296289011180799,4.679719920156887
177.01751072077636,202.56781638898406,7.30708329915005,4.667760808110518
177.10448716636276,203.04280056953718,7.320562011202519,4.65495046313065
177.1925858205777,202.3918113953249,7.331783829715914,4.644994922952298
177.28218758293735,202.865850091162,7.34000075043902,4.634019758490131
177.8454641863078,202.12021634726648,7.337605196439529,4.626410375959344
177.5641420390031,202.2184134891246,7.338660419794025,4.617212449328084
176.91003491843335,202.22299112247387,7.337468220491415,4.608057182629538
177.37966959547208,202.2269804906277,7.332633087509496,4.600078446321821
176.82102271396457,202.23095105132748,7.329841640133146,4.592137324922296
177.47696511163576,202.23379833731272,7.323499190726861,4.586442752951826
177.00978556572682,202.23923921386188,7.32627919792672,4.57556099985353
177.66499400362878,202.15129287740703,7.3190865923789294,4.565278777012319
177.1060119832418,202.06478053510534,7.321680592763441,4.552408454884122
177.75525660959315,201.69813186835793,7.323216083572497,4.542834506372226
177.5680760281768,202.3494565322407,7.3264171226247905,4.539245611838152
177.38126889484988,201.8899056299332,7.32889619640932,4.530509434280053
177.37928691740788,201.1531860653441,7.332860151293338,4.520285351678388
177.3767195953178,201.3438216463439,7.337994795473515,4.509704806736081
177.37339557121692,201.4409215351787,7.344642843675275,4.500749130783521
177.3730089188245,201.44560192900283,7.345416148460131,4.491388343135198
177.46694046952808,201.4480344099321,7.342599836580108,4.48652338127669
177.46788263712077,201.45302420286657,7.340715501394731,4.476543795407715
177.65273356488012,201.45608214648055,7.340467630034872,4.470427908179788
177.83756700692123,201.45906474859365,7.3400415079488575,4.464462703953614
178.29811194540108,201.45852320193254,7.341519789162271,4.465545797275816
178.94417736954347,201.27617623018173,7.341266163562921,4.461131962867286
178.75929185580844,201.0931574353946,7.342085570809399,4.458217932217982
178.66888179839168,200.4515667473145,7.338466727008122,4.450326597934536
179.22264454272036,200.45256901116102,7.336454299956801,4.448322070241464
178.75749173455316,200.45456203361354,7.345817689759884,4.444336025336444
179.40341920695158,200.3629456967159,7.343788121810614,4.4433079310106
179.21963089167855,200.08851465537776,7.342938302432139,4.4395303387999885
179.03734449145742,200.82442115888927,7.339237235895662,4.44081279969176
178.944208460503,200.45747677955077,7.3414058764361725,4.438287872895411
178.94348978264134,200.18207232428512,7.342843232159518,4.436817236430744
178.94292792777117,200.8243363534219,7.343966941899872,4.440917844737558
179.4929536265668,200.09069998851814,7.348969299278943,4.434785567917927
180.13715328026754,200.08944099269868,7.349597532234828,4.4373035595568115
179.67468942493664,200.08954572490933,7.353532370542444,4.43709409513551
180.41166321688644,200.08826337558418,7.3536138297194285,4.439658793785864
180.31596525874176,200.0903231353029,7.36071168616744,4.435539274348376
180.68453717756174,199.3554909573294,7.360905087842975,4.430529151664429
180.67904336581933,199.1744353133408,7.371892711327826,4.424134960618302
180.67372928786372,199.82111857624668,7.382520867239032,4.420927637456888
180.30388371264263,199.085361467063,7.384562016804909,4.4171418540717
180.9504555588664,199.08409964886627,7.3820713125028785,4.419665490465171
180.86267424316955,198.98766763291707,7.3732494236351505,4.428145002102131
180.86898419514893,198.89220512429532,7.360629519676399,4.434673750137725
180.96758236077503,198.52198295218932,7.347751687036333,4.437844099901109
180.7809989931225,198.523526532894,7.352558025623269,4.434756938491711
181.5191622267413,198.522158725552,7.349829470856787,4.437492553175745
181.43193761078115,198.06371525417106,7.340073490378674,4.433353433945961
181.3447736791242,198.70561007669568,7.330411145814192,4.4374952440458175
181.2555245148249,198.06226353497294,7.324993379578541,4.436775663651665
181.16867594973667,198.5206041024505,7.314867224453934,4.439210955202115
181.26480390299375,197.7850716211512,7.306324781028999,4.440568213086813
181.73145688106666,197.87413144750522,7.291064077369709,4.446057610876015
182.283434841486,197.96546565571876,7.287952371520275,4.446863230280506
181.91984801844282,197.9662112900153,7.281361161719051,4.445371961687394
181.55646255121422,197.96699290046627,7.274860562794504,4.443808740785474
182.2921711063405,197.8759777848428,7.269000969126883,4.442644282459288
182.2941882994098,197.41898855863778,7.264966582988273,4.441183956379134
182.30055669013032,196.86895863337875,7.252229801547244,4.443225499247677
182.3043295660889,197.50718431259918,7.2446840496300275,4.4467066142658185
182.400553690768,196.8658933702307,7.235029305327129,4.449733963615846
182.77001499849678,197.22993961506816,7.226908272655642,4.452443056727015
183.4076245359597,197.77428762255784,7.230062639693108,4.45949570628772
183.31372544075086,197.04114919774673,7.2350705013,4.463449925423338
183.218302917933,197.22279657561805,7.242984071752055,4.466018120048075
183.21461849172232,197.3123883156105,7.250352924173415,4.469927330221743
183.39623906454958,196.03109725051908,7.253648390739156,4.4667531748627844
183.57723763248725,196.76557128356254,7.25817952986567,4.463918208783483
184.1301006916271,196.3934773358036,7.252157929723483,4.47496975887633
183.6725195646646,195.7479765928538,7.2504204458295325,4.482311611829544
184.40774687511242,195.92766029802542,7.247784522511063,4.489898875880579
184.22521642463514,196.10811159455562,7.245714623892801,4.496127082392928
184.22262241461462,196.19858409163862,7.250902643933866,4.498821144679983
184.3097572951806,196.19869225258367,7.260394610960529,4.498604822789904
184.3973706322481,196.19854293147355,7.269067726080216,4.498903465010156
185.1268369426601,196.11045050507624,7.28240916043643,4.491054060907203
185.02875335908683,196.02320674828124,7.294474820673663,4.481440067587899
185.02299700707167,195.84440240757567,7.305987524703984,4.470808880864658
185.11222965335807,195.3889539926725,7.311635090373237,4.461141419460789
185.20156871280787,194.9335804170075,7.316991393289347,4.451716461712102
185.38413104986125,195.58034677840715,7.319777992330974,4.445873194932184
185.8449134905304,194.939311886015,7.317707063151365,4.440651446694292
185.38623946661625,195.5830995250398,7.316155001708167,4.439536321624688
186.03015153743868,194.94133800702213,7.314497735718137,4.436892482005251
185.9406709354295,195.03467593511863,7.309790019684732,4.433885545864038
185.93807990764503,195.037221824349,7.314972075253669,4.428793767403333
185.93928490196421,195.0384796296119,7.312562086615307,4.4262781568774745
186.0290112107601,195.03941300041538,7.316570799488321,4.424411415270543
186.485642220116,195.04263842852026,7.320756701994817,4.417960559060766
187.03440032761208,194.95232322736223,7.323899841820077,4.415147735573963
186.7581588614497,194.86441666695646,7.3260549182874035,4.40751823776634
187.48925274908692,194.68604278258363,7.330635921772836,4.397573811822028
187.49771619427437,194.0439375470055,7.313709031397914,4.399058122675183
187.50606428719829,194.40963522300174,7.2970128455500864,4.399741629713397
187.51466554546678,193.76959234889227,7.279810329013127,4.4003484704262235
187.6146433744069,194.04158345637737,7.262391465172708,4.403976637575513
188.07732784915692,194.1309179088721,7.248714914349198,4.407646212321282
187.90045978113366,194.131328082263,7.238058021177902,4.406825865539526
187.72368349719676,194.13180894642633,7.227562759636134,4.405864137212885
188.45705230532974,194.13310836866515,7.215635762742767,4.403265292735203
188.37180323411184,194.1344366070342,7.204504064087922,4.400608815997119
188.37525182500426,193.95683039387808,7.197606882303113,4.392982785665255
188.46807292134915,193.4176808932237,7.193152817042577,4.384153022398453
188.55937526334017,192.87884734494233,7.191521308852146,4.375981064211561
189.10508302846554,193.515092823975,7.184973780977575,4.369169442251802
189.01694583632772,192.79510942185513,7.180649044452597,4.3643432800861754
188.47856867018805,192.8876003024256,7.174682711443905,4.3598149631598915
189.11200759923165,192.9776120401187,7.169823108308557,4.3600798099097515
189.02464832625446,192.97711686106933,7.164321277493034,4.36107016800845
188.9372617958274,192.9766768268384,7.158939271340403,4.3619502364703004
189.02999431455882,192.97689647313996,7.153563910656338,4.361510943867208
189.12187016126012,192.8875141998073,7.149814393419393,4.360273314366874
189.57325485041807,192.7979299511162,7.146672366062368,4.359516341557259
189.9338475570703,192.5270330540093,7.144950572858005,4.361712420696007
189.75612446344599,191.98668517106296,7.140642378724006,4.36314504244086
190.47709818551806,192.61327481410456,7.1373915273706245,4.368825275049594
190.47573044163542,191.980452125823,7.140127015135896,4.375281600494633
190.5625255532589,192.51781367764406,7.146570298489357,4.380759536455108
190.5553519829913,191.886468057095,7.160917439024521,4.381898946401848
190.6399365909145,191.9746867374691,7.172202987371402,4.385916349846882
190.99553039993535,191.97370308989767,7.183777685184641,4.387883644989729
190.35891343064222,191.97362776077102,7.19073813458357,4.388034303243068
191.0808201376584,191.9724893756991,7.194944679523231,4.390311073386882
190.99171763226838,191.88107175732455,7.192046192570361,4.392042812403064
190.9025716991689,191.78970652438983,7.189248628664179,4.393683848167366
191.72087939853384,191.60585003718427,7.182311241479345,4.399246153346256
191.81492615008085,191.1511674332145,7.17528319773291,4.40328406454754
191.90919185063993,191.78050979594863,7.167780350590972,4.411799216912773
192.45437638282894,191.23449771086314,7.163769920833129,4.417464752463555
192.2720337360559,191.41406234288095,7.166264939366525,4.4205257634406445
192.26652494140595,190.51204494829506,7.177282528666431,4.412722680984982
192.17265058980834,190.51415996512725,7.1838142034778025,4.408492647320581
192.35135503175013,190.42669064727497,7.188891996143533,4.402187944750579
192.8944084964352,190.3362745377186,7.190063347893104,4.401807117010032
193.43744812070733,190.24870036493854,7.191328739846866,4.395731355820482
193.34556421741598,190.88278008723856,7.193955762776869,4.395557396789381
193.3464410951253,190.3392722819272,7.192202007358206,4.395510900810897
193.34373680986195,189.70640765029773,7.197610577884908,4.393189512385125
193.52229019554903,189.9803819843081,7.202887127565891,4.388815825947044
193.61304280149184,190.25100437353427,7.2025786237584155,4.391161171729306
193.97690568022716,190.3419992447319,7.199779173987449,4.390403006258972
193.97885103329094,189.4408994872498,7.195888467859897,4.380831539803284
194.07304407405078,189.44265027248935,7.188460432062965,4.377329969324188
194.52083038363455,189.4461609871692,7.196829944315211,4.370308539964445
195.24184811047334,189.17976237446274,7.2011539884192795,4.360720953709312
195.24381194122063,189.81378990269187,7.197226326924681,4.357551171488233
195.33035492157407,189.1859528199008,7.204726377322492,4.349123259337299
195.5111101780456,189.45861888741544,7.204327290873456,4.345458264049022
195.78397492952908,188.73682427704597,7.200061823770238,4.345143389151409
196.14827640296213,188.82531733971678,7.193135677172388,4.348576463876891
195.69819672697852,188.9149204219945,7.191425463229402,4.349744212503494
196.41463105037525,188.91621008566526,7.201501756133519,4.347164885161969
196.4230215537996,188.73250060311264,7.184720749284816,4.353634445383543
196.52017699260273,188.1919236321874,7.170743658945405,4.352785663632863
196.6170617254007,188.82264766870762,7.157085487903139,4.352116652468376
196.80243217927313,188.19656682427222,7.146137676391691,4.345002504522308
197.4362334734695,188.46992668624188,7.13583083487441,4.337123814958242
197.35301145707507,187.751959374898,7.122947379925889,4.338438535746657
197.35876742179173,187.8440030605881,7.111435450492611,4.333508812510496
197.62903524101327,187.9338358923065,7.107609215038177,4.332746283403327
198.34407076541922,187.93546701458206,7.1082044141891165,4.329484038852175
198.16686711688857,187.9363207287242,7.105037204366239,4.327776610567847
198.0791496421885,187.84976790048893,7.101760832338239,4.3221709456102895
198.0825416651199,187.67311395728186,7.094976786475456,4.318342520685141
198.08730769183407,187.3195540512235,7.085444733047072,4.311851805131361
198.6221667573197,187.68098826012883,7.08463471264738,4.301588794368355
199.3334704042107,187.0616068942495,7.085759556513234,4.294585905685092
199.2447524130726,187.33250733946244,7.085330184842636,4.286381077099386
199.24546200038392,187.332927204118,7.083911010220009,4.285541347788273
199.51162177248,187.3329363523619,7.084647923470905,4.28552305130045
199.68851417454843,187.33335115483357,7.086255422974049,4.28469344635717
200.31528974709846,187.32866013549332,7.076647082319415,4.294075485037641
200.31522289160486,187.06298326741745,7.076780793306643,4.292266154511521
200.31324241107933,186.8856113939756,7.080741754357685,4.29162480622252
201.02365166643733,186.26312844580858,7.081849222935907,4.292405470674089
200.58165656535223,186.8829712721682,7.076987475341469,4.297112547625322
201.562409663544,186.08288199607324,7.071030794955863,4.297296041271467
202.00786962372786,186.08092418175195,7.068568748157634,4.301211669914033
201.38663882893158,186.0808313273952,7.066984721016373,4.3013973786275566
202.09559068537993,186.08034349927766,7.070683607441083,4.30237303486262
202.00402667579155,186.08138065448327,7.0760397643174855,4.300298724451419
201.99944512740277,185.9065628651082,7.085202861095062,4.294300802756658
202.34732646516116,185.55547312136324,7.100849228398906,4.285071247425999
203.05323038069793,184.93715756111231,7.112479661107562,4.276193887118378
202.78368508078998,185.47451957724735,7.117710412956753,4.269189550781737
203.6668210439144,184.76509837574994,7.130568628440628,4.264727840390339
204.1112027143856,184.763331120112,7.131950564074108,4.268262351666188
203.66390366551573,184.58890520204872,7.1360024342547845,4.260895696769209
204.37480854881125,184.41250098551816,7.138554414430041,4.257613693138777
204.37479522520283,183.96875331692996,7.138581061646838,4.254970120208328
204.7324765217098,184.5894860405961,7.135152693963261,4.259389567204155
205.00194376160186,183.96635755409858,7.13023969982274,4.259596407030749
204.8261698523102,184.14301902286044,7.125912363527142,4.262148624386002
205.5423113718122,184.31924803585986,7.116959500866584,4.265523142473014
205.5415094156014,184.318709876959,7.118563413288158,4.266599460274719
206.072987518702,184.31931258967796,7.122899335379257,4.265394034836815
205.53926631006178,184.3201786032486,7.122784555641757,4.263662007695524
206.33510840093209,184.23390995984377,7.1321578327686765,4.258304021297669
206.6019295780777,183.79156681319,7.1323483724111,4.253268824715741
207.22466313803866,183.34761338081094,7.131916300691067,4.251864940758248
207.04843815375452,183.8815100492523,7.128702214318605,4.251063768697754
207.05404537373948,183.16724096500053,7.117487774348672,4.257436293363205
207.05926578987567,183.60928955034595,7.107046942076267,4.261896328157595
207.6837841634036,182.89620952274132,7.101429565146683,4.267005674651145
208.48672180426178,182.89372160808813,7.09425944788066,4.271981503957505
208.49208393984156,182.89191659036743,7.083535176721063,4.275591539398917
208.67307321031637,182.7116823597902,7.076581150399636,4.281035485925177
209.29403572419727,182.08757943416637,7.077159106627047,4.2867383531836465
209.21004184060055,182.70495628524353,7.067541782816273,4.29522028805889
209.30229334267523,181.99043067615375,7.06064342756931,4.303434315019434
209.66011621896632,182.07161398564105,7.055558104973868,4.318707803541565
210.28273646561658,182.0654436425587,7.055066322410791,4.331048489706258
210.02153680107804,182.0622655725738,7.0434014262314895,4.337404629676019
210.1116775465736,182.0595949392614,7.041074183590656,4.342745896300844
210.20175565648003,182.05699674561214,7.038927233408157,4.347942283599378
210.73251543326052,182.05587559388977,7.0457948181382015,4.3501845870440885
211.71337476168037,181.7906518055155,7.044327456038321,4.346018174318166
211.80019082262945,181.34559682565262,7.048808115183964,4.3455642288248075
212.1620434503151,180.72118179177838,7.037790882680561,4.347190256554441
212.07546134324937,180.81404168476772,7.032920161701634,4.339505405686171
212.07908345912801,180.8147248906632,7.025675929944303,4.3381389938952015
212.0796612999073,180.8190259359893,7.024520248385755,4.329536903243003
212.34436669290776,180.73338414564572,7.0277305918183055,4.323280107452371
213.0539778117258,180.64628682366668,7.028373403235229,4.31999162027879
212.34924773156155,180.64746876379573,7.0183339606734565,4.317627740020727
212.88228288995154,180.64822212688279,7.015751503761585,4.316121013846628
214.04013447383178,180.6456084754765,7.003442084235196,4.321348316659146
213.24865571336733,180.64366866312554,6.992604663712886,4.325227941361099
213.51884051950628,180.55281989466664,6.983210355857685,4.329933710137971
213.96698030345678,180.37506589412004,6.971583586298862,4.331580591894343
214.67816770432208,179.93142359277786,6.963485779090112,4.334942073002511
214.949480755261,180.10543804319693,6.951020017525523,4.340353399039936
215.57126795232008,180.19016995197038,6.94381852244307,4.347514281355321
215.4880546080546,180.18832500431714,6.933608029735792,4.3512041766617875
215.57662133469918,180.10389210446502,6.933021025854986,4.34352352695764
215.56868909437117,179.40333802424158,6.948885506511058,4.333360152786365
216.18293146009907,178.96560382279145,6.955729443903782,4.326450935080491
216.79892030465743,178.87913293600738,6.958984478087371,4.322930891034351
216.26998036487768,178.88095015680392,6.958156266901111,4.319296449441237
217.50322114562348,178.70419143448507,6.9609664818394155,4.320057926017488
218.1171052192419,179.32392762410848,6.968227370509761,4.315614582677843
218.02447855421931,178.6211799439578,6.977014186951857,4.309377834155012
217.5788575119831,178.62195999343305,6.985791702259491,4.307817735204509
218.27947579546301,178.44494032766826,6.997336537521362,4.308661716178622
218.27662906518051,177.9994779276195,7.0030299980863235,4.315666070787907
218.27233148540424,178.7036166302514,7.011625157638899,4.3232823953141155
218.9767991284521,177.99460525387798,7.020633154991096,4.323361864613008
219.68289140130793,178.08330899716952,7.027477670955361,4.323333010739382
220.30036929078423,178.08236337165255,7.03488362499935,4.325224261773289
220.2961186656125,177.73008654280392,7.043384875342787,4.319287924526013
220.64748254098708,177.19834794337848,7.051255093420964,4.316868170135806
221.17906537572037,177.64104721866556,7.054446339241975,4.32010038230127
221.26861281496363,176.9295050321549,7.053179548343427,4.320560054618742
221.89443190559953,177.1046266855211,7.046259875113917,4.325950607327006
222.6062806224323,177.19214925441273,7.044997459796646,4.328709846837342
222.86921330140055,177.19260247379876,7.052627895392285,4.32780340806528
223.30811957044435,177.28084393374488,7.064467811949392,4.329250979101977
223.03620915098367,177.28309000958765,7.0738945045730235,4.3247588274163995
223.1231797369267,176.84118827500296,7.078149710444284,4.317580407799299
223.21112109134094,176.30770051420834,7.080406043689361,4.315721676946796
223.65889793748025,176.93092852245547,7.075559318274262,4.316255414061388
224.4599215951726,176.21839290898026,7.076215270918845,4.316701513874713
224.63328832828188,176.3066373421174,7.085672650981723,4.318308070741123
225.16663730394745,176.30687928320836,7.088555121229351,4.317824188559193
225.16301297635954,176.22181726658522,7.095803776405214,4.309650005469993
225.25216983179953,176.13611460186056,7.095758695194863,4.302786705249672
225.87943804326645,175.9589874333615,7.088289043784569,4.30073625038392
227.2165067148644,175.60221297936226,7.0842507126778695,4.302258755158628
226.5950648336697,174.9804056745348,7.0813299417235855,4.300068831469859
227.30285726652212,175.60030428465333,7.088878625786668,4.305513467279694
227.39050902171675,174.97516116814148,7.091670933279231,4.309128975130847
227.9267714885685,175.05960515586835,7.088335716792719,4.318439285879869
228.990122064155,174.97229596308912,7.101298142373825,4.314752373375502
228.62890497773523,174.44003179557905,7.109986772983016,4.308662395050063
229.2485817772196,173.90762410679775,7.119876086262568,4.30269813354268
229.2422429113813,174.53344668564128,7.132553817939223,4.30062358757719
229.77397782185963,173.8204486251375,7.141067339829265,4.297308584789217
230.30573349296947,174.0011266283552,7.149964486467384,4.29342207463976
230.21035455177034,174.0019524502253,7.161920730163242,4.29177043089954
230.47153403691757,173.91672929211518,7.176416843485398,4.283265052580897
231.00310923784627,173.74091759406636,7.187409434547313,4.276840784372097
230.81706582929255,173.65333695600197,7.201338538176291,4.272923203761668
232.0685526827803,173.02789890621364,7.207441741311189,4.269260848283123
231.4343409198651,173.29602456409833,7.221124879604739,4.27075541288668
232.14500991204318,173.5645231144653,7.235604728901587,4.27218999977263
232.228596506116,172.755987521167,7.248148171959934,4.27181150553355
232.76500410774761,172.75502721852263,7.254712483277799,4.273732110822246
233.4801102536406,172.7515641366703,7.264712760526903,4.280658274526877
233.6599385970549,172.57026704998353,7.265640531917395,4.282667989681382
234.02001067895543,172.0260913272917,7.2668563265444845,4.288979497422707
233.6539561449334,172.65601833712657,7.27710640199674,4.292378714788689
234.83127882573066,172.01919737393288,7.271229456602566,4.301299186298921
235.19476961888233,172.19528913615704,7.267199632689715,4.310591543045881
235.0140985223353,172.27986784282115,7.266871743602217,4.3222691708084735
235.10348838656486,172.27746692828828,7.269119398496397,4.3270709998741665
235.10633158479695,172.27412846796904,7.2634330020322055,4.333747920512704
235.82661940231623,172.27038188418715,7.272217576345072,4.3412410880764485
236.91496734599036,172.18149302658148,7.272647394112891,4.337591661194804
236.18806749952057,171.73234253882322,7.275471558957007,4.3290329316516045
236.90664797562982,171.10080450092568,7.2884662342529305,4.3232228333715526
236.9041478963227,171.55860589839855,7.293466392867146,4.31444262924123
237.2627154929619,170.83471773801693,7.301493167426836,4.3118950143284405
237.9847512481757,170.7449899056726,7.30835533182075,4.309983969664433
238.0678334790313,170.38465124571644,7.323627227937833,4.304915858263628
238.1511072443284,170.0238811604496,7.338657204630244,4.300145999650994
238.8764130539722,170.56989051391892,7.341805608455293,4.298447310046855
238.87725964975098,169.8421225142236,7.340112416897701,4.300079296327448
238.87746141573982,169.93194869348358,7.339708884920001,4.302167417689987
239.51563015239162,169.9303797730366,7.335760155565474,4.305305258583912
240.5117084562459,169.84031048194188,7.343010568913512,4.303679566131859
241.14915005301995,169.47782499800257,7.341038373113513,4.301272821011539
241.0607405957027,169.0235715897309,7.336082864565644,4.30090752164299
241.15511107054658,169.65917867748868,7.329036579926474,4.301556001467594
241.52193051366567,169.02377888599347,7.321801723879506,4.301148531623437
242.25068509275593,169.38489509642014,7.316185975695824,4.304862815768483
242.25397762992,168.47754275575545,7.309600901367666,4.304906594931959
242.35048580599593,168.473364874095,7.29795356715392,4.313262358252818
242.99306672359222,168.37863186324986,7.282152308539722,4.321391154717644
242.9983447357919,168.19397722177837,7.271596284140359,4.328220987926011
243.36463675283142,168.82194097854173,7.263804743687272,4.340680338244646
244.0041647141734,168.27161835680215,7.253796646189002,4.3535703029931225
244.00920900824127,168.62856504493968,7.243708058053295,4.3651212796577585
244.28747260653876,167.89716055090315,7.231397873811615,4.37668490145541
244.83880237214532,167.89011264018507,7.217241620070476,4.390780722891551
245.6623712713287,167.88284360896418,7.2030969295591,4.405318785333343
245.76019671824008,167.7887071566749,7.1889235142619885,4.41211421138626
246.40013074687712,167.60180164831885,7.178718366684908,4.423164396756363
246.39467456233427,166.96643826391627,7.189630735770623,4.423993760619419
246.66930702284373,167.50657149563935,7.185137726360512,4.433271120390744
247.3987118024137,166.77590864841306,7.1797640516383625,4.44116093042553
247.39221193797374,166.78052594681233,7.192763780518268,4.431926333627034
247.57636059458252,166.78326007185063,7.188007807188351,4.4264580835504255
248.2143350848011,166.77593896715726,7.183313697750211,4.441100292937165
248.58235197520202,166.31944040077423,7.1744149934339845,4.445178580096282
248.95010376256562,165.86328355783706,7.16578916348633,4.448895084996117
248.59222519660227,166.31080275310558,7.154934069472661,4.462121976884572
249.867572068356,165.5828112422723,7.148220815580769,4.464401861627955
250.59675048815654,165.67292256166624,7.143070802827859,4.465830076196089
250.50910629619332,165.76120466068764,7.136761319501521,4.470863745406051
250.78405520421532,165.76069355656819,7.131627466985,4.4718859536449465
251.50762745293144,165.76413625575293,7.136710209919769,4.465000555275469
251.5063935211491,165.4063043759366,7.1391780734844605,4.454708595627861
251.6932876713069,164.7720397820625,7.128096189160762,4.453765327404255
252.2368233529738,165.3192657592302,7.128055919274571,4.44634446651645
251.97291494654885,164.68257444394217,7.112732360143805,4.452399562470942
251.97986817063864,164.86361200660187,7.098825911964249,4.452163257793563
252.07217385479186,164.86579883250323,7.094922189511958,4.447789605990854
252.61735552888337,164.86592675865538,7.0880148524599065,4.447533753686555
253.6052189014212,164.32917927093172,7.097441472879051,4.438217802500352
253.97001711646485,163.6067395566258,7.089657758816852,4.439471799061967
253.69736391824856,163.4298580295854,7.093890436196528,4.432519040440857
254.68938114378182,163.25226959275645,7.093206255854281,4.4270867739671065
255.04739677748296,163.97355575605692,7.097987979955201,4.4261404303726035
254.68529380835832,163.43391417909464,7.101158727703232,4.423870798545432
255.7711603362421,162.79974801749037,7.092642636252254,4.430326559235928
255.9567095148464,163.42725691435666,7.082042604387738,4.437052904207814
256.5892959902775,162.7043736698276,7.078294630811703,4.441190847796153
256.7727108417442,162.7035586493237,7.071898759106084,4.4428208888039675
257.0478874443788,162.6121825407612,7.0619914729275415,4.445424466232053
257.04652994599417,162.25534668229008,7.06470646969675,4.4389195296456645
257.13851176974396,162.8876689109102,7.060718586693616,4.434105423880735
257.681889817829,162.25733582508857,7.052975430901852,4.435923165082608
258.30679275979446,162.43920300720177,7.0614209994795,4.431689215858664
258.84319503619537,161.45390166004626,7.067449428936545,4.4244314426950995
259.3798312558683,161.4568157663462,7.072820566870718,4.4186032300951705
259.28473306869864,161.3676268676194,7.0832604885198736,4.417224574858538
259.8239851072117,160.83000877234514,7.084092061086517,4.413125115814434
260.27229278291003,161.46050200388206,7.086641341210814,4.41096913687001
260.2646528012339,160.74310917966554,7.101921304563018,4.407076180116924
260.8941241477532,160.7424018500891,7.102962097881854,4.40849083926979
261.616125440405,161.09695024914842,7.099254905339931,4.419541737532012
261.61581669499583,161.09677012871256,7.099872396158327,4.419901978403743
262.0699289786442,160.91603275266064,7.092559255819605,4.421012159724349
261.62257453675954,160.3736600750719,7.086809676682589,4.425207359414136
262.52203779942147,159.7433674868877,7.088644933902957,4.425259288001564
263.15692241536294,159.91820381411085,7.07960694841327,4.435795561096227
263.06647492082794,160.00834791784877,7.080355841611249,4.435653449492346
263.1560223840852,160.00978851709843,7.081415819342251,4.432772250993045
263.8751703585049,159.5627241146417,7.084099407867209,4.426288845053824
264.59340440036385,159.02333560547459,7.088061945613273,4.424742897290038
264.7766715770287,159.56271236968823,7.081701781874268,4.426511937634698
265.4964959507329,158.57267216410298,7.082227036183234,4.42635309644382
265.49278438078034,158.5718638757322,7.089650176088263,4.42796967318544
265.852702075129,158.122227563202,7.090474528025881,4.426417622452204
266.66348247085557,158.66370203681154,7.090274718648565,4.424375996616934
266.7525871133735,158.03604951580567,7.092179427521496,4.418883081266824
267.38329906272486,158.1286474748874,7.091107655611113,4.41373746693088
267.47356036510064,158.13030282834242,7.090533020766112,4.410426760020827
267.56291728074905,158.13347207903658,7.091703028157462,4.404088258632506
268.19664831709184,158.0465098484922,7.082805519126097,4.398217782056343
268.10536300509466,157.78398709992422,7.085812572196595,4.384572566420784
268.28892306003337,157.51647827731114,7.0774512305256785,4.381452059337248
268.9166929581057,157.2524521322381,7.076326784566714,4.37189777083227
270.1767063861282,157.52295365925812,7.0626494241872,4.367969608720506
269.4689834250523,156.8078746895849,7.048056284149362,4.368088485877184
270.0926571420295,156.89970124968357,7.050482335624814,4.362974435027032
270.2735445394473,156.6351082235024,7.045686370803205,4.3566922423683385
270.98405317743584,156.01270205868482,7.051167843619363,4.353318166809429
270.8943131265274,156.54979819590338,7.052310473383386,4.349150724689742
272.23679161661533,155.83501620430192,7.041621197466828,4.3524385989543575
271.61555721849703,156.01297005686342,7.036828304966826,4.352891376327555
272.6021177427789,156.01031056306138,7.022986748463823,4.358210363931616
273.3191907372861,155.38759693864637,7.012832848023895,4.357644535259016
273.2290209990427,154.7660457582559,7.015334406244578,4.355881468177351
273.5028204645163,154.85265931943238,7.001272507728592,4.360500023301462
274.21510099838446,154.85326902751495,6.998417098600109,4.359280607136349
274.13128585263496,154.85180546651833,6.988397283849715,4.362207729129568
274.310834524695,154.4976889762116,6.984399041850409,4.360242505501552
275.01904471436706,153.87516351051383,6.987633604491635,4.3630953626599895
275.0182932204042,154.31869059610827,6.989136592417349,4.3638063422074875
275.1985008387707,153.60562331426988,6.983896166244002,4.369241663645581
275.9958588650527,153.60428581441877,6.987582453025597,4.371916663347786
277.0571136551835,153.51474512578812,6.99747509757905,4.373297855207827
276.79215564092925,153.42513530616324,6.993777703744033,4.374646353676452
277.86652862950876,152.80153624488906,6.979093888100163,4.376974882007607
278.31807337783107,152.8893069133065,6.964295075309862,4.379091681943649
278.3146143476949,152.89151108291074,6.971213135582282,4.374683342735198
279.11130423263336,152.26900511544338,6.975350961303926,4.377181592204415
279.64267084221353,152.444705173507,6.978251726889264,4.380992804325711
280.3473276195518,151.47090074198383,6.990641277727904,4.3737598972888305
280.3483381277083,151.20345667377782,6.988620261414918,4.375317661936204
280.8775229068018,151.6501678944064,6.996886966049157,4.370758773030163
282.21329024525505,150.8484711600492,6.992648934217246,4.3737742546997636
281.50237896384,150.84652750143144,6.992015281702676,4.377661571935301
282.03749994815087,150.754552020797,6.988949709491581,4.383749800469044
