294.1000061035156,329.8999938964844,6.300000190734863,6.699999809265137
294.3069337183653,329.7176342737831,6.319046223279074,6.678819595629236
294.09499231600375,329.0118131369134,6.333586635260053,6.657763494771065
293.9826801167005,329.02225296937604,6.353638767236809,6.636883829845804
293.96972975224463,328.82555785153284,6.379539496148615,6.621148062681182
293.9570632528291,328.62832496761854,6.404872494979682,6.606161034251196
293.9427474703995,328.84286225523664,6.4335040598387785,6.58687053040122
293.9393231144643,327.4157147585834,6.440352771709283,6.570581541576958
293.9334652451435,327.5319504368274,6.452068510350878,6.543004222520229
293.93069344930774,327.6448304156984,6.457612102022342,6.521889826824655
294.12784852329247,327.65181712398675,6.472103911182802,6.50791641024801
294.85148408420883,327.55749116651845,6.455699809706308,6.492158750847869
294.23429429360357,326.95502462417056,6.466660896952974,6.473673341579804
294.95183268462375,325.8383825422744,6.458077600655218,6.4653248849194265
294.7546444516661,325.7282661712188,6.445417783812982,6.482039485651922
295.4729312752725,326.4398672061583,6.4339167367578,6.483910015930736
295.37694191022916,325.62915073749286,6.422465505147022,6.477903259681271
295.28657835709026,325.62349516392226,6.400037666776392,6.489214406822549
295.1893587665211,325.6231674308169,6.39149771484248,6.489869873033153
295.1924837183726,325.2207748003714,6.385247811139341,6.483236319327105
295.80608694070776,324.51596327290844,6.373952314066739,6.474296602055817
295.9118825413052,324.5191472116173,6.3646941987799766,6.467928724638083
295.41797679974417,324.1143092442576,6.3420711061755375,6.469256998776355
296.1314557631455,323.51110538493356,6.327368170037639,6.465160439711921
295.83719840596393,323.61304640444223,6.311520219060837,6.462732622474522
296.6512011909862,323.41068314742876,6.292841149380038,6.465127511410507
296.6596920810792,322.707150732992,6.275859369194079,6.465834153919592
296.5679612891164,322.7063131941038,6.2586699380031785,6.46750923169585
296.57538727349606,322.5070449765113,6.243817969243866,6.465234618838011
296.582652162178,322.3082105317952,6.229288191879996,6.462633574731963
296.2857538548413,321.5176394789987,6.223491791357675,6.444860973136444
297.088466213342,321.122578599325,6.2140191026296305,6.437006718347243
296.9921689949784,321.82256681646334,6.207392523410792,6.431577395692943
296.99556016948287,320.9327291728958,6.200610174401865,6.419973066732235
297.00010812136327,320.5402498730674,6.191514270640994,6.409964319681804
297.1962668519422,319.85457399117905,6.196078863658893,6.3922288938438765
297.49526779272975,319.8621415747734,6.1927821333780315,6.377093726655181
297.0093846637542,319.65645234861665,6.174820986896691,6.392581217195659
297.70949868560945,319.1597778227288,6.1599238692185745,6.396408178948245
297.42115953014365,319.16190103123574,6.143415945669012,6.392161761934415
298.2132496793584,318.7711925834428,6.138443294948755,6.383974833665646
298.22142865077865,318.0882933765078,6.122085352108259,6.369415541199762
298.22542808340165,318.19269250391,6.114086486862273,6.35732419568469
298.32676878835633,318.0972346785719,6.107795906343941,6.351849016969659
298.42691643599267,317.71209690302555,6.10370608131779,6.337302687076717
298.52954415078193,317.03206511213335,6.0943634154426976,6.325976922937657
297.8525950496579,316.7426226436174,6.079149758395851,6.318099634557581
298.2536815645241,316.06386527643787,6.057869558701189,6.309051916350624
298.7493950094595,316.0733514951965,6.040165798243537,6.290079478833332
298.46678905779567,315.5942186780932,6.022876342814045,6.277509515111266
299.3470682240359,314.82610525872036,6.00558639519712,6.264164456200458
299.3560230562897,314.8316042783866,5.987676730689548,6.25316641686804
299.4604920377617,314.6391808709908,5.9714966158713505,6.252497535408014
299.6617649093364,314.25650997815603,5.953933130381855,6.247874805757667
299.476438044632,313.6843088781273,5.940305827608141,6.239433909267495
299.3860188378135,313.689585431103,5.929351778277164,6.228880803316124
299.3886874238931,313.60193169023984,5.924014606117937,6.212734581882783
299.0131251350838,313.03582421389035,5.9106736331150875,6.198251208649461
299.7815867751885,312.27297745459595,5.899176632416129,6.198518447727742
299.690732228469,312.2737992011705,5.890385423627368,6.1968749545786785
299.5999290496459,312.1804795641056,5.881656522928944,6.193178970363798
299.70135767389525,311.32636533229766,5.868938342436453,6.190155821923469
299.8024064584041,311.32701484441014,5.856730924367006,6.188856797698489
300.27889579362665,310.7668032157121,5.852133590840102,6.171222450792721
300.0956377849211,310.670068262384,5.839994570321754,6.175364838484198
299.9120547351032,310.57594762244486,5.828761008430381,6.17440628759895
300.672496081025,309.8247973976772,5.819931617235122,6.164653436486042
300.5813427410323,309.7357282300234,5.813524194034178,6.154077668607125
300.58620689632295,309.64224065943847,5.8037958834528025,6.152605716225268
300.5907587046675,308.98529005938053,5.79469226676372,6.148618621424177
300.69344860998405,307.5761636830065,5.777375444963657,6.145926541676954
300.89096276569387,307.67249677162005,5.75783935103121,6.141006473193412
301.1806879569175,307.67669383990756,5.740466293567784,6.132612336618424
300.5359924220129,307.02021135939344,5.721192532572161,6.136912466841917
301.1983012670742,306.2735458245206,5.703566677752421,6.136538581955725
300.8332086257481,306.27909312651553,5.688043238119258,6.125443977965944
301.5825250382519,305.5387383366502,5.677468701968231,6.118095268839964
301.58551482215483,305.54626134935785,5.67148913416231,6.103049243424699
301.588631004491,305.36933639023204,5.665256769490034,6.08610983820688
301.68664392474795,304.63309422314506,5.654262148647274,6.078344415011703
301.78385897343617,304.63907900528875,5.644567331868264,6.06637485072432
302.0703144153738,303.9027110133066,5.624839578688935,6.063955819499741
302.0780074154008,303.16781035168856,5.6094535786349145,6.061412806866105
302.083340124498,303.1697557493169,5.598788160440475,6.057522011609375
302.18063020435164,303.0838190110684,5.58773639869981,6.045867090139868
302.7283999510701,302.44716476246066,5.591221924939757,6.036979731065593
302.0903211619188,302.45207336448703,5.585765984804222,6.027162527012804
302.1881832357054,301.7239770726438,5.572889572486794,6.02057322865174
302.3755406842429,300.4538043998036,5.56325504317809,6.005355999969103
302.5636343709975,301.1896972124852,5.551366849459551,5.990767093768645
303.0232133444541,300.5617120935936,5.540873689926985,5.974606629218766
302.4847931327624,299.48156094574705,5.529830202320125,5.959141102931058
303.2122326991592,300.3033483708674,5.522127870905497,5.943640154241726
303.12413596590335,299.5915986762567,5.517788567783851,5.922877386396954
303.12580411542586,298.1585768961607,5.514452268738842,5.906685255084532
303.12786087983596,298.70624869260473,5.510338739918706,5.890345152525607
303.21799914228166,297.4602962845991,5.509575608581575,5.869062458776633
303.22171575403485,297.5585754468668,5.502142385075273,5.851672926590863
303.4008613551293,297.74735873323925,5.501409298852535,5.8316644698121305
303.93496294932305,296.8655197825887,5.5039340521441735,5.810795801647938
303.93224319651074,296.78364440934257,5.509373557768709,5.796378209189654
303.9305810466873,296.1697432385065,5.512697857415678,5.777977605671216
303.9279410874444,296.17961625550686,5.517977775901355,5.7582315716704935
303.92424626039207,295.65651463838566,5.525367430006065,5.739026667409735
304.0114117453633,294.9553605265757,5.528420515322725,5.722262448956093
304.0093232144638,294.96496218895317,5.532597577121805,5.703059124201188
304.00923668671584,294.26520832378156,5.532770632617703,5.687091777074521
304.0971333717716,294.0099215840892,5.533663830766033,5.667605551679723
304.80059251267573,294.01907218713876,5.537903870323446,5.649304345580628
304.6262857114909,293.49564913543446,5.534168825402667,5.639104507117652
304.6269369996155,292.8013076509548,5.532866249153326,5.620146513343535
304.54098869900304,292.63427912202195,5.529126198671322,5.602930267795302
304.5432040983149,291.9401560455781,5.524695400047554,5.58872031959448
304.54597253265257,292.12217512935166,5.519158531372177,5.574709541440047
304.5483547432663,291.78078296551365,5.514394110144695,5.558669724091934
304.5506430559818,291.00304625772844,5.509817484713679,5.544735653953233
304.6430250369836,290.7467884622206,5.4991407565935395,5.534989543318769
305.2447111386557,290.0538682461193,5.512127768821578,5.530705157724535
304.8956496083945,289.5346439600498,5.514639552497,5.525736814593051
305.5885839885808,289.10296629523424,5.519684174522507,5.519771280225362
305.2423832649193,289.0227147189119,5.516686853047874,5.506424740670634
304.72570630949576,288.3329865407261,5.508487025358314,5.497142778993458
305.3356352015532,287.64415805123855,5.50184811366611,5.488263903771146
304.73516203526816,287.1312164364021,5.49128626623199,5.475711550583209
305.34541526904667,287.1363258809343,5.479739883149892,5.465492661518808
304.7480972923074,287.1416924608943,5.467815024258544,5.4547595015988355
305.3558183696616,286.4578556047077,5.456435988079867,5.446361078509637
305.18908533590695,285.1695287566687,5.446506909042666,5.447551175488318
305.87483186840893,285.6030090197325,5.447493601143408,5.438390497551119
305.96224053508774,284.2386450791055,5.444107498449677,5.4242186881825765
305.9667051466821,284.32762651556993,5.435178275260954,5.417410486704342
305.969645765361,283.0502248079385,5.429297037903051,5.408611116344985
305.97460514599675,283.6512945965756,5.419378276631641,5.401201027772697
305.89560871909026,282.7124309417111,5.406968366862542,5.404497938099271
305.72902001576284,282.7138728309652,5.399627151961436,5.401614159591069
305.6508470922112,282.1186648393751,5.385874711413349,5.401342129211767
305.4866434237209,282.0320862969962,5.37452727458755,5.404621827066431
305.4078593121748,281.9459638560015,5.362345283523205,5.407116494899272
305.2447140535488,281.2675776643869,5.34944088698535,5.407109222969067
306.0133263892357,280.8450527895668,5.336761147408738,5.405189566055374
305.67767194564505,280.4231108864895,5.331415154246677,5.403254771780639
305.6845452305654,279.241032138255,5.317668584405952,5.400726636584837
305.68998605853994,279.4095221461187,5.306786928456891,5.401331337941346
305.6952889050379,278.7354418507679,5.296181235460952,5.4004508046579724
306.12393542001536,278.7318251128168,5.281132692778221,5.407684280560207
305.4538645910378,278.0579760491115,5.274675335769501,5.408783393007081
305.45714811788616,276.8760569318454,5.268108282072859,5.417259798368469
305.9571988054828,276.87882495911725,5.277623395337672,5.411723743824808
305.3643907910637,276.20515491685177,5.2849093780406395,5.412400918487175
305.94868925167015,276.37447232406214,5.295522575565542,5.4106832808486525
305.44422742029195,275.7803897765082,5.292850866794421,5.418653775841146
305.36146398590694,274.8496258345939,5.289695531594398,5.424677415999155
305.27558365811,274.26077657018106,5.292729252081492,5.421287399077734
305.95176695269726,274.68103651607214,5.29013574350936,5.424375682672109
305.7827002075295,273.3317436562847,5.290810928616526,5.423294960420354
305.6124654754841,272.8254130557769,5.293834688452502,5.423619048671246
305.44358535692913,272.82942608264653,5.294043515159061,5.415592994932001
305.27545879641747,272.2399053712569,5.292990681306047,5.414063575644283
305.4439584604041,272.2399479517726,5.293216018609861,5.4139784146128695
305.52728551182906,271.56808136741165,5.295176469739263,5.408795151498977
305.61472137721273,270.9776745179163,5.2888688471241645,5.4096600934243835
305.617865169154,270.22479102215493,5.28258126324163,5.399124310282018
305.62243143578905,270.14362076750507,5.273448729971454,5.393251486840404
305.6260911863815,269.47584201023085,5.26612922878662,5.384993943712646
305.46060272000767,269.39914158762724,5.261642937676901,5.370663176991237
305.3789735746526,269.153132898311,5.257465537340569,5.360373482484207
304.96494917911025,268.2349378503271,5.249473828716595,5.357474479092935
304.5536845726349,268.23877447546806,5.236821085116387,5.349801228811137
305.1379517921378,267.6602711467792,5.2352992631830055,5.339795269116284
304.47427899737147,267.2475185404549,5.230365739447967,5.332626035972561
304.64185148145924,266.5863173265231,5.2279095280279435,5.324273436814174
304.7258506394378,266.67354757634763,5.226085589445545,5.315987314539983
304.8096460986717,266.0128122318866,5.224510057898338,5.3093349080977426
305.05926115349195,265.35379865889854,5.2229378813160885,5.30027423258511
304.31396020624703,264.8625835942801,5.222070962821016,5.2883918198321
304.39628533013195,264.2018913971326,5.222938990201981,5.285630012920711
304.39507552416256,264.2073595190135,5.2253586021407585,5.2746937691589
304.394064393404,262.9664329387688,5.227380863657967,5.276226442473899
304.2334051355258,262.0554183531199,5.217877996346993,5.2787380069010785
304.07324729161815,262.05361262698875,5.207592994574677,5.2823494591633775
303.74942159070986,261.9675415313085,5.194464814682234,5.289296755096609
304.0827218211877,261.0567762937381,5.188252028858791,5.294761123623677
303.5092492358602,261.0529221092765,5.179604362026086,5.302469492546857
303.76193545326436,260.3912540640685,5.169439509893525,5.305252029160793
303.8455386120829,259.89680716442246,5.167185498120689,5.304431993267512
303.84408162140215,259.3980013581375,5.170099479482219,5.312620679607645
303.84293678337633,259.3175103437924,5.1723891555339225,5.308524315468228
303.84412407131833,258.1589621851337,5.170014579649877,5.314916788069019
303.8479973020509,258.15781633237316,5.162268118184829,5.317208493590064
303.85022393870935,257.4982135109736,5.157814844867833,5.31620119071959
303.60345046679333,257.581851652802,5.156540529891502,5.31386532666545
302.94862871592335,257.66180792550824,5.14711500943267,5.318836409027863
302.21239339247916,257.2515830123701,5.136272381044506,5.315223304595027
302.21656831904943,256.10390332576713,5.127922527903964,5.3064003550876615
302.2196176480671,255.61575748494676,5.121823869868529,5.296807822163243
302.2230342065013,255.78213239414114,5.114990753000178,5.292192313136784
302.14528310940403,255.4547677906135,5.1066062399313505,5.291374691138738
301.65717818685147,254.88529804452193,5.100368477395558,5.284125307740786
301.98419266434803,253.9110576314761,5.100455259280366,5.270258923198941
301.090430141613,253.34520617687275,5.09153883883865,5.258771808643647
301.09116665452024,253.350821608807,5.0900658130241965,5.247540944775156
301.09204875790294,253.35612405178185,5.088301606258779,5.23693605882547
300.6062537083718,252.70645401241626,5.0843039691583005,5.235492489339687
301.2551395673873,253.2782683391278,5.086629206641373,5.2294486719914
300.2784477916954,251.98094559862204,5.090564432945624,5.224829719563363
300.2809877373272,251.08800984337228,5.085484541681905,5.223820400074931
300.1999348154252,250.60475851208764,5.085242780668276,5.216237433737767
299.80035884396545,250.60488508486992,5.073270944480504,5.215984288173242
300.12738303685046,249.9573405822831,5.067349034177535,5.2148203424129385
299.4831104143081,249.22930535148578,5.060536170783165,5.213612931968697
299.4850717723699,249.07121831436692,5.056613454659529,5.206200738227236
299.48258164092664,248.42956144484324,5.06159371754605,5.196595844505145
299.00080996552447,248.43126010328797,5.05588029915463,5.193198527615732
298.5198243903527,248.43288980164,5.049456282692458,5.189939130911672
298.5993640881945,247.3877857003993,5.051623414339989,5.18394247808844
298.67648862256544,246.82786405636912,5.05856099241417,5.175479238436324
298.59585932949125,246.99242794398975,5.058656220078947,5.168678180162229
298.0316490088963,245.3871537465563,5.059670480720249,5.1580654877471375
297.4673210646375,245.87420240038654,5.0619748308342585,5.149412355861091
297.46703519465564,245.7978364672909,5.0625465707980055,5.141336448854148
297.46446078903836,244.59829139992596,5.06769538203256,5.130078480011883
297.4615326009768,244.3626056843937,5.073551758155669,5.119667572821804
297.0585532058028,244.68800671975342,5.076896906653541,5.110956415582383
296.4960526330963,243.40303584537682,5.078829176116542,5.113883590735499
295.9305332724549,243.9685124063406,5.086263426852472,5.106534939354824
296.2485173973848,242.9279687389923,5.092360898359033,5.100908679611118
296.16391017449155,242.37019361103546,5.101051427893815,5.092791521763198
295.91971175870566,242.6169566236242,5.107849419479122,5.0808643365722785
295.2761501487639,241.66033614538506,5.111356283808868,5.068680759719991
295.27354407848725,241.10402703491673,5.116568424362236,5.059092637857601
295.1961263490222,241.42886074839535,5.111157891455109,5.050409178248667
294.7168444260867,241.35447415270147,5.109577957201586,5.039158406282353
293.9139090982054,240.79873426749063,5.1172320325961715,5.031886570446385
293.8336911679272,239.84386791428093,5.117840666502165,5.023692557061933
293.83313379745033,239.68916861813693,5.118955407455946,5.013676221131845
293.7524520635619,239.37497601553054,5.120752026495207,5.0037940313943
293.6725869649273,239.9370264608305,5.121043213209488,4.995766214678477
293.40666174666876,237.91649119272526,5.128554152917698,4.985047489408366
293.1394410317795,237.50334086465938,5.140567766979118,4.978853162293336
292.8763852381885,237.05504528398055,5.152012053796514,4.973485207537315
288.4877166359248,238.9730763077787,5.1595743190110985,4.9642340425501805
288.0105437141286,239.2907235468118,5.157384363147927,4.9666300974544795
289.20160741288555,240.41155365172395,5.1666503157921735,4.956937014444498
289.5944051704267,240.9735127035996,5.178144901578546,4.94894505190938
289.11145820512087,240.8154637266644,5.18720971253875,4.946099965895917
289.82595055095544,241.05805159258176,5.194340498839488,4.939629393384439
289.8239390340913,241.69991351554208,5.19836353256768,4.932525340816496
290.2236955311293,241.6183531441676,5.196489662472573,4.936118258769277
290.78243838741383,241.69845188791427,5.1958921535019895,4.935476228932907
290.7820390016433,242.25626740341784,5.196690925043119,4.936596716632698
290.8597989356131,242.9754588051692,5.200737247931222,4.9343096305799685
291.3338184700278,243.29396316751962,5.2102576784163235,4.935673905422022
291.97337698520545,244.0103091921353,5.20925121735313,4.940856246644368
291.81424473353024,244.00494736524163,5.207855239019011,4.951579900431713
291.80974612365253,244.48567753771283,5.216852458774522,4.94998982583478
292.2893734392347,245.12178196225946,5.218161606469163,4.958532681886758
292.9256199736471,245.19837123275596,5.227667440891495,4.9656040037996805
292.7644004993679,245.83945310007562,5.229084996648906,4.967525840364308
292.7640483221945,245.75543672407855,5.229789350995755,4.974995251777575
292.84226737517207,245.8353830897903,5.234043990806987,4.975795266120445
293.0792578549477,246.4788780718883,5.242379064470563,4.974981390497435
293.0798909278714,246.95952159812933,5.241112918623125,4.9790315659480555
293.24049836917527,247.60266318865862,5.241765889911273,4.980219800472593
293.64158636012326,247.68569609116264,5.244404801402649,4.975116974142058
294.2840135199265,248.3300302444576,5.2469375380450884,4.973835723801124
294.2823389960813,248.33335442458613,5.250286585735496,4.967187363544035
294.2827769592798,248.49751736061958,5.249410659338506,4.960640811500664
294.84508737720205,249.78789846888947,5.250194762018946,4.9522327401608015
294.2822345575919,249.22867712448928,5.251343269383624,4.946118297105504
294.921520308669,249.95159834318554,5.257347455252801,4.945423508739347
294.91864977687857,250.19528574199248,5.263088518833668,4.940013066646051
294.99676948019237,250.83935717514638,5.2675077382707425,4.937139208855946
295.15620870462544,250.67793719021384,5.2699933816056115,4.938615086520019
295.6372177222624,251.24105607985115,5.272441215712414,4.937587488189652
295.157096999783,252.44084043471025,5.268085256984565,4.949512287688172
295.2380474187134,251.95369653021527,5.26707191324612,4.958475131944403
295.4806411222622,253.15258832573502,5.264926214942685,4.97590008487607
295.8839681517889,252.5876640437297,5.264556140416824,4.976951070548062
295.32017287903085,253.229403991597,5.263272936433374,4.983612602812975
295.885212818918,253.30436756489814,5.2626658122412415,4.995038707008147
295.727892089705,253.86534139490706,5.254257454242154,5.003765404477883
296.4574972640647,254.5085065780773,5.248831736590325,5.009688043530926
296.4596585021776,254.67196953658097,5.244509260364603,5.005843162751537
296.5430091048036,255.31605348060558,5.239219988513276,5.0089707419082705
296.6266753139033,255.39309967068328,5.233266217163481,5.016257008602544
296.7111569950074,255.71068967899362,5.225703624689603,5.026680070918703
296.9535422658241,256.4345804866239,5.225274850450953,5.031923757842698
296.3101679196984,256.91097217119847,5.2198354472274255,5.048281460299795
296.6348743907064,257.7167307478039,5.217210449948491,5.053734168931418
296.959890029162,257.8746479437347,5.214147322319559,5.061383851711078
296.3961391916551,258.2745039868183,5.208944572370478,5.070746354803258
296.8836117653336,257.94756150980646,5.205286859884371,5.077106352246282
297.4478358133324,259.15936741997814,5.210308910474005,5.082359131732603
296.95961264583786,258.5079315554778,5.214238468788878,5.088541825167544
296.5542597879382,259.2372851972763,5.213716735719142,5.090043949534857
297.20627042534346,259.3189722157995,5.207783666629213,5.088930938203652
296.88344584723217,259.80414030159494,5.204831681622257,5.091496478457018
297.5282928395509,260.45710734317504,5.21229325213248,5.082717950444379
297.4455084059999,260.7012431106477,5.215739168957204,5.080815266331061
297.3627520974479,260.9453726483186,5.219104802894391,5.078997140489105
297.3656792472214,261.7595721752613,5.213250503347448,5.072308900250505
297.4489055425118,262.3294735642083,5.208771424386324,5.066320703693665
297.9317736383923,262.33214854969555,5.213886753584539,5.0609707327191815
297.2836189844726,262.3363570677829,5.215761666471504,5.052553696544515
297.6062384581144,262.984042753537,5.217325308024101,5.050787502708738
297.848043870881,262.9846445338921,5.218806222902696,5.049583941998598
298.09039533426574,263.06180013830556,5.219207621930562,5.056974175104113
297.36432853401,263.7059296302991,5.2149198879253635,5.063311932909486
297.6876587583858,264.9973916601032,5.215689504208447,5.070108133440184
297.9313316071532,264.5092588904328,5.214274833665197,5.074511618797585
297.2850600073913,265.64482893095976,5.210622867052308,5.071713078482901
297.6117582335946,266.2072717383203,5.204917839317738,5.080287456938329
297.7730351085424,266.04173101101264,5.206301617590363,5.087431383385508
298.09932264269014,266.11629189913214,5.202139866646247,5.100412936484283
297.4518285049958,266.35512638233195,5.199184551926029,5.109472816375534
297.85948195099115,266.9983163402123,5.195575280217988,5.121809093067201
298.34673830916864,267.3172835230549,5.195927299043277,5.133784550835421
297.7776916898309,267.9692886539279,5.19531729625132,5.1311494221952225
298.2642684393628,267.97163457077215,5.197888226467125,5.126457588506664
297.61425489731255,268.1343647652318,5.197218108772192,5.126171500036358
298.1045443735411,268.78091931492514,5.192071769532688,5.133639218273215
297.5386588144358,269.5901057860282,5.1855800911893235,5.141355985430092
298.0286187442832,269.995322663133,5.181431482210269,5.14406494015039
297.46325875539554,269.6687194209206,5.173909623212034,5.146847517847371
297.95344894359215,270.8830173385031,5.168718059835733,5.156223715224818
297.30310454888166,271.45209623762474,5.168627021210833,5.156248266521701
297.6247962075172,271.4549400571887,5.175629431976451,5.150560627393862
298.1905807542503,272.10862830022694,5.182379663922246,5.1441205132167465
297.61703893129163,272.1116997143075,5.191110912828357,5.13797768505558
298.1825819345733,272.1145173929244,5.1986608280027085,5.132342327821756
297.6083303246293,272.76871259696213,5.20831917257776,5.12548892010411
297.8504293205186,273.91051798417647,5.212328665932997,5.120179742966688
297.93067917228757,273.9961519675601,5.214544012494976,5.1116268262994975
297.2793371022355,273.7548352323799,5.216309397231344,5.106415763396945
297.2806953010174,274.9757445484248,5.213592999667685,5.1030016009365236
297.2803064560885,274.32571557789765,5.214370689525381,5.103349758002275
297.27920949741446,275.1410611745491,5.216564606873436,5.097472914345898
296.79554749646513,275.7088268654302,5.209350123829614,5.098903098349943
297.3630019981759,276.36196585905356,5.210767688806825,5.09128404641602
296.95818618264855,276.4451613416645,5.209227783506497,5.087127388465145
296.3131835076332,277.0941175622047,5.202077331602486,5.086370749319466
296.55909398250566,277.01346164274935,5.196317110423845,5.085662345374742
296.64338121924993,277.09683474845974,5.189661229002345,5.080834726021063
296.64670622000466,277.5033491496094,5.18301122749289,5.076495042845761
296.65122569879435,278.1472962371629,5.173972269913464,5.081119675353912
296.4120129315346,278.63301556254567,5.167910236460438,5.0786561605333835
296.0925450443582,279.3592216663608,5.161399131185068,5.078499432066755
295.93306822408346,279.36112172615117,5.157838923830073,5.07469931248598
295.4510504457554,279.52281980018483,5.155028452417753,5.073585173774835
295.9338997922977,280.2483078236477,5.155805277418577,5.072322403977472
295.289045695471,280.33331209832494,5.156941186760134,5.0633853901620425
295.52989700216875,280.8980486266937,5.158083590358334,5.060550706410043
295.5315970922339,281.9438380625488,5.154683410228134,5.060951883756795
295.6142440334047,282.3424852817236,5.150263981296675,5.068029712458453
295.69764932140095,282.01807558882376,5.144370113466666,5.073182265608118
295.7777011223117,282.01800923283076,5.145171871980403,5.07331497759409
295.6223600191054,282.57788509703,5.134013962275516,5.080003655607302
294.98041878479404,283.7849083862198,5.131095559346008,5.078708711388015
294.58090346744376,283.94468626381916,5.126207243586402,5.080720536373397
294.18145360400433,284.1044699411556,5.121413864855062,5.0826304239445275
294.7477329070249,284.9102010372657,5.113708503533517,5.078101438466669
294.1109511719708,285.46959753778566,5.1032663809533565,5.0828133310291825
294.27718500025446,284.99089052926286,5.091619970950152,5.077763608382045
294.4429503526549,285.7142660979174,5.08038473762395,5.072342092709108
294.5266120649915,286.1168758226498,5.07294676230421,5.066549890011782
293.3338752030636,286.7556489068687,5.06326391580101,5.066420559098679
294.0513806679095,286.76081056227815,5.063956280084829,5.056097248279781
293.4926047478704,287.24327817820426,5.065911752316116,5.047387474582186
292.8538418941678,287.88496193285783,5.069321556025039,5.038135868971425
293.0893421245414,287.8106009654645,5.075838200666422,5.027685435295136
293.0112063956594,288.364678055409,5.072999501748771,5.033302352177728
292.61104348243975,289.15645800583485,5.077555063400222,5.041282980901729
291.97225607209595,289.392371608429,5.080317689866455,5.047510348546393
291.97235830447056,290.0283675143994,5.0801132251171675,5.051463702488212
292.0551221342135,290.0234443945372,5.074137798716483,5.061309942212736
291.9755960972486,290.50034524248207,5.0735765543549345,5.065188156070313
291.4206264879442,290.4185688055598,5.065856766660106,5.069075457585802
291.9033942582012,291.6136450566356,5.057952605340106,5.0730014034193385
291.2680375543305,290.9728464080836,5.052325702590711,5.078258390032351
291.268801508508,292.08171254530413,5.050797794235656,5.0940388892202995
291.1870657915076,292.39710418682483,5.054508383437838,5.102298985373283
290.9488972372524,293.1966974208998,5.050997652880552,5.102605314115329
290.47125081787254,293.3558379286357,5.046898033810736,5.104121784586658
291.0304499110064,293.8368365064472,5.047505461198656,5.101272297811369
290.3105243970097,293.8380256420315,5.048952089585396,5.0988940266428715
290.2320662731481,293.9999830140092,5.046060220884206,5.094595515536217
290.0738533750537,294.24077144168336,5.043096199785729,5.09210338611886
289.51792418345605,294.79768727419815,5.037691752190431,5.095534551879985
288.88310304344355,294.7130243058859,5.030712295966392,5.1052827714734175
289.2856425680876,294.6285402950732,5.023737694739025,5.114629903486572
289.4490592879715,295.1840945055271,5.016219711338983,5.1211255798661925
288.8925008678434,296.69798216542694,5.011848880413154,5.126531081846557
288.25546514386457,296.53970725119143,5.008664541940888,5.123766963710107
288.33484480732443,296.5398398254671,5.0094684915839345,5.123501815158738
288.0164517392569,297.0965589825439,5.007967390333787,5.1270661664292545
287.54027391263185,297.73477893886,5.002698607888821,5.127458834723728
286.8260715886307,297.8925136071361,4.995360131631354,5.1310435257847855
286.82908469867186,298.5307237829327,4.989333911549165,5.130361933577319
286.58645170909307,298.53391817737065,4.9965156306390295,5.123973144701359
286.1880228009687,298.77322172059036,4.996500366317949,5.123489906603818
286.7478827505421,299.33217169326707,4.99234798799363,5.121157482072868
286.18899845387057,299.9690394614411,4.995264569059935,5.121538531183847
286.2663586757278,300.2117164178096,4.999860756614324,5.114134512253756
286.0233202762408,300.85007727487357,5.00811863230218,5.111596593555705
285.5405200742309,300.76921377020085,5.017537969020357,5.113960091684252
284.8175399490246,301.249346951404,5.027554122142141,5.11098979413855
284.65150067296054,302.0469167680384,5.040311159745963,5.112457733490885
284.16494922367224,302.2059630226637,5.05410336780731,5.11413545441217
284.48087386421605,302.76114468979966,5.062770276913438,5.124675452979199
283.3522676146648,302.6788478213111,5.073942115973123,5.128837714239004
283.9919143781084,302.7595742662249,5.080033522595621,5.128057941100126
283.42410025023815,303.0810694843725,5.090363470395719,5.12809510934236
282.93677249131895,303.0818769307895,5.099496988465027,5.1264802165082966
283.49776458297464,303.1630444680485,5.104784901757723,5.125184012933747
282.68962207983446,303.80325637813917,5.110051982042265,5.1335745335492415
282.52570413596544,304.9308047748862,5.11525417643532,5.136913593469863
282.0398898137305,305.4938223532686,5.11817459570727,5.141038032769295
281.38839750939053,305.4173362345917,5.128660778011053,5.132447966826079
281.3831077156207,305.42214211376296,5.139240365550665,5.122836208483573
281.37787109915985,305.42688906681207,5.149713598472393,5.113342302385323
280.89015983135573,305.99536639829637,5.155400091045141,5.107746356291526
280.80567414962036,306.0002583785845,5.1627475365767905,5.097962395715317
280.2384278727772,306.1662017726008,5.166143844454117,5.089245963628041
279.50985342384666,306.65366667608146,5.169783142432202,5.083322556588764
279.507420675944,307.6271327324756,5.174648638237527,5.0739679989022255
279.34406128042025,307.8727667208866,5.178580248096154,5.066880793863442
278.69444152286593,308.3593354355782,5.1870721956191055,5.061804040169641
278.6915614194461,308.360167431388,5.192832402458711,5.060140048550055
278.4486612320812,308.52355023057214,5.194250519472638,5.056295955325617
277.7177867769532,309.16892990523263,5.203198964501538,5.056914797317593
277.5513673620825,309.16986332687105,5.21289281623882,5.055047954040822
277.3834938842625,309.1725638902388,5.225249615808827,5.049646827305348
276.64927171384795,309.65876553403695,5.2374625920579145,5.048064449429047
276.4029466132913,310.38954589151444,5.244202978177073,5.044233179456405
275.8298570850529,310.4733339928736,5.256277276025327,5.038671942256412
275.82809729156025,310.9591059825179,5.259796863010537,5.0398247433565135
275.33826010773765,311.608947353578,5.266334127826598,5.03765813834182
274.27870362369134,311.68833763143493,5.276098240177392,5.04113518691579
274.1900760402736,311.85271647566185,5.290887823879811,5.037308664728149
273.7759732537715,312.42429393246255,5.305910859803618,5.032609303039258
274.1768348428096,312.33909570868514,5.318173274120195,5.040208632115512
273.0337012809847,312.4192184227452,5.320908230024793,5.04307264454867
272.3800801604376,312.91149913315667,5.322569392384695,5.037697032776479
272.5403418037069,313.567501490534,5.328322869636335,5.030799373182425
272.2937917619876,313.570044173165,5.332066069093778,5.025714007920431
271.7205163653889,313.65395369519746,5.336939196897143,5.020991773197558
271.71806923973816,314.0621952012084,5.3418334481986385,5.019999015827372
271.30969662047477,313.82294546521246,5.3427847589811,5.009022131172794
270.6553331022046,314.72600276398464,5.347516626104655,4.995900891576356
271.0598767086335,314.73230132457013,5.352754082522265,4.983303770405447
269.8374436489922,314.81974113796815,5.356421691991834,4.9711707109301875
269.10333541480696,315.55638951172074,5.361139533719522,4.961372590067795
269.1818862401431,315.47898162559136,5.3665666497648985,4.953659595608913
268.69441609836423,315.56324074611825,5.366562585607053,4.947632079174322
268.7700640676599,316.21743142346884,5.377661410616767,4.938408833280829
268.35800028987677,316.14080236712084,5.389684077412548,4.929245968222798
267.7076884622454,316.1450044408482,5.390608634612742,4.920841820768085
267.62239183505,316.3925105329198,5.398858976932747,4.912858372837185
266.88726511863433,317.0458504433485,5.408015028452705,4.904931779812025
266.0712718227278,317.70003671628297,5.4163986763567555,4.895441589070412
265.7421465676322,317.70471738460407,5.425291713915725,4.886080252428224
266.3867473563306,317.79016135101415,5.434716498459391,4.877520614850638
265.3289261474024,318.4439772166551,5.439962850440921,4.868594154876162
264.91933358203534,318.4490992341693,5.447762342281755,4.858350119847886
264.26528750591996,318.53453160836534,5.45797758120208,4.849719985619567
264.09902090624337,319.10570845271934,5.46600023166789,4.843153218017432
263.28497738276997,319.10981241887447,5.471339472951404,4.8349452857071356
263.2816743698464,319.11469530556684,5.477945498798428,4.825179512322401
263.1179921127611,319.11820270470656,5.480965001194986,4.818164714042991
262.5502367253623,319.4462014774198,5.481726553096013,4.810595295985974
262.6278549938945,319.9369481475657,5.4884876552287905,4.8010877908773555
262.30603913734046,320.5900271180934,5.48431882750742,4.790530931481055
261.49642001078723,320.67545421350763,5.486392944240124,4.781393154290014
261.4967749919522,320.6782166251837,5.485682981910216,4.775868330937806
260.9323014528787,321.1664537383097,5.484112197238419,4.768409415673295
260.12722829193143,321.08783922230134,5.480671978505065,4.764279793627186
259.8862800685481,322.1371040175535,5.478850881015557,4.761859561566005
258.9247294058244,321.1737687532767,5.467886013248047,4.754463896904655
258.84918420549354,321.25617474014604,5.45809256728728,4.750535769788482
259.094227712433,321.89939393926267,5.450013258681581,4.749451252283717
259.0948073809047,321.90322484451355,5.44885392173814,4.741789441782029
258.28984077160044,322.46974884917256,5.45492742788665,4.7314432311859465
257.1681516142491,323.0363973794312,5.4539083152000325,4.720344884363218
257.80822593495844,322.880876041796,5.454722169753393,4.711146935640714
256.6860775149515,322.88541687543494,5.459224424898275,4.702065268362805
256.2801605471293,323.5276542087742,5.4715123080264885,4.696864285710148
255.32120055323614,324.0915426414251,5.46924386192208,4.689197340177958
254.67766309622965,324.09330849462594,5.477458786902498,4.685665633776346
254.83762884691987,324.09380785394643,5.477382736616418,4.6846669151353275
254.83982719963157,324.09485515261866,5.472986031193011,4.682572317790883
254.2819716403731,324.33909048131534,5.4700347963865115,4.673528383250494
253.56739018828137,324.8217473460898,5.462635825017541,4.665922570736623
253.57042994516252,324.2672152884138,5.456556311255233,4.659316580450007
253.09593481923693,324.9850943390029,5.450458441292281,4.656190661992931
253.57556898573472,324.9072436521849,5.445411544797244,4.652855129545561
252.3037778479869,325.3086979538336,5.4465085883891335,4.64447316121797
251.27133290939034,326.0229191310491,5.447160128789901,4.645118886104788
251.98363625765708,326.02573578518616,5.451825504897418,4.6394855778307
251.35091974478016,325.9472465131238,5.446942473227194,4.637674614777411
250.24188650200384,326.02682361883825,5.443419272455245,4.637205380943103
250.79670619098346,326.5048658804231,5.444141021267294,4.632858966434429
250.08423798238488,326.98223490152657,5.441998843190652,4.629506654410034
249.52673413736414,326.82261091009894,5.447665388722249,4.6318000245481885
248.89115924126298,326.9044658941656,5.450001678672283,4.626691744196467
248.88859121450926,327.0660932076199,5.45513773217969,4.620548342761405
248.33433556483354,327.4660448328455,5.453896477487381,4.613325488055586
247.53976276011088,328.0234245053115,5.459034981621369,4.607371116841587
246.8997131969787,327.93885904026456,5.472060692505699,4.618117870012942
246.89639514872945,327.9378289114718,5.478696789004164,4.62017812759852
246.89309490343766,327.9367609565574,5.485297279587791,4.622314037427294
246.33504608415936,327.93820955250675,5.488185802505637,4.619416845528567
245.2181555769627,328.4965604677501,5.495577842363067,4.615909502309848
246.09340448543674,329.05526135413766,5.495018361779126,4.612104852675524
245.45510121923064,328.820555608483,5.49950172123454,4.604470154125985
243.93805224823376,328.90346694383254,5.5133307794846,4.597609003624079
244.01572118870908,329.2254214893889,5.517056955899458,4.5899561419733335
243.85549666451232,329.7807604443271,5.519509868552927,4.592264707187205
243.21963950695465,329.69982121026294,5.518639555165588,4.595070096752559
243.3021812052959,330.4137786531041,5.512661068275156,4.599099399199573
242.11228372375734,330.491358884097,5.506289558840255,4.60301670204788
242.0293416158065,330.9710162059103,5.513131054703625,4.597958378651295
242.02366263358303,330.3376754780411,5.524489019150585,4.592106935100248
241.38555810846935,330.9780985959149,5.527520270013146,4.584438498717333
240.26986476041108,330.9034489145633,5.531924025603028,4.574667651382875
239.86866900663864,330.9087772757791,5.539413810846843,4.564010928951335
240.02598020036854,330.91308592054673,5.542638572376392,4.555393639416073
239.8631596638543,331.3943312209699,5.550611610334231,4.545907143781764
239.30461238010344,331.95415628589416,5.556082615522996,4.537880576246193
238.66795526229765,331.4022160056251,5.55933493498589,4.530456960154033
238.58875688009152,332.03817744721107,5.559044002611652,4.528035651274194
238.0364633983291,331.80062540250975,5.553122467882781,4.527207527139447
238.43625707236492,331.4065177353057,5.546233553569388,4.522724427789165
237.24454500636244,332.36068823019923,5.554237697805177,4.51471942821751
236.76657420919045,332.4439704075403,5.560050170366953,4.50650992716576
236.765340028073,332.76352472059034,5.562518532601834,4.500646532464947
236.44611617123027,332.13438582340365,5.567948978714519,4.492889791692878
235.73220852295663,332.69201553950904,5.5718552878458745,4.485115127472174
235.02393642175872,333.8736003644556,5.565084106737885,4.494137783418736
235.1055566416406,332.84228518904797,5.560032007259313,4.500319710526552
235.1078912191531,332.8394653973122,5.555362852234353,4.505959293998143
234.63560184016708,332.83819211483626,5.550559141000893,4.50850585895005
233.52633033356932,333.0763277500847,5.554332535315156,4.506828078213407
233.445063594309,333.708417091576,5.558637369389851,4.508478550798271
232.73356861830325,334.2632624901125,5.556734128908751,4.50703801455275
232.41447105301836,333.78790190391084,5.561853553703538,4.508145628293536
231.7821881445339,333.6301797533866,5.559495596504701,4.506858985799997
231.7846279592691,334.26226389878235,5.554615967034301,4.509158212107556
231.227010078773,334.26383436255753,5.561956843006604,4.5060172845572
230.5939080746989,334.26701259425266,5.5614999260974205,4.499660821166871
230.52014638301682,334.3495195908281,5.550800586973324,4.492869550504327
229.81420912377757,334.97996912590764,5.5411384185457075,4.4955586464840085
229.33986614639835,334.74726912560817,5.542762421910415,4.487427671386038
228.78908232089103,335.77018212429624,5.540170936591973,4.492182927199987
228.9434797717439,334.98178790933275,5.546924390987575,4.491229576620329
229.3377186657102,334.9801272301854,5.547758899689802,4.494550934914956
227.99528689276428,335.5300721516649,5.547829001175324,4.500164274946823
227.98943295472822,336.08574359044604,5.559536877247449,4.4949679565372405
227.51504080684032,335.61159087790367,5.559621449673325,4.494573658272064
226.79837418423372,336.245728764953,5.569950869196394,4.491190173675683
226.55710368841568,336.0891993935587,5.57784591688457,4.487818287165713
225.92350710708513,336.0083341040771,5.5787841807894765,4.491267003784424
226.39827951740585,335.92663137976984,5.579352081885627,4.4963203321093435
225.36565186409484,336.005152170025,5.5848525780400315,4.497721429327391
225.04800993140722,336.0858200653434,5.585937315367848,4.494935420702414
225.67712484490372,336.5640482127445,5.595877908964374,4.489606941342212
224.48813944747727,336.96247003590173,5.595036463798229,4.485700708367568
224.01127511919663,336.41062221259364,5.5976974683062215,4.479817427588163
224.00920124793754,336.96909193937563,5.601845210824392,4.47207509026127
223.3774984878623,336.41523284648326,5.598092287137282,4.471029637688081
222.74711549144632,336.969724226043,5.592295737555307,4.470289103180654
222.82734703509067,336.7341688891575,5.590052088161172,4.466741463268272
222.19852578424388,337.36793512526765,5.582674427094925,4.464229153807752
222.59670476121235,337.21154789606607,5.576184820254545,4.461056273372245
221.33939770414122,337.212999580976,5.565635367799549,4.458152903552392
220.54980563423496,337.5323697865967,5.568680688550013,4.449868019935789
220.4711708968717,337.61562356366153,5.568423884332733,4.440886744749879
219.99957483949166,337.85582759316253,5.567355742463269,4.432608814062653
220.31427879926903,337.2291896663239,5.566852131102855,4.428076051351244
219.21597228874566,337.8594619444343,5.563437546487895,4.424690126937149
220.31300491666101,337.3129901910627,5.567898311394954,4.418370623311464
218.7471030437458,337.9393697574825,5.55963439473335,4.421638555468684
218.75025678183644,338.0970328519248,5.553326918552043,4.420171939770896
218.75346250619492,338.17576872248395,5.546915469835073,4.419509532545107
218.12524356050164,338.25593153063807,5.5497507587941,4.4158842415403
218.12238812113566,338.4930988207854,5.5554616375261,4.411604583223911
217.96983308793693,338.72803096279125,5.547165608256994,4.411849442712031
217.34686463153193,338.96499900926716,5.540463302368023,4.407653056772379
216.25635021378312,338.4210957209022,5.531764512342946,4.400595820740923
216.18346145979214,338.81394841531244,5.521380696643391,4.3956970503278585
216.81018621931634,338.2707113569992,5.515312957136598,4.390712109855487
216.03626513276922,338.89498427175937,5.505666448761271,4.3881572255108
216.11786457963993,338.58634169234307,5.498027133196809,4.38320407163556
215.5707702614608,339.4414204727385,5.504680714951776,4.382030168078289
215.02408234280125,339.44396720862585,5.509940924641748,4.376936696303614
215.02602528804286,339.44699719347346,5.506055034158523,4.370876726608334
214.4048209740466,339.52844131416424,5.506182125758814,4.363273677275847
213.63274378064102,339.9952822037644,5.498699040891934,4.3605743810823565
213.7085444971412,339.53183876385583,5.502102915190511,4.357429417106134
213.31982191696613,340.1524360597018,5.504516067308352,4.35628603858568
212.9306602816194,339.6884262010847,5.5077153321872405,4.354156948842311
213.47535250597903,340.3079372080415,5.503605497912498,4.3554487800081665
212.15766991934066,339.9959252793479,5.504017196711344,4.359483584576956
212.77552751193076,339.6076285913645,5.50885454307217,4.36073162833065
212.08014118583336,340.22718268662703,5.503156443239791,4.362930772940921
211.53560821099467,339.7621413262535,5.506439558211259,4.36234249251136
210.44565890020235,340.3818530165085,5.514202116873772,4.364139719385577
210.36384406827167,339.9149579166103,5.5225311354624775,4.366126047546236
209.65825945926932,339.9154129499915,5.5345563019734145,4.3652159807838755
209.73297802731756,339.91437488734914,5.540748964278767,4.367292106068538
209.4157532487805,339.99207030240393,5.552165227004651,4.367659599546082
208.7859868726485,340.07164297008285,5.564185648649667,4.364453305515611
208.93557491463784,340.15116497340875,5.577151331608494,4.3614801823326115
208.85190047959867,340.2302753892534,5.588279306745128,4.359480245585068
208.22084747264103,340.4679476800609,5.599516915462455,4.353211315919277
207.3566370992264,340.86099353723654,5.607225697837922,4.349261403592297
207.11628362467377,340.2367774308546,5.618486984071521,4.345838515365201
207.27052249256312,340.71055809054087,5.623205683966207,4.337866503012741
206.25559405671498,341.33946101350085,5.61803668981235,4.33238426684669
206.09851256577966,340.7957083146471,5.619455261531065,4.325284229022566
206.56743626769213,341.4241848360096,5.619276976508055,4.318556678033459
205.78783763810338,340.95922828347364,5.616815950653481,4.311474812086107
205.70882030957426,340.4943125667547,5.618837776918267,4.305229260763296
205.16229062113777,341.58349921049603,5.620304084644046,4.310042111575029
205.07958640981764,341.66156342310734,5.629669794277448,4.309956399359275
204.8415578423003,341.73700198251805,5.637174209805245,4.3152635203734615
204.21566680168425,341.9666657299565,5.637873961418349,4.325091899103758
203.35676932154922,341.3347654139198,5.633550529514313,4.33644279141427
202.65531615975456,341.3344392691448,5.626379861115733,4.3370950809641755
202.65640254623736,341.33619718790794,5.624207088150139,4.3335792434379865
202.65750427652793,341.3379379989613,5.622003627568996,4.330097621331231
202.2689601670319,341.41717462897134,5.617114212806687,4.328019888062005
201.64634893954985,341.49695277641325,5.612040545183091,4.324750608501601
201.80515208196374,341.5767142072939,5.606746812693923,4.321384022909732
201.72805046082513,341.73478844208887,5.604929463932004,4.317276735398002
201.1073970312244,342.20501903341966,5.598828946724058,4.312371085043485
200.8759966951343,341.6605793250339,5.594371091992702,4.310980605688116
200.2538541417606,342.20705772911344,5.5933592570625255,4.307658621496773
199.0844376289967,341.66554355497215,5.598304146797497,4.301539173076111
199.70408503188668,342.21215824834223,5.6035558417961155,4.297287974517137
199.15382922920517,341.6706201429527,5.615013232229964,4.291309970367136
199.15308841892983,342.21392268915474,5.616494852780669,4.2943005136684365
199.2284877798272,341.66893236233176,5.621424030553453,4.29418587034188
198.06315111372137,342.290600190363,5.6150789235721,4.297260048515518
198.1437180962796,341.8237376197577,5.609699520113224,4.296457819780803
198.14550556029832,342.44702294802056,5.6061245920758,4.295162327849533
197.99010797674617,341.90336988549154,5.60575232163366,4.2933824214948855
197.36741809575778,341.3599571109226,5.6067399575145,4.291364860298861
196.6724398083842,341.9832382038101,5.596915851682438,4.289052168372015
196.75365910617495,341.44031676620926,5.589820820497973,4.287490092794636
196.13121377473328,342.0631383991289,5.593032947005066,4.283525363331684
196.59901317159486,341.9085762647693,5.588599323051997,4.2822612421275075
195.36246332218818,341.7515402065171,5.5800042087628,4.286121506994102
194.74575232054298,342.76107118965183,5.573124825500035,4.282549293873534
194.75034724465365,342.76275100805873,5.563934977278695,4.27918965705973
194.75483717522891,342.7647892353176,5.554955116128163,4.275113202541979
194.21567601094137,342.76799161583006,5.551946402184146,4.268708441517061
194.52962087034427,342.7682202313472,5.541358905895185,4.268251210482825
193.296468978443,342.6183373917211,5.541159364591891,4.25970397409674
192.6783071117247,342.62294075461676,5.545370058763812,4.250497248305409
193.1380865935671,342.62762141419796,5.54938102686552,4.2411359291430655
193.05784632861884,342.70911720114,5.556024691450502,4.231981220570547
192.44013044102832,342.71376420677666,5.561145664481126,4.22268720929714
191.82273458999737,342.7184073902074,5.566215428370483,4.213400842435724
191.81974362888832,342.7229280263392,5.57219735058855,4.204359570172076
191.202592094316,342.80337177945177,5.577825671427312,4.1970564074852055
191.3557639965983,343.3388055443407,5.578583322133497,4.201043971155246
190.4366042386585,342.72645556405627,5.573373555997519,4.196724410380364
189.89842941145744,343.03661260750897,5.575380757238219,4.190320296710018
189.97076192842115,342.4251313909761,5.584119107126494,4.186055659250384
189.96895779006948,342.8882866988898,5.58772738382982,4.180545266090399
189.27169389253098,343.4283945535592,5.601371643239869,4.17435008449249
188.11416354320122,342.8911095375592,5.613365866527762,4.17415576131905
188.7991720496092,343.5067833659649,5.626802226038909,4.172544435465142
188.17781401591088,342.89382088068726,5.6383583187591135,4.167309431344106
188.25358620128276,342.9735840085726,5.64079887627008,4.161768103828223
187.2544772829624,342.3588215007677,5.637910889885351,4.159843382191508
186.72171210063772,342.5914846265754,5.626450768608378,4.156084481687422
187.11121913904046,342.66973803897423,5.615536744076203,4.153197667344499
187.11506201113988,342.9016321984166,5.607850999877392,4.149629791791588
186.57865111326555,343.28852369238456,5.608052113101281,4.142004434230496
185.66121953124502,342.67805680557916,5.605599512948122,4.138061031711747
185.66016921931686,343.13958154482117,5.607700136804425,4.133058055843904
184.8180045253236,342.6079177145823,5.609495065353482,4.1256819694068385
184.2078233788783,342.60983077627264,5.606945112568762,4.1218558460261905
184.28269431623812,342.61213085265234,5.609965795995922,4.117255693266781
184.0526652812004,342.61461683826815,5.611824848479049,4.112283722035176
183.5169056368956,342.6936508940339,5.614586318117135,4.106895298928206
183.5963343260467,342.9208991879384,5.608362157676519,4.110298364704017
183.13764971434304,343.148507364936,5.61016416669941,4.112865617901066
182.67874261503948,343.3762276119761,5.611994283445734,4.115417164751264
183.0620720936345,343.44958452994,5.609003626113785,4.121436988795137
181.9174702195863,342.68687121563806,5.606402961762099,4.118994009100322
181.46266061716057,342.8389344196748,5.599777794161614,4.120282391844128
182.076913421803,342.99072833469756,5.592295172201577,4.121950308629799
181.3150309755016,343.5227378603244,5.590644840884517,4.1257219141200006
181.31083476675457,342.9912473519132,5.599037258378562,4.120655125853184
181.23429625417432,343.5993214418401,5.599491550281247,4.125488812061887
180.6243506001144,343.44320185200905,5.597711858410287,4.132310241726356
180.70417601015623,343.2107804159868,5.590854669186151,4.138772221192161
180.78414504456427,343.818993313426,5.583711873783253,4.144708613619431
179.1028885079856,343.81565264067086,5.584979271678175,4.1513899591296655
179.0219755653197,343.8908461296372,5.593892589223929,4.153915548982867
179.0993107201456,344.4977563394154,5.592311760335084,4.1648109755300196
178.8695776197451,344.03738205796697,5.59204654317468,4.16609670250399
178.0276830252391,343.4995735934779,5.589966763522674,4.168887924150442
178.02751947070217,343.95983272444215,5.590293872596549,4.168018786174866
177.5678196117401,343.4223458064533,5.590099946011767,4.170133370225535
176.95642112815895,343.9577090739536,5.586518821433952,4.172487665497546
176.72356758520024,343.26633293514243,5.592382031487713,4.17570831552886
176.1065804281153,343.6489246534207,5.598970665772607,4.177640928900492
176.18409630828216,344.1835052532246,5.597493994603524,4.183365353445185
176.26086738803411,343.56772684348033,5.597578115634651,4.185911928653647
174.64438033661554,343.95076663870293,5.603498573082617,4.188178444253515
175.02555645688352,343.33527574125725,5.610128354538116,4.188789003958519
174.94975552141258,343.79247335638803,5.60782294034475,4.197837484508353
174.87424710952473,344.09680111362087,5.604819538414565,4.205262872866241
174.4911202020122,343.3218534771252,5.600593661348561,4.214198761675413
173.87443107590394,343.781489812828,5.600550520867166,4.219992134793299
173.71822407727973,344.3222990049032,5.604421116786294,4.218275655295524
173.56205417019106,343.86072536763476,5.608155726269997,4.215607315751614
173.02449811585376,344.3991762037171,5.603056802053397,4.218916676478267
173.18022960962048,343.86022068267835,5.6001784137366455,4.216781621297154
172.94576663059453,344.47901026750185,5.606463678414424,4.212910967314647
172.78829882004774,344.250330025163,5.61290726637091,4.2075334022866615
171.7819373902933,344.17590507728346,5.620299556217016,4.202127100379499
170.93439870184835,344.17209132930964,5.618293716924523,4.209754596327129
171.01229678924034,344.168421709699,5.6168720643113055,4.217093835548485
170.779926070332,344.08644198243275,5.618194831792964,4.226580399969263
170.24241942978557,343.69697983917115,5.61067129937137,4.232264105410762
169.54883508205057,344.3118318238194,5.606202353042273,4.239571373269073
169.47254971702574,344.15527546374716,5.604095391672952,4.243328710575624
169.39630856184402,343.9981979762254,5.6018707526823475,4.248069786911092
168.851961311008,343.9985723024156,5.607312026463132,4.247321134530687
168.69131279920424,343.84756376264033,5.61896670561417,4.239695869624702
168.14760732663188,344.4702021475314,5.622258192554292,4.233412766362172
168.22271502679763,344.00582588258584,5.626864466001657,4.233235253579853
167.21594185425133,343.46612301294823,5.626854751141137,4.2284184990341735
167.1415389669427,344.010292807528,5.62085048365982,4.223749204564582
167.91651588354577,343.47234560167004,5.617319425595101,4.21714767368148
167.21927435913057,344.0924713856965,5.621477236690141,4.212740761393349
165.98636110161442,343.6310988549996,5.615754611739959,4.208654895293736
166.60787620506645,344.2492215982395,5.6072674811383525,4.206952485116361
165.99602237640102,343.94102764237704,5.597688449305146,4.206697052259311
166.23098002671688,343.78485001880665,5.589805564252659,4.211030689013903
165.54178421299977,344.5526507010048,5.582542940242093,4.215045159556273
165.54326226625423,344.09112165839474,5.579586833733187,4.214603991872571
165.4689281988625,343.55325887514863,5.574390672993425,4.213279489702315
164.31681161010934,344.2402688041105,5.572171569179646,4.223131000570703
164.24107668820616,344.15781952997247,5.569750850833131,4.23413898669383
164.16514674021153,344.0751931178559,5.5675773748991535,4.245358439003524
