236.60000610351562,393.3999938964844,4.800000190734863,6.300000190734863
236.70202714162187,392.8202166521633,4.816783861196245,6.285151001280754
236.17087236625844,393.5256746452758,4.8323880199177385,6.26984220439628
236.77298634779336,393.4459525557926,4.849460707379886,6.2548148618580655
236.32860048718504,393.10494606493154,4.865632380415008,6.238747805035033
237.01833290475346,392.85097593219155,4.882468110830482,6.223075358432893
235.52762889513832,390.1524464690355,4.896159073881854,6.208414947006987
235.52119521560545,389.11322125089913,4.909026432947577,6.192029541814256
235.5145275107033,389.12154234587297,4.922361842751908,6.175387351866613
235.420789069203,388.51888543634135,4.93534974159111,6.159278281800289
235.58810603972,388.61440151197087,4.94962092235014,6.1426986914377775
234.2745371161775,388.18715203855,4.9603176912341995,6.125050612212543
235.31349686438006,388.28266962028493,4.974378134014312,6.108347110341446
235.04537931141996,388.02833541033226,4.987705563864235,6.09410785417654
233.73276326206454,386.2069069748279,4.99845018724083,6.076682259717394
234.16299623566445,386.30266151038626,5.009008106299259,6.059377961852322
233.4618894743446,385.78923326458397,5.0183499096529145,6.041580663992321
233.54467666567948,385.7110147052356,5.026761211491815,6.02403209818046
232.41221453753562,385.8056199542749,5.031622605244025,6.008672589527531
233.19228342298175,385.2898870367026,5.034718427385649,5.99798269598287
232.57893537810148,384.1697883630682,5.046370689469858,5.981670077567011
232.0532703820779,383.8314048973572,5.056618397087046,5.964382152702502
232.56907263197766,383.4061341418087,5.065484800485032,5.947864577801509
231.78408701028405,382.89420377173553,5.075761869840707,5.931929201926874
231.60755371253975,382.38321241481765,5.082391805770618,5.914601937086494
231.25879952061746,381.1779885323896,5.087672245305242,5.902251896857678
232.03190050036827,381.09861969125564,5.098027288582159,5.888038801039125
230.73770472143102,380.4924702885498,5.092963127019457,5.8900582707134355
230.22023598540918,380.320439429984,5.090818282838357,5.888425882436812
230.73938237774377,379.9748739661362,5.089249795536006,5.888407278554439
230.21638107492868,379.89130404031476,5.098680828648252,5.882785201444447
230.29712417419188,379.1185910107743,5.11002085720735,5.872775216755834
230.3779983409206,378.3456036576047,5.121125632766025,5.863071941949653
230.0308950885132,377.9149200981195,5.123808907084799,5.860035022800079
229.33647170708673,377.82925225549764,5.1296416582566,5.85849395658362
229.41950147729136,377.48436711981714,5.136528429323157,5.856478982041425
229.50403966798234,376.7051632883683,5.140477433514459,5.8576581747802665
228.37961047067105,376.01061379114327,5.138946118527763,5.8619019633168366
229.07694900259696,376.60914061997994,5.129454258962194,5.876885359393981
228.9906162657644,375.30769111972364,5.128891494630121,5.881360789948792
228.5504525231045,373.32255883357044,5.142776287570508,5.865988977309741
227.4223021530864,373.3268442165115,5.1465302188175315,5.857418211427518
228.2847320668992,373.1555937504522,5.153671374752578,5.853518946833995
228.02044518635043,372.63860630081473,5.162483240059624,5.847970054527839
228.10439255438993,373.15853102090813,5.167897439214222,5.847974225743109
227.84031626406215,371.94826092470487,5.175863141707387,5.840975653391717
227.31534948926264,372.0393717121086,5.185309918075903,5.832168540789279
227.56945309658698,371.4383007979515,5.197389166596276,5.820308621709005
226.35009706574192,370.31579698096465,5.207973290523075,5.810626027759692
227.03657017987706,369.7145873900074,5.222677878194164,5.798850745725457
226.33821249926064,369.7162950010714,5.23132862156711,5.795435523597461
226.42085640921457,369.19813894975067,5.23963381322165,5.790189556864501
225.20364781818176,368.5018617021853,5.243036384684807,5.793592845936688
225.81304312628302,368.8452855127124,5.240503558763292,5.801749676471626
225.20106057144542,367.80413634617076,5.247605551926894,5.797996952677902
225.37319592994328,367.1102289159501,5.251119836201957,5.794671808036132
225.46004221397934,365.98134523633985,5.251324082056435,5.791780586210507
223.98339764154437,366.5083982051402,5.249076784491674,5.780805157704365
224.1560340654501,365.47156090256817,5.251100858964622,5.770698229141954
224.32829374464504,365.4765549425557,5.253628327655043,5.7607101491669175
224.5015572707157,365.2219782603881,5.253917651567505,5.749638949421505
223.2880634620335,364.528571803166,5.255539833432502,5.750528757866028
223.5456994522649,363.83837657823364,5.260108113956567,5.744678511765911
222.93854214352294,364.18697721227164,5.261590695303154,5.740524121482585
222.76858704271777,362.2864956996614,5.255059685899258,5.730633825546599
222.42860306682343,361.5057173675096,5.243177575286577,5.735527849447073
222.08100970028102,362.199422953239,5.24696619250526,5.730912909720497
222.25398494573093,360.81556083339615,5.246691670155108,5.733229401008879
222.42826940475524,361.59068813693176,5.243862148420578,5.738802077351201
221.91198518937094,361.15805684731345,5.238962001686926,5.739507508669271
221.5679192592705,359.5269573640327,5.244370642717692,5.7321887400663485
221.0490726577967,359.3568997963755,5.2451647172873965,5.726670832588078
221.05098375022,358.8408411421441,5.24134253244081,5.722328881443097
221.05111656701064,358.6676749378057,5.241076898859567,5.723431890676478
220.88045368822364,358.0673463813736,5.237147350142038,5.715695431520272
220.625327065692,358.07134758634146,5.230066946449241,5.707693021584639
220.11031397125464,357.98752012910967,5.226850374004362,5.703140809161642
220.7132023621839,357.30245635336735,5.225668481159198,5.696588487488118
220.54247473825075,356.70234468026433,5.223195581875178,5.6930633186683925
220.02370820434015,356.705155580562,5.229510015296665,5.687441518072959
219.67915594714665,354.819486523552,5.231083810160102,5.6773606747135155
219.1613551472939,355.42788934171983,5.236181910556476,5.662809120905233
219.24305969788423,354.06169848753103,5.2443775866788,5.649514392434734
219.242444791568,354.06746747354543,5.245607399311265,5.63797642040596
220.01347148866785,354.41440222928276,5.245858563011363,5.629575601331197
218.28443951249147,352.78207457968955,5.250431113839471,5.61634451988252
218.53834589528503,352.61776570524836,5.255936554432884,5.602750131311293
217.68390280799693,351.59335442026315,5.255011391110478,5.599799095803298
217.1670469966172,350.82935724175485,5.263200988152097,5.589510414243097
217.67542871579414,350.9201680716963,5.271774709136012,5.578778280916493
217.16394409270526,350.5815776594652,5.269597453157344,5.572528103941088
217.07390113825863,349.30613217753137,5.278957889383392,5.5625369778005584
216.98479470172558,348.9690658200933,5.286453161875581,5.553799290380851
216.64167425142185,348.54682251006005,5.289895432696445,5.544787623214153
216.12355496373027,347.86968850584395,5.302455255085255,5.534150627653848
216.11968789399754,347.19172885064756,5.310189394550698,5.524906267393755
216.11558225667213,347.36739549472867,5.318400669201534,5.514819082344837
216.02781977785259,346.17978819979214,5.323330751538917,5.5017054179938585
216.10936455800382,346.783110087919,5.330708415750662,5.488332213339858
216.1068267135295,346.27899716387077,5.33578410469933,5.474313629581034
216.10441250560922,345.7753924915281,5.340612520539851,5.46011738421648
215.67773799612374,345.8668453479013,5.343523380413436,5.447299303289567
215.9323684308117,345.7872643409791,5.344059263666735,5.436529066257602
215.2554792621101,344.93959317710494,5.339665735212159,5.434156561683736
215.3368649579759,344.69069173608733,5.346559204992393,5.422964859183453
214.6587544070931,343.50816925940813,5.345998410020881,5.413641493251919
214.15110227702758,342.8356688291718,5.344648804358623,5.403103866000171
214.90838626164648,342.6732093782309,5.353378730638487,5.389512124433679
214.4822763811045,342.1725046525876,5.359702770197867,5.375846709890915
213.4706758185958,342.26044444375003,5.354139212607691,5.369030851116587
213.30045185392947,342.0127247380834,5.356849583557429,5.357863924875434
214.05754716093048,341.34136337204023,5.361279780072996,5.350701492057285
214.13666240865754,340.07985833669335,5.371741882514123,5.343322594322589
213.88050190898,340.5863910640948,5.377839808411079,5.3427032864359925
213.8757225170313,340.1650291481407,5.387398592308469,5.341291000244387
213.78874526721964,339.74794242817524,5.392397740379955,5.3306876824163645
213.27953292579502,339.4943616440272,5.397621695893834,5.3312488870448
212.94248543141748,337.6324166107971,5.3958855503537215,5.338067714881359
212.434536460531,337.03928588371866,5.397555365881042,5.341063021751806
211.84260348689494,337.29028978624456,5.397640704117431,5.346389763429579
211.51100859173522,336.69438580723295,5.384043098658085,5.353819778839952
210.9228569696731,334.99762478870156,5.376646095413802,5.365341109135347
211.0941066459475,334.9068478908268,5.372477001679475,5.377729775477641
211.35213586591823,335.0721096318098,5.36430233132847,5.385795473238496
210.25286685648828,333.8878684844519,5.362034025313459,5.384178648858315
211.01329200579266,333.8062908379744,5.36426817914803,5.378102335986185
210.5906709122385,332.7083748454831,5.363654595535208,5.374709317093796
209.74468851296257,331.8632390058717,5.364538686988018,5.3739002892174765
209.83069969124193,331.52360814790933,5.361625589579546,5.376724968541115
209.7486960446186,330.93008699591337,5.356525041815394,5.380012385457663
209.15934622437524,331.10174650078113,5.3516700833664395,5.374851832560956
209.50072275930077,330.4279739051013,5.344603038931899,5.37102497308763
208.8279944617766,329.75464546985705,5.340060280491199,5.367682490086962
209.33797904855507,329.49996959630005,5.331845487749297,5.371157046793435
208.7487774571607,328.8287367702747,5.330392113040618,5.365215204561463
208.92267551365345,327.9849189439367,5.319465075498637,5.368505480020159
207.57411161850476,327.14057248919687,5.323568001917411,5.374057849575694
207.73849017503326,326.63953969614045,5.331743048362105,5.365326957183314
207.82544218420728,326.8089086404583,5.326296617821526,5.363504244162507
207.74075855027874,326.389255497022,5.327320819953304,5.36109520240862
207.73969858209193,325.7207618028506,5.329440756326916,5.351512174137572
207.2388624316102,325.7173398803842,5.321889697037882,5.358356019070381
206.23169464696525,324.4531383727997,5.317914056424925,5.363870021860865
206.23511481150518,324.28372510622137,5.311073727345057,5.3662631892265775
206.07020727488606,323.1916610892326,5.3045958475655235,5.364487028588629
205.6517227656629,322.6075438118303,5.301482909241817,5.356606843915303
205.9860041669852,322.61041627640003,5.304293594174115,5.350861914775839
205.90096942537917,322.7774460315081,5.306565753479354,5.352397052373344
205.64583667817533,322.5223085935429,5.3132593657119145,5.359100046128643
204.99373418442747,320.4550349346106,5.32366591309329,5.360302398340866
204.4074050705209,320.61841625479997,5.318565585736479,5.370042202296443
204.57723664363704,320.6969669781156,5.3155505276584005,5.381264799742268
204.1509557623557,318.93281593991384,5.325847340294608,5.3720540864543995
203.5660508520848,318.1695448576923,5.316363690655537,5.382361789236479
203.6522896204382,317.4115977657585,5.312369218339067,5.381908393590543
203.6507949955843,317.50156231985625,5.31535846804692,5.370392215942396
203.6515393318363,317.331918716926,5.313869795542952,5.3731214610285996
203.65297667626308,316.6568655603456,5.310995106689348,5.376840348297228
203.06772915307664,316.06097701055154,5.303309157248998,5.390436452072116
202.39827959181085,314.71482880804604,5.294975917544821,5.388268132611624
202.56564340533944,314.80491039237546,5.296725210630292,5.376343424024112
202.56145458855798,314.47474704664415,5.305102844193245,5.3643555080475025
202.0559412198127,313.30429070196055,5.307995671149338,5.35295573950101
201.46408600132315,312.8066647426789,5.316485730697396,5.34087590598066
201.5460809863881,312.97862196611266,5.320328117407431,5.332626172792861
201.5442268449833,311.6415595465803,5.3240364002169684,5.322542504002527
201.4600152266999,312.14697645510125,5.324796977287449,5.317684643938619
200.8744590378857,310.89606765098335,5.3227224700406355,5.3055303560131275
200.37644279788316,310.7314308929755,5.314510916990255,5.300055861010386
200.45703176490724,310.6528792695603,5.320491476128908,5.2900006146538585
199.9534901767534,309.9082822095053,5.325009505514251,5.275347014380334
199.44955980341393,309.1639995699278,5.331264510174608,5.261503680507459
199.52957157591388,308.49925567819434,5.33805530789143,5.256476722240789
199.5292091186577,307.9988101233896,5.338780222403805,5.25631710651588
199.44984193082527,307.3257657328585,5.330663935062675,5.2676005835304265
199.28446372737767,306.99295342678516,5.327618212433862,5.265620936629131
198.9531016943484,306.32489225161737,5.32305448045578,5.267167690891371
198.20287214174925,306.32329526425383,5.322542439990276,5.270361665618446
198.03674446633136,305.0687818756053,5.321164027828628,5.277135220434696
197.95330234675072,304.8983366864673,5.321146276683198,5.284221618097305
197.6190135856224,303.97970129695335,5.321670140689863,5.284344836937896
198.1173817769017,303.3953327923882,5.327075354157386,5.283916650704313
197.61373214451484,303.8119150550036,5.331763274480561,5.286261579182344
198.11623283534973,303.8910684401162,5.330037528710293,5.295167414940438
196.86417477982852,301.46223311390025,5.3242660872521705,5.300388799204726
196.4525549776542,301.79457089369157,5.310919220822453,5.304982416244782
196.9578637513895,301.9563115125157,5.303378954176064,5.315860272204625
195.79089846611282,300.1134069346296,5.2960603358006155,5.32256355966002
196.5469536022335,299.8615872403442,5.288950703566904,5.324536068228286
196.30067248047777,299.607864210873,5.280089079782452,5.330558259874789
195.71584120952468,299.3539853201241,5.280077270046919,5.337027033526203
195.80104030399923,298.6852564504074,5.276876972734784,5.33690163986407
195.8850882398329,298.6838399724775,5.2759265527198425,5.339734595723934
194.54697335703045,298.10117637852306,5.277356140285558,5.334836705740551
194.79397956165568,296.9365994922608,5.284705333945723,5.324302998015584
194.87091469978512,296.77372778323036,5.297905764102235,5.315905003245767
193.9482909014378,296.1877522877595,5.304541132910956,5.317830030987409
193.61317491169498,294.8548265008525,5.305647500692755,5.307179157986159
194.36536773655095,294.4385397084584,5.3054420034127885,5.304097102534349
193.69661701122527,294.44308958950944,5.306308608755601,5.294997340432248
193.8634618514084,294.19671859876047,5.3065182808488975,5.286890293240853
192.86395459925947,293.53364254811936,5.303629661721304,5.278440312239416
192.86455522833103,293.5360756340597,5.302428403578155,5.273574140358682
192.9520180345278,293.45392435317785,5.294053857383491,5.271325635923662
193.0368656684632,292.79164658295684,5.2907424222953185,5.264810514105183
192.61843390109524,292.54396140996596,5.296460683566068,5.261493696007903
193.2846886251566,291.9621613734841,5.2940853965302805,5.2612263780205755
191.70399787676817,289.8896510538512,5.2971884559085725,5.250617494393446
191.95587357757424,289.4734725667136,5.291757380954607,5.252440590904966
191.37718132510182,290.05285834684827,5.286791373688898,5.256019542846124
191.54387729081418,289.3879166651477,5.28545612540176,5.257676173696994
191.6266505150196,289.38545891450264,5.285943112415636,5.2625916749871235
191.70942340156668,289.38303371989986,5.286515895632119,5.2674420641926085
191.20668929043984,288.6358260574397,5.294760150873256,5.2660214385941115
190.0394626260642,287.4737978811449,5.300854339585759,5.261718651144969
189.70367267110882,287.39372104375326,5.307076462701463,5.255532879229503
190.36574625784237,286.6465696058633,5.3136477650123375,5.252777469759126
189.6982552087584,286.1518815129242,5.31743220616818,5.243755412878319
189.9452182487558,285.49006593612563,5.322456836613802,5.2368513386344
188.78049296598056,285.4092527524417,5.3238900805099805,5.232190754455578
189.19417731017728,284.8323448452419,5.32770101904203,5.222355091159612
188.61071725329302,284.8332463886685,5.3316373164347235,5.220552004306313
188.69195052966376,284.25634467364165,5.335344671443896,5.211138080105524
188.19091882356176,283.0123710792294,5.340907305566752,5.207833323727234
188.02092097448184,282.51757811765316,5.348665813691354,5.200707676773954
187.4385309354202,282.52075663122974,5.350551424913486,5.194350649620814
187.5206971640814,281.9429465284518,5.352275862817821,5.187572588589504
187.767937423643,281.1990171725801,5.355725740150252,5.181640110966055
187.85017116839,281.1191622966716,5.357195358387349,5.175412755051997
186.44070230085828,280.0402158567545,5.35648473364818,5.177103947978256
186.8561899327603,279.7928458062846,5.354895834499195,5.174212230125009
186.02690138688152,279.96123547692383,5.355406708564865,5.1690461323850565
186.02791860439228,278.71672265833325,5.35337227354334,5.172077988942503
185.77932159716272,279.2952467894787,5.353319362638995,5.175272552499666
186.3598639932106,278.5486485830414,5.352825260474624,5.176280935462507
185.69612827023278,278.0527692949984,5.353841756039579,5.173198298755493
185.78022318294697,277.3909738795431,5.351425986810071,5.170596680075262
185.78398645228262,277.22265789724565,5.343899448138775,5.1758385911951486
185.61761729287343,276.5598595344964,5.345318005653283,5.176156271478261
185.36875533702937,276.64263195562444,5.345980454163722,5.176298583614761
184.7872097532784,276.5615705177094,5.349173055089558,5.1727216642196865
185.201014462409,275.98350052961285,5.350030158735637,5.169008509742633
184.61886446335714,274.74393100375636,5.354794017707531,5.1634272633161205
184.94811918753305,275.40895490077486,5.3588222739345746,5.1584548784366655
183.7045877036454,274.4157948138199,5.361601780663791,5.157348283509773
184.3685097860066,273.83822823539487,5.358917211106638,5.152966794590279
184.12254727256072,274.1692228181876,5.354241626164806,5.153111778116231
183.4621165830651,272.92479516742793,5.351402577516717,5.160028777811699
183.79749221843176,272.2574125571183,5.342761279777468,5.170574052442809
183.63408663383797,271.83774722584195,5.338454879945336,5.18211079244635
183.13574441633608,271.8359389617391,5.3410975596591985,5.18572732065209
182.55259361530963,271.9187964393306,5.34699337270758,5.1857846210410985
182.8025456101602,270.83568589916695,5.344686370469559,5.195752089028194
182.79746517896731,271.08602498019775,5.354847232855341,5.193034969711932
182.88095206962996,270.4161515766269,5.353976946146182,5.203953819924297
181.63478763015806,269.91649974591155,5.352369377892718,5.205682902475994
182.13495894657984,268.66849764999904,5.349613913417151,5.207719173381085
181.30478939550335,268.6710683158436,5.347418418103167,5.202577841691927
181.30758340808063,268.50569672898285,5.341830392948651,5.201045497527231
181.22612389439573,267.6754122105743,5.338723579523712,5.2013561263974495
180.73226137408508,267.175708449491,5.330556722467873,5.204871750886722
180.8195578280989,266.09514730445846,5.321873122282533,5.209173039002197
180.8196722191943,265.5974931039118,5.321644340091698,5.209436205458039
180.6571523972651,265.7585175810299,5.315001114722293,5.219070120449739
180.49365095534864,265.83921829080566,5.310225666828,5.223557866761731
180.41144641854552,265.75837883799545,5.308749789258327,5.219351821206226
179.8288814812876,265.0139360048271,5.313311993723462,5.216079054620607
179.8322761454271,263.60323565695,5.306522665444455,5.218617706382619
179.83504673629164,263.68278778419807,5.300981483715357,5.2252622487323395
179.83773587119242,263.7624263348415,5.295603213913786,5.231751693077035
179.8402617371733,263.4297047775031,5.290551481952045,5.234057390614661
179.1758040819586,262.26866830257376,5.293536591901271,5.235752489633117
178.59340885218884,262.1857590725259,5.297622388542959,5.235755997886216
178.59435916588316,261.4353650058872,5.295721761154318,5.243630797423425
178.26271413499367,261.18512864446217,5.295117626023193,5.246182872590898
177.76281774805722,260.6059296753218,5.298884689376067,5.242550815264926
178.34244904254496,261.2686656953673,5.30166596044389,5.245128900937742
177.7577634499304,259.9407281419484,5.308402518253739,5.243553430817299
177.9200609433847,259.3597627853384,5.316151031538066,5.242281893361989
177.25416700271558,259.1899023834411,5.3177507775574835,5.2494556633267475
177.2558759560701,258.2763856725095,5.314332870848404,5.2459589443765
177.33984227218792,258.27516755214015,5.312703175276383,5.248395185115203
177.26107991117533,258.10547052732653,5.303912158518213,5.255157757175629
176.5969067483161,257.2743488709612,5.3019855045277655,5.254559845270175
176.7639376181411,257.2725640636713,5.3004125433683935,5.2581294598498465
176.76613350706822,256.7743989258546,5.296020765514195,5.256804223309965
176.51613743341844,256.77440918733566,5.297455112576837,5.256783700347815
175.85273462540687,256.10627194442264,5.2945953148448615,5.263392772418766
175.27261505444906,255.5206155683433,5.290963024899144,5.270834092716246
174.6072915003342,254.18931514098657,5.29099062795243,5.2721959370769085
174.69013208633035,253.526875647263,5.29165878485687,5.266280293350422
174.69205257218212,253.69196547572017,5.287817813153289,5.268633910540329
174.1960665715227,252.8565105359242,5.282330220843278,5.277111134084066
173.78264212039176,253.27065090388638,5.277727073303531,5.280282447961312
174.2022816864211,252.02069700334786,5.269787267540485,5.2861722701514635
173.6186094692714,251.27661273697146,5.273482969397632,5.278221004049932
173.62100433342215,251.27487885981023,5.268693241096123,5.281688758372406
173.70256015641212,250.36589880829519,5.271729311628782,5.272023979763623
173.3657232202555,250.03599198159156,5.281229748328664,5.267664197557451
173.02879844834868,249.70582745608752,5.2905821730697395,5.263496129493056
172.44387008812626,249.7097863145417,5.2969981487371705,5.255578412584656
172.52623295418016,249.12900178914933,5.29845440465007,5.253873547224373
172.60862213149184,248.5482030818472,5.299854072216028,5.252224806503214
172.60934465241863,248.46870313392685,5.298409030362473,5.245050655013745
172.02704279442207,247.723446704649,5.300745320913918,5.241219680858738
171.3607339296025,247.72754240452397,5.305246768670638,5.23302828110881
171.4447007836787,247.23407807152714,5.303269173678955,5.224220268138496
171.5251691133153,246.4077192885828,5.308118581274552,5.2190771653395585
171.61031713516337,246.40949321287002,5.303603665210215,5.215529316765106
171.69579287679028,246.32877516729414,5.298306367833846,5.211311222039449
171.2010849900738,245.24764697102714,5.294695913721923,5.222010788226268
170.62423465140026,244.74331865193085,5.28908151467378,5.236968789508697
170.87469378571024,244.7411068593211,5.285455437579171,5.24139237472818
170.0467208599882,244.15907125035864,5.283633610676885,5.245026217810683
170.13055676126118,243.57685644118146,5.281767196042089,5.248818120786697
170.12930508601744,243.57409165727302,5.28427054652958,5.254347688603595
169.54666504096403,242.7459947317374,5.287814364124081,5.250918293228744
169.71136699835014,242.65887752988843,5.290338528429368,5.259188657387887
169.71175147530826,242.0740362511409,5.289569574513097,5.265932477548245
169.7935341826203,241.40932259161508,5.29223243446688,5.265533599976911
169.71256829291795,240.91144213511527,5.287900314740441,5.2637111181897245
169.54711124036712,240.41583886363543,5.286480419800613,5.257915661024839
168.88018724619192,240.41779123560153,5.291901774061795,5.254010917092693
167.79783493177274,239.58724989780384,5.297604138996712,5.2543226204545945
168.62512378168103,239.67116888360175,5.304743693999597,5.252656374340743
168.4593743253151,239.50123130776072,5.303727080897678,5.260016000189073
168.1258925196356,238.92020642365162,5.305259481398165,5.257561149404819
167.1258903647415,237.67650189319863,5.309145295382858,5.249822090556384
167.1257473729282,238.25844961398053,5.309431279009451,5.249902713064529
167.12622621682274,237.7594612078161,5.308473591220402,5.250151143403346
166.9601682537808,237.75964827888973,5.308035675879373,5.249777001256038
166.37978827713565,237.09409342603746,5.304946692968685,5.25077363701667
166.62775573570207,236.098032707248,5.3077055826331065,5.248119847406768
166.7108403343939,236.0157125333145,5.307769194479522,5.24652738604364
166.37698056036422,234.85174953660623,5.310653960767798,5.247531643261357
166.2980683424692,235.34769580242192,5.302208499996007,5.253258491000745
165.71708027221604,234.68177461164308,5.300592982066428,5.255281834345925
165.9655127812671,234.26843845226745,5.302429562582829,5.250784822066277
165.30292575473604,233.60322164174107,5.29806877563515,5.251683603109262
165.30187671122,233.3551761155994,5.3001668626672505,5.249362361593704
164.8867027304278,232.6926414168649,5.299845639910709,5.2453610641171595
164.64250831108765,232.77222890283593,5.290037399125054,5.252251785330344
165.22641377866697,232.6887430378943,5.284366712611773,5.2532034796928295
164.56307403038238,231.7720436369586,5.283479762284121,5.261198417081131
164.72812754307222,231.7697167786702,5.285488399713454,5.265852133657959
164.80758418025812,231.1908768050541,5.292737896450811,5.260392683125955
164.38934862737312,230.11064627025382,5.2982548142397174,5.26037286397558
163.96920477933912,230.03112897011363,5.307155841864763,5.253130130567408
163.38456825138002,229.70208767178332,5.312306693629924,5.2460000391405375
163.38327967904345,229.70403117184216,5.31488383830303,5.242113039022856
163.46288730638912,229.62423555105408,5.321919515497948,5.235453348712773
163.37639982612873,229.04559849922538,5.328638029675566,5.2289323279683835
162.79526437497623,227.8816850056243,5.327095253542971,5.2291319582953655
163.1276042388248,228.04756496059372,5.3273675618808785,5.229848066374015
162.5448119826885,227.38226921118655,5.329176937393137,5.2304108374622365
162.62715352004628,227.3810757807776,5.33078476506567,5.232797698280125
162.7107081181963,227.12952058433677,5.330029408884873,5.236846570804105
162.71218706783236,226.38273425077034,5.327071509612699,5.2327663343979705
162.46591310340114,226.13115069799036,5.3207344352231605,5.2370484367059555
162.21961447072653,225.87969208894657,5.314542726332969,5.241176680554102
162.14053536268375,225.79535834943422,5.306470144518569,5.243613361678857
161.48155056462338,225.791047731434,5.295301259510234,5.252234597679319
161.65349296264378,225.78675303305747,5.283621624933075,5.260823994432379
162.39929905737682,225.70388625884019,5.286496917725653,5.260503378171485
160.93900763720242,223.63662362487037,5.2830274465320395,5.259403017013261
160.78242875686902,223.2234503844231,5.27742520958205,5.262331824915354
160.6304001831978,222.80635129389523,5.281093141154639,5.259565833752741
160.48998781276723,222.37746997142713,5.273680477389903,5.265053050481984
160.3299352407761,221.96685729548253,5.268406691556631,5.267133925093278
160.12710430104778,221.53340999394163,5.2629015904715715,5.269873627219288
159.2173155424542,221.36624294859706,5.257903973030332,5.272466784339596
159.7490351157942,220.73979152032408,5.253324524333104,5.277141657753688
159.58841933625555,220.32994381092504,5.248677411204556,5.281819600488703
159.38741491125595,219.8802360638487,5.247222349120069,5.280304710663827
159.19491835490473,219.470444668529,5.239577634038528,5.284650069205357
159.00533557596142,219.06016907950055,5.2392009222161136,5.280874659917035
158.8157636275668,218.67160342723506,5.237546009098831,5.273569227408382
158.60546718764917,218.26913095661163,5.234132183486689,5.273057807655527
158.11136096939853,218.27052264596585,5.2295409697210395,5.270274428947067
158.19894691284338,217.4606323484963,5.236028336767743,5.266933366070811
158.006553174528,217.00506321275327,5.237089147558142,5.264293531064821
157.67563126355174,216.8434117696704,5.237429103726639,5.256844484338561
157.59748011333122,216.18307851883293,5.237611312267935,5.25201812998067
157.76203847047188,216.68053878541753,5.2388765497628516,5.248243452140257
157.84419016075458,216.68222782486822,5.239724648821204,5.244865373238854
157.07254811226153,215.06190944938677,5.242150344469824,5.243403139614584
156.85569821762175,214.60648470019424,5.238836005726837,5.245320421624923
156.6321254571395,214.16939720135605,5.23329353645256,5.2470266894783055
156.44130684982218,213.74821687749494,5.228792191684145,5.243356180376859
156.2267750707482,213.29909421375916,5.223738436976904,5.242861126933004
156.02817963790895,212.86347112790742,5.21527487111103,5.246914932578418
155.83657183380436,212.42203750550928,5.2179528759785745,5.241130990470451
155.63560236977096,211.94229508790187,5.2182251135175015,5.237229584449198
155.4228469243244,211.4696236962553,5.217554757269273,5.234287088257847
155.18898578505957,210.99088571850854,5.214167480274387,5.237286551835466
156.0144176882001,213.45807410007905,5.2092009400656,5.240601586911148
156.0139541762628,214.11853090576793,5.210127963940201,5.236197044192491
155.76857006484872,213.4622325053615,5.207369405219436,5.232722427541437
157.0055392813703,215.18295951741,5.19959257928398,5.243894653395229
155.68685610390676,213.4609533681854,5.205534999457525,5.234163037480443
156.17793382773678,213.38177526148587,5.209806785547668,5.228114711921151
155.60153715747734,212.89142037205357,5.211963553082677,5.222564571085274
156.01057746861932,212.4008229314668,5.215499212522876,5.217819914189837
155.43169798567598,212.40504883541826,5.223128518010855,5.209368106286871
155.67373549588805,212.32729018156326,5.231927246668168,5.200594164303105
155.91548386307062,212.33139856072395,5.241304983849078,5.192377405981701
154.759887604834,211.92491911521412,5.252164398960992,5.183788760800894
155.49499289706534,211.43434629314513,5.261057349065764,5.17886538189389
155.4081511247892,211.6820362976688,5.270333935429122,5.176706247413358
155.07891772871503,211.761131009298,5.27072606336161,5.183035490208849
154.74842438918836,211.75889041285473,5.273213869661362,5.187516683095374
155.0759496619984,211.3463132862374,5.277101452892815,5.188998275265596
154.90518002639442,210.85519250721393,5.28900270767074,5.182325784022481
154.65243661224216,210.9423109288914,5.299787521294313,5.17298961222787
154.72916274920468,210.0399105940903,5.311257849462687,5.163641658802825
154.72848933317763,209.46802903409372,5.312604681516747,5.152720112565219
154.72800411077168,209.88425607782352,5.313575126328644,5.144283305340048
154.65168774106897,211.03079544598765,5.301522576536564,5.156798617776654
154.41066357705975,209.70694660684083,5.289488817054618,5.169391829401614
154.25178708974428,210.35906764299372,5.277833657380706,5.18278229431524
153.84384293118916,209.69533180362296,5.2700599280733345,5.1923946987886
154.0062796820211,208.71178289007463,5.274710286590106,5.182349364801309
153.34368514927434,208.22381111711334,5.282487360923741,5.170233917353957
153.50497812485298,207.73603867298095,5.289116231458857,5.158134340541556
153.50151855338126,207.8242102754019,5.296035374402311,5.146311534087159
153.41705691747993,207.74674621384324,5.300516464160078,5.136797475159546
153.3325506215471,207.6693539448457,5.305166962737791,5.127219919866732
153.0846032852702,207.34623849402192,5.308210888843531,5.116316492916713
152.83542557456332,206.8587149790348,5.314089814630321,5.106410531637116
153.49054037348793,207.4376277868094,5.316613974969482,5.097244454502701
153.08283064114252,206.78525349630107,5.31209007100762,5.090083645675044
152.5096969503567,207.19803195387564,5.311726428408102,5.083548890648139
152.5950293676216,206.54682660093647,5.30475685741642,5.076397488221786
152.76175881393297,206.55065803978675,5.298243678492763,5.068734610521206
152.9282632656207,206.5544617788575,5.291733771873881,5.061127132379766
152.27900893741102,206.23178854369277,5.286025886778773,5.054365331951966
152.3623148506871,205.5004530049764,5.282244649968236,5.051561101710038
151.95646052185725,204.93411853307816,5.280318501924398,5.045141317521548
151.63253511200628,205.42393666409677,5.277788834354087,5.0410757863926845
152.03790097300845,204.85779699475947,5.279512689408759,5.035917317184724
151.46741152921808,205.26685264567436,5.283436828933412,5.029987978252113
151.7108017743405,204.69835054720494,5.28386797139205,5.03016503221617
152.0366263371128,204.86003670060825,5.281872572212892,5.031619588592317
151.22526178093773,204.93722576822054,5.280549228479374,5.039646698976088
151.47129020910424,204.93244204399315,5.276027473814618,5.049214147430836
151.63487535001192,204.68382688919309,5.2740420362470575,5.058667190659252
151.71653611994324,204.11261714997713,5.273431489343319,5.062109718379329
151.0610428378781,203.46611268253892,5.27038550449679,5.062137534814372
150.95599658348868,203.22239863579907,5.263244332511349,5.066068462410874
150.8274352476338,202.98506551320756,5.256234494802905,5.069854947528225
150.71317882450487,202.75282361664506,5.249441381050871,5.070465812709492
151.69050426042477,203.15737030034947,5.244935868972467,5.073933011867906
151.52946530421974,202.58631128856493,5.242021194128302,5.07857698004734
150.96267135792263,202.66490165338575,5.237941018708277,5.083920260121985
149.90592459786964,202.9891509498045,5.238356398833148,5.085599556509441
150.32076975399144,201.82254782917119,5.228606284358329,5.094714357489679
150.24105313884502,202.7946282204533,5.225470954497159,5.101376296773458
150.07965048133948,202.54807890639,5.223027108925338,5.106601184025812
149.9833284980654,201.41621006244128,5.221180427770306,5.105861317137992
149.74198664517243,201.90034390559228,5.215980002372254,5.113361893204008
150.88562033171996,201.56894112143473,5.206019754486842,5.125508282887759
150.80642343717977,201.07764349508668,5.2017135496945865,5.131903572348195
150.5645777438884,200.58548623385775,5.1972053376627505,5.139818897576845
150.89323893081797,200.01340850021677,5.19103158819718,5.144464272170065
150.97658733977522,199.76731030278657,5.18709807160217,5.1483707630720135
150.24855645976382,200.3335753232056,5.178292803900531,5.155181743797431
150.33317426345747,199.5198160704748,5.171788977405269,5.155382440338999
150.41564261491143,199.1156590759999,5.169484843940736,5.150533582071629
150.4993119323583,198.95421600079132,5.164666115753224,5.148379919076339
150.58283028233132,198.3878606914012,5.1600395389562514,5.144219675813021
150.66562168057695,198.79382478063786,5.156728493312072,5.14365025157516
150.6668509886009,199.20074461081944,5.1542698772641335,5.140863872253769
150.66963736813616,197.98696052378082,5.148697118193612,5.136511203636396
150.75537210045127,197.66023187733873,5.13919940973818,5.142081471821632
150.75611451374544,198.30770329763538,5.137714583149833,5.142418099646854
150.5114250660848,197.6631586815203,5.141417931362774,5.136372539588094
150.02660631821888,197.58583992663196,5.139925648069282,5.129155086193877
150.026620706489,197.26628230306432,5.139896871528992,5.1213991949231
149.9481386063184,196.70154785163592,5.135265923865315,5.1197020617453814
149.95016044723982,197.0250319317962,5.131222242022448,5.118715950745786
149.951943044989,196.38166004167937,5.12765704652406,5.114129175344855
149.95280192956483,196.54603847000155,5.125939277372447,5.107948192348728
149.95464882673997,196.5458377457663,5.12224548302212,5.108349640819216
149.79593497603065,196.62755406516692,5.117449790281263,5.106028699097751
150.68074571203968,196.54909634632907,5.118824315736454,5.101944500639558
150.60219618966607,196.62945455090656,5.114966426126115,5.102185025842119
150.5237779183165,196.710583232819,5.110902977434445,5.100827653408056
150.5217955317102,195.91010958481326,5.114867750647014,5.093628589065205
149.9569519736158,194.62894409106008,5.119209422541246,5.083741418183885
150.19697780809702,194.55227271331222,5.121186199031971,5.076408025195192
150.7573309257947,194.31509966694966,5.124621499447241,5.068979174001443
150.1921314029056,195.20269821225367,5.131320719196926,5.05959609572396
150.83406141390512,194.72502204681936,5.13134777929572,5.052033115019254
150.35309629717142,194.08776644042842,5.131076090727706,5.043608431753948
151.07106479950917,194.81239649540433,5.137207035402101,5.036416271152061
150.51035789461207,193.9354395496916,5.137132822876607,5.0279918417894
149.95069121464894,193.93724773831843,5.13591740645898,5.024375464535776
150.43208078270374,194.0174656154899,5.133151480112744,5.02394191182001
151.06882199378876,194.33997572673067,5.13928437920758,5.0187293499709815
150.67368649442858,194.25395896566,5.129725859453126,5.030796968417353
150.1135573945533,193.69722050496375,5.129939697575159,5.024229528181321
150.75118092995345,193.62035301402526,5.1339407102535155,5.018058499623445
150.50907812779664,192.82427749963026,5.138532116306528,5.011495534211515
150.3519626466138,193.38300876422116,5.13308342822619,5.012911781590756
150.9923186805618,193.78299492447678,5.130584562278341,5.011822712297113
150.59535545274827,192.74381316038125,5.1259099593362265,5.0138234882083434
150.11790479200107,192.74310733995173,5.122740864926958,5.015235129067369
150.43964685751592,192.16771263827152,5.122534019363899,5.015598019108503
150.44638596135871,192.0058606112388,5.122264371948648,5.016553192620451
150.47055293523303,191.82749257977162,5.122263850151798,5.016992791956177
150.50079232226298,191.64741584660953,5.12581866558937,5.014530229256468
150.49724932171574,191.50676919564657,5.132237779165733,5.0080940915381165
150.49717026482534,191.33941178128265,5.138457328962823,5.001858745644067
149.69700794792095,191.33872692901846,5.141918016350026,5.003228450172436
150.43768272747872,190.99676284826037,5.14648894772275,4.996042786682983
149.5564162166685,189.80423227444032,5.152096290762833,4.9852961908045
150.37820117403479,190.5403391235262,5.1630940702277375,4.97482531387077
150.38967925780875,190.39445006942236,5.171803133330606,4.966196441275487
150.40373620971744,190.20103972789846,5.180058481396268,4.957506656800673
150.71976739088637,190.6829587119068,5.186544428014473,4.951491152218169
150.47614595125913,189.89288406719132,5.195114913695025,4.942947584190395
149.83481098423272,189.4978123557287,5.200647406796079,4.934880106520735
150.47102518005826,189.50157283246202,5.205026117938553,4.9273591530541125
149.8308776727963,189.58497892093618,5.208919988360084,4.920097119118552
150.30906170668675,188.71181920239428,5.209527127230076,4.911962010675706
150.7086483312039,188.7132720768318,5.207235417685044,4.909056261800669
150.1531283523306,188.6334517991858,5.203214728591192,4.909402438972643
150.39185951129616,188.5571625834667,5.203463436991662,4.902743861633611
150.7124462180057,187.92054470083758,5.198831044862177,4.902897584312654
150.15813741645414,188.07775078784576,5.193991731228433,4.906615957935399
150.39922818398645,188.39355559894935,5.188955972985945,4.911200704824354
150.71967451592354,188.7902624158036,5.184233504112977,4.912999814867352
149.84745450850858,187.83380831847475,5.179704260579975,4.917941545856446
150.16653113945185,187.8329447182796,5.177569742427431,4.919668746246727
150.32937299011127,187.9879392955203,5.169883365524801,4.927676916181577
150.41199213890872,187.90519635081895,5.163650328418201,4.934157545095961
150.4144291203588,187.66539087588188,5.158776365518054,4.9367375079262406
150.24372624490917,186.82608448178212,5.162710710734584,4.931525903645471
150.24779680793557,186.6270698455826,5.1681087955834855,4.927661250995776
150.23006266400475,186.40232261875093,5.1733971407986745,4.923913028832012
150.25022989683632,186.2148723616504,5.173493133601391,4.9243494994393995
150.2461837968807,185.99360604793924,5.1742901464998505,4.922581981013305
150.21368775883263,185.77608488136255,5.176254161435209,4.92169643967984
150.20202283786438,185.56859086044946,5.177266208977841,4.919383168654165
150.21988958290515,185.38724457712024,5.183038316313946,4.9112276313133645
150.22488230606638,185.20981475357178,5.18333436284491,4.9089062371774075
150.2015213847199,185.01655327090273,5.187414798195935,4.905347698927287
150.20986504623738,184.82860971384463,5.1879077433351934,4.901312617784582
150.2064219207892,184.61260557672895,5.192635275697961,4.892551259744746
152.51096962535905,185.24836483045314,5.18886333409358,4.8914668123060805
150.43579287406075,184.34481466535414,5.188360209584003,4.893328544626032
150.45822263242997,184.154444508207,5.1836154176195475,4.896857630570319
150.45865350589008,183.97356486680545,5.178974648868113,4.900279639874607
150.47532746171552,183.77484505923456,5.171644904048478,4.903078741980469
150.49042621576015,183.57656646628647,5.1702221341695225,4.90465726453384
150.5076960131222,183.376981272946,5.1692003460940645,4.9070128025584125
150.52614764004878,183.17867685980963,5.171848104641426,4.90460520139783
150.5441330087104,182.98273445671643,5.178844149713978,4.898960213633583
150.56590191780728,182.78513335428855,5.182215051788164,4.895919692008023
150.54487043951664,182.59879484485703,5.194417962750846,4.886974227284229
150.5593035190541,182.4029010809572,5.202375067258294,4.881639570833171
150.52863050742457,182.15638785443608,5.214361225900352,4.873547179925027
153.06598613505855,182.79618538518676,5.222594992567582,4.86468837390741
153.6990891554977,183.5886888990038,5.227027802992658,4.867979910402514
151.07116948971765,181.76290034517925,5.234252126046437,4.865853925385456
151.1273789235433,181.59718914999831,5.24292570588084,4.8552228672576385
154.4619339389739,181.60232811424123,5.251675285970021,4.844944938771807
153.4268455957839,182.07502053076922,5.255246694136566,4.853377926429706
153.42576273067746,182.7065859590661,5.257412424349443,4.86352296082012
153.42287761674885,182.3841973756043,5.26318265220672,4.87088160705941
153.42096523353206,182.62132795849638,5.267007418640282,4.875305438732256
152.39292181465183,180.89600150670628,5.269468547737286,4.882360241539091
152.4908847313781,180.70233243512342,5.269103882468677,4.890169581899159
152.60207417597385,180.5133007916613,5.269988839907742,4.894843816671081
152.7314358820432,180.30423589518276,5.273688601153013,4.890729635277107
152.83938633625914,180.1092341628029,5.27588759824996,4.882669328478353
152.96509146412427,179.9291288966229,5.270168521312209,4.889620665550115
153.11099934959208,179.7792367175118,5.263018388413088,4.8963645146091945
153.2119836891485,179.60286096481758,5.269040300108,4.888928845403631
153.32732479331875,179.43587049350336,5.276659302503187,4.880668184886905
153.45438117086223,179.2820941143895,5.279232273136928,4.882771492181135
153.58289569290415,179.1416339642743,5.291183038620633,4.876408223521865
153.71609543903844,179.0001244275366,5.298846442497292,4.876378169204392
153.84197069881162,178.8332911770499,5.308813929746253,4.870069498261407
153.9664596903821,178.66731955604575,5.323870061880831,4.860201062493711
154.09329206220417,178.49713159599366,5.333775338516119,4.853971069016795
154.21977699053187,178.3282115183579,5.3465046697949115,4.843597392090223
153.3377173956205,175.9275195871679,5.345946846463971,4.8322257640510875
152.77315689872,175.61283975327572,5.353421905981568,4.820644897959183
154.76863787411264,174.9770954711189,5.366624824872536,4.810800703976422
154.49946173894207,176.96630983829266,5.378333429924528,4.800195183564445
154.60819159326178,176.74754395916486,5.386219498592327,4.791005056828693
154.71073444616707,176.52437057191096,5.397360364334147,4.782401990038876
154.80884961151202,176.29770313986447,5.4095742773304885,4.772496029885602
153.44051552760985,176.0621615214149,5.421668120503863,4.7627720330263115
152.3121615420317,175.74646850966374,5.434162810950016,4.752954262040017
152.30732611146013,174.95015332575844,5.443833672093139,4.742211171266761
150.9395495976124,175.67675233746684,5.454031829734816,4.731848079054938
151.09389775655927,175.4414504476797,5.465948976409264,4.72153166177686
151.2482234748043,176.08796178065654,5.477948843243537,4.711114209120541
151.24384707037282,175.53148969824173,5.486701652106517,4.7016501043334635
150.59610830182,176.09654942282992,5.499560285946118,4.69382219551483
149.8679775088684,175.61932339758573,5.512219299022871,4.685872530785533
149.3024430959183,175.6247867525607,5.5200120610711725,4.674945820835616
148.09448037911076,175.7906638745619,5.529748964300141,4.664016714218046
148.56958734037335,175.15438504817143,5.541856707226688,4.653478813063331
147.60163047733056,175.56070240168623,5.552922292838117,4.64286416456465
147.033269477006,176.12710006565683,5.566819201397243,4.6328939287133615
147.18581180353522,175.73086128545455,5.58264851041228,4.62308658393423
147.1790107235681,175.1740792072053,5.596250670346543,4.612852949948655
146.44989480477412,175.82153476078676,5.609202136713979,4.602635506092819
145.88257485720501,175.34497611138622,5.619495625071508,4.5920273133676215
145.39538465281888,175.83137184326793,5.630229549560332,4.582882333887655
145.06855989873105,175.1940764669913,5.641379690151425,4.57247435127187
146.26854357729292,175.76119539916255,5.650828436599367,4.5626306685961655
144.89777078152795,175.12300527834037,5.661944865294963,4.554103068906739
144.9722088253582,175.68954350158594,5.673714760336572,4.545548501329996
144.5648075506774,176.25455279979008,5.6850776838376715,4.540345381126511
143.9167831494028,175.85484857802928,5.6949039410918765,4.535864733838719
143.99424573651066,176.01844875323943,5.700834548111909,4.530375945890078
143.90996382552513,176.02197615854445,5.708540746359122,4.523321135280033
143.82652273296503,176.26684207026918,5.7145617337772885,4.516172904936478
142.62414510092304,175.46303240943746,5.706756509434036,4.515418567648402
142.38188804243865,175.9490158523816,5.709153862398293,4.507685209769244
142.22084199979884,175.31054588151977,5.710012478178733,4.499691273496183
141.57838064876196,175.87486632867763,5.710934789138932,4.494550721404757
141.81761021766098,175.23695337388273,5.71376763108857,4.486931351667528
141.06850970378127,175.0119024674755,5.716931328156943,4.475939603241609
140.60376814857725,175.0629610094977,5.721932388756537,4.4644441834768305
140.14259377309364,175.1228140078423,5.726824055125328,4.452995484341005
139.68829612091923,175.18989811007657,5.729499849049611,4.444884616478638
139.24184387211594,175.266909473764,5.732793916209903,4.434687808646006
138.8062708354408,175.352783854429,5.735941132117095,4.424588687164479
138.3328084363748,175.33493488793997,5.739571217124392,4.414358215095809
137.85073825999393,175.81909835131077,5.746330141168405,4.4034127170718875
137.43397148200685,175.28138167995667,5.749979798195055,4.392486394742712
136.55510997035418,176.00381872812005,5.7546788287191495,4.38190465614611
136.62145228329487,175.39769372778636,5.755471436039378,4.371409668213155
137.09671524717294,175.72079690408592,5.7595793456422655,4.361625873853347
137.57182167997328,176.12380141386328,5.763417549780897,4.350659412414753
135.8152834334005,175.5380546283,5.766561768581144,4.3424481512968285
136.13122261242864,176.01956852755765,5.769889764245351,4.332229883362232
135.65260850764895,175.31060101481486,5.775006553065641,4.321997777739123
135.41001224633845,175.71189798574983,5.784411665191025,4.312382853361828
134.85079734262575,176.19277111869255,5.792770163608345,4.302126280911942
134.84629227164876,175.48428772008498,5.801780305562345,4.292225324521453
135.08034535541546,175.64747901104764,5.809221235537895,4.282874140935465
134.83877479560084,176.1277432361726,5.816935675097369,4.273199050825201
134.35932636767143,175.49806082556876,5.825227635418423,4.265090677982601
133.40536180736427,175.5025752601259,5.832031693934351,4.2560618088683215
133.63981567442306,175.5072391549809,5.838270645389134,4.246734019158276
133.31979258695625,175.4323356502022,5.845021692180607,4.2382172466801835
132.68333060390535,175.35797710369812,5.851655057927546,4.228648014643989
132.99727176136744,175.52005010389416,5.856691507414022,4.220961396457216
133.23128210097678,175.6035139303531,5.863209912837083,4.212213438419879
131.33982879890692,175.56706936436143,5.867309979580748,4.208749583629036
130.9735482232613,175.5726500669809,5.874747294096705,4.203491817899395
131.44436510015646,175.0232192114673,5.882109136065839,4.1951920005406445
130.49575584244405,174.5505244822361,5.881638043853858,4.191736655184663
130.57414765413102,175.10512165476507,5.88293119341659,4.189079720683471
130.34047973891552,174.94640310867143,5.876109228442021,4.190411615933731
129.70983152143322,174.55085111220043,5.873635735883755,4.191659404173892
130.10479293194564,175.10347856850373,5.873484565071139,4.1920848018644525
128.92385087389374,174.94145147063188,5.865983016552107,4.200220908991769
129.6392507565486,174.23014346182202,5.856997344344202,4.201022833509601
128.6178049700393,174.3054166148908,5.847755628706641,4.2083329341917715
128.22747736627412,174.8552794764505,5.839227849427055,4.213463392606228
127.59979281280842,175.40494482012494,5.832263521569838,4.218674460697417
128.23565742152033,174.3781367640087,5.82270812766869,4.22125810970558
127.13524173390661,175.1626065412387,5.816169939030263,4.229011100864068
126.84943383746635,174.88521636129795,5.816068619572467,4.230223645659368
126.53235623834424,174.86417598852648,5.81071412110717,4.248350033418358
126.24408795977195,174.82242672262473,5.806164750344298,4.247969502376908
125.9372266652723,174.76848475897322,5.806317173672196,4.244099661592914
125.63002239646788,174.7028857972484,5.797615621200902,4.259782196100613
125.31182791349512,174.64702288724135,5.799850603062014,4.253416347636184
124.99255561323272,174.57943018557108,5.791835599026056,4.269303906347902
124.66686884402564,174.51193174377454,5.783069585537907,4.285355473184134
124.33413515384007,174.44594479956842,5.773893951493966,4.300501130138849
123.99110417197677,174.37573778734983,5.765018118982605,4.316801847395726
123.63613897983751,174.32829492505,5.756292177319574,4.330516913645195
123.27106717413304,174.2528247804077,5.747493277862263,4.347371288237193
122.87058170442927,174.20952041720406,5.74039855970204,4.3662490821663384
122.47636471042502,174.13655891733774,5.73737036472251,4.387652179073593
122.11413278713185,174.07792868890476,5.73294925980859,4.4086363810715
121.79034326679796,174.04126236863848,5.725456203849825,4.426946080099145
121.39758837019775,173.97995908902527,5.716349680836853,4.442653229916438
122.19589625607934,179.08123501612408,5.716430266539122,4.458958063497598
122.68123798716648,179.87587373783188,5.705363653542865,4.469042035378741
123.16667551518393,179.63116062685899,5.694073765817193,4.478675673169911
122.61095536263682,180.34703599888755,5.686111344742806,4.486157005615284
122.8563576538317,180.02248887987594,5.675049712592784,4.495593976652149
123.02178704848258,179.69809102949677,5.663987209889058,4.504797104214418
122.38676684145916,179.13551012640565,5.655003605163588,4.510812893970938
121.67208843675036,178.57429608872226,5.645819405926961,4.514375740384449
121.67444283397116,179.12954697843188,5.641110611485369,4.522157931800932
121.67583524494567,178.4107047126424,5.638325789536333,4.521563434588282
121.92012392467036,179.1233402727715,5.6290177283087806,4.534100208995553
121.7656670785394,179.0375321291562,5.618297965806948,4.54589976884422
121.77099379208045,178.9516680405444,5.607644538724856,4.557784723451204
121.21761916390389,177.19075148524482,5.59529036205478,4.5624356159775035
120.74264384251914,177.35070935899623,5.586697097877482,4.562034504123628
121.30749944660839,177.4289878909699,5.574317238549607,4.565096204297781
120.83519209712131,177.50678923343094,5.562064303709892,4.568971458344648
121.39842629619565,177.66475993713087,5.551060785068131,4.571734302232448
120.76537079654643,177.90349146456532,5.543351932523809,4.571953691804594
121.0083356619132,176.94455399665736,5.534759438092885,4.5804796824100755
121.09289126106671,176.7032029034801,5.524766025835743,4.585828510614922
121.09637170448495,177.8904493301476,5.517805138999258,4.597089000261635
121.01803250139628,176.85222800022194,5.515358937376309,4.604911758709253
120.54410837951588,176.05767411834535,5.507929018352839,4.601889251155262
120.15160690037352,176.61182960843553,5.497682899245458,4.606926979323798
120.07204581810585,176.5305365053392,5.497831997495841,4.610540119231552
119.67183995534057,176.37225795539717,5.50307586125405,4.609030074406656
119.59363918766766,176.36980395470735,5.500387311578749,4.613938075786256
119.1976927620549,175.73306442527874,5.49664163184013,4.614395485100901
119.83349769488514,175.25533069910563,5.497650336548237,4.615399009670664
119.20196469482346,175.96817365377305,5.487844029789064,4.621694445578652
119.20419970993258,175.3323922310546,5.483373999570818,4.620783825090577
118.96588985609839,175.41317382120465,5.483066995510666,4.618196215366654
118.48919001238956,175.33691555008292,5.482891626570448,4.61178358155049
117.93691992040208,174.77930664857607,5.475669275378317,4.615238849397097
118.49681286955091,174.06368412199672,5.467255526302274,4.617576853556632
117.86642250730699,174.14217868013264,5.4586340592336615,4.619263011229265
118.10830895419724,174.1407702666348,5.450569254598454,4.622079838224974
118.42843385557514,174.06166609038812,5.444280235277992,4.62179799485955
117.64032750659733,174.13936327489395,5.4366072217758274,4.624792196993645
117.64448905662691,173.8994227604238,5.4282841217166675,4.6297185025537075
117.80787547625347,173.89449923247406,5.418049050352142,4.639565558453194
117.8123574912483,173.811913808035,5.409085020362472,4.646467435281219
117.73840561897937,173.65030505217814,5.398747501946474,4.653202421087184
117.5049007782955,174.20113712656413,5.391188577739272,4.6588650186568
116.87465443362993,173.56637173289164,5.38637341871478,4.663087957646172
116.95124333053089,173.41053351509288,5.391352352157457,4.658450938754485
116.87144570042076,172.85667805559424,5.392788241725685,4.659046263187736
116.79096057622542,172.30347282135938,5.395567352148616,4.658118765883021
116.55449273972717,172.38039636402064,5.393845280444011,4.662490928794212
116.47941336141336,172.85153548637578,5.385741273678023,4.6697892644453995
116.00898283449071,171.66192393952835,5.377075723354294,4.675195847717625
116.64671076631751,172.29170200402947,5.367275769306759,4.681295628321459
116.41448960624268,171.97357479160632,5.35725906515666,4.68493802076805
115.94308963587626,171.34029435739862,5.3517217722516435,4.687049244332995
116.57613876892503,170.9422823738593,5.3496573287694025,4.693052072276981
116.41897795775677,170.14897273639085,5.347842202930325,4.698987606335806
116.34088044439302,170.06546210338394,5.34590194903592,4.707873591727767
116.34297654303477,169.90259868345743,5.341709751752433,4.717105534536167
115.8689380957937,169.18997350291104,5.339805606735377,4.717384336380172
116.03021397955267,169.66401650927267,5.3338640352575375,4.719128911777183
116.11199751964848,169.18795108498924,5.328537789837963,4.721814751711823
116.11636958559912,169.7398333105912,5.319793657936684,4.725458363282929
