150.10000610351562,372.3999938964844,5.210000038146973,5.53000020980835
149.3405953894632,372.5782411598706,5.221476188728714,5.526426423097542
150.01244846296467,372.24092391244193,5.231700248126026,5.52409581475471
149.753463535535,371.9033679651603,5.241569201118666,5.521739840162265
149.74472249853685,372.0759637133182,5.259051275114969,5.515521490048398
149.73603243881286,372.24859789791896,5.2764313945629855,5.50958570774361
150.32820640031917,371.06245137194554,5.281023780769375,5.503998141252232
151.16928509940163,371.5779827823956,5.2972042838149775,5.491938061078318
151.84861460519312,370.90079724261744,5.297751948259681,5.487102464606972
151.33435039791453,371.0755378384965,5.307278266785299,5.477288638192802
152.17673088770397,370.99483365839,5.320821521772241,5.468866574949212
152.16997714731707,370.3207436510064,5.3343290025460695,5.457747795586922
152.33370486026644,369.64640308854774,5.346775950463468,5.446819425239402
152.1655397202076,369.6475651677415,5.343154121449064,5.444495266851793
153.2657479881233,369.5644668000427,5.351208373199213,5.440809633974006
153.86172309798218,369.4807649455038,5.348919178967917,5.438261767982335
153.178516844651,368.8060152428603,5.356328416166185,5.428757903805313
153.7707283035116,368.8944181236519,5.360805949236157,5.421795063763589
153.34720293890464,368.81267934552636,5.358836372018247,5.415468558728327
153.25849390650464,368.22347465207883,5.3665809293893885,5.406163393621398
154.18796793188517,368.81988044023416,5.37377441524331,5.400896431520178
154.44068470203328,367.97436377194964,5.377380039331972,5.395132553473006
153.8439335388123,367.5552384753629,5.3833616956739085,5.385154096574928
154.60545485578945,366.8801141569448,5.386565389193711,5.378739331212084
154.68718334394774,366.96837831109406,5.392640759479372,5.371743369515677
154.68172119863536,366.80262078288746,5.403565050104121,5.364222865051337
154.67799611521008,366.63669585508796,5.411015216954715,5.356930360111485
155.0150922735297,366.1323441393494,5.415116545674498,5.348193323550216
155.69088987626304,366.22108967861027,5.419522329862742,5.340202368735221
155.43513758799588,366.31036947606043,5.42269690927844,5.331086106207876
155.43436395702076,366.05983192884577,5.42424417122868,5.3241130685879785
155.60432255050412,365.47000230696074,5.422854248425923,5.318926887784112
155.77421282890856,364.8804992631395,5.421393548233272,5.313813477269914
156.28164254294916,364.88368141972074,5.420871656904415,5.307449164107465
157.12506255868354,364.46465075314273,5.423507362221838,5.300772628870431
157.37708097531535,363.87707275074274,5.4261211309549005,5.293743895677989
156.7847007161563,364.13357978112225,5.429186770330915,5.287170497322685
157.45769775658414,364.1368653004715,5.433255304904445,5.280599458624161
157.28877761129334,364.054813265629,5.4336599144973325,5.275985687814955
157.62265248347103,363.38180682506925,5.440515236335777,5.27278843654675
158.12441465832333,362.70998391384194,5.449240533356435,5.266768063367659
158.87883959729402,362.7138862569546,5.459139974596438,5.258963377142325
158.78875008488805,362.7188076948225,5.470537329850673,5.249120501406536
158.95338737703813,362.21707604517195,5.478871757818601,5.239756763903371
159.0360692217183,362.7261248932285,5.482294867169158,5.2343798600559515
159.45582468769084,362.1400738929087,5.486560140591734,5.225195173180808
158.94686186319169,362.2280528892114,5.492426754002208,5.217913686506714
159.53321735477647,362.23240077504903,5.500286264913862,5.209217914831518
159.10819371350334,362.23547526616306,5.507143367646206,5.203068932603416
160.20223972868118,361.4751866500004,5.51147229117315,5.205816273779199
160.36821498798233,360.3800829236158,5.517039846574109,5.202156245527423
159.77431830962877,361.31050113111866,5.52331700595659,5.197988140603364
160.44599227750345,361.2301144115963,5.530529208431133,5.189941562370106
160.4429693575806,360.6428890992942,5.536575048276818,5.182757117131856
160.43899527470896,359.9698400450157,5.544523214020092,5.178572109206925
160.60649386320839,360.1422892990931,5.547212150114437,5.17135971414546
160.85746687984704,360.22939974088354,5.5515775012962205,5.165909292050891
161.5357786761816,360.1457773797136,5.54496989245054,5.164402016412846
161.70405910241448,359.3060507722588,5.54565884453693,5.157606208561434
161.8731533092665,359.3085921058605,5.544525746626434,5.152523541358082
161.1995313533904,359.31118533968373,5.5443361488759875,5.1473370737115856
161.70244730872037,358.9765515344972,5.548566954287755,5.143229540036844
162.2041602340629,358.38996489643836,5.555208077619332,5.1379913464685245
161.61157356846985,358.89614879659905,5.561827851635296,5.135812309435925
162.36800568776795,358.8156478600674,5.564863983673746,5.12838080798434
162.70274361243943,358.3146378325384,5.5688380544073715,5.120225982927397
163.03745956809698,357.81373055753255,5.572584743961038,5.112272631635819
162.87162500198886,357.8974967294782,5.567801017540149,5.11296671706319
162.36304039776445,357.8989985407155,5.57599261780631,5.10996309458842
163.11598944903398,357.81796064159204,5.584279302138237,5.103796138738636
163.19503392660351,357.2321862309326,5.594463970315056,5.097429596845874
163.61496297090872,356.64426296811234,5.596259816389733,5.094960613927285
164.03146148025883,356.7301631715172,5.604859794349212,5.091479606449564
163.52254819426528,356.7339720553394,5.61229969477463,5.083861838805102
164.1943056185643,356.7360453030886,5.615921556556964,5.079715343306713
164.27257044335678,356.6567868264216,5.627774208657264,5.069849994955399
164.68750075216187,356.0704916360929,5.639959759199632,5.063575740199107
164.01159795965927,355.48031012647766,5.643777310156504,5.064449229637268
164.68399928681595,355.481830550722,5.647548895667788,5.061408381148604
164.34660105944226,355.4822263991598,5.648018022974236,5.060616684272944
165.27556148990004,355.48338836514523,5.644438420361215,5.058292752302164
165.27129337596392,355.4026830713454,5.652974648233469,5.051219594796121
165.43560650858268,354.8157442445916,5.661355148917146,5.0455735675793605
165.8551046704271,355.23425428342887,5.66507543258207,5.051270097258515
165.76942451666108,355.06619540535786,5.6677436145231,5.050003602218529
165.51615821189,354.5604766967413,5.668136269810309,5.049161110941824
165.51348821450756,353.97358069266005,5.6734762645751875,5.042011466132733
165.93901450979934,354.5627003364199,5.66579652319984,5.044494167504571
165.85626543811634,354.0552589710409,5.662699634507383,5.0478067059117695
165.77345828849454,353.54785664742667,5.659714047359203,5.051012034789864
165.6907649105845,353.79883251763636,5.656496062066488,5.05487451770893
165.8584638792316,353.8815937456806,5.658331065405517,5.057968531937033
166.53324204187018,353.4580867597159,5.6583299509048475,5.061510497131128
166.70459323136416,354.0471330286207,5.653129499666103,5.064674706443757
167.13020430954117,353.2841538342463,5.645510874729104,5.0721467386419326
167.72660507662803,353.36414609757844,5.633760668309077,5.080883830228147
167.141250827363,353.3601154288982,5.623720428386331,5.0889451675885775
167.7352069871476,353.1868297819966,5.616363960676647,5.098214789431912
167.3151248300192,352.6794063247278,5.613107319978989,5.100956558024202
167.23505708606245,352.17044404423206,5.604565591680725,5.106817821745241
167.1530961371749,352.1718950157379,5.5998498234698895,5.10391587873357
167.74496026246135,351.5809395191378,5.595747581091093,5.106200863739674
167.58072524272453,351.8284219465229,5.5872365538279904,5.1167076090746235
168.8470371759883,351.40833220464606,5.582492620614526,5.1142604483902225
168.1744738436241,350.9906064387137,5.58031966282384,5.107649716180479
168.76809862211203,350.4024568360716,5.570983377968188,5.106035649344472
168.2687880657772,350.6534569024302,5.56099146388215,5.10834203000515
168.8619220317149,350.73557595336047,5.550605882572324,5.1120871210825465
168.2780365435611,350.81953283497944,5.543210418323979,5.112054277924132
169.2858843040177,350.31981023796635,5.540696064838351,5.104908888236411
169.45487959295644,349.8203294118087,5.537929890210882,5.098197330801762
169.95722267397335,350.2413198820384,5.538017379736395,5.093527766641842
169.3712710313021,349.66007827851575,5.538195409798867,5.084285718407053
169.95554755552118,349.8307498789077,5.540357234277246,5.077432481313667
169.45411858647103,350.001636252785,5.540197861967387,5.069998837029079
170.37054451217762,348.5846224831563,5.5448815850154265,5.064198670300817
170.28396908436062,348.92212556761416,5.551003188361861,5.05730951053541
170.28537724843935,349.254728495015,5.548186860204409,5.0601628901962
170.37023579878107,348.6692421768528,5.545486184905784,5.062020548826996
170.45521763729278,348.91918274294176,5.54252647591808,5.06315132075608
170.6225011038253,348.92163076210414,5.541911322049438,5.05825528243135
170.78984828379356,348.5065922311234,5.54099358450463,5.0538907884135185
170.03814841637,347.92556373031243,5.543152972853722,5.04831640942581
170.20383481792425,348.34628310487614,5.545278724838433,5.0406240480313675
170.45314196476596,347.18257589624295,5.54664372662281,5.034801753114883
170.6201079074444,347.1853167169933,5.545888225421643,5.0293201116140285
170.95396178599847,346.68797491795215,5.5441366107154595,5.025069496093575
170.45183482699647,347.35858579699806,5.550026517306486,5.014999753219033
171.5304841347858,346.7813276290201,5.554953192541721,5.005240932582819
171.4447980134563,347.11905106614927,5.5600795044706475,4.994777781244903
171.52582503500994,346.45924157744406,5.564184075882147,4.9851278425049
171.5207907625113,346.71262500343465,5.574252620879487,4.976565939632154
171.84947581559206,346.8014625096548,5.581234354985293,4.9649788872586536
171.2643640743482,346.6416747608721,5.589379458249771,4.952531990760339
171.75734696919412,346.06715495794845,5.59904528529494,4.940001377081233
171.17192211030923,345.5751422745489,5.608678357186417,4.928698190270275
171.91582236126303,345.74522440861085,5.613586702934577,4.920246999403292
171.91416925556726,345.57956796126655,5.616892914326142,4.919965321439578
171.91303130430205,345.58134000602496,5.619168816856553,4.916421231922727
172.24556698985714,344.9970745543771,5.617387465444106,4.924194600747465
172.41133884341457,345.5807793872782,5.617682582185599,4.918220818442431
173.07262649833578,344.7521730774151,5.621733701626775,4.917150401564228
172.74387475803022,344.501803852914,5.615741478869109,4.920267073039767
172.74945786475638,343.92199890908074,5.604575265416772,4.919059958814015
172.75451398279498,344.0872204590485,5.59446302933956,4.919894083705009
173.00673835017543,342.84804289783153,5.586499929348614,4.9158210322889895
173.5869970683242,343.5928996501878,5.583128339926316,4.9138664735590165
174.2512475335273,343.01827613622,5.576411302682391,4.906552594977651
173.92734903215063,343.1030347762723,5.564201246755447,4.902037079543151
173.68647348864675,342.44563475346234,5.551731842451696,4.898915814999076
174.43187849519325,342.4505740764653,5.541393343594159,4.889037168993253
174.60018156617636,341.877989862296,5.533144026228021,4.88495671123172
175.01324789858973,342.2059864756691,5.52693722358297,4.884904174230931
174.52300400409533,341.3903763025759,5.524096686442109,4.877243976867768
175.25985337818616,341.31183588055745,5.523890839841812,4.870603387395624
174.93262612736441,341.15137505347604,5.523897428342283,4.864301084986841
175.0164006526697,340.6620464108975,5.519859591562392,4.8618910871600285
175.0139890371142,340.8301297464545,5.524682822673399,4.852544473581658
175.09614942542655,340.91455868972304,5.5236972275499365,4.847021768545796
175.34405067524727,340.6683439943269,5.517589145532958,4.849756741713583
175.83950962622552,340.5001148714685,5.505754742406178,4.859853821153807
175.51475180318678,339.44260818389506,5.502635652945194,4.853804305800762
176.33363571815437,339.0387606420076,5.495002869964361,4.846431866098454
176.25831836720297,339.77056888066113,5.482860421755287,4.847809739798358
176.34034677900075,339.1253889276309,5.481414452497441,4.837282811156702
176.42159336870995,338.31921907010997,5.481341271519489,4.825422541794385
176.98923550170431,338.2443631344246,5.4816603569616005,4.812905362960828
176.50245806865385,338.0886995010767,5.483013600964534,4.8001654222905925
177.22994155816014,338.6611128425811,5.484701504082274,4.788292536494241
177.23358924326521,337.9326445854755,5.477406133872151,4.790050780839998
177.15656961937023,337.93380947965323,5.469843752946905,4.787720992484526
177.23953972961004,337.45173737203925,5.465350667522329,4.783182397382257
177.40432322490696,336.8087575462321,5.458393303282724,4.778703543579605
177.72931712556323,336.8917671295271,5.452906560904948,4.773809641723139
178.05603642499105,336.97318240188423,5.443315381717525,4.771940951926018
178.05893309270266,336.4945049699287,5.437522046294282,4.7645960418568585
178.14298514988718,336.49367401268154,5.42999381146559,4.766257956351188
178.7100209525825,335.61064187414837,5.419322939763084,4.766978223336059
178.31387617784677,335.5300283816223,5.409952828418009,4.767873276224892
177.9180028884531,335.449543683716,5.400694560263521,4.76864170264907
178.72021848095855,334.81268718033914,5.396960161688947,4.761797280253765
178.962630784464,333.9360112150754,5.391842269884781,4.756224588356486
179.20397192893944,334.0192056460675,5.388361045456432,4.749569414546431
179.76671870450292,334.09787884314653,5.379879863832011,4.751796216031579
179.68810450981445,333.6178966820963,5.377630963696617,4.75489680105804
179.69096580799368,333.8548773095343,5.371908367338167,4.759411572831201
179.93292571735856,332.9743672284551,5.366414860168103,4.766201925937441
180.4143267420743,332.73282982800197,5.360605398587121,4.770780432918487
180.25887321124745,332.4892041092938,5.352548912282982,4.779586548398087
180.98021252293563,332.96639741972155,5.345346845415974,4.782184298548831
180.9043774492032,331.7671378713335,5.337589970703142,4.789298062659839
180.98413482610928,331.2105469036854,5.337495321420188,4.78653926625147
181.14659089602685,331.44717597816316,5.3313323461098205,4.791404864083057
181.70567419079842,331.44742774234146,5.328661144369403,4.790901335726379
181.46568614231515,331.212162781692,5.330716466297582,4.783510481987076
181.1483189841891,330.7380206462846,5.328567279390501,4.776469498063021
181.78525286595755,329.8619464055766,5.327299897436771,4.7787924548022085
181.78285010460473,329.94344505762024,5.332105420142373,4.77488759782608
181.8605323470254,329.7033039389041,5.335845694795343,4.777855556775471
182.2585112171548,329.06572216739926,5.33593932152998,4.77933691259576
182.8165017079728,329.1451910250715,5.334606047759283,4.779634584089216
182.41653653994334,328.746150984866,5.338439259120394,4.781617539802318
182.1783778605398,328.1870860984122,5.336824661016542,4.784572746584444
183.05414636672913,328.50804387868806,5.337947990320286,4.779988219371694
183.05446834086257,328.58857458104814,5.3373040420533835,4.778203812279301
183.61049153760263,328.0319378975534,5.3399271013360305,4.776807726506068
183.37180454901753,327.0755710854844,5.3395302432312075,4.778458009543941
183.20912512917798,326.9994338369351,5.346334803645473,4.771455367010034
184.16072949858167,326.4448822712929,5.354377660516805,4.7656617341485354
184.15751862323623,327.00529356514454,5.360799411207718,4.75996202558436
184.63758351324464,326.28661525323497,5.356540660690098,4.763512105154747
184.23885923687766,325.8867084791336,5.357476776661894,4.766813216595343
184.8763632129605,325.48719432590184,5.357427132715218,4.768992580421921
184.87434756504865,325.6479880465821,5.361458428538908,4.7662128447062315
185.1899088058777,324.3707241483222,5.36802395914667,4.769988592162445
185.7477214545468,324.53192613260615,5.369488632033198,4.766753186515969
185.1893181790494,324.6113270720897,5.369408172280294,4.7675065947984985
185.82832668280108,324.2133674215153,5.367919842411817,4.765595472425656
185.50575882736516,323.7358199966233,5.375005843445001,4.763615757451625
185.50565460532275,322.93900364951304,5.375214287529838,4.761341055608439
185.58274151294466,322.8604279698846,5.380598066475492,4.758934820675744
185.82067661443398,322.3839993042247,5.383535773602731,4.754176331783939
186.2962634734829,323.0252249730187,5.389794529778274,4.748301626560493
186.85605007279045,321.74474345688583,5.387247272536233,4.756062507116334
187.17557961771894,321.02444656085544,5.386827491166231,4.759717855081374
187.5780057627978,321.10235593950705,5.380534205464728,4.763610898669409
187.0224962975678,321.0200571723488,5.37381802819715,4.768531989024858
187.5011671227448,320.5420417351614,5.374381919386539,4.766657321856338
187.18561609513432,321.09807461166594,5.366965183365816,4.771999453519996
188.22460183373786,320.3752992560157,5.363793612156567,4.781150229898987
188.38638555449066,320.2927088178253,5.3596201923826845,4.786634095413847
187.82972837797936,319.6480778483918,5.354895788403762,4.798137454850644
188.47112455897087,318.8475412371564,5.350744834985286,4.800908916615711
188.47296157472235,318.767159473629,5.347070803482298,4.801862514090335
188.87377184678763,318.2854873638208,5.344290537488445,4.806598399942779
189.43414125832166,318.3657566089264,5.342154814460814,4.805860352594382
189.03358513188005,318.3663941419158,5.344489757182422,4.80458528661567
189.67761195404012,318.1213413176325,5.334607353034684,4.815376720117563
189.59981333597787,317.0786962185744,5.3304146155823,4.823397261734223
189.52219362157714,317.15401833410976,5.3258013400104565,4.832605735036799
189.92732219258446,316.6691925277445,5.315183058086417,4.842690715658747
190.72868085488798,315.54754594637836,5.3116981998103645,4.847058425527482
190.57055612300377,316.5838188102652,5.308070503755596,4.853714236604458
191.05521137662626,315.30235850343246,5.298688659020803,4.8568250835760916
191.61931018479856,315.38007165063857,5.289731546870375,4.861290289762967
191.22461352713898,315.53796511949855,5.28000980724409,4.86514937402128
192.02704661960485,315.4560228414037,5.272472500589048,4.86930104238327
192.02953178722865,314.8940598236902,5.267502165341479,4.87545716667268
192.03188223503446,314.2525080367266,5.262801269729854,4.8809462533028025
192.43155395816726,314.1727362172878,5.262036605139225,4.880774135845451
191.95235864754466,313.5369552527053,5.262220692250604,4.874727352831983
192.59393592115805,313.535838261774,5.255928676517245,4.876961334694583
192.51777921313146,313.13611213505567,5.248696924116679,4.878687745862652
192.67971086810996,312.1786147883015,5.243753132889117,4.880165326994453
193.07918870581608,312.1016627709726,5.241827859319974,4.87466328128357
193.63520274354207,311.62652361268937,5.244819893998205,4.869210074881251
193.3152059620846,310.9087556750029,5.24781905268007,4.871508540729812
194.1127386159278,310.90502199954017,5.246073145862482,4.8789758916552515
193.87152600480854,310.8242102025786,5.2502282011577455,4.881176096597349
193.95162888596136,310.184492629128,5.249545647458585,4.884425574647072
194.43492188015975,310.6627418534177,5.240344860031827,4.88531232703773
193.8817206856144,309.54364058385175,5.23070461709443,4.891429602113311
194.75918099077882,309.7819628761099,5.2289783217249735,4.892928921676864
194.83727693761236,308.58842666377933,5.232164578194433,4.8893290942895655
194.9145460142426,308.1139713063397,5.236997165121085,4.882015368045993
195.389709403556,308.1196384039061,5.242650460975191,4.87068117291319
194.74994304284277,307.72711918642915,5.248278129664281,4.859528949906232
195.62347252594418,307.25256027363554,5.251854089310914,4.853754997757438
195.702702716412,307.3325077765108,5.2525062841817824,4.852972567813377
195.78194386602152,307.41244233045296,5.253134286476325,4.852213761442568
195.94390951009612,307.4114174086482,5.247419048168739,4.854263605052128
196.50420113355352,307.0132562039318,5.240196249534469,4.855328551427461
196.03099999746408,306.535491551276,5.232863975464494,4.857123310490252
197.06533128660558,306.298519704011,5.229509986679474,4.854457330520599
197.62111279859883,305.1833367172699,5.22937317543728,4.861970878514246
197.0688141935376,304.7863668079228,5.2217230913889505,4.861448344229438
197.70686233912826,304.14976943914985,5.215744874736948,4.864525007245888
197.31212672343116,304.23158526826995,5.2116145232921305,4.8596136655735505
197.9474124943357,304.0758726715746,5.20966537111957,4.853883261555058
198.1837602908806,303.4438129696986,5.212338734251482,4.850352115382506
198.3432646126721,303.5247291867234,5.210213964476488,4.846961618236939
198.90067084604559,303.4451995891098,5.203885717541526,4.847665924919676
198.42909812735036,302.88925771235904,5.197427359961025,4.851678584288428
197.8785931464352,302.01473206426516,5.190825794087615,4.86019747979888
198.51473945458378,302.0102292808602,5.184632539053742,4.869203046608844
198.4363929488006,301.3760291063094,5.183016913263343,4.8711342968564795
198.4375834313317,301.2980466085458,5.180635948201129,4.868785248265506
198.4400092121837,301.13786171373687,5.175784386497142,4.872675936586125
198.7616056601466,300.5039027181995,5.1654933716695295,4.874790165464314
199.3181933372316,300.50220790556835,5.159004939721668,4.878179790726732
200.3473540006422,300.18865931702203,5.1553392530318405,4.873075232394335
200.3478746809767,299.55849038451,5.154297892362848,4.870115919988751
200.42558462941398,299.5589382835001,5.156726920337129,4.869220122008525
199.7932297022054,299.08889555661693,5.1584551796135605,4.8620693794192995
200.5009559216466,298.46239293898816,5.16307924817718,4.852784385835875
200.3444450393025,298.54576723850477,5.160678589814172,4.843746998328207
201.29051810215446,298.38821823810935,5.158895392187967,4.8437845111061035
201.9238324204884,298.3868026679745,5.152290563143884,4.846615651375782
201.37260834864247,297.36253107895345,5.152625850475837,4.848377810463809
201.84423349499102,297.3613452228173,5.15424295534633,4.850749522736155
201.28900221983355,296.8133739967399,5.161919813821092,4.843906283050702
201.8356316785651,295.7125400190372,5.171526064377567,4.839843902416956
201.67897187322447,295.4732861018137,5.169570201952642,4.84543852720463
201.59892916615686,295.86893285423866,5.171959594912866,4.842625128229412
201.75952929662424,294.92268092299577,5.166136683307469,4.842864894739507
201.91997531020934,294.60952094029216,5.160447691086954,4.838778790247231
202.31775891614856,294.45221618905117,5.152119291144408,4.838492767954888
202.8717318771481,294.8462715438736,5.145365009396115,4.836947515631951
203.02812435975386,293.6713483686452,5.14694607033511,4.829048669960338
203.10639879130417,293.6750481959122,5.147479544017664,4.821649015426356
203.4227574808545,292.5762058081419,5.142654907710607,4.821709191189417
203.97024404295618,293.2834408180969,5.145973166715101,4.8193280925467485
203.735668484094,292.65871319667536,5.144385883830367,4.813480933765393
204.20478334288183,291.48544747560896,5.146927083296986,4.808085083292426
204.59434822555855,292.19399788502795,5.151543018944328,4.801726526255821
204.28171367293547,291.49309203277244,5.149931330480653,4.793056444919651
205.06564099008347,291.2623869814797,5.1476493768222635,4.784794743313774
205.6113849757164,290.5642596800607,5.150893830137127,4.7735362288337475
204.9851017510217,290.64785728532246,5.153364360329204,4.762603008209883
205.06179448672845,289.7152699165743,5.156105539721679,4.754257936033852
205.99673306205875,288.9393006657942,5.1586680408577035,4.7458300610968
205.83977306584623,289.09954741321224,5.160703091988914,4.737221507554554
206.2280983199972,288.6351503816726,5.163238372183489,4.730992624437955
206.61589599741242,288.0939882258171,5.166530442095655,4.722874541509228
206.14852300661073,288.17598667689794,5.167079563191315,4.714577116098897
206.77082757304586,288.10070566004595,5.167077196486567,4.709563304032148
206.38281606227713,287.63629117987546,5.165620613447449,4.705416738881263
207.54606938851572,287.71669753989636,5.170221454492616,4.7000111850742625
207.0779256984735,286.55586110730405,5.1741530375249685,4.69079455762866
207.6195311731779,287.1819680191094,5.178090231230897,4.681035754720618
206.99831679995083,286.6416731450598,5.178819063208507,4.675138077652698
207.61662603894516,286.7222409232264,5.183238498196939,4.669132260441626
207.22605752440396,285.406368215578,5.1888623880923195,4.664133002502588
207.84420619960662,285.95130976056726,5.193447136486867,4.660021748974021
207.76663679312946,285.2525803078697,5.1934700667954505,4.661437710557202
207.92208592627847,285.1764014641198,5.1928494949843,4.658656550813623
208.00117399331717,285.09743098363515,5.189758157557414,4.661512715132288
208.54464028158458,284.55230441470775,5.188402065199958,4.6661893688097775
208.15563138693307,284.4697139337938,5.190740192944048,4.676234398325806
208.85030152489134,283.92156919899696,5.199393367710986,4.685195628499063
209.08491921143323,283.37038112430326,5.196988460004416,4.698300692006237
209.16083507561606,282.90393623019355,5.200938576355226,4.696499411927026
209.4689362192644,282.3591178348353,5.207994479305553,4.6954343697111955
208.99881466104537,282.4356242638806,5.212793914099922,4.698328791894442
209.62045196434232,282.5128182131992,5.217744069210685,4.699968988470344
209.8595661577222,282.03947741530726,5.20790939298678,4.709863163182533
210.48909999389542,280.94185984681025,5.1979309465480545,4.719192154838021
210.571437107193,280.39158818317844,5.189386386936013,4.7268278132201935
210.6532657949234,281.0106379514277,5.181847385175036,4.73767526632072
211.12342977210838,280.1457586075933,5.178562223374476,4.749522167612472
211.7442457694512,279.5236253830667,5.187420497799517,4.7432983475549815
211.34986736511766,279.7598426006019,5.1944264578018595,4.739914421683317
212.04755814502357,278.5902523594407,5.20669325810328,4.733014303817201
212.11946638223418,279.06301005209525,5.219363169539317,4.72641723365154
212.58280605989628,278.44099275394143,5.232153980760237,4.717824941232229
212.42302036041937,278.5231026497622,5.238444905264208,4.710245386815546
212.7357993973084,278.604902713294,5.239355130947243,4.703262334617359
212.73124127362726,278.37377915820036,5.248471378309489,4.695950218100469
213.20073852827394,277.8294785877219,5.2487446044295,4.688739001075186
213.6699549041745,277.28552189091715,5.248913876191897,4.681616700527242
213.591933997504,277.6003666369787,5.2486331890256075,4.6772172104334535
213.98079561332048,276.9743279926181,5.252149138868155,4.679311808793845
214.36869553745214,275.8042899471632,5.258028818062206,4.674349317331549
214.83439542463472,275.416401750249,5.264716258937342,4.6683863651264
214.67608294145435,275.65393294799657,5.268628577680889,4.662392941057129
214.98576235932137,275.57866080878114,5.274554435571687,4.656616046081707
215.2173949798227,275.5035729396711,5.280251232644111,4.650471104943435
215.84039926990266,274.96072074653875,5.284728159061852,4.642000672952686
215.7604392428135,274.26196183480283,5.28840371527098,4.633318014702021
215.603361219307,274.42186382712197,5.2902349207492385,4.625838871598507
215.60468940847846,274.03302958368783,5.28757854240633,4.623152417263906
216.1508551996977,273.0972303150982,5.2871545174090375,4.622909427401096
216.85271460588572,273.1768631410265,5.287222689870339,4.619620107193076
216.7762427954366,272.94051479115836,5.2842416234060705,4.624542744841602
216.8554662004045,272.3947762752474,5.281752179382693,4.624318215276357
216.93335239861048,272.8610759243164,5.28189497857362,4.627210090755721
217.2435824011806,271.68939868092195,5.28528988962885,4.631108641811786
217.86922620536345,271.2205915995472,5.282632523859142,4.632250122614327
217.4811998905098,271.7652009059193,5.278405755629112,4.635422666982482
217.48201837491104,270.6706732892124,5.276768786826688,4.639901521143524
217.48246827770916,271.526811617546,5.275868981230433,4.644587388259072
217.64079183312,270.9818716423421,5.27151899483001,4.641427403192409
218.18902222368752,269.96744734005387,5.267271946199419,4.641879075975002
219.12742038753302,269.8882766662623,5.262138487942205,4.644248517772002
219.04984724768474,269.8099928744848,5.261354556835168,4.644885890523386
219.20438023515405,269.1885476752154,5.264145082830095,4.640350285327894
219.51814987455145,269.1890798449546,5.2602015992689815,4.639285945849431
219.60007824256755,269.02880985466993,5.252165622506814,4.648184407878873
219.60373724752796,268.4797074713256,5.244847612586017,4.655519851466404
219.60676057427355,268.9434469851887,5.238800959094844,4.663094190345274
219.766699810361,268.0044783556832,5.2306613920923,4.6705980183221705
220.00405402724087,268.0020091427164,5.223541869974806,4.6755364442557115
220.24130783540866,267.9995974191412,5.216528054062873,4.680359891406218
221.02016762478272,267.68760034052804,5.216801607058853,4.681156795934859
221.49219968195246,266.82733955863796,5.207635224079852,4.687699185554122
221.41877957107388,266.9015233575172,5.19869719529742,4.695109838335282
221.26778955791218,266.97556699565206,5.189162182650018,4.702780081550932
222.82257196588273,265.88995543127515,5.194228048679611,4.693761732925297
222.43058340209612,265.58372271607647,5.199872658374105,4.683561149019574
221.96161145336316,266.132285210673,5.204267417705296,4.675576820983661
222.65891344681805,265.35752738510683,5.209455001266705,4.669768504925736
222.11316186344712,265.5165742314866,5.212316234449778,4.662715364611601
222.966157593972,265.1285561289402,5.216297693649878,4.661491151408894
223.0418957353196,264.58512191468964,5.220315786449139,4.659898951448989
223.11801254144922,264.8960599821487,5.223613520723076,4.660148202663466
223.35223361698428,263.7280489263907,5.221931002846791,4.662372148209976
223.8948548386745,263.2624706382152,5.225860197832371,4.659953034533173
223.5842859790426,263.7294322837119,5.224524655508049,4.659739635921926
223.50675731415478,263.10729754833426,5.223987819865111,4.659255783328856
223.6614923256652,263.1079811587107,5.225673990740099,4.6578885625760185
223.89335925812196,263.0315401225856,5.22868742428949,4.655188202005059
224.35774538573776,262.5683615038823,5.233431564107707,4.648029044362061
225.28713519664296,262.7268562052999,5.241195167721444,4.642130179097367
225.13203639584927,261.8717580878406,5.240249923313431,4.641040761041465
225.1297353345265,261.7184927985277,5.244852045959002,4.636492675850518
225.0545769708442,261.0965348861767,5.239630792285898,4.636104652251157
225.0573430905158,261.5626429023046,5.2340985529427195,4.636593252772251
225.29083191618756,261.5605565238329,5.23323915281593,4.640766009715787
225.83153783331744,260.9377039030678,5.23981035116969,4.6430620711161374
225.36113710336363,260.3148183363841,5.247222776415798,4.644314491601455
226.1384315644643,260.3128062217306,5.2496326964172955,4.648338720908392
225.82901794046452,259.9212640302621,5.245253371397474,4.652414887571357
225.67597650509848,259.3743224902651,5.239738490207085,4.655705835836503
225.44555834874993,259.83986463621034,5.233277102402513,4.659216944949426
225.4451359062273,258.67075471810193,5.234121987447746,4.661611011651954
225.44699701212238,258.1271843826975,5.230399775657594,4.658339982136888
225.52797247806387,258.6738041583164,5.224111870740067,4.6547416196574005
226.07278612445342,258.13250971964936,5.223039769200363,4.64877530575216
226.53893425237015,258.5226210613394,5.223118796991759,4.645532025392718
225.9195116622236,258.60138820883554,5.21920185650896,4.643342995497482
226.85523859274122,258.05690003657725,5.210741573426426,4.645573086208449
226.47083145684044,257.6682871312558,5.203787110689628,4.647030162312927
226.55242898479293,257.97714839210175,5.195661079650585,4.649583740084649
227.17568804711092,256.9682184779164,5.189011678653105,4.652656892542604
227.7212735326983,256.9665489318565,5.182346197244456,4.6559959846624475
227.64578445337398,256.9633042816455,5.178445275699937,4.662485285084455
227.80405292776368,256.0312373697825,5.171752374379634,4.667554824055502
228.11478949209834,255.5688754991675,5.169874652417474,4.6628854552248775
228.42507283537145,256.11292352964387,5.168488560595127,4.658355435038842
227.8849793366268,255.57273669907852,5.165766389620243,4.655819927705353
228.58316690162835,256.0374546474645,5.160957957194358,4.654095162651614
228.2757243470265,255.42165431882938,5.15777814116047,4.649565969446715
229.35948675874906,255.34248740809892,5.1517765143991685,4.6535052768588026
229.74870226089598,255.34032894555017,5.145165685145628,4.657822201956307
228.9784036861554,254.80221752995453,5.142462211170829,4.653734596728423
229.2851953724088,254.18817953959058,5.145770084964026,4.6480280848564055
229.5145442944085,254.576852080217,5.149621955229925,4.641599194045765
228.97916398877427,254.6499776011543,5.141398629354344,4.649488714620297
229.52122533076846,254.64596441607878,5.136245755500331,4.657515084771314
228.98369044430103,254.6416540364875,5.1320108510408105,4.66613584395391
229.75732748851996,254.25270731587779,5.127315883668539,4.672739724640584
229.9154082214099,253.8649778565446,5.119734561543187,4.6767482841706745
230.0733882180219,253.4774386334073,5.112246335439054,4.680647312645647
230.53989564489453,254.01481077651937,5.104319574031431,4.68517246748205
230.53522201647087,252.24302496090235,5.1136668308787145,4.683756450162628
230.06869243854874,251.78115151563287,5.121208039466587,4.68198539344514
231.1457717207645,252.0874475448481,5.127841058974626,4.686762358997431
231.14171793055792,252.32026222364541,5.13594863938775,4.684697975590334
231.21324304625276,252.32361986406147,5.147513438676872,4.6779826947581995
231.0537528988592,252.55765758395643,5.157117637361674,4.673971399121796
231.12719804092308,251.4789115591594,5.165000905623834,4.6646337152564135
231.19960984711514,251.55860944031318,5.174924541618172,4.659985201327305
231.74011074759918,251.40653521321568,5.177714440945941,4.6544788840091496
231.04140334039408,251.02223898178084,5.182083444662877,4.649157007604787
231.11871463902975,250.55981960478815,5.182226653945857,4.645400922264247
231.27182245354498,250.7954682411031,5.185427133158495,4.638227811998987
231.65777369732768,249.79212610113052,5.186740722709424,4.634550291441702
231.81251474356245,249.32626849656543,5.186468377190032,4.6386362597215
231.88736973619658,249.86682892442775,5.191424307108635,4.640176810305403
231.88407295452845,248.1641938699608,5.198017870444903,4.640561702756367
232.19099120485194,248.2457543111961,5.2036856583928826,4.632316892434538
232.7319630380286,248.94193738207662,5.205568291300968,4.633441706866636
232.26568385992402,248.48084181767268,5.2088494292454195,4.626355617409838
232.65122177341658,248.87010182992466,5.211859570629094,4.6219215612746085
232.188122789974,248.48425329648475,5.209299464980061,4.619653567709271
232.95715160965642,247.79254863319576,5.218411963879133,4.610609769849735
232.87527093055024,247.1008335542902,5.227459582109244,4.601616267820815
232.95114511048834,247.56658092838072,5.230421355292529,4.598382317996899
232.94891840427576,247.80054670534935,5.234874767717726,4.594563612959144
232.94609465327068,247.1833404442527,5.2405222697278875,4.5912787382197076
232.47915568127698,246.95326995585995,5.2459176522236115,4.587178434259448
232.32127752710343,246.87617772659436,5.252143936873685,4.586597880942076
234.26192751896767,246.4091397098983,5.24214811166381,4.591560916289702
233.72231457777642,247.02754545691442,5.2379363400171215,4.59296388400517
233.80182200925896,245.8623316914356,5.233655484766555,4.602381299245403
234.03868730859034,245.54757518,5.224380213838378,4.6126205518037375
234.5076131919628,246.23952781998165,5.215559373904972,4.622261662057706
233.96871679668342,245.38436347251013,5.209361106313665,4.629175837050626
234.35986462058406,245.30379925454582,5.2014165823734535,4.63543404820705
234.67342421883922,245.22353234866986,5.19368505032375,4.641120943843827
234.13390740341526,244.91100894923375,5.1889947169239115,4.646896906003085
234.44594566400212,243.980784389132,5.184266620897089,4.649300750765912
234.21595181526376,244.5211176844157,5.17984823352803,4.652248358171867
235.06953140101174,244.52064275863054,5.175273741657459,4.653198209742193
235.3047529065526,244.36740021649138,5.169004187771582,4.650234322556642
235.54009974810432,244.21419047220974,5.162049652253194,4.647494379396498
234.91967594459078,243.5958402622982,5.167474316888291,4.648771856827601
235.610086733782,243.52094360724,5.177446048720988,4.644032576920053
235.450121327493,243.6001056337656,5.188153028662431,4.640320440187157
234.9041195296191,242.9081271428519,5.197123707168105,4.631806528417463
235.28737394512694,242.13855726191284,5.204226299204034,4.623723444192297
235.90238202077973,242.29762364527585,5.211836953881132,4.614997378961979
235.82099591074396,242.3018052822236,5.219927251044268,4.606634105066444
236.51684637813835,242.14992939784761,5.2202889999215305,4.601038610781557
235.89613805827034,241.92202456309505,5.224988057712599,4.593079187057272
236.127290475978,241.53925260453818,5.226288674691662,4.58594735018053
236.82134802395072,241.54006968725875,5.228143654750415,4.584313184739365
237.05778955803345,241.61298670395803,5.21859168491917,4.592922850785542
237.37106751483327,241.30035425886194,5.209769692332608,4.600453819964606
237.68427630285456,240.98779490089356,5.201020889369185,4.607903762822241
237.0701391913581,240.4435743935393,5.194089995011521,4.6155402998489405
236.83433831498095,240.44279632672004,5.202446196239053,4.617096433487459
237.13762965453176,240.36298231092607,5.214142573662447,4.622154700944161
237.441325071124,240.28339361207955,5.226080417013357,4.626499929503362
237.36599672533984,239.65956385702015,5.221650205534129,4.633464215241636
238.13945648896842,239.65692487930875,5.226026006073247,4.638742170664431
238.064232121819,239.96412495088916,5.2211929005616176,4.645469386745513
238.22306615306658,238.40808170939175,5.214153568223022,4.651268568174566
238.30375627304196,238.87080449716953,5.208071073132915,4.657609461782935
238.4624989377917,238.4010399790844,5.2011948970293735,4.665311037765315
237.9227882078196,238.4757830550246,5.1933711701486756,4.671145626859939
238.547554200074,238.08622060929687,5.186177500853194,4.673809071307053
238.16293756664842,237.85144633823657,5.179295972853541,4.677688736517236
238.94105814687734,236.91775135239538,5.174833306465928,4.682944515315294
238.71008535247304,236.99324561831793,5.171202079029445,4.687148255551921
238.8665749509182,236.83600546184053,5.168628518431875,4.691222932213992
239.723522848474,236.44355495396897,5.162237879049345,4.699985240807512
238.94401130035257,237.06418680046394,5.168581531945938,4.700865102494578
239.09693059148418,236.52086104926744,5.173504385599696,4.69985157917821
240.3443647674694,236.59394971768836,5.165694993767495,4.709115427344967
240.10947908165534,236.59023291220154,5.169064575400622,4.716549038318612
239.7168064906886,236.5875625257173,5.1762188889721,4.721889811287094
239.71754604715161,236.19524375285008,5.174739776046082,4.727354001899761
239.79618404420754,235.56538984176044,5.173362471580185,4.739872306911562
239.79287251745305,235.64103793639654,5.179985525089149,4.744652732046559
239.86671652641772,234.38980866973213,5.1885534291876505,4.747016512929317
240.33230436697684,234.85677151359823,5.195939974905419,4.751653052033051
241.50682632024527,233.75914921213644,5.196135202102304,4.754274463471778
240.32849262723371,233.28924318309876,5.202891559246284,4.754122109995491
241.26544897614454,233.91650537037242,5.210141391452113,4.753706088799832
241.1838447330202,233.36797022694614,5.216480058430195,4.7526876407582375
241.41628414189532,233.68064396867183,5.222458101744041,4.755149305392258
241.43603361783065,233.0694297828445,5.226699198943584,4.7533350527808045
241.59121955458343,232.8227885729644,5.232770021473629,4.754243950244066
241.0375330712008,232.82144462409195,5.239528303368902,4.756931847988993
242.14102965137272,232.11184474500044,5.23583694399136,4.7597233055508505
241.42912666090388,232.81865898223148,5.243351187486873,4.762386568530921
240.71723273601836,232.7373992699858,5.24941263273861,4.76738083696458
241.50507322778364,230.9243383841259,5.250722749386765,4.766423078273357
242.12972441060853,231.34023546339594,5.254234055204272,4.770913786224379
241.80963972884942,231.34281305095823,5.263081543959477,4.765758611099775
241.4115799927011,231.66052988885426,5.2697713355057205,4.761868679908061
241.09264003417317,231.10972825577758,5.275939434812675,4.757976265000894
242.19529609518548,230.48088060015283,5.282092205307345,4.751977351953671
242.27428185709635,230.63836309604977,5.282082383872708,4.7529357649340795
242.4335337843695,229.45489828262168,5.279532223944083,4.750212682157376
241.88262808504626,230.16410532461046,5.276087447571658,4.752842251775501
242.51711522736466,229.84653206388182,5.270170381392777,4.756460164003824
241.96700045566786,229.60702124578205,5.265464802324193,4.761938176291
242.6774244471889,230.15852367075905,5.265375514194738,4.7639678668246095
242.36510481770327,229.13032542264884,5.258442523367274,4.767754551199141
243.07454551635408,229.68198179585153,5.260171413441896,4.769360917197489
242.9963902844065,228.8126260306903,5.258583774015878,4.771193310986661
243.07624662435123,228.73143945079394,5.256773709800414,4.775663855105407
243.23423490509612,228.65156356348595,5.256688586784218,4.7774699104845695
243.45217262288327,227.90290116865916,5.261496200095052,4.776795094493247
243.5335230710724,227.66947385119957,5.263743274750105,4.780259285401159
244.0059028206107,225.77620245138638,5.267748466712827,4.771743320870399
244.79620002478387,225.85896057241584,5.267693925031162,4.764281065477934
244.6381705213193,225.94166473522358,5.267884686800623,4.756806862442276
244.48083267268322,226.0235531554717,5.266924665800146,4.750847881082359
243.92630132409207,225.8688519084002,5.272032386945297,4.744834667786192
244.39707843356217,225.79336830553962,5.276626018672884,4.738110565062689
244.44953448605872,225.43353862505583,5.280095405867208,4.735173495345403
244.54297273850383,225.1529455965724,5.283682067631001,4.733392097697247
244.54664398772616,225.46581046164096,5.276339569186345,4.738421086687029
244.23008359561695,225.54457046206105,5.278836833295919,4.738556965874082
244.8805355832722,224.516283538691,5.280108257134443,4.7414628407514305
245.9847273562881,224.51540370580875,5.280406934793524,4.743222506515887
245.18319052702734,224.0397514356781,5.280328460365612,4.745499516716879
246.5248815519489,222.7792818147289,5.280071410317354,4.741144641161311
245.5759385790609,222.5446329160646,5.284868998895942,4.737170349190617
245.73283356769247,223.17684570447125,5.286615942032042,4.734892453974201
246.44782461923398,222.78266033326585,5.276466873905116,4.734467065853848
246.44710442378775,222.1533302678384,5.277907264797612,4.732369372364392
246.60938229487672,222.62623534697607,5.268518754786337,4.732060910589224
246.76998840744787,223.09890190488255,5.262172100950916,4.731324508696932
247.47635311940502,221.91695295349305,5.265344107799623,4.735386693537603
246.3732601568762,222.3914441655258,5.267418590635579,4.7310234589956535
245.89897474833677,223.02282854361755,5.271594666432195,4.727447691188493
246.68567048206688,222.4722032391247,5.272272508990262,4.726849783161364
246.2901053362877,223.0244886780083,5.276363217907839,4.724134321091327
247.32253134601396,220.8363369788404,5.275835258176442,4.723548535095261
248.34893054439695,219.26068817726747,5.2693740417584545,4.726635091551784
248.34883908396017,219.5774580500806,5.269556962631983,4.722533135828722
248.50935716759716,219.57771765337114,5.263114370087534,4.722013929247621
247.72226069827212,219.8170047308786,5.265423481286805,4.715004922467932
248.29399583325224,219.27892620154944,5.2703299291269685,4.715832819012583
248.42559327431417,219.0017167558769,5.27467462539846,4.720969910450403
248.6022775834076,218.7054385326003,5.2795680710962625,4.724957007872119
248.779323792371,218.4271102343156,5.285221904283935,4.727670259050509
248.96507321458168,218.09805468487423,5.282435760672639,4.736867147355826
249.1179961844308,217.81430252264798,5.283175228208898,4.737477201281322
249.290894218533,217.53015186799263,5.291085784856515,4.73131263591994
249.4314118070463,217.2470581657599,5.298632430236719,4.722542245717611
249.59942959523488,217.00348503246764,5.303024222835707,4.7142389372219595
249.74477037532563,216.726090201982,5.309301276079876,4.706220339841191
249.91762675116118,216.48738761430363,5.313660562613281,4.701823223455583
250.46539831560597,215.1495362918161,5.321671360156733,4.697466332807444
250.2750468842719,215.87285974081993,5.327924766157946,4.691848386475026
250.43732713202576,215.6273123988569,5.335227062519639,4.6859572241346905
250.6036275762189,215.3602970589281,5.342454394694586,4.682813130848856
250.76881091989893,215.09662778066695,5.347030564533861,4.678186875713668
250.95196259552492,214.75066529911203,5.349370014129091,4.675802431033712
251.42206399714598,213.57068558759104,5.355892935799592,4.668947541794017
250.70906696445527,214.2827735758803,5.361877674845942,4.664780891550635
251.54553622997457,213.70039155187143,5.354129603452231,4.669034448484092
251.7182284266449,213.3723444227335,5.347725941510946,4.673064733293314
251.90260509790963,213.05303870760153,5.34840826805608,4.668991074494152
252.08335492559388,212.7252357821238,5.3492030639721895,4.665184256570355
252.55850195173943,211.2227725075391,5.344598350018531,4.675427901004435
252.46246469957424,211.96464369872396,5.345528188091782,4.682428047281631
252.60913449626187,211.66174969987497,5.34863736929781,4.689209508171105
252.78066549869277,211.3218218798339,5.342727476363974,4.69741517299467
253.49114698275196,208.79148533282162,5.344041846089448,4.701102176907704
253.01498991067663,208.55125424067285,5.347694687789092,4.707233709979715
253.5665783443696,209.02329209325256,5.352372846391303,4.712748027095814
253.25062264346982,209.018578530256,5.3505810243244145,4.72217515308893
253.96548955674143,209.0930145100696,5.347787200669602,4.731852082671602
253.808023650671,209.0883955922769,5.3453982741605985,4.741089918257001
253.72955665659268,209.08355102897687,5.3435612156815075,4.750779044857033
253.65193151444353,209.31548628371516,5.339914051332652,4.763600881321768
253.57413537242513,209.54767863234423,5.336460588567556,4.7763534244692725
254.67617074518512,207.35761799456222,5.332430705212134,4.794059282496431
254.854043814568,206.99740383543315,5.334828528844466,4.793966893901946
254.99671128015558,206.68222452381002,5.340099875920349,4.796141922664334
255.16640202301414,206.36111306515576,5.34066432784993,4.798009188762884
255.3062413792837,206.0839037668233,5.339610430616686,4.808583259293728
255.48193995207006,205.7250221973533,5.340333143382818,4.816676201312695
255.70393399728292,205.3041712561629,5.333443927726355,4.817595654323256
255.92157929687565,204.90822139295108,5.330038072359174,4.808645806985167
256.1445323915781,204.51690216388604,5.324830337642956,4.806892011855544
256.324235491033,204.14722479636177,5.320097774605496,4.806171141754294
256.52251446055334,203.76640805826668,5.315315654438764,4.801958804099863
256.7220057228631,203.3829823312058,5.306639654929605,4.800336812505349
258.2373959543734,203.4644791093388,5.299045120484287,4.796458305111665
259.5138563542546,203.62222529123727,5.28908504924538,4.7988360323802475
257.6651212228842,202.35380104121822,5.279706843769211,4.798165932452816
259.25537497203567,203.06656324061927,5.272426508380352,4.800593756962068
260.0532644745585,202.9848969515196,5.262514784050876,4.8053396070898025
258.6364065369473,201.4204726792137,5.257887099630288,4.805552680168555
258.8788227365201,203.47784652831712,5.248372716299484,4.810227785690768
258.8056424664874,203.87208037763114,5.236367672713927,4.8135880053171105
258.65181248418105,203.08070669661274,5.227563629294586,4.8140153271930695
258.41769596504804,203.16004662294134,5.221491952357214,4.813437046270262
258.58096655241803,203.86787117314404,5.210946200257748,4.819767347746582
258.5851994224755,202.9204189441437,5.202480460142788,4.819464285310876
259.37873476117187,203.62604947321688,5.193380621546501,4.8283769820812665
260.09409118878034,203.2266655327708,5.1828388154772735,4.838160946780178
260.37833863522224,200.45501206158494,5.172818723496882,4.846936447569251
260.62254582864057,200.18206196072776,5.177247462279718,4.84039328868671
260.8285951312591,199.960010517775,5.175449567320063,4.835445255285004
261.0657201470578,199.73171575301566,5.171151099400747,4.831774155082971
261.30259301069333,199.50944883514157,5.1694707298354245,4.827238182595795
261.5412377788387,199.29408787365512,5.167678356166389,4.820975483913656
261.78208564274365,199.08164936307136,5.16454140416083,4.82060528884466
262.03766484474386,198.8187905119496,5.164390841780137,4.8152442556628
262.2835163509294,198.6054466355529,5.163184387382846,4.81371968988601
262.5282891650624,198.39979113119983,5.164147041507244,4.809976870524411
262.77379884794817,198.19783687173856,5.1650908929761075,4.808988914737682
263.0480179482523,197.88996572611646,5.164523772845496,4.8086314089104745
263.2948949386143,197.57847194039897,5.1628777044134795,4.801667128310554
263.56010281624634,197.2940618329874,5.162820677648627,4.797775458891395
263.8029694395959,197.0196901320192,5.163197459219086,4.79333636124316
264.0739226592041,196.75871317399643,5.159482935074362,4.793248180903425
264.3294708888466,196.51312201867265,5.158321720299014,4.790630110622
264.57271642058816,196.28332752785306,5.15621800517222,4.788903387536531
264.79774656210066,196.08487384925724,5.160531328138329,4.785598196600661
265.00505273651623,195.9209609455729,5.16548236643709,4.782911617513808
265.2538608194435,195.67563643759365,5.166630350383872,4.777498385238649
265.50303273331014,195.42018225319538,5.166125942697312,4.782784221885932
265.7491357520483,195.1656469448732,5.166894073973437,4.779748248940101
265.98888701350864,194.91038242379452,5.176890518879633,4.7700891938344085
266.2249193108225,194.65294400145643,5.186949801242955,4.760423421293531
266.45820495979854,194.3887601378944,5.197495423861585,4.751044484194502
266.6909902438668,194.1129857458776,5.2074560337814315,4.7432233777584685
266.92213851230326,193.82582080584626,5.218569501983063,4.735633995563005
267.1565344082687,193.52443876283263,5.221178969580535,4.73192730412393
267.3895501978834,193.2085290093896,5.219907403171172,4.732068981365587
267.6196829307536,192.8780068302134,5.218655868932268,4.732190775565903
267.84117811488795,192.5338390342308,5.228100945938934,4.727117814297909
268.1320773765411,192.19164520344756,5.224312009899306,4.729136949717124
268.4833721778561,191.86092520264714,5.220707322803099,4.730975446305458
268.74440895803815,191.46751922668875,5.220264376990823,4.741993900726208
269.0793812667775,191.1097663124291,5.211864254158907,4.749187500208114
269.45379739644676,190.75156777890794,5.205547510376537,4.757787675572819
269.7590494366361,190.32124044392398,5.205439857015978,4.762943893382535
270.06747238492414,189.99427994251505,5.2107781967388185,4.758516459204761
270.36530888569945,189.699371551781,5.217727865993621,4.752901342503144
270.64837222715755,189.38002443372014,5.222413871746793,4.749534242625481
270.9105639600163,189.07482936968165,5.223235399923751,4.751733086658206
271.1682010580853,188.82169345734127,5.2199817186875235,4.75315489763336
271.40701533183267,188.54567820878975,5.223358140511439,4.752046900984809
272.8994574516304,189.9607457022549,5.2224077818571715,4.748796643367125
273.2137249236088,189.48884949390134,5.221803048142372,4.750693744711143
273.76085280757184,190.0418906379452,5.226570920788469,4.74363509719552
272.97602100714215,189.49213420951952,5.226583885498574,4.74439250874237
273.20455028652003,187.76459338323295,5.2286727801184085,4.741869820283853
273.5163516201613,187.46743299102727,5.231213737837542,4.73622732742766
273.8308438196505,187.16842618945842,5.2327375767955155,4.732493955642668
274.14617896359584,186.86964870286457,5.237026875895409,4.727442031669236
274.46507467841457,186.57044070643087,5.238719433565614,4.723426061008642
274.78925376991697,186.26673152405394,5.235929214995043,4.723819247481281
275.11169979517354,185.96537897749056,5.24180536662717,4.719905244586528
275.4375893623473,185.66375277716838,5.245982236414557,4.718211891103931
275.7651828444526,185.3657687504334,5.251981984214498,4.712179861731995
276.0981512424299,185.0622033853076,5.255247796618761,4.710492288480722
276.4322159915702,184.75724367489855,5.261897929724363,4.703405175305745
276.77415359068937,184.44375149174692,5.260263162739664,4.707267282427912
277.1187391628516,184.12774087243324,5.25878660752736,4.710615584622551
277.46862886321276,183.8086098003029,5.25466680009646,4.715938533771632
277.82026792712986,183.48927609778744,5.253844516771153,4.718772417933586
278.1758630986724,183.16953291122257,5.25065251145749,4.72134588652858
278.53222088175954,182.85130424377877,5.249781117356332,4.723349712354387
278.8848345632488,182.54069571907152,5.258036692738374,4.717067059603728
279.24060266322374,182.23078731272378,5.264848446101325,4.709576223679575
281.66995449051376,179.25075058624208,5.273662246602675,4.703015376865678
281.430577086179,179.0968761965662,5.281270749749068,4.69666661920198
280.63886299631963,180.83199059303413,5.2865527306218665,4.691695189210669
281.42141991185247,178.95010262645,5.292118285182854,4.685840596875182
281.18414682832486,178.95293498036136,5.295482420195854,4.680175889052438
281.8108902745146,178.87732264871357,5.298173556941811,4.674378298707409
281.33985125573014,178.87896327579676,5.298424199085647,4.671097044540979
281.9690572378908,178.8810686840971,5.295393115505509,4.666886227940312
281.73402059698645,179.03622634555487,5.295041752317601,4.670187335022521
281.4993676995192,179.0349629573454,5.293780760672707,4.672714111441463
281.26511571149564,179.11298540631475,5.291655322176506,4.673545685017181
281.34230623001923,178.87967590410304,5.2941310950990745,4.669594259531486
281.7356311914535,178.87872379666894,5.2916410796190885,4.671498474399699
281.187056547203,178.79970394450032,5.291023537800002,4.672714345834042
281.582160702549,178.64269622192313,5.2849837710752965,4.673062373401488
281.03424064556094,179.42621623679958,5.283604782329837,4.673478204679412
281.58488038005896,179.4257042828488,5.279441227858137,4.674502112580958
281.0375376483523,179.27076662591162,5.27734831248595,4.671012175373793
281.58821395378766,179.11433788087547,5.272156018410794,4.670681003504502
284.17064969960273,176.203527418261,5.266873586920636,4.672061737352082
284.4060423929406,175.85945006764894,5.273323711915116,4.666197343104082
285.6513062325834,174.06391535849005,5.286073993648744,4.658804692456849
285.80140367055446,174.300976655631,5.298947837715852,4.654285178188901
285.9518539344848,174.61633349774775,5.311370533899945,4.650217942044824
