150.17999267578125,387.5400085449219,4.5,4.099999904632568
149.67472826490632,387.0419479354651,4.510528821749887,4.096121123546139
149.6694159408371,387.0438828880975,4.521153469888317,4.092251218281295
149.6640554563646,387.04581270893544,4.531874438833328,4.088391576605427
149.72649208511126,386.9799110404187,4.5427084819092,4.084487613069718
149.7889299549052,386.9139523107902,4.553646180781394,4.0805916338666295
149.9877209671973,386.5082413003852,4.563827816639691,4.076486333791765
150.7317863138893,386.1704648308875,4.571849133515568,4.071970177214391
150.5911369701347,386.9209995092246,4.5810153799126425,4.067629246657303
150.92709151420368,386.5147979080427,4.58980191720485,4.063197698504849
151.6732663950243,386.040587953584,4.595702855735508,4.058185343676467
151.6703481662478,387.0647074943086,4.6015393132885505,4.053185754518398
151.667464316924,386.7947692052543,4.607307011936137,4.0481564368635965
151.66373294607357,386.32028158241224,4.614769753636986,4.043483974272048
151.86390964971852,386.79949156032546,4.623245038405447,4.038997633248433
152.33751367455963,386.32469455589705,4.630386730017014,4.034241900811429
151.9926898414517,386.8724455905028,4.638183993912776,4.02970047531205
153.01192673611794,386.3290836411692,4.6459802986164105,4.025080323826786
153.07581146813538,386.80896175741196,4.654675422294893,4.020576205334671
153.7547082788108,386.2652237149616,4.662150489722503,4.015837339212735
153.74976172594972,386.60871792192336,4.672043595444637,4.011681112989255
153.74531203507476,385.9959007767792,4.6809429771945315,4.007441280763083
153.80886550980475,386.33985987568934,4.690558166088884,4.003133774714105
153.94033933768412,386.68387845027604,4.701213496559065,3.999104091113027
154.3465912187409,386.0700962600737,4.7101175048470045,3.9945568159154803
153.86296550020734,386.1406498115852,4.718609427519503,3.9904153578059813
154.47573569165576,386.1430338712939,4.726339835316843,3.9856472383886965
155.0205334811775,386.6925562262929,4.733325271638688,3.983183543756024
155.83972522929912,385.1862944415562,4.740630362083081,3.97861137096879
155.76710197178318,385.7369321455766,4.748697142237142,3.9747738419506162
155.90049283792897,385.1899005883518,4.75639995181131,3.970898788937162
155.62191607419066,385.19134654557416,4.7643593453942,3.96800687449241
155.4111217223518,385.19277097465454,4.773824417898637,3.9651580163316833
156.09381515999502,385.1941432035827,4.7831814206945475,3.962413558475296
156.36470122865654,385.2645947508922,4.7917060463984935,3.959084654613048
156.84263890636853,385.33480548562153,4.79939251878459,3.956314874841506
156.3572097687824,385.5426463596013,4.806173961083924,3.9538089123989586
156.9731346992053,385.54460315526023,4.8144262502721515,3.949895321081097
156.55514732532504,385.54612793389737,4.823283972266423,3.94684576380677
157.5165602737739,385.4794472840345,4.831614679224232,3.942267306114165
157.58097087434382,385.412519859827,4.840787279195336,3.938128353418281
156.954954408778,385.27533595217267,4.850209855318729,3.9363605342805967
157.2960133136917,385.1379711571969,4.859011864970777,3.9347221964404677
157.84511762187012,384.7236036045441,4.867144277025252,3.9337015304376126
157.56545288849003,385.2774347737742,4.872869860632926,3.9332469582824925
157.56172860459358,384.9306307814879,4.88031842842584,3.9344474206872753
157.76788080547115,385.06822809406844,4.883859833848661,3.9364833336448006
158.32014014891396,384.5831712173843,4.8889618703243665,3.9356789540719683
158.9415218525831,384.8604543825321,4.895109202884231,3.936184063731076
158.45315764406675,384.9308690477942,4.899745047696714,3.934225100666893
159.07493211169046,384.93212075348623,4.9063838900348555,3.9317216892828855
158.79410920244788,384.93253117187385,4.912145633611241,3.930900852507698
158.51231808178056,384.7941324024192,4.919543569487909,3.929606238687985
159.55393938960657,384.4473229114136,4.923378788416024,3.9275326091724825
158.64787843664632,384.10040409461703,4.926372677651467,3.925551774809779
159.06357638502496,383.61380115313835,4.9300415415396195,3.9245154370141355
159.6907265546563,383.67977868497536,4.928693135803695,3.9317772548431202
159.68686210156793,383.68065041352304,4.9364220419804345,3.9300337977477415
159.54429424334904,383.6126911073806,4.942749394801066,3.9265482282240747
159.40170358191142,383.54468480337414,4.949041529129284,3.9231162419635015
160.30508535247967,383.47626080224916,4.955586846094164,3.9204789474364854
160.65109845176534,383.19806467946,4.961274343295355,3.9187002363967425
160.1603800130038,383.0558899425817,4.965504535587179,3.92384780008731
160.7165602355555,382.56700208461797,4.971138612230632,3.9233783094861803
160.6468888079268,382.7767477800047,4.970653507635793,3.9233707982692922
161.06694932324436,382.9850743661289,4.969454939836711,3.926178857438914
161.48709324605144,383.19350151546047,4.968253039651205,3.9288675314901247
162.11445469187277,381.5853920646681,4.972386315613271,3.9280095603073115
161.83368522538373,381.86440400402427,4.974236164388633,3.9296747657976137
161.83326831588522,381.795286869584,4.975069983385636,3.9279313983821047
162.04233699314642,381.5167736205053,4.976818910908675,3.9251095204789896
162.53324564793806,381.1663310989528,4.974602900574787,3.9262793498344477
162.04395667813444,380.81556401052916,4.973684042911393,3.9281729572027095
162.60493176139084,380.95390292043584,4.971292239981037,3.93138472828502
162.32601383494782,380.8817574794179,4.969286816925931,3.9357152913355673
163.3061971400273,380.7395655002743,4.96891890505547,3.9400994355814696
163.37775394986076,380.315653962135,4.965870716028906,3.947529928017937
163.58956099383929,379.82139984447645,4.9626745398270895,3.955063035906207
163.0302893817874,380.37854039466504,4.959517606316771,3.9624820931430924
163.79919975299453,378.76665757541815,4.964825617917617,3.9597057914235343
163.51507410137492,379.0477224399487,4.971793768464628,3.9588592150546185
163.5815571596201,378.418097278453,4.979241514278911,3.9543847773044796
163.85889623326815,378.3496153217059,4.986384964785918,3.9508932913478203
164.48763982521064,377.85924880003535,4.9934713222262985,3.948069135880467
165.11780154355964,378.4226157860997,4.998285603546046,3.9459020242119576
165.04554003057254,377.8620781302058,5.0021992416998975,3.9421022334368843
165.04292586755327,378.3560001030935,5.007427567738412,3.9385114272650448
165.2561144088352,376.80671945043275,5.002938341921796,3.9432284497738235
165.61001083875982,377.29606297013277,4.998331477202605,3.949001803555952
164.9788989267039,376.8022174292609,4.99461146602162,3.952069902294207
165.40267429978059,377.2215224422282,4.990980350660143,3.95737950715143
165.96517645729762,376.0930460429651,4.991446755371457,3.9633908661869426
165.47315844803367,376.019463954294,4.989962996672312,3.9697665039253494
166.38619186957442,375.6651521500082,4.995196362683739,3.974043878230412
166.80798465807027,376.08386261891286,4.997723803841813,3.9827359585709594
166.2430325015323,375.444780236846,4.9980396035245045,3.9901136451372476
166.95043264204855,375.0174074670264,4.996469811067403,3.996920891631192
166.80903681519638,374.2396646190849,4.996442774832345,3.9969037928472955
166.9523908721136,374.306931772062,4.992551967416714,4.003778140102562
167.02419164001543,374.80025124784754,4.990410833117844,4.007361999064828
167.5859491593302,374.7318643213221,4.998780829463179,4.002650222743954
167.01781475907745,374.73341937752764,5.002748393237297,3.999540110332841
167.51048467286083,374.6649872634381,5.0082451215548955,3.9948562590999193
167.65001146649996,374.0277249918648,5.012304343537654,3.9953731605721754
168.28631809742518,372.89161967785367,5.014334168873342,4.001551633596764
168.85183284257587,373.6677630040765,5.017371253923677,4.008606522259664
168.35618050064377,373.0251608418235,5.015241007104701,4.016537364458669
168.92642828759426,372.5240940000868,5.0108668373613074,4.024564819294097
168.43190824091636,373.01726635079086,5.005359761573858,4.032767287029327
169.63805103743226,370.95732826368476,5.009225267419995,4.030973939626118
169.6380202208525,371.59439574258863,5.009286900579546,4.036250250266314
169.63775594266625,371.1654163079279,5.009815456952022,4.040749856270655
170.2080549243015,370.5950428447332,5.0078110037284835,4.0429032726130725
171.06243231601857,370.45331079065403,5.00699569358717,4.041710801889239
170.9919138670081,370.2379249683314,5.005736124388327,4.045593044875093
170.921772177085,369.7374588555547,5.003679520038166,4.050145381054077
170.71004003357172,369.73483060566696,4.9999975187250705,4.0554018808295185
170.71173048342783,369.2344151666206,4.9966166190128725,4.0593584250519745
170.85599286105753,368.8046048374727,4.992937268272902,4.064442869789299
171.07141073560854,369.37205707709353,4.989446772636292,4.06912573312217
171.6399976619582,368.5140590016469,4.9920369840541134,4.075475787839803
171.28328281836002,368.0112247972063,4.992401757763145,4.082853317838756
171.99517385769693,366.86775906337533,4.995998138083893,4.085979251109405
171.8511406153007,367.86577898022364,4.998377310065667,4.089750607087656
171.77997699068115,367.576435863101,4.997763373386117,4.09667209765841
171.7791202647508,366.6461352858778,4.999476825246846,4.097706489232134
171.77888099772858,366.930873147438,4.999955359291267,4.100577398977699
172.13841113210987,367.07258176870323,4.996597107818367,4.103440963363181
173.1385200694078,364.85612182896,5.000269500194873,4.099175251696572
173.17430404553588,365.73050339597717,4.995528353824926,4.103426438173778
173.74666202104385,365.0840562198961,4.99575917591555,4.108255670590854
173.3149538123892,364.4386451006242,4.999976193479329,4.11027880951642
173.9573069889591,364.5091629710951,5.004946832096089,4.112540512103179
173.9572377885226,364.43648047633565,5.005085232969086,4.114495070587303
174.24327300519218,364.3671050324227,5.006791321128698,4.109801828038452
174.67128665325373,363.9380467652063,5.011131381190068,4.107551006286792
174.4555365217766,363.5774941830333,5.012356837251402,4.111531492477877
175.2473549708199,362.49925026940696,5.007308968633074,4.115397915910048
175.4644950187341,361.8538818993106,5.003507626779484,4.114698394178347
175.96945126032264,361.9947314289055,4.997557174268397,4.119845629464592
175.54130975303994,361.34689810636024,4.993351864272995,4.124779787713952
175.042753413085,360.841724362874,4.9864569131901915,4.131119643693654
176.26056086849593,361.2705742253431,4.989081306725368,4.133974967352104
176.40250879108413,360.69578756033656,4.992210094639646,4.13544976500254
176.90419721821033,360.8369341787168,4.993923216885061,4.140325092955723
176.47195067034775,360.12026961919514,4.996280400370251,4.136761024932475
177.11762985307377,359.1870359100784,4.997934962815075,4.135543102870599
176.68458351826402,359.1898897858926,5.00198411401071,4.129835351242235
176.2523096544109,359.26422103672763,5.004667130177424,4.1248169681621265
176.82545614277825,359.3387482442334,5.007209245080151,4.119366939605188
176.53709674154203,359.48325881152783,5.00970609354693,4.11745678201922
176.60865410831767,359.0527443689371,5.010154404711021,4.11710739890822
177.25433938283663,358.40707872457176,5.010862528579558,4.116360014732503
177.61299994500953,358.83943902912034,5.011356985049589,4.113018102614386
178.12514016439408,357.26262994479197,5.008529668478457,4.116343853653122
178.91344475969984,355.3275635960566,5.010717183312887,4.111248274120165
178.91108115256114,355.40231494273183,5.015444397590294,4.105223883548665
178.6950932554048,355.4056519826077,5.0170592558348455,4.098549803796892
178.47870940775672,355.04961643202535,5.019715164263311,4.093767926848757
179.33737997610325,354.62184044629515,5.022383301983194,4.089315261102599
179.4093555486604,354.69263444046084,5.021735260311271,4.091030376213606
179.481398515752,354.8343503064247,5.02097020860916,4.094240409248082
179.5544406125792,354.9750342742773,5.018247047958945,4.099594539551261
179.1229748202956,353.32572417538347,5.020744183990184,4.099882684617852
179.98327706534178,353.53993552411214,5.021525074639569,4.10180633234585
179.9840524081454,354.03924982230546,5.019974389032294,4.107620907505651
180.19979790134005,353.10339900540254,5.0191694888259795,4.113016167852156
180.84688212303286,353.60496892720494,5.01773262069834,4.115334216114706
180.34557731548793,353.31460074069935,5.014776827742941,4.121461784528619
181.06482012204324,352.2350413437377,5.013348515378697,4.124994627332346
181.2082959694358,351.1549371880057,5.0138784571372685,4.129090664718861
181.64100203276584,351.6556991266899,5.011357035497667,4.134272609874427
181.13814621119656,351.8682475966064,5.010048753297932,4.140755638043465
181.70998168263407,351.2221045740303,5.017933854819691,4.137541133249307
181.27602447707528,350.7889168594937,5.021764500487878,4.1398327968731365
181.91835006317015,350.35709433082263,5.0341024585295635,4.138818434061097
181.84207365284075,349.4155270456993,5.042371943250514,4.14626963711582
181.9893802285625,350.6421906368181,5.036820564264058,4.1499675207635685
182.13692641340714,350.1330499316702,5.030738595265088,4.156712528643593
182.2844633631358,349.62387444599364,5.02470569399003,4.163420006358633
182.3592064275099,349.54786921510606,5.019755441537724,4.170894591837813
182.4999894536716,348.3201381064046,5.0273498478236744,4.168492911061073
181.77556299500924,348.60696891445957,5.029618428484256,4.173465029616832
182.27998431703486,347.59594624244073,5.034190828255959,4.168680286008629
183.21729680003494,347.09082842295027,5.041534007163391,4.165548462346993
183.35962885646825,346.5842683279078,5.046528433781357,4.164863764235792
183.50176321168095,347.020897912989,5.052049884904507,4.16097507871902
182.92036471439573,346.3705352903314,5.0555088420922045,4.1574450319786385
183.5704252715122,346.73313647382,5.059608858241596,4.156809959658254
183.2789141308401,347.24074970919906,5.062766074002568,4.156347353670775
184.22710944270042,345.4533830010571,5.063492119079008,4.152040040239936
185.38439208293227,344.65719055134133,5.068109702490214,4.1499867207575
185.81908569103652,344.6553008240786,5.0686429923298,4.15376617528295
185.2414974724408,344.7264665441274,5.063371235833109,4.156490759396479
185.67865596273478,344.72545532624366,5.059168110354723,4.158513195163904
185.10175523886377,344.7266899978886,5.0530735684822865,4.156043851873976
185.61114468214154,344.43628885001493,5.048268255723868,4.157432676880128
185.10461765343237,343.64122900944017,5.047709211595424,4.154731769884773
185.75603767853622,343.6418425647286,5.047616059700829,4.153504659307812
185.5383505080622,343.21037380579304,5.048805184891468,4.148071745664182
185.5381744017949,342.7073246259961,5.049157397426092,4.141557470245721
185.68348734730486,343.21592470220224,5.047649762674492,4.136271214772644
186.1855023002037,341.34024815599383,5.054773580504094,4.13191047657375
186.97820012787633,342.64311067315475,5.0587632959463145,4.126997867176844
187.19358404736332,342.57412684423934,5.06140990993345,4.120494040687424
187.6261246079406,342.57696679084125,5.062770692619778,4.114814147483517
187.04875231722247,341.8565396559475,5.062827108409438,4.112308210212853
188.0547287127364,340.70407069290536,5.0710232023031105,4.108504553529662
187.90562962668182,340.4150681836593,5.080500005184812,4.109066833566878
187.756383970477,340.1257055588921,5.089960718150638,4.109730884213574
187.7524153100424,339.4752718469122,5.0978980390197925,4.108556706879691
188.185288831515,339.03845079457375,5.100795619874521,4.113554187756706
188.76555601648985,338.5285622562751,5.099457276731512,4.119034740898122
188.2590422830418,339.03271088420144,5.097710857872942,4.125511370800099
189.20347462433608,338.01734830485356,5.094440622458857,4.125596355615652
189.34836495130494,337.65542050172144,5.09465374419559,4.124467522693905
189.49406224638258,338.162767260541,5.093222935765941,4.124647241094572
188.40407203696967,337.4401058158574,5.098760918836516,4.120341839958233
189.63656285092418,337.731567466632,5.098408159077198,4.117331213267786
188.9120936583165,337.7327877640401,5.098106412224507,4.114890618451622
189.49298710625877,338.1640740154557,5.095358447846066,4.12159731424998
189.20489649524035,337.7954257364383,5.091754650611888,4.1341625981959345
190.00430531608805,338.15280276210945,5.088973758026124,4.144879796448834
189.4228515022783,336.6293291775119,5.0900823527616135,4.1421045043234175
189.6381874353684,335.8323143703037,5.0950015723681545,4.138966804188419
189.99979335096268,335.9054091585628,5.09789897325128,4.1379990740845125
190.89002285352356,335.26742193059255,5.091679930104316,4.144479638253051
191.47452053570558,336.20821016829115,5.08476447009013,4.151283007424381
191.18736354651418,336.06032472467564,5.078023541944353,4.156526441391093
190.75518901782553,335.9846759660268,5.070903446975941,4.1625790999644305
191.48499820664594,335.47304956719734,5.063616797220315,4.169199688103781
191.05300851596718,335.2518480229588,5.056228042675603,4.1759187086296015
191.86130461172473,333.9946148557661,5.049525224001582,4.182199755668638
192.00911598394785,333.26649705065824,5.04434448406656,4.186225343328104
191.43107132672534,333.26588212554987,5.038784341683022,4.187455193544877
192.0143545229167,333.26492377788134,5.033341100133867,4.189371888881947
192.30685181331148,332.75596526314223,5.028696377145195,4.1916766672084815
192.58086210643236,332.5308686360897,5.022005756204692,4.200483033072839
193.37597435960518,332.31287216725855,5.027792345141676,4.201200217476206
193.66572650015402,332.60196913821494,5.029058692816045,4.203776904335373
194.174332384395,332.01829924745414,5.02862282521062,4.2090870848552315
193.58268105973224,331.451977493653,5.035719077555498,4.205933979227208
193.78628343776458,331.18495419369276,5.041329842473545,4.202795630003632
194.2190597807653,330.46031745628176,5.048338981919563,4.197799395746388
193.78139486367678,329.2249389872623,5.050942529140344,4.1958318540757835
194.31513076370032,330.16487445432716,5.057504767706848,4.1907034834052626
194.38567104773603,329.2943888543443,5.061905261031192,4.185901946622259
194.81919556670783,329.2970920239744,5.0676841507267225,4.1804956073619985
194.81492936104945,329.16469643349086,5.071952227704451,4.174700349746775
195.01507358105914,328.883822887395,5.076461709755946,4.168999052191285
195.0869527259365,327.8676111169942,5.078125787935652,4.165509441910598
195.73833983923635,327.57786161422837,5.08387582376117,4.1634421085866915
196.38956840553416,327.1424810169551,5.090438061017493,4.161523723231884
196.38843960006022,327.1437702955805,5.092695671965396,4.158945165981071
196.45999530447958,327.2182966357347,5.095093761090791,4.155401983636776
196.4547934184644,326.8764805694113,5.090517541338948,4.158452178689128
196.96594266147162,326.73101650948763,5.086495401661196,4.1584441995830375
196.89186319825686,326.3700185003387,5.089248233902842,4.153409746941503
197.16841045952822,325.81310863703294,5.092162626667269,4.149175884112223
197.45576350688657,324.79766373954743,5.098829941103098,4.1452587470494215
197.88784378708556,324.5080871873618,5.106964010421313,4.142882098276458
198.3203721761061,324.2183295172575,5.114720823429767,4.140521711118832
197.95266139414812,324.2204006054935,5.122393117822644,4.136379534646695
197.80450231749847,324.1496878901249,5.127510085672513,4.132204372659326
198.52881995146143,324.0052994115533,5.13499007656118,4.1297582780395325
198.5300219296508,324.0036846232556,5.132586120182449,4.132987854634929
198.60293315709208,323.4897230902199,5.132465778571471,4.140996127805004
199.1152377959689,322.5393524112569,5.1286661798178095,4.145948081873929
198.8258790268809,322.0981964890169,5.123976519264699,4.153149128260253
199.41183262308107,322.6055351161003,5.119240050551514,4.159746257319609
199.19503233902617,321.8745846961573,5.1150496289492535,4.162343798165405
199.19690717799295,321.8722780030134,5.111299951015639,4.1669571844531985
199.1987448595972,321.8700035011286,5.107624587807129,4.171506188222648
199.2736853936209,321.7932041205421,5.103685540292251,4.1791629288633185
199.78580850315117,321.6445530148844,5.101475878828442,4.184454695151026
200.8089047585688,320.4012178638455,5.10007789486799,4.188160214595155
200.86869041386805,319.7852647540443,5.097725795253081,4.193604194257675
201.30261893989325,319.6415526733641,5.1067499570581445,4.18873461766628
201.08066019993802,319.569482340354,5.11204642083438,4.186668278308355
200.933533422694,319.93496424143206,5.113789857732074,4.186979770127995
201.73633210168143,318.6203409234655,5.117348377357039,4.1830622427160105
202.024972982101,317.745712148562,5.1251797710952225,4.176980328790982
201.28984679068034,318.18620532775503,5.132428907932169,4.173795918007519
201.65188379766994,318.4090005296754,5.14015592125399,4.167286130547362
202.2337503441489,318.1925118981681,5.147411437449173,4.161142665129602
202.0102387226297,317.6833018623857,5.155278019193404,4.154863860341379
202.084444152641,317.5335809931587,5.153271802105909,4.161496312925257
202.0808870707538,317.0971621054377,5.1603859658803,4.155446621001302
202.59130819458784,317.9786071140703,5.164991005467677,4.150466239031107
203.68805432523325,317.3941463488158,5.168735547235238,4.147528141242233
203.68475187979976,317.32105784219095,5.175340438102237,4.147212860984888
204.04898118488512,317.0281916960924,5.179824290004846,4.146591183523405
203.60675496920413,315.85772984702953,5.184393629635756,4.141159970366274
203.97196304963822,315.49279921566085,5.187123459105951,4.137875242765198
204.0431168143101,315.3494135003913,5.191433714620065,4.131411103588536
203.96614817980242,315.3511716387748,5.198791978304322,4.12789482682148
204.109798209467,314.9882643688708,5.204761335288713,4.120535825845792
204.54523371257298,314.4026535895947,5.21353061433576,4.118903670719227
205.20190015824022,314.6237339132456,5.220628327189186,4.116886558146675
205.05170675611163,313.96408802140286,5.2274342768968225,4.115064496359235
205.04952468840835,314.25800834180194,5.231798412303372,4.114683916219523
205.70775985405237,313.59664286760494,5.2376587314583,4.115084214170554
206.36644554124868,312.9348122427211,5.243483720701231,4.1155491003027045
206.29219964672404,312.8596096547236,5.244857001500598,4.118835768047653
206.290150722943,312.63679045477215,5.248954849062698,4.122895362676062
206.43763208562487,311.4541831660181,5.24863535022484,4.130964127976816
206.51105232432514,311.8178319204944,5.249242699482609,4.140905752315644
207.10355718645968,311.00486406362745,5.245181863507936,4.143036744644875
206.7362601168008,311.0758131458982,5.241820795037476,4.148729621660977
207.32809095989668,311.2205703147312,5.239215108273269,4.154479283851912
207.18322385213398,311.43786161784936,5.233578493794651,4.162952922621599
207.33176154916038,310.6949050572751,5.231976197581459,4.171500554572031
207.40655346978545,310.7649902717703,5.230242993780356,4.179180763030839
207.99503654460398,310.3930455446044,5.236865684999615,4.183327191827445
207.69695048250276,310.9824403046823,5.240568322650918,4.1894766447737295
208.73382211717376,310.38930208938604,5.242658844340395,4.1895623376340305
209.3289150558936,310.2390835044837,5.23893124582054,4.193384937708734
209.3272630208518,309.64484310416054,5.242235315904137,4.195368976200053
209.3255936418377,309.0502878107181,5.245574073932291,4.197320173486142
210.36331431105938,309.5673455412712,5.2488212561291085,4.202548972699984
210.21437509952634,309.04397696509415,5.249475072807504,4.20900000269719
210.13730063600633,309.2669993229081,5.25489711610652,4.209135938292305
210.3165086289123,307.9803187701854,5.259112867437153,4.206379257125021
210.5845516155116,307.6916678821313,5.2575708848779446,4.212170839694332
210.5818886629771,306.35523447283623,5.262896789946959,4.204793715678394
210.50524489172795,306.9535412157991,5.267319807521851,4.199096429140054
210.50268725728827,306.58440962195226,5.272435076401222,4.193159894786122
211.1757578391079,306.6559229120835,5.265692333378191,4.198955361258814
210.881474724377,306.50400348029086,5.259007722903946,4.205168804876193
210.58715942683335,306.3521199453648,5.252394413547065,4.211313922506207
211.33496390946812,307.0183920826892,5.24487704466381,4.218052084605035
211.11279719107762,305.8998941512606,5.242801446790924,4.223002774192645
210.96547774297377,305.8967338329324,5.239737642552461,4.229323410849006
211.04112825525388,305.59782072519926,5.237343297933724,4.23152290654956
211.26560417672664,304.9994662018621,5.23510806107998,4.236987670312489
211.6366792843074,304.9983261095931,5.237756231751033,4.23926785485047
212.00794508596076,304.9971937456725,5.240410849083556,4.2415325826916135
212.0078975396155,304.39647314938827,5.240505941774078,4.250056496098207
212.00517808300444,302.6781335729248,5.245944854996176,4.2538921891546995
212.00409710534944,303.4986007851733,5.248106810306209,4.256354022615808
212.07886096834557,303.12154598813083,5.248051782493787,4.2631001258015635
212.67749989460683,303.26676276757865,5.24742192400477,4.2718285654142125
213.42565330543144,303.5656285806559,5.248240164903807,4.2729469642789795
213.50353703914325,302.66330359737174,5.242215863338531,4.2806789405473396
213.5814819171546,302.73393236107074,5.236101715724868,4.289197021558369
213.6603823453116,302.50581321911244,5.2281201515637985,4.295977429016125
213.81125044500587,301.82798222558733,5.225996138255645,4.3033845787048035
214.33585824458905,301.5244649283165,5.226031874296536,4.310846981699444
213.81336531227785,301.4450890932676,5.220919124276712,4.31958456399112
214.4862873862022,300.84172877393434,5.225762888172286,4.325693725551729
214.25684918922158,301.21631029414675,5.233890528606771,4.327778607671451
213.95273962980892,301.0650868061121,5.240476284348071,4.329408902198755
214.0235881279156,301.06635662255405,5.2493153064961104,4.326869269314853
213.94379566526294,300.6882813514805,5.258269191507649,4.329864609993168
213.94055748923336,299.93305416009287,5.264745543566788,4.332147306694083
214.0158443347297,299.9284249222275,5.265125518037599,4.34140578242472
214.0911374623896,299.9993457155428,5.265648275294831,4.350673208371263
214.16506669052018,298.63974883466614,5.269056481202318,4.3470670510901215
214.6172891281614,298.41163140490266,5.27217700938751,4.349519208883327
215.06977211295694,298.1833788743562,5.275302086845166,4.351978746451776
214.8416124502035,298.7856032049367,5.277312499623003,4.359020519234717
215.82545391379492,297.4175954248815,5.280181498134545,4.366579566845294
215.82490452044823,297.1100542957353,5.2812802848279246,4.374673504048631
215.97529270320607,297.7137023022366,5.284293136546969,4.382534359984861
215.28691696895578,296.80190867542115,5.292434187978285,4.381307724190194
215.6639850407198,296.9524474153289,5.299164902140674,4.384576987450867
216.19336564953218,297.0287537759779,5.306711865595606,4.38429400630694
215.95990150423805,296.8787871576849,5.316316147434965,4.379344570393803
216.03177768825216,295.128319669727,5.32507300292382,4.372567405416547
216.02669367130488,296.3505843795286,5.335241036818372,4.368589524700374
216.86611338712763,296.42396816169685,5.335293738859185,4.374448517971751
215.94641059965832,295.432023945206,5.34203480350635,4.372950398137605
216.01971420366536,294.9763463965262,5.348229079334631,4.3674965924429
216.55198432487933,295.05374880486556,5.3533487002916855,4.3655003276762185
217.08451654139026,295.13083595203625,5.358268990330649,4.364180993772204
218.00075440502107,295.20497322592786,5.360704078813846,4.368815680634414
217.69516832544855,294.5883912504992,5.3597898366299255,4.3778068288337195
218.00293843442174,295.1189328541341,5.3568612936607325,4.388794052774096
218.2346067054718,294.27017261381246,5.353381181690014,4.40017428960965
218.6193392760403,294.3414226273905,5.350995095435614,4.411090073430032
218.31218998702857,294.5688272054096,5.351072148262305,4.416947061289374
218.85053648580922,294.79582390443494,5.349937022614787,4.423907036916059
218.69523123632257,293.86867816743245,5.353055530211826,4.433246562663424
218.77274191834843,292.78814369214115,5.3519788839474085,4.43908946422346
218.8497939280439,292.7082147396008,5.351897276876578,4.444924956983964
218.92985265979675,292.93474767566966,5.345895102673473,4.4542049527541145
218.93106673296367,291.77534961286767,5.343466956339627,4.460413713016691
219.31115941342162,291.699615330307,5.3544574495820125,4.457647107306407
219.69128274746382,292.3959136644116,5.366010256039599,4.454289493272747
219.14458480869217,292.3200391637002,5.378020396083339,4.4515548179099085
219.5251962374268,292.2440927496831,5.389919892394192,4.448823175188089
219.36664586034996,291.85516382454307,5.397493579216157,4.452863357138758
220.05998671849733,290.61728157418366,5.405319611595357,4.449502971326047
220.5981375310461,291.23865201667445,5.414098206651755,4.446853766520484
220.59673985853422,290.6962431256677,5.416893551675502,4.445945598093992
220.59526021677482,291.23926817616,5.4198528351942965,4.445819692574599
221.13836105604037,290.54331763331925,5.419879680597957,4.4411412474828245
221.5294028545769,289.9183554073696,5.413297703247228,4.4502631078264425
220.83257646863527,288.599574134867,5.410632294934744,4.450335756906331
221.47854062711787,289.46684986424157,5.406489114556359,4.452803622712243
220.85837343056372,289.0019219619909,5.406161487703341,4.452162912242701
221.55488872331682,288.8476603025534,5.408737194566454,4.4505514994800635
221.00970463163034,288.3071791256683,5.41353859570585,4.445947071016633
221.62540612908282,287.91698996436355,5.42277923039349,4.450923125130891
221.23418497195686,287.60255900043893,5.4287067584526305,4.458573224025981
222.24157316473412,287.67900572363425,5.43566052504573,4.461197481646647
222.4714708873173,287.6022609973669,5.442866212180764,4.459019890080849
221.92587831871595,287.5232127807538,5.443852692434474,4.46137365802861
222.70208983696293,287.36398034622675,5.449388331797669,4.468246791911308
223.01505930362708,287.2798943488291,5.447417573365154,4.480426742982643
223.33085028072827,287.43093381470214,5.440469570969068,4.490664787139707
222.7082653328906,287.2689262992607,5.435904279284365,4.502246021182594
222.39500513063194,286.56051752978317,5.43709051309074,4.512061676038103
223.47998930894542,286.0355924496718,5.436458673992933,4.520824445039394
223.64045594532223,285.7122520772704,5.434817251727695,4.528233509640671
222.77111639787532,284.4613504917258,5.449400755053488,4.52226127481292
223.07828319418624,283.99100503572606,5.46252422203408,4.521766597408691
224.09354682272783,283.5983536578705,5.473755355659646,4.521777664385722
224.16717696835514,283.7574753973775,5.4837264542637065,4.51799696508912
224.24112775158017,283.1297904872834,5.493148678527161,4.514776459569075
224.47315817434037,283.1326242070674,5.501338020921199,4.509109020001042
223.8407456884021,283.05674744980286,5.506554067294381,4.503411418842199
223.99406211463844,282.82412439979055,5.514799684799133,4.4963398139007476
224.22595494576115,282.03929527617095,5.523368972842113,4.491481560178729
225.4072462983747,281.48723974979987,5.523357498520751,4.493059371831578
224.93771012111338,281.72204053554424,5.51724929380649,4.496048079961238
225.49151507338408,282.1911017348697,5.512031419735662,4.502833135999379
224.862252314172,281.00949698810666,5.510444263026177,4.5033313636497825
226.04214146480638,280.9296246400283,5.5131320874915835,4.505578318090943
225.7449605906029,280.65529888534456,5.513371024306383,4.503761400126548
225.90749087391066,280.31780293545535,5.519721815225726,4.498433403277931
226.06712383771426,279.9987201140651,5.525953859589828,4.493223059104377
226.21976568469418,279.62988799967184,5.5313677570692334,4.491311226772433
226.38831689554794,279.2595913267264,5.526723090097938,4.491028026727243
226.570924255173,278.9245890005107,5.51921115228224,4.498540404206958
226.71790349188126,278.59829503033666,5.518311673462169,4.502984781033715
226.86907452477337,278.2860560935898,5.527562875037359,4.496584074411839
227.00396635139657,277.96838761875154,5.536446698569469,4.49018028696594
227.16293746638425,277.60051249867314,5.54532232835292,4.485752014924112
228.18451540681798,276.65580723089096,5.552906094898226,4.4821721067228655
228.34124984657132,276.4949020033559,5.555052561195311,4.488367215989225
227.70764900705848,276.4138705330526,5.558726864241016,4.492489234598326
228.25909019908235,275.6196799285299,5.562292895648049,4.500229850136955
227.62642670382573,275.7764552383586,5.561667021922733,4.503167446539093
228.25994309892786,274.9000018408603,5.560890582794935,4.514971758805688
227.94203580006211,274.73738597419424,5.562860656572195,4.523281230160655
228.57604614573623,275.44673255457207,5.5638464900048925,4.532220409783733
228.6561234528367,274.4108139509111,5.562477414680562,4.539845611708815
228.89312780029218,274.1669617954965,5.565132102524177,4.550886539783674
229.1303639914104,273.92280565000596,5.567980953864834,4.561877597187487
229.6053157073573,273.8398123370203,5.574048545143164,4.568535719296703
229.44124487819852,272.64290984812493,5.583131429666411,4.5693998936302425
229.43593882782127,272.5641520790278,5.593743530420934,4.567232427470442
229.43164770766614,272.56527284322004,5.602325770731173,4.564990899085997
229.42702549741244,272.3243307492976,5.611570191238572,4.567154837785459
229.34102994319596,271.28292917233716,5.623477511114919,4.568868740470556
229.41847033313417,271.7618049772329,5.628891171858157,4.572883774397157
229.9767644290152,270.47282793477365,5.635400848024918,4.583757018335468
231.33750250787202,270.71597616438413,5.646138170842463,4.579615879208325
231.17733992046655,271.19409506400046,5.644830586267449,4.588276358133445
231.03094899641908,269.89618020837673,5.6397394116053015,4.600996616291535
231.17882761426614,269.52810092101305,5.651387294838349,4.594989461178983
231.33031068316885,269.14806374691796,5.662893998385868,4.589104745011642
230.92479888186185,268.5874768723691,5.667781335498201,4.581687722407051
231.66193787103668,268.3730636353919,5.676484603787555,4.573184388788712
231.85491705525465,267.97535875398916,5.673487299501193,4.579394587528692
231.76961050936382,266.8514550358601,5.682867673896252,4.569943980373874
231.84592338430664,266.85476753312236,5.69146554278215,4.563318985849323
231.92353900341675,266.85717768149794,5.697482479479084,4.558498689098205
232.24396604473176,266.7758009241647,5.701677697681581,4.559989878556666
232.60046387166489,265.97155003223696,5.698272670958459,4.569581648660568
232.84081577548434,265.4060987267721,5.70193108577414,4.5703057405294825
232.43686427294682,264.1930036662304,5.702224483325483,4.57366703904175
233.07812034438362,263.9510809877156,5.712359489098119,4.572769715329054
232.83084221938296,263.70853647648414,5.721750363083036,4.5726933617756105
232.90621297495017,263.38102005118867,5.73287340512384,4.5802679996656614
232.98170746627886,263.05287692187346,5.744042324759916,4.587922649122377
233.55320429958235,263.61579230518663,5.738221417068596,4.599264641411607
234.12348265036607,262.2308968881562,5.7354996390811745,4.605742089635081
233.55586521001854,261.90107221278487,5.732457104492778,4.614947203072912
234.12740863229072,261.5730937202454,5.728364737014629,4.620050201256882
234.13017516884938,261.97431002386617,5.72283166389729,4.631284266026008
234.54173190463536,263.3517465063565,5.713869518428627,4.644525809796593
234.64505255588492,260.6740627720672,5.705308599712457,4.659177450595463
235.2953524422092,259.12714432263346,5.708806947837259,4.655781312626181
234.80596829702222,259.61384622876784,5.7095084911775436,4.66044424739121
234.5636740536273,258.9569627370604,5.704805088766727,4.669432859604263
235.21978393155055,258.8689585784614,5.697947643267864,4.682270888008811
235.22436291820517,259.1883190153402,5.688789669958611,4.6966390492423535
234.98362664164543,257.4678515540836,5.680172109575134,4.7069431772347965
234.74208596986577,256.89304833014864,5.673062401421286,4.71277050444077
234.50053732299662,256.8084906939992,5.66601505626138,4.718504230440254
235.31916214397907,256.7234874204558,5.662420057709631,4.725145313185714
235.2383654982248,255.7395925422453,5.660596205195221,4.731929341331332
235.15642036111535,255.65529831503963,5.660988097389016,4.737019413717543
235.48351402779875,255.24371110896706,5.661146555504905,4.742261586509311
236.46808356816507,254.75102372814752,5.656087742361427,4.745596214353795
236.63437728224153,255.40506259613827,5.650798484741885,4.746711160505735
236.96513056295368,254.74998217559744,5.643633872226395,4.7481881037697455
236.30998032776213,255.2416773934562,5.645944091948861,4.745790356047669
236.91924019527738,253.17341282875776,5.6367412828423396,4.756209629930439
237.0409468573999,252.6988185990127,5.626530022210042,4.767093851179798
236.79335791400976,251.3130520782393,5.631090419684705,4.758461119994889
236.95561210056806,250.82785537771076,5.633523333678513,4.7480306597206985
236.6272660824009,251.3224436932526,5.636854191712846,4.73889579608697
237.27920069668488,250.181267514639,5.638941665861864,4.735823923559536
237.44131159808973,249.94059634182062,5.641174475397588,4.727484350678184
238.09048190112776,251.32829502086557,5.647853031157307,4.725252711489298
237.67924035204308,250.67648287793867,5.654364202072713,4.7233219137368
237.18615900560363,250.9221025531629,5.660945190170003,4.7218734156791635
237.75439651905515,251.08452944591076,5.667861892891784,4.723702981504787
237.1776324606429,249.04307699299284,5.6770458547021905,4.719664476576351
237.74648112837372,248.63980448116587,5.6842271170653165,4.708439073212614
237.1702774047173,247.99195784446846,5.692249481348734,4.69626368028807
237.90284527338767,247.5859527609113,5.697808730696486,4.691221077019946
237.73478911740804,245.87503562899445,5.707091698472866,4.681347226933986
237.48861832205753,247.18219283118768,5.709239380173698,4.6814003372152895
238.30508841137154,246.52604052780495,5.7106177437682595,4.68625011020272
237.97331742335,246.52564074868636,5.720034096953912,4.687049668439886
238.0566101865828,246.60089514288205,5.717137694759976,4.700230004320142
238.7111450327421,244.86769088132982,5.712065645409624,4.7158238365562335
237.4777237025457,243.23287383061702,5.7184392823838035,4.70483257342371
238.21356371059824,242.66301401425093,5.72232607503036,4.6968891326823545
237.96634659720775,242.08959743627557,5.725110267315042,4.696538874808291
237.7209683023796,242.57808065160907,5.724105346690241,4.703095464703515
237.72279823725157,241.83983723466847,5.720445476946266,4.70348359375807
237.55604184269473,241.35029491566058,5.726036382811224,4.698802582027543
238.4590317160903,240.69220854012917,5.723741133916029,4.703204789166064
238.54175441163426,240.69071079846515,5.722302873953862,4.7062002724941285
238.62451438461392,240.03360868231422,5.720816318279049,4.708137382519899
238.79087045362368,239.94842129439326,5.716187793610315,4.714470351686509
238.1379920689107,239.4539345335483,5.7093617468403535,4.719006761229419
238.46767153219338,238.22090253384906,5.706166942776274,4.724455301248102
238.4675023622484,237.23412729150803,5.706505282666255,4.729048389444107
238.6329092184346,237.3967830484279,5.704009777426889,4.732055082737487
238.7961792086229,237.23358455094296,5.705808173103673,4.73011370165398
238.05755025668913,236.66026225532136,5.705576051161847,4.727599383934353
238.3861596399414,236.17031756435506,5.704842956200096,4.722760258552818
238.79859556297868,235.59470800903028,5.700131354196023,4.725755027503725
238.22698224471395,236.00408900124398,5.695303167469699,4.727032202544727
238.72023151101644,236.08258015764574,5.692529186013237,4.734003981599318
238.39267940777492,235.42015115617482,5.691538115043624,4.746671429635711
238.96819383664172,233.4463021772128,5.6899988680993205,4.753262150567867
238.47829454808277,233.28048278850932,5.684025523490488,4.756310287399298
239.055411971022,232.78147947193807,5.6795573528413055,4.768802627488155
238.48378664127932,232.8581286367314,5.672114746769215,4.779889050123916
238.97958517602638,232.52740533181554,5.667208602026788,4.7835417101212245
238.57152736003025,232.03124258639338,5.661166258503718,4.7892776303471845
239.47386055582945,231.86622889324684,5.665237166175913,4.790443689500134
238.89989528911178,231.1229766979789,5.661581941138259,4.796337819142152
238.15779543507904,229.31488234237705,5.664825611686855,4.792411771971257
238.40570640497117,229.6435454498677,5.662616376747993,4.7932358301172515
238.98296504114677,229.31176908907878,5.659716221559182,4.798721627602362
238.40904602088588,228.65180734433622,5.6556327317464135,4.802163368133712
238.901937635012,228.8982505479917,5.6571647095032525,4.802934563827326
238.32444354435376,228.57137574769533,5.660032758646561,4.798329803178225
238.5745303603947,226.92344272298163,5.653535532876798,4.803019810524628
239.23435844314398,227.00777859429482,5.650150782120484,4.79888199474107
238.57887627274636,226.7585820235794,5.645794151454744,4.804029771874024
238.99355021971596,226.26071301920652,5.63859937998062,4.813184033661721
238.91652455613433,225.84564782210734,5.628184061813291,4.820981201207084
238.83668192750892,226.50119792621248,5.6234383308083356,4.825328899043298
238.2649372153539,224.9371820315282,5.6159354824109355,4.829238805348899
238.59598544740274,224.441498134728,5.611336040644253,4.834361065452837
239.00865544834363,223.9481806872592,5.607922846485676,4.834683791122563
238.35436226606723,224.35588276215836,5.60180719878491,4.8409683989827235
238.52078752007793,223.12406607742986,5.597644695702879,4.83944173139479
239.09307390939836,221.8909422156704,5.6028576545944295,4.841862874487101
238.59700674988036,222.0526060513891,5.608744332342552,4.847284416812336
239.00545783490972,222.2143756785563,5.614605531469719,4.852850510152203
238.26316349207738,220.89764083788094,5.616600224065448,4.850597537158231
238.58738406247923,220.81645212948487,5.627068581486801,4.848247579394127
238.99387361746128,220.73531277968797,5.638347397915421,4.8456746937094
238.16474042718173,219.74657427877293,5.64676686603418,4.843335400611053
238.3274431324909,219.2520540852703,5.651516026910062,4.841912073133546
238.7386161789652,218.6768019191253,5.654809085765622,4.836521592897726
238.1596517330865,219.08954386338206,5.65709312938068,4.836498310200197
238.3230102594859,217.84873195963186,5.660630158363318,4.84121650433918
238.65148317685768,217.68007068908065,5.664714352390091,4.8480240310564335
238.73228814857578,217.597023323514,5.66853440480173,4.848688766341885
238.14896604341473,216.8507671244702,5.676680655577833,4.8517037878704246
238.3165914557408,216.26886548283912,5.67277789264604,4.855788855111486
238.48012792763228,215.52538150457707,5.677063665041442,4.851642588832772
238.72715038642806,215.44216313842765,5.6800556438334056,4.852400355670426
238.06409802147627,214.86007111752974,5.680261404403428,4.856422799299352
238.39330393018489,215.35768179026147,5.685070334959804,4.856032575796234
238.63839328064577,214.0299913423505,5.692511294343167,4.8574419499909425
238.80430144425065,213.94726534475757,5.692716625020206,4.8568831162334165
238.0561031988717,214.03127951674531,5.6950679433323605,4.854859791418588
238.13643707441466,213.61485595865653,5.700409011547618,4.857662811090259
238.21902676753527,212.94881161913273,5.7013660026671,4.860660471252186
238.3017911915002,212.4477502494042,5.702036500487751,4.865587136206018
238.2996334084552,211.78616790473825,5.706352066577734,4.858440700433846
238.46266215725473,211.87245989387188,5.7127759188527305,4.852097397103637
238.46204287414548,211.70482475794276,5.714014485071225,4.854891915661621
238.46349561139687,210.9563274393492,5.711109010568465,4.85516908072021
238.54710647321582,210.70286473185186,5.710148821086417,4.863309893247285
238.71857057606772,210.78406655992953,5.699975805623384,4.867283832212338
237.8910317645874,210.6987852142496,5.692210197711009,4.871562200484893
237.97752491864478,210.61343418601805,5.685456966323332,4.876031180220937
237.89572417263514,209.94894969840752,5.682857969166217,4.875396242030975
237.1474302173018,209.27915123776725,5.684094834677231,4.885792234284262
237.31260620950042,208.60858235815684,5.6864152216979855,4.896240507833264
237.39226943867882,208.10945094981346,5.693628576965466,4.895264442774159
237.55434635414696,206.60907585584872,5.702746120029321,4.896572264702525
237.29905163895793,206.53081626447337,5.712942589233508,4.886293793728623
237.87983427382454,206.6168243057314,5.718908354018573,4.8810678590008765
237.2067656502567,206.11745139483835,5.730658838006739,4.879023608426281
237.36836442857918,204.78144358043014,5.741355263960562,4.879887376452406
237.7815298540245,205.44700035156612,5.7506547321899175,4.885782344772505
237.19216234548492,204.68976911527812,5.757838568521622,4.893964727816011
237.10495207667987,204.6028792145501,5.764652144801245,4.900137567941595
237.43763334707012,204.18478048222522,5.770535345587915,4.897277855632375
237.52032376202953,203.59692049658253,5.773010798311719,4.898003848419589
237.01069764784663,203.598757213605,5.784825966524025,4.894330414374601
236.4195671618652,202.75600454252526,5.79088074711828,4.899541197436178
236.58402090066915,202.25211209742184,5.7983867563893225,4.898085627006259
237.59671873218082,202.163833763172,5.792580909983309,4.906343144121174
237.04967962697552,201.4313574771618,5.799937108274613,4.902140991697854
236.28777077720443,200.675707225202,5.8082597671456755,4.897946454946403
235.77607869173752,200.34162615823973,5.820948499012154,4.892311629492644
235.5192429814849,199.83683506930151,5.8289572347568095,4.890568437847812
235.85271879744013,199.33247389075422,5.836604180092418,4.887392929073312
236.52804098329648,200.34077489751616,5.835690805646232,4.895387411449094
235.84698207789484,199.07751983972327,5.847159912230888,4.889431206625028
235.92674711352197,198.32362213745122,5.856541759896436,4.87701934089062
236.00803632537986,198.4145673263125,5.8628197398340305,4.863985366821472
235.95269667366188,197.51772228236086,5.874583140869508,4.857444611802296
235.94651095470857,196.93190614246762,5.886954578776115,4.847347811419911
235.94040863487018,196.34590438686934,5.899159218452876,4.8374306024442815
235.93659601625217,196.94256931721816,5.906784455688898,4.826214183979209
235.6767585185978,195.76274430820413,5.9200315113145985,4.822533816819846
235.50128609022272,195.6793280786212,5.933069575860752,4.820412879883646
235.15579554634988,194.92167951033016,5.94757305292997,4.8136353924436275
235.23894398481875,194.41516774146078,5.950508653252793,4.811264066619197
235.32411405725156,194.4991962430694,5.949407674504327,4.812446229519089
235.49341581576752,194.5818331769461,5.949286954122311,4.816413760090665
235.07121687153025,193.02138416624152,5.96105055541798,4.810900511047114
234.38705790386885,192.9401259685947,5.974207604015742,4.804021795500066
234.55080448751684,192.43659122071497,5.985685677273824,4.794177569597533
235.0551497933493,193.03399724359576,5.994008137855259,4.785880774790046
234.03169510507266,191.51373166625805,6.0069740375783836,4.775496714220255
234.02692744120412,191.60252288568603,6.016509365315499,4.76743987150984
233.76898298218018,191.18268488121117,6.02377546787312,4.7594111879757595
234.44426727144597,190.6744583342255,6.0293819247499725,4.758733005390764
234.35591908805358,189.99710709234031,6.036481579900525,4.756661796087118
233.75627837257932,189.40729413588747,6.04806066334761,4.748585361491415
234.00790411382403,189.32442288895007,6.053962463763639,4.744610094397717
233.32553659008988,189.3277375321635,6.060749916704361,4.737980807970875
233.66158268740384,188.4799639846292,6.067615703048411,4.7361329506095915
233.91247067176184,187.461300231692,6.0752830670738485,4.735687125518518
234.0803967002878,186.86550839360785,6.079279874372673,4.737799776459161
233.31018300253342,186.35643369722038,6.089528096635261,4.735829720403351
233.48061046747097,186.77851841900102,6.088962215453172,4.742382898574578
233.6519907892045,186.09430673892734,6.086686567442554,4.748866276896273
233.73238200458798,184.81801456656706,6.096217306010279,4.746753081596179
233.81366209632253,184.39357987745876,6.1040816350182014,4.743499897427507
234.5795073120201,184.73668098943395,6.1068173288748415,4.739264840255732
234.3236763722186,184.13997806385686,6.107085184239577,4.7394179681873085
234.0677540604678,184.65198307565777,6.107516026082671,4.738235507902448
233.47119477788806,184.0551865758021,6.107424409242367,4.738618325613947
233.8122600621435,184.0514988151938,6.107147555427107,4.745993846830549
234.15347172897054,184.04786915149214,6.107041175317256,4.75325317423393
233.18037883530246,182.02294007801214,6.1105405027655415,4.759778289415408
232.6678057018565,182.0166935514225,6.110554404018807,4.772271342594688
232.9188855436832,181.67425586613146,6.121571169768334,4.772911447306216
233.34501078734087,181.2401434944663,6.125509129382556,4.784947743706934
232.74292622624642,181.32028334473597,6.129222548770306,4.796161714996361
233.2547335683591,181.3175332519551,6.136004743156018,4.801661900558108
232.82291272366652,180.70762297917258,6.140016530705748,4.8180005835535695
233.16654278104446,179.41020484549324,6.141768216265696,4.829042599727846
232.56533611182334,179.92308711642278,6.136967205036292,4.838033214730237
232.99852841112957,179.31601409335278,6.13324141194557,4.844456933139854
232.3111176390668,178.8798312348278,6.127430631901285,4.85392744758368
232.74459841013595,178.26818262860286,6.123688112322473,4.868718028450191
233.094777944917,178.17520627010063,6.114634995853544,4.88184425718137
232.49263827048853,177.47706712117167,6.108609936993721,4.894917517648624
232.7558353422408,177.47127669439874,6.101276307543066,4.906498371194503
233.27944523790995,177.3801434353355,6.092628420747108,4.915669571897303
232.7633994834436,176.50853166094143,6.086053095312358,4.927781730072994
232.93685240743045,176.59463749981478,6.085559784857041,4.928776321085465
233.5477660472972,175.2911548439455,6.076236037569586,4.937519777582539
232.94626733162468,175.37342419304517,6.066742035317412,4.94619414132568
233.2972901986566,175.3693554585494,6.057526235627397,4.9543316103172295
232.69464486257885,175.10893499077704,6.0504351981810025,4.955580384603985
233.38475681339298,174.93700634592727,6.05507969669717,4.953220574267368
232.69329713240484,173.98721350172084,6.052864505860864,4.948246252562868
232.3434315485482,172.3448888438495,6.0604862113786915,4.945375622877421
231.9954974525613,172.43105611749343,6.06396196694737,4.946139184690841
231.64745241807728,172.5172321705886,6.067396549404069,4.9469509501282944
232.25125271190174,172.5182885024775,6.072404414674671,4.944838286350466
232.1593187965525,171.6567004168754,6.082999677367003,4.9352887774931125
232.2683376999331,171.16250517316746,6.09637334806791,4.929105465684812
232.35278543293296,170.55397943624774,6.100864033880678,4.932453876837207
232.52712991206315,168.81758141020484,6.099193672990357,4.9350639552229
232.43886198830697,168.81732385120313,6.102203618646147,4.935579073226312
232.6964637317726,168.81904311457748,6.107741492408199,4.932140546477616
233.0400649588873,168.30303625776958,6.114978263082189,4.922495422738267
232.43564202403735,168.47547703119253,6.108871335549911,4.924743246530164
232.86440907419674,168.4793682254896,6.118874089146577,4.916960857936058
233.03557100387397,168.39783770447147,6.12361984385682,4.906487092939929
232.422355935318,168.31670177850125,6.1359847678655575,4.8953210572942085
232.76411537921405,168.15016193510144,6.146251720500193,4.881507823880489
233.28076053037776,166.33145732985287,6.1532398456789315,4.877942538106037
233.3659282861064,166.4187780650011,6.156333272469848,4.876730006057757
233.36070195998946,166.24666042175824,6.166785924703741,4.874052008332056
233.35818400076118,165.37609686672053,6.171821843160247,4.879446603414426
233.44635349155934,165.63347991200303,6.169220820506836,4.885894389677948
233.62084741424533,164.4986197989739,6.167838572849753,4.896178230589502
234.14097948622833,165.09973652946266,6.171265608994931,4.911584479741665
233.87853899291878,163.95914082077834,6.173393589329525,4.92751286987733
234.5721605959486,163.69116785204952,6.182486025941788,4.939832941332991
234.47988028775157,162.90187256852803,6.192165527185736,4.944493472025119
234.21192871618453,162.72724619345271,6.2027534230721,4.943536057343916
234.20812217354543,162.72627342369898,6.210366508350323,4.945481596851389
234.63966870018388,161.14687045046645,6.224273974957019,4.947085671735472
234.8113280028576,161.23175674643036,6.2322338757375935,4.952952332871611
235.508189130549,161.9394346481417,6.245362876782164,4.944447785876238
235.2431566883506,161.2292609495754,6.247669211794981,4.957439051318337
234.88997204192384,161.31157054369106,6.2493756923065655,4.968985566172449
234.88704902006918,161.30718652459575,6.255221736015891,4.9777536043631265
235.49916827589817,160.06998725379634,6.267260462208503,4.979597670260672
234.96509557569198,159.89078276058459,6.2744532828216,4.984355796751068
235.84835889679206,159.71835613888757,6.27805507611472,4.9751833530464245
236.6455014056485,158.9251920015769,6.276042575425629,4.969239110643995
236.73816367039046,158.83997334397074,6.2675099016697216,4.962884570128259
236.74390496070797,158.48600293853073,6.256027321034712,4.964593329697405
237.0064398269373,158.13759592825204,6.260187144072643,4.955767942925973
236.56205786805145,157.96440527317358,6.267299409686712,4.949488592219806
237.08637685738196,157.2623234891794,6.27668520806552,4.9429537908216625
237.17684543477299,157.69819036928376,6.27212290519098,4.953094290150472
237.44605299182152,157.0748749435248,6.263116905300002,4.964437208520923
237.54274484647905,156.54042786964123,6.246249121449121,4.974235803502884
238.16253318782003,154.51249692208438,6.24158765285196,4.972519138052293
237.46054077011505,155.12776163116558,6.235035128888281,4.9762099093418515
238.26050270420436,155.30232240316232,6.221600520244943,4.979641534133972
238.35619133489286,156.2638767808515,6.20634949096391,4.993921331811761
238.44969584340825,156.16938562788823,6.195464145384269,5.006779966287139
238.45000689865134,154.9381299036807,6.19484203489812,5.0029838609633845
238.6306073294206,153.17651606148272,6.1858288108528185,5.004335170427165
238.8092256439409,153.1768104153951,6.1805468231532235,5.003746462602401
239.51689060845146,153.17795690006685,6.172310417144306,5.001453493258932
239.69052466765643,152.91776207334615,6.176488508392018,4.994673832213826
240.47655878269538,152.30415403254767,6.185518046384321,4.9921472053116895
240.47414854794854,152.83151993655622,6.1903385158780075,4.992066840875525
240.47676604806298,151.41952079927094,6.185103515649147,5.002498264524637
240.91763285001682,152.03463600388125,6.183052169958409,5.003823016807682
240.38456885283702,150.6294977888984,6.193621774636686,4.999277074290019
240.81958591430717,150.19234070964148,6.203663013236286,4.993515871263973
241.3436508514782,150.89933549639207,6.211988424381643,4.988133345079307
