150.3800048828125,239.4600067138672,4.829999923706055,6.800000190734863
151.4166830537639,238.96801810234436,4.8589997818164,6.783977413780497
151.03669957028774,238.97605321072572,4.888061173193531,6.767907197017814
152.58080739995998,238.34505223633792,4.910178750113051,6.749183695567032
153.30250177549465,237.34650168038328,4.9311110233503745,6.732843399054669
153.4766101300397,237.4453909218902,4.9491655948785915,6.718200556349977
154.19898149123398,236.81378471432217,4.9700971597142205,6.6989479701649355
154.83112215499324,236.7316335930868,4.988632901380947,6.679990631323463
155.46213405069327,236.64967526354337,5.009531416361449,6.660632675213118
156.09311551357433,236.0175922653713,5.030820355303043,6.641546806853532
156.08408252235847,236.11867154206251,5.048886337734731,6.622766993993856
156.99180363852886,235.85361942290055,5.067317190778627,6.602709306702448
157.62291405854432,235.2213823943466,5.0887693833815835,6.583510331176435
158.98836566915105,234.58904795321556,5.109439765441715,6.564111531910818
159.16116792479292,234.50651671524585,5.130791803983502,6.545695732937484
159.884439975502,234.1490943298886,5.1525987420179415,6.5263649839256885
161.7084668202732,234.80094424567167,5.176591401396302,6.507881374481821
161.88196158115448,233.6167489453679,5.197019108716043,6.488059986054108
162.60510079708615,233.4416821844615,5.2206285739174305,6.470721533600747
163.14589647459167,232.80794659093843,5.242151858900996,6.451225640653256
163.1346893806102,232.90952522818029,5.26456604686387,6.4319697841579035
163.76628368442485,232.82673047401872,5.289152808039721,6.413591382651783
165.22797293831383,232.19038101375133,5.3110924519899925,6.397713611805394
165.0309003671207,232.38375634721515,5.336853532774059,6.379347006479969
165.9411604653042,231.74752071395008,5.359577402340246,6.36154742685693
166.6700846047232,231.75726932417004,5.377056792071283,6.342050206417031
166.93233158547915,231.3947080517982,5.405751971843067,6.329587229449126
167.65959701264572,230.85048301630144,5.428543303290662,6.310045661107088
168.38661997531247,229.93653582707964,5.452331905086893,6.2906468806384925
168.2819664907317,229.94610350260083,5.476827919391139,6.271511529596119
168.91947602968727,229.40163168945824,5.4961604603873795,6.2510109111035375
170.57198775613392,229.41121253904737,5.519324720074827,6.231849211925288
170.37581558621156,229.4208121458481,5.541723476916092,6.212649998323833
171.10790581936178,228.78307002596233,5.557805754924528,6.192904336825091
172.66965155682217,228.7928091693838,5.579024773413319,6.173426049982204
173.21827097125856,228.15635870375675,5.591898608344892,6.1511955401311935
173.02585582374078,227.61205824993843,5.606972559419028,6.130527415883705
174.31028870011562,227.62036626280232,5.625258401106815,6.113911390155908
174.30316126188146,227.3512658085969,5.63951327757511,6.097625986393584
175.0341670262361,226.62155349836638,5.655914848002411,6.078637507718085
176.22657183395006,226.35482017023182,5.673064807729042,6.057805800490024
176.02993599456164,225.71755577665053,5.696909929230518,6.0393416371889215
177.49650921582997,225.63345331355623,5.720614534864523,6.022743372866829
177.67322690339392,225.64144490203498,5.737018096270015,6.006760195909375
178.31099536012422,225.0037290366479,5.755985539320277,5.987687570172621
178.8614045773978,224.9183095341525,5.76475151378414,5.973595840328247
179.68257271921578,224.28112354644227,5.786052174452477,5.954027970178623
180.4145777727583,223.55108648498774,5.801069433458797,5.935074726996391
180.87311641777822,223.46111980711223,5.808082922709247,5.930189926889345
181.88313572964427,223.1916657421655,5.821418390147144,5.91454148646371
182.7124026816742,222.4589284315205,5.826235786930816,5.901481618115006
182.98867386047388,222.36895303728915,5.827755967461935,5.896744893867517
183.99381086520944,221.8231952858959,5.848489065118715,5.880438338220558
184.72419112979608,221.92468582788868,5.865387310712999,5.862164601080961
185.36421353290845,221.65457762922992,5.878143490435729,5.848323432992432
185.44844879377797,221.01658861753015,5.894341589869644,5.831621108181142
186.27292154609572,221.0253160750752,5.907337610645671,5.814166193091004
186.36104112827726,220.94240191179406,5.915687599490822,5.79540536644512
187.5470749992491,220.21325777247657,5.941134834373254,5.778299813187138
187.99749215459892,219.48294188997025,5.963068384413833,5.762503001015474
189.37541978044976,219.49133578672382,5.9769318440889,5.745715207508327
189.8284010875092,218.85261256692957,5.993967416995465,5.7309641852612
190.46987653359926,218.9520736038529,6.003447375694293,5.716675090111473
190.6482386334499,218.86854321222822,6.015833265023135,5.699180828845762
191.47204851419843,218.3228235785511,6.028457559179191,5.683790725764663
192.11452512463873,217.59151868880568,6.034478551632476,5.671001404302439
192.2908727611941,217.59899311670262,6.050415374265187,5.656052548508541
193.11313911553447,216.96125991226032,6.064831712274479,5.641225254412032
193.56922591072163,217.0611054018129,6.074244002357398,5.62585145139827
194.39517324655873,216.23867481074404,6.080326105021366,5.612735859197791
195.94987454854143,215.78562932241218,6.100723744921996,5.5982973523714925
195.94162876324478,215.2351203810506,6.117215315515289,5.594150797181198
196.3083272732516,214.6867891806942,6.121358172413413,5.584503382526424
197.69334301982516,215.61008789795122,6.115763724786471,5.580863978359176
198.3382444339122,214.87206246292115,6.115015814096531,5.583709228437453
199.4433018406859,214.1387683326581,6.115113619417231,5.576822409718155
199.33952870943878,214.05256910824696,6.138583696328506,5.565144672957433
200.52908564647308,213.59225776350678,6.154789591438227,5.564490528138429
200.8943865593451,213.32088162185806,6.162175977746828,5.5537516523963735
201.9914487126543,212.49827895211715,6.181338743497721,5.538991687601179
201.89514651380506,212.3206760710313,6.189440321864396,5.525191811109232
203.45455339668962,211.86740143074525,6.205566604124508,5.509699901084509
203.54041815182777,211.96616834498502,6.218248097069938,5.4965770758266626
204.27661543018496,211.9681692242059,6.221036746192488,5.492575317384958
204.73226992493213,211.32809819299996,6.231613416547036,5.4820774560084065
206.1118645320514,210.41344140449704,6.238021250748569,5.467659667387544
206.29041164091416,210.78623275211262,6.249410243308886,5.4590433927280815
207.57535716164188,209.6851476414246,6.259439780639292,5.449853118001957
207.29347555839914,210.42478615817615,6.270338708337971,5.444880827930379
208.11490933683626,209.3243186710417,6.286865218390652,5.433290379630026
208.85079039573853,208.68273866520738,6.290678826643011,5.425321630998908
210.4100699484607,208.68810633601504,6.30654711267509,5.414586289383566
210.69052822434634,208.0470540274251,6.298983901883215,5.405533110944746
210.9561779353641,207.86815360876,6.320250881695445,5.394956347043089
211.77722923177748,207.8735949310908,6.337276096818861,5.3840737023815
213.25720610592822,207.68604454616153,6.328290855637006,5.390303408850064
213.06819652271884,207.04232847669593,6.337516144029691,5.386956974689768
213.80268461058114,207.0452419846559,6.344424801067582,5.381129958769886
215.18703163803283,206.9553862448185,6.343209092663701,5.376342882011327
215.8286374463601,206.9607665120665,6.3508169755857375,5.365582347515317
216.38468578401373,207.04897017512585,6.344802694038943,5.373522087023411
217.4866534784718,206.49987734459307,6.353451363163996,5.365415719068305
218.2270178833498,205.7593851800356,6.347802818226622,5.371319783364634
218.59775360728966,205.75824496224553,6.343902875055326,5.3736002189447785
220.0673051351416,205.20484830434756,6.354709787634479,5.374177296634583
220.0702700386129,205.29653964641525,6.348779980691884,5.375340062355236
220.71542286722016,205.1139650320441,6.349782814464482,5.371544007958411
222.28984602424114,204.46647351735513,6.33619620742972,5.375537746215677
223.0337427304292,204.00193602536504,6.322655396153081,5.383204854508676
223.58433929060084,203.26303908037866,6.326636956397722,5.3874325036974815
224.23312806723266,203.53755434836688,6.319336089260414,5.391377690346586
224.96887511281687,203.0748849679592,6.32204908187317,5.395337023798654
225.0584720251648,202.8850980237435,6.327236689814329,5.4061480469560275
225.98698615550694,202.14561623986535,6.316561640870843,5.408029045319707
226.63119894170103,202.23843780072954,6.319640165382736,5.406886508862768
227.9216456844709,202.14587493441576,6.322163945336404,5.4074824368122325
227.92004904151656,201.49951891440324,6.325357231245051,5.408145820463792
228.76077872261718,200.47860378216842,6.305643311762369,5.418953877166382
230.3363342382868,200.0169920896589,6.291155977748219,5.41964088061918
231.06922337113696,199.74439177128338,6.299731954987046,5.411958676268073
231.99462808042676,200.20942261167968,6.2919580796029635,5.403414767073171
232.53078571089424,199.3824967025942,6.323919814159476,5.400851092007019
233.26707096990566,198.92204803597824,6.327340912610699,5.399253664942702
233.548714803782,199.19388411535638,6.317631643430644,5.4091599047589956
234.37984872548384,198.91407569702923,6.316181402199345,5.415170874022533
234.477932421469,198.26628872167782,6.3046234428909145,5.418478796091576
235.30475093519726,198.3564742226,6.311341328559982,5.422591673483312
236.1348143850475,196.97637780129313,6.313098521326181,5.412977695319348
236.77765439017398,197.62530112259836,6.319104381802303,5.406816923437949
238.1608048265195,196.6107173882789,6.320609614442904,5.406259914833647
238.2526258710505,195.9709288428777,6.3215022435621915,5.3940939783671755
238.98680204587052,196.1600709767617,6.327973944794337,5.384515723317251
240.2740141383066,195.51818448469905,6.333735692596504,5.3781957411053645
241.10489914882186,195.52158603904059,6.330542709694343,5.37139263242229
241.28097116241813,195.3403901403964,6.346653930080128,5.365529182132238
242.38708037055957,194.69140529687647,6.345819145390358,5.37352508407619
242.47567416025228,194.14083402334967,6.3530293078102815,5.3682811802976405
243.0265916785281,194.4245777575065,6.357742089234655,5.354067620971958
243.67410858423335,194.1515725142178,6.352588158559753,5.34727244437693
244.8637020151555,193.32914328671646,6.366436760197561,5.335414040045834
245.32792522987626,193.15089637391728,6.358501367002574,5.323703451145611
245.32894082484916,192.59621540671833,6.356470177056817,5.33031815488283
246.15854948182542,192.5936231733693,6.352051017357567,5.335502621580875
247.34975444117742,192.41340302346492,6.360104921768578,5.328179256295002
247.99681973762787,191.4015409044689,6.353190593287286,5.32913507877047
249.2893625991771,191.30848296845136,6.341260638497471,5.331454110212098
250.21016909377735,190.66470207340203,6.336149986482293,5.333464264281071
250.76518237259893,191.30455764188002,6.327746113912979,5.338979593244533
251.30946459323098,190.5741496162071,6.340559260038654,5.331292194737203
251.8536065038052,190.66888194916908,6.354096296933772,5.325464338487204
251.8487769401475,190.57794634257738,6.36375542424918,5.32358388167707
253.3077146508183,189.8436452973166,6.387804206111213,5.3212238705967625
253.3063341274243,189.0132740982298,6.390565252899265,5.324141130385995
253.58226197712708,188.73661181385455,6.391586646092933,5.324588606537212
255.05599187691172,188.55694825340694,6.393171871531403,5.315285099306464
256.1555743892364,188.56119230917878,6.404283358367474,5.306796987762766
256.33138984748865,188.3777088550362,6.421100225174664,5.305316112736278
257.1618094452212,186.99800470125444,6.420390793382783,5.297841480844374
257.62515467187063,187.36796751840387,6.415336774294276,5.295224993913783
257.9936938251793,187.1826682470302,6.415087557848558,5.297408991575302
259.3784185781973,186.5368017153808,6.409218441124224,5.299471206528722
259.27750232491695,186.53615584037559,6.426869301144918,5.300762956539147
260.0145230417832,185.88587436731143,6.428621018806388,5.31000689519769
260.76080495514395,185.7946234422087,6.413259808885606,5.307858418303123
262.689935259137,185.05933615933472,6.426962625226471,5.30339929859321
263.2447758854455,185.061247964218,6.4243902219907945,5.299575688826648
263.4281713689909,184.7908524035429,6.42643291147587,5.287116325313115
263.79609932158985,184.79097518853766,6.427565296351814,5.2868707553236325
264.5285784088161,184.60622197234463,6.4366913305513656,5.287856135546619
265.25924784203335,183.68818720393347,6.450686998781118,5.279757504038726
265.63145057623615,183.599542116231,6.4442862650885,5.272546495765445
266.3684263608777,183.5951657008605,6.4446246032741605,5.281299326506407
267.196583466251,182.8609027648045,6.448206386463008,5.274362092898084
267.5563633927966,182.86480869260333,6.466149924630175,5.266550237300384
268.8407209342271,182.2216288109573,6.480789500100428,5.261232671426867
268.8460418026976,182.21969067382648,6.470147763159364,5.265108945688487
269.576619101753,181.57605578953246,6.485500758694631,5.260434569836215
271.0527335352956,180.29176172702734,6.488850627852774,5.242891300633611
271.1493088812607,180.48512892506088,6.480191109147172,5.225139251015697
271.97345422145037,180.49274994858004,6.488537846924673,5.209897203977408
272.80236930536836,179.85450137929044,6.486275755169124,5.198730283382969
273.52939085477976,179.9505135389482,6.502123501140516,5.190442319666785
273.43624462183317,179.0358030530607,6.504570956741935,5.181413188524839
274.17508787190565,178.579909012121,6.496773228359368,5.174520788052822
275.54792440617626,179.13329884800592,6.503671985190914,5.168769846431967
275.0850685738044,178.40267168848644,6.511797572391697,5.161886441402317
276.37646513106756,178.49078613912374,6.498424502081153,5.169187543285982
276.29031917257834,178.40144702002823,6.487272837333858,5.164422199751273
276.92810820365327,177.76152614232797,6.494062421550559,5.161896308785313
278.0338479332589,177.944623429887,6.48168433214136,5.162218628634247
278.6783292677354,176.85224670301312,6.474239553829649,5.150084269854164
279.40844830125826,177.3088209880177,6.476105900631708,5.150750958499925
279.4973220542577,176.57911590355354,6.4811608625141846,5.147741384377255
280.3254826035654,176.57519040308182,6.470319624368743,5.155592385320672
280.4109712536205,176.0292949475498,6.482134646859812,5.1506293607765725
281.1378545686369,175.30135688625927,6.491511021179349,5.143362479005282
282.51384915422665,175.30111658370737,6.48330073488988,5.143843084109135
282.5183891020526,175.11292715316873,6.474220839237993,5.154620702678716
282.98132551222756,174.56034360529497,6.462529790864208,5.1627696720548295
284.0728475739467,174.92771332975872,6.472957235260178,5.159187412405482
284.8062777120647,173.653976320397,6.469225424087611,5.146186617267912
284.8051943880359,174.38488949758013,6.47139207214526,5.145344119167505
285.8105017814302,173.74683460341282,6.469844957868406,5.142956297721912
286.45207455551116,173.83397162731066,6.4647598877484675,5.151262318217942
286.4515228418248,173.82979211929904,6.46586331512115,5.1596213342411845
287.09226558579275,173.28115916165459,6.4639033015787675,5.1601511286213535
288.0965652472055,172.6412093983156,6.465750845076551,5.160675376730031
288.8302818050299,172.72631400124575,6.460755500753547,5.173270892285413
289.56339238561225,172.63124091561244,6.457992951758682,5.180484737030865
289.3829588966541,172.5364314931289,6.452846193886162,5.187096714103514
289.48328945510576,171.9895566974121,6.435220119089394,5.182636052897892
290.3112200804752,170.8075714216159,6.42358983125831,5.171606324734677
290.4094500057347,171.54365768200668,6.409465194373409,5.158115513026505
291.1406066064045,171.3661767453877,6.402351660331116,5.149277469440184
292.67872794753384,170.646711747748,6.4141189706341875,5.135026291749349
292.77865792574335,170.6492933842396,6.395856240720391,5.129863018766108
293.2347886048468,170.56350604718673,6.389762121305435,5.120204245113426
294.5090796088538,170.38285548985183,6.374948372183486,5.119538465655803
294.155298652899,169.75218478091605,6.359528564282861,5.115661873859488
295.4247235549726,169.9351034239549,6.346923475589754,5.110716689989569
295.0709335464761,169.9400690853315,6.333813372417498,5.1007853672363765
296.05805214079635,169.58245303615973,6.337491639152828,5.0967754818068585
296.96182544202594,168.9563268863468,6.327964906676632,5.090413872444609
297.4171833764112,168.24248407001863,6.31501284589671,5.081677412316054
296.87596239151213,168.6952432980966,6.322179765799165,5.072221497739754
298.0404393567631,168.69920955863813,6.322426295870888,5.064288976656735
299.0209942557355,168.25658333417977,6.330805916483294,5.054318962592861
299.0254185029333,167.90140328589587,6.321957422087724,5.048633640415147
299.47070088444804,168.35356933837227,6.325310225286474,5.038219101690478
299.555894714425,167.55673411427404,6.333588579213411,5.023895424959095
300.2677265774205,167.02974645882028,6.338408608735342,5.006507919231947
301.51548327715335,166.5021957804536,6.339823630159008,4.991497095584103
300.97824442487786,166.68584983020702,6.345521987935945,4.980448778335295
302.22435574546336,166.95805525450342,6.345825442495223,4.97015066454186
302.4927409902433,166.87655336064267,6.342679447040048,4.955279620895084
302.49641354708996,166.43989214761055,6.335334333346787,4.940677463498263
302.77111141496175,165.7304647704454,6.317643910945319,4.94165138224943
303.39234821526145,165.90459790046395,6.314033145677806,4.947345932307155
303.7388658642985,165.82224874870968,6.3290688534599004,4.935026484351705
304.08555728881606,165.73976475345904,6.343875538297776,4.922947091384703
304.96869833219387,165.12292964740445,6.348365114860534,4.917077139171056
305.84706591070113,164.42212227760527,6.362132070898275,4.902290188327594
306.63945181897304,164.4244914653373,6.370537190803178,4.897551812863518
306.54345287330625,164.43133284615226,6.385464305412083,4.883869051233615
307.243536985369,164.16778528289458,6.401900215994362,4.879737627233512
308.13464532397046,163.63364161669443,6.392271972362363,4.884471899491286
308.850141750111,163.98800612653798,6.37879280570348,4.884499722615339
308.8544319825307,164.25238835717644,6.370212340864069,4.8866872781654775
309.03267390589303,163.54603865975542,6.367505948307895,4.884276856333589
310.0092932733715,163.10759023349868,6.359156595969605,4.877133080384043
310.6278195810956,162.49126761768727,6.358053622956874,4.873828669571421
310.2768216878522,162.93282471283013,6.354075295148689,4.873182122154373
310.9814973291946,162.84439101688878,6.356102190454456,4.873627241788256
310.9793281226002,162.2251260729513,6.360440603643234,4.8769338881442446
311.68655358430374,162.22818379808484,6.358634347637911,4.8708184378771575
312.3026953745722,162.3165514322478,6.361523935993154,4.870536479393022
312.8328432509962,161.78718456769312,6.36018501843312,4.870313373214489
312.12268731427645,161.78546028814046,6.368746995854011,4.8737619323198205
313.53853280270573,161.96332662121924,6.363545906922042,4.871340502153067
313.18393972807127,162.1421230297851,6.366584976108955,4.866821225062376
314.3321208548465,161.4410868764206,6.36484539583682,4.8568180405431365
314.68767450866096,162.0593772421717,6.359016997046776,4.854475399508998
315.4871968350274,161.35341200773667,6.345705792467289,4.8568650255760595
315.4921371213052,161.35162029717148,6.335825219911708,4.860448446706424
316.02072747425973,161.34949837584293,6.334261384606047,4.8646922893635445
316.0162882684652,160.82373590240863,6.343139796195162,4.860328508107641
316.45490903651176,160.2100276563444,6.3461273620118135,4.855424257562413
317.69453394543126,160.38682381179962,6.331037663093208,4.853854820783435
318.3137070424089,160.3892938331046,6.322980547475874,4.848914778173507
317.8782057752459,160.39226116779506,6.316222685890313,4.842980108792546
317.8826396300434,160.0468799401863,6.307354976295333,4.832333808693962
318.4075095054679,159.52862875709124,6.307874905612734,4.818576494717682
318.8441020717363,160.14756534031912,6.308824042987974,4.804491306138917
319.6335152668118,159.54233763894516,6.3015014350182765,4.792665989412518
320.16265718070696,159.54229703114586,6.2890588997259815,4.792747205011117
319.99426107708547,159.54121754596656,6.277614178436113,4.794906175369727
320.00202064273145,159.45208094245075,6.262095047144209,4.799200263992013
320.3532589267544,159.10799243534095,6.2548679090154335,4.79212784829449
320.9637254487258,158.50328097902081,6.2490421422531615,4.786443483754117
321.05599647781827,158.85238659482275,6.237905251013561,4.781852919931525
321.66762269432957,158.15802773303412,6.226775370526929,4.785287726324766
322.2765368969298,158.15605013937812,6.220272305581554,4.789242913636743
322.1966733637921,158.15346911907528,6.2069877220804415,4.794404954242432
322.1143614605639,158.15031691958492,6.198718658463573,4.8007093532231755
322.46789412116635,158.06091659446957,6.183130184817211,4.806640791564247
323.2539450566917,157.62959609446855,6.165576177991474,4.80564408921903
323.2602972507538,157.02809835291768,6.152871789867275,4.801538761768233
323.35236731214104,157.37391786468805,6.140913607047437,4.798627498046074
323.527979238908,157.45903531208336,6.133593196527413,4.800344324762396
324.1269264263226,157.28523280471634,6.138772517356307,4.804213997879842
323.8678216940936,156.59878072586517,6.140952550771885,4.801039672802585
324.89242079015236,156.85792757708782,6.155652862163186,4.798720596234466
325.4995826506287,155.99553091425267,6.146579512430169,4.801727677305029
325.4111911092795,155.91458470584766,6.151273806684313,4.791531305670704
325.41665495008164,155.830089336734,6.140346125080137,4.788527324940815
326.11216418235085,155.6602901661199,6.123557859960052,4.784568116314383
325.77393405838563,155.1504755590332,6.114187480982549,4.775451390125813
326.1189135269974,155.83431257174004,6.108892917291757,4.777106111777711
326.2897708238005,155.15581403610878,6.109402376880157,4.765206970261624
326.4603443559799,155.2473376296476,6.110107917530541,4.753086085688502
327.0637060661814,155.16481825307704,6.098563784019911,4.747384940702141
327.0674309380885,154.742902721495,6.0911140402057615,4.738862681832026
327.0711699104867,154.32157629475344,6.083636095409311,4.73042494208869
327.33172794262737,154.9185808199863,6.072419572315862,4.726181487728069
328.013071104275,154.32818179770175,6.06754132087383,4.718897469425627
328.0145619546956,154.67258433609533,6.064559620032669,4.708224064911336
328.01782811647377,153.99914726685165,6.058027296476307,4.70058903785924
328.608606864582,154.0866507719879,6.06009661662466,4.694671572781665
329.28373571791667,154.08824063170925,6.062037590244942,4.691491853338976
329.19557033282223,154.09069191133526,6.069365642473179,4.6865892940869625
329.3636877565394,154.0095045304217,6.071200428665016,4.6799292391009475
329.44614729350485,153.67761827906324,6.075235701803749,4.667884353539234
329.9529493176755,153.1763147553551,6.074549750771085,4.657573303646804
330.70962621118287,153.77294534941078,6.078966148583645,4.644800037067727
330.1169502306595,153.778802412558,6.084816548602804,4.633085910773259
330.78815520947035,153.70010113863128,6.089593331475037,4.622090116064942
331.0367823711482,153.36943635391404,6.097214103914233,4.610252891106248
331.7880267039657,152.7871179739257,6.108656364144725,4.597387819854218
331.8687775436867,153.0450852403015,6.115333338221616,4.585989247659063
331.94994228004646,153.47100156502964,6.12109784155487,4.574626478466681
332.5391799396944,152.4679830404328,6.118593595283896,4.564713116760407
332.289048418775,152.4714306639611,6.1154699653049205,4.557817869703863
333.1252153901009,152.64239552526826,6.11948792472423,4.551158527503714
333.290782440335,152.64667406411343,6.12352844123421,4.542601449813362
333.7939177679682,152.65049030597646,6.122309665971953,4.534968966087321
333.5403734869943,152.57098554649573,6.127302903022408,4.526613376749721
333.6204852112215,152.24016225821086,6.134383579770486,4.519043452509689
334.21036714704917,152.90999439612992,6.1256333820722775,4.51768051833679
334.9632338492408,152.4114618408934,6.124091238470481,4.511951454955503
334.8798835309802,151.91378917595443,6.123776850657012,4.505206638825254
334.8808787864079,152.5001598121462,6.121786339801624,4.500763100037282
335.38263609889697,151.83609197868986,6.11905119781689,4.4945261229586
335.8841603613598,152.2550318588372,6.115919231145661,4.489910161209185
335.6334272732515,152.42444240917683,6.117796943446774,4.484148036473612
335.71560573348296,151.76246245171404,6.119903520911253,4.476399967980233
335.96570949404025,152.2640275579102,6.118801118711583,4.471479993417572
336.55075878844644,152.68188817549617,6.112598854284704,4.4671132756638565
336.4686805218568,152.0207897243316,6.110650302835376,4.460469500963794
336.0517140932328,152.27297369023572,6.114750806164711,4.454000981506682
336.963644196572,152.3591066195166,6.116038398952186,4.447657650169066
337.1308353856656,151.69871398010207,6.113331847816173,4.4417396207933395
337.2136610102306,151.78103598110837,6.113380259508489,4.44279527960309
337.7145473005602,151.94754197494385,6.105914072402056,4.44121875644968
337.552793137519,152.03000058105607,6.098265284791294,4.4418801010717885
337.3066268782688,152.11206853502526,6.09417777028351,4.443217537469474
338.3038024592792,152.27567004794926,6.085025774306165,4.446881039295345
338.4740534622742,152.27227546307674,6.075232702080123,4.453670209040408
337.9014687288243,152.26590102261042,6.0631820917670325,4.466419089973018
338.40349514331496,152.2602668433293,6.051188149270562,4.477687448535252
339.0689681647161,152.25471758216415,6.043006230514391,4.48878597086561
339.5701537441861,152.33285780880456,6.033052337338116,4.497908395212074
338.99551862084746,151.58292526174932,6.024517027506812,4.509166345240189
339.575600777513,151.58180146013066,6.022538396755586,4.511413948477501
338.9994365812273,151.5780814060713,6.016634604458705,4.518854056596233
339.5800123335428,151.5744798507936,6.01393772747787,4.5260571671516585
339.5790318289734,151.5711267695444,6.015898736616636,4.532763329650066
339.66190490291183,151.56833650686443,6.0158622547352385,4.538343855009975
339.82363442563934,151.6525140046419,6.024003808432056,4.5357891590310215
340.31831689507305,151.65276980976154,6.029934287609527,4.5352775487917425
340.81328687704547,151.6529757923035,6.035781500618785,4.534865583707836
340.39784304431294,151.73251942443602,6.036434974479885,4.541825157763522
341.06120085326813,151.73315787370674,6.039083804526206,4.5405482592220805
341.1457901989438,151.7297022257962,6.036095136689292,4.5474595550432095
341.2303289517298,151.72631168481252,6.033275097945086,4.554240637010543
341.3117807785651,151.72532441893648,6.036696755176749,4.556215168762624
341.8090733774224,151.72375111509115,6.040569759737177,4.5593617764532635
341.1408486111443,151.7210014192404,6.044858366899318,4.564861168154788
341.80754488443927,151.71868628688694,6.044868232337834,4.569491432861719
341.97597026591745,151.71656321594693,6.041519651981694,4.57373757474168
342.06292950112453,151.71362260867318,6.034370597011306,4.579618789289218
342.3171432801449,151.70980230227235,6.026212482120976,4.587259402090851
342.402593482688,151.54287871461526,6.0220688882123286,4.587592955049935
342.4820524606876,151.29200905066273,6.029849996759998,4.589235089314208
342.7300846652565,150.96144985548975,6.0343191555250435,4.58297538912304
342.147891791455,151.79553091695723,6.031031445194019,4.582918206094019
342.6476951031395,151.71096568725991,6.03198143938838,4.585289229228084
342.48294099602055,151.71078610319395,6.0278644090482825,4.58564839735998
343.31898708300037,151.21410388235086,6.023329329589131,4.578478582345938
343.3183651391217,150.96899088292668,6.024573217346523,4.568995969162822
343.40057647792275,151.80471156448263,6.026584236133307,4.561891569940594
343.5672678187272,151.72411778198122,6.0258982244933135,4.5567307999589985
342.9049162655226,151.7250321968977,6.020572605978422,4.554901970126033
343.491665162971,151.80519485452447,6.010072761842389,4.560719219266897
344.16242253676415,151.96659848985286,5.997178203447896,4.570066995908111
343.9192325165832,152.04673837172487,5.985457794683168,4.575820715206294
343.5942740084891,152.37483933911,5.971580552914206,4.583413038393067
343.5988596121802,151.7090312017367,5.96240934553207,4.588144549921755
343.4305856600914,151.7927908156056,5.967361833294888,4.586423030391331
344.5907527766592,151.95965818221742,5.968861249849491,4.584378818552
343.7600459844196,152.04330545768315,5.971926524821053,4.5829190985713435
344.2567654603402,152.29544890551176,5.973634517987235,4.576205675417758
344.9217548745151,151.7154192814101,5.9698512028440165,4.575843849565348
344.5094876816172,152.04629217601644,5.965831566813067,4.576941277814024
345.1730573037956,152.541489697573,5.964031115782791,4.580550329695663
345.00626856175444,151.9605856817764,5.966211202179591,4.582467469389677
345.0068655989556,152.5399749395549,5.965017127777333,4.584031530554508
345.0068458680963,151.95838592097482,5.965056589495862,4.586816134906164
345.00496230714157,152.54174602362943,5.9688237114053,4.580811258232745
345.0880252612975,151.88231028354403,5.968473908109277,4.57347389827616
345.253157640614,152.54680584642117,5.969511439778945,4.569691933732314
345.66924588613466,152.38253620612298,5.965361495768681,4.5670205955162775
345.01100949741925,152.2999029443059,5.957846874765578,4.566788694346174
345.5070337640144,152.3023095171178,5.958078163831743,4.561975548722361
345.9212224297551,152.3047422543059,5.956225934272322,4.557110074346213
345.2612615071529,152.30757271437022,5.954568456198144,4.5514491542175595
345.5908387011256,152.31068324931704,5.955733276928336,4.545228084323919
344.92707352901743,152.31409147143935,5.963294872367239,4.538411640079307
345.2488051253098,152.39789501620842,5.979832462463054,4.535804746211302
345.9050429530699,152.56414946474544,5.989035022982787,4.5337154031471965
345.4915655939534,152.64554077080783,5.989410131980162,4.536248712869533
346.1558716995268,152.97483789363844,5.983702003544442,4.539106508563777
345.82672552713774,153.30483987093334,5.980703666943937,4.540393235352697
345.4975585585402,152.89113366558684,5.977845722071098,4.541315793460991
346.24070854756354,153.55486109943058,5.9789708872418394,4.536016608633298
346.1617734561465,153.0587634429884,5.971640967441176,4.537011305708577
346.1663042209181,153.71822769246887,5.962579437897992,4.538919585468573
346.1710607245267,153.30284263210882,5.9530664306808365,4.544701829579395
346.50722883120255,153.4618692394126,5.940517532355638,4.5565422724851565
346.8418154139333,153.54068210120298,5.931138152827357,4.563864995387757
346.18697160742664,153.6196191173707,5.921428765065138,4.570915588149276
346.52139415391326,153.70085721119153,5.912148587867684,4.57333062945151
346.9387176840324,153.78193601884743,5.901445571352723,4.575961822884302
346.2857432896729,153.94519144024892,5.8900493870209685,4.578787223344015
346.70163923882546,154.10916794529362,5.880957202095898,4.579914098606664
346.05058303507724,154.436239396309,5.867715280754345,4.583448360994881
346.55009099567815,153.9411885963732,5.854345175641654,4.587904144777317
347.04889754764764,154.5144329178816,5.841585518830627,4.590411190076282
346.48200616921997,154.34932792676918,5.8274540203408325,4.592645670773955
346.8157959969164,153.93699321469907,5.815105395972359,4.598276306133709
346.2496096086844,154.59204821795285,5.801507309667674,4.597847285647413
346.58252044224434,154.51030193964132,5.789665200232265,4.597844952849347
346.9149090123636,154.42870184810562,5.778141792041733,4.597731702908785
346.0231779702819,154.34572577725768,5.767118661085775,4.600548825048364
346.0273511592312,154.26212760024939,5.758772283187139,4.604733420342081
346.03144123639464,154.17863074979417,5.750592128860269,4.608775474224631
346.11735564392075,155.07341784242905,5.741655032904566,4.61101019901588
346.1229842901335,155.06976406091164,5.730397740479023,4.618317762050727
346.1278741364908,155.14514224036148,5.720618047764441,4.630297884994606
346.2152566509974,155.22095375953293,5.708633330078451,4.641455157978912
346.13852271385485,154.56422146571214,5.699324432792035,4.652705573048905
345.7360613402282,155.12558540525532,5.6901688700296065,4.669687327984544
345.3332044639093,155.687396153434,5.681135894303995,4.686711251336084
346.2333353389664,155.3529615013429,5.6748126679378235,4.703239274155409
346.23806756606024,155.10050526624548,5.665348213750118,4.718387519072272
346.157746640462,155.82720749452176,5.662636755115533,4.735162851000108
346.07792866566376,155.8190157030112,5.658690764019248,4.751546434021228
345.99865997503224,155.8935651874202,5.653443082678587,4.766232527807001
346.40389888678436,156.5536634045893,5.662668278429901,4.757560924277705
346.97887312208314,156.061598963154,5.66032265907281,4.75803022037075
346.57156943552167,156.63587651036008,5.655356780424581,4.756877678438253
347.2318853562868,156.0611753711325,5.645280988606202,4.759543413395472
346.8281624671208,156.71594646431825,5.634191724282799,4.7596572952723974
346.4252237769453,156.38760446643877,5.622380358752332,4.762190294326171
347.00162754821906,156.38545676151693,5.6133463886042065,4.766485704169814
346.35381431857337,156.38276475274816,5.602365996825278,4.771869721707387
346.8417304635761,156.62907588664615,5.605990889167134,4.768976045085072
345.8671731957308,156.62722034558308,5.596077535515409,4.77268712721123
346.36412741922265,156.95462032855838,5.581122303549739,4.77052263793928
346.9413278086571,157.36195125758354,5.566972746190366,4.7703259381100285
346.37963992482344,156.71257188863103,5.551650068935857,4.767715024675879
346.95413982674773,157.2847426414224,5.539397155592486,4.760120409598437
346.39397528095174,157.04269915411467,5.525159106931085,4.757964324105272
346.9674071712536,157.69097257433125,5.511078997603611,4.7560273937022295
346.3267958773091,157.69427889936716,5.4996826056295705,4.749414743630412
346.32808055826587,157.7785031311694,5.497113243716087,4.742261237300579
346.4102653577808,157.8622963778135,5.493884055810655,4.73581515513684
346.4932137232094,158.42862156544376,5.488974328726971,4.7300738062902985
346.7372271017415,158.43174475601842,5.483404306872547,4.723827425140973
346.25453386724126,158.99892608583278,5.4849957765937765,4.713892264671417
346.7319219072284,158.43747617427834,5.49320532202911,4.713308858135746
346.251803372397,159.0761592636389,5.4897514643782275,4.720863915833053
346.813059376489,158.51882942792028,5.492020995669511,4.710742047795081
346.6528187608544,159.7266297744807,5.491390983673637,4.703475679161425
346.33040381420426,159.0876772079485,5.494504214537261,4.697947487352447
345.8491527688749,159.73339404665933,5.494675545836181,4.6896214890772265
346.57518276162205,159.73284720052268,5.48493134253274,4.690715181350522
346.50043198073035,159.7320197424609,5.474308574675871,4.692370097474134
346.26222655648775,159.88998929168565,5.470759186393121,4.696404490203271
346.9017047140658,159.96729277894903,5.471776278660129,4.701794191604397
346.5024425405819,159.96418208164332,5.469805870339213,4.70801558621581
346.02316193451026,159.9619710687414,5.467356848520214,4.712437612019649
346.58148419493506,160.51855389837777,5.4721226992433785,4.7206823243196085
346.01942653718834,161.0761780861825,5.473385332871943,4.7282866305750435
346.58124888864637,161.16092462935904,5.473584261573826,4.719342634453094
346.0996985333209,161.16449406860156,5.474233183694432,4.71220375596806
346.50154166735473,160.9279655850792,5.472067284559365,4.704348501653285
345.86104548502726,160.6111703621439,5.471903929282009,4.697361087557711
346.1819011472915,161.49435978961242,5.470311546609736,4.691309322725408
346.6619164585278,162.13795017747512,5.469728472300649,4.683391944551293
346.10296091736296,161.58284824376167,5.469237422070427,4.675193679418396
346.5828370059949,162.4645754777142,5.467279797498869,4.667695891449416
346.02337926495466,162.3885619782191,5.469823443460685,4.660241199565527
346.4206354789308,162.71205233677014,5.472316827354875,4.6508651319407175
345.70168921933936,162.0787433635181,5.476609072431082,4.643171723683212
345.93791882270284,162.63887989561766,5.481844221821095,4.6375188237572225
346.0168405883229,163.12068758696435,5.483222001669031,4.629231307591896
346.7374019299591,163.3589268082143,5.474082148359729,4.6300804750797
346.66322474909225,163.75646545736186,5.463454678053014,4.629912336986402
346.5093747786322,163.43843521205778,5.453524421426284,4.6307124325009195
346.51528805787297,164.07156076481422,5.441697862944782,4.633858656941142
346.5209070507926,163.59331044698962,5.430459877105581,4.63910352388955
345.96753439251995,163.91250684974065,5.428031888026624,4.634524035887024
346.9235187554702,163.59456596999055,5.416169831868608,4.637036905473085
346.8498694349685,164.30452183100797,5.4052691664090755,4.640918941603555
346.77628688263735,164.22334497241206,5.394341103183733,4.6451794909076005
346.7817890997059,164.14279159489342,5.38333666904654,4.648293643769724
346.78716934109656,164.14065161420297,5.372576186265348,4.65257360515064
346.86750564364917,164.37771345892395,5.36967813102019,4.65177356528917
346.9505163894287,164.93045732562734,5.361373506962817,4.650303904393668
347.0337219094588,164.37950576403165,5.352527231341354,4.649253676513399
347.2750299513864,165.01005221506324,5.342144108568982,4.647448670671
347.35825819746265,165.08766871795564,5.332908910058497,4.649436958528143
346.2626086220541,165.24524277574358,5.324665932637231,4.648509146986335
347.3650488255659,165.79529748411116,5.317332060373397,4.647172997631058
346.4283159384235,165.24830900599056,5.3088067381706985,4.643321814254582
346.66715139896763,165.72225110708047,5.301052249738467,4.635270477386953
346.7502172045145,165.17579113993094,5.291310321099703,4.633462634501667
346.7544567843133,165.79811534001067,5.282831161502165,4.638492459287465
346.9939575723518,165.71756869413977,5.272306346015476,4.643426830832479
347.0765276578191,165.79077028746636,5.263240919843807,4.653098388942267
347.2374973722286,165.94151626892173,5.253479302512865,4.663784237519563
347.8667352476352,167.10665908873958,5.243870267182824,4.675123689414829
347.3246884039901,167.17885022820747,5.234981012413128,4.686881830773329
347.7197112691168,167.32880082564543,5.22588625769763,4.699361026112566
347.09885664328897,167.32201646981963,5.2176106010528995,4.7129297377641794
347.2588676824575,167.2372644121477,5.21026045239472,4.726097888268607
348.1226305865103,167.8591494108369,5.2034826545059945,4.733780989229857
348.43663852481836,167.8567237211444,5.201261303882006,4.738632368614842
347.89057726654295,167.85450238966538,5.197944250688226,4.743075031572868
347.9663548837342,167.7760686276982,5.202899524523261,4.743432047289682
348.1224252240357,167.7728588028104,5.20394555571442,4.749851697065298
348.1957366212122,167.92689870271644,5.214034689492987,4.755195753516314
348.34792209549977,168.55799608261114,5.2235720970215445,4.7486344181420215
348.50119685536595,169.26801684777573,5.231018756291268,4.741575693322335
347.7909544006104,169.270504861675,5.238490720388677,4.736599665523797
348.25671489215677,169.66286551024064,5.2491996592424846,4.737069970014581
348.80106679098935,169.1138330331544,5.260982520648578,4.73464826511573
347.70519465340243,169.74354909231144,5.2497296061259995,4.734071683770947
347.4739374647096,169.35362280414805,5.240725642418795,4.728060358276139
347.321684195787,169.98431994905187,5.231358484273935,4.722160852428492
347.9534039447528,169.59380290890417,5.221495382085206,4.7197096853846245
347.7220074192587,170.3773226683888,5.214774799005082,4.717715613309245
347.7245246452281,170.4549984479327,5.209740347066322,4.718732252434582
347.72710280319365,170.60976177564967,5.204584031135284,4.721817780076046
347.6502615240625,171.0011601888496,5.20199152662145,4.720396267556516
347.65174540691976,170.45261192936036,5.1990237609068775,4.724008399408167
347.41856886912814,170.99931352239318,5.196706472030285,4.724169397082177
347.107930631074,170.45271242556532,5.193223132819337,4.724041913929176
347.9649054990234,171.70125961206375,5.1967441168805415,4.725086769965048
347.3425407488625,171.07377216067943,5.19183231647317,4.730420372004628
348.0478429077533,172.48039735428355,5.187151335665354,4.729016658743757
347.5054650042448,173.64847326783757,5.179077960269281,4.734641651092303
347.04103871551564,172.941535155514,5.171436481228802,4.743776790991319
347.6683252895856,173.17575972602074,5.1657335434298215,4.743653978855645
347.12545769767274,173.32830931313455,5.159343056309007,4.750590710612773
347.67434969265565,173.4046149387487,5.153760366574212,4.754008216560354
347.3579119770146,173.7192244937322,5.162651403477601,4.748773500971988
348.76475858467677,174.10224157913666,5.157883514980356,4.762996365392825
348.53266683369054,174.33251157310397,5.153456862191335,4.771066532219641
348.3781542264323,175.19034778587823,5.149956673760751,4.774283822880103
348.92359447707906,175.19239549089684,5.152890963179793,4.77018841284284
348.45281646757195,175.1941414626683,5.157007525744112,4.766696469299896
347.981449220408,175.7429841902681,5.162250534890208,4.762751080145774
348.603732388269,175.27448785162656,5.167824840244995,4.762138276621263
348.1333575080667,176.21487487069336,5.170506148295926,4.757501143195192
348.83828432330915,176.44900422142382,5.167467240688759,4.758180682693582
348.762882423743,176.7614441757003,5.161994849741837,4.75840553445736
348.61133027398574,176.21188599559758,5.152710242777556,4.764160721986923
348.5387731319493,176.83463488231834,5.14168330119752,4.767792753768387
348.3881099241603,176.67636401359204,5.130955779504053,4.772280553949369
349.01713368281975,176.67472943953652,5.1203554922627585,4.77554970206038
348.86648136310214,176.74926482426756,5.110025381783358,4.782296307555678
348.8712273684671,176.9775491047402,5.100533371053443,4.793017403438879
348.87600674451465,177.20593726008593,5.090974618958272,4.803596489974153
348.8809306657562,177.98006508428688,5.081126776475274,4.813376704072436
349.0412771416619,177.8967165458682,5.072043202875034,4.824269091804139
349.2793252578452,178.35995945437,5.06345264722371,4.832794628230931
349.5945813626847,179.13603093279713,5.056283759832087,4.8390099770954675
348.9750641925283,178.820200995225,5.048742052753883,4.847381828544211
349.522452075541,178.97407921726912,5.044821122427501,4.851298194655727
348.9791992492232,179.59766440596252,5.040468133041682,4.850823408150582
349.6800363732269,179.28596789957848,5.040644802087492,4.851171568895004
349.2142023098038,179.9874769790764,5.037695980769591,4.850078832145307
349.76057113118827,179.91218450515203,5.0349002064326465,4.844957798789499
349.21608722560103,180.07051688511723,5.034800131948144,4.839455291904509
349.76111465894644,180.15068777371533,5.033192610112918,4.834605992544845
349.29551259915235,180.77509361584046,5.032053514488211,4.828918595245079
349.9207826277513,180.7734993227988,5.023774751941157,4.83210718132837
349.4587790267013,180.92810432963648,5.016561544424151,4.8333039708587275
350.15889383450616,181.23915187990963,5.012315453880843,4.831645992564215
349.8509487338614,181.7048445853312,5.00813970544038,4.8303595063162055
349.5438469879684,181.31632676064632,5.00262051087158,4.832741797742384
349.54462080289704,183.09931089578924,5.001072881014223,4.829055372458068
349.5488017641305,182.94022310801685,4.9927109585473275,4.837632460466878
349.5510527208992,182.93905220488227,4.988209045009997,4.839974266736005
349.47242190001356,182.9404004317923,4.990700547621844,4.837277812915956
350.09029326947257,182.9412813253297,4.993090592863848,4.835516025841162
350.62905666209025,183.48698463794665,4.998997442376331,4.827543035355186
350.16154688222025,184.1100926717377,5.005560322444375,4.819269207335786
350.62240180653185,183.64992274813486,5.01213910191404,4.811320426448498
350.15666112318667,183.498082155305,5.0154680572186905,4.805617474979615
350.69704216970314,184.5840078398987,5.017283525701401,4.7989212288237155
350.3104596927113,184.5866535562443,5.017566782850642,4.793629796132487
350.85115470070366,185.05415684187605,5.017655562726374,4.785605049892354
350.46539079238534,185.05174432932046,5.017327159881301,4.790430075003529
351.0868378345308,185.43121204264247,5.00997336793462,4.803707331074651
350.78054248542367,185.96548449770737,5.004413592694156,4.816925749490619
350.31925784396987,185.4958270471163,4.9990245817970145,4.828282356867992
350.4783098363997,186.1108645991177,4.990430395885605,4.836246448658326
350.6370382098804,185.79709929709432,4.982465757270002,4.84479283601336
350.02127095525356,185.79334710397342,4.975950817348101,4.8522972222552
350.09987207459847,185.86801284372424,4.9735210758238475,4.857738239919124
350.2571025907891,185.86493115789804,4.968700637688975,4.863901611571517
350.49222322832117,186.09473844126381,4.962985155958691,4.868812838173858
350.726756151946,186.71186345455072,4.95840837524407,4.873200322360312
350.18805902660904,186.5535651480941,4.952013417835583,4.880142875821487
350.269720997812,187.94355059946753,4.943525548249064,4.887221283824121
350.27422207359666,187.9391845026341,4.934523396679724,4.895953477490997
350.2786557792015,187.9358443442811,4.92565598547012,4.902633794197009
350.36059114060504,188.39694400831598,4.916561373507876,4.909091131196357
351.21224712817605,189.47841667755878,4.915330811633135,4.9124312277781845
350.7493137312641,189.4756888538759,4.9125901787664485,4.9178868751439735
350.0556779708525,189.62847286420805,4.906565789753681,4.921940167776513
350.13605984740695,189.2400296487034,4.900581610681531,4.924928728602273
350.2943274636274,189.70255534247883,4.893511033293237,4.928271306208751
350.37497169357766,189.4672224269719,4.886896068856766,4.934916650829957
350.455866448606,190.08289667887712,4.87978031268995,4.940958178137803
350.7483590022865,190.4376815907565,4.882473002814049,4.935924769938911
350.7486026921822,190.70361645226058,4.88444154856554,4.93054825482273
350.7724192313747,190.95582634202574,4.885326034887941,4.926723508151657
350.7682253826183,191.2038240361879,4.88590850924337,4.924469902640649
350.78684337318873,191.44374000066446,4.885753201139431,4.92243635738934
351.0186738777346,192.06181896035238,4.885470416089828,4.921953702125863
350.82217485998353,191.98174841682072,4.886379891962826,4.920579419442393
350.8207442472827,192.2249941035935,4.883511970458673,4.923174369692047
350.8999847167232,192.76351507363563,4.879466721163225,4.927182256706874
350.872154742071,192.74928558629483,4.871848610300368,4.941293943469208
354.5846037905596,196.3741071359112,4.864712621679826,4.954876242002312
354.5856107641009,196.91142863725995,4.862698674597123,4.962696194322796
354.5861287857424,196.28752827358574,4.86166263131421,4.972667926010512
354.04075545782206,195.8182211366859,4.868327121187017,4.982068914694841
354.3497809902906,195.27178646213903,4.870763102769911,4.98908593237846
354.3510672167721,195.19130634819223,4.868190649806891,4.994775742282405
354.2721024364316,194.49528911336486,4.870801103247041,4.98893824676908
354.34693428324374,194.49661660113244,4.876406109022727,4.986283271233883
354.4217021258698,194.4218732063837,4.882185957087901,4.980454527414039
354.4221562694141,193.87724795875008,4.8812776699993154,4.982498303690736
354.1107377057031,193.01821692557954,4.882782757489948,4.991897260220891
353.79512291840996,193.09636604096588,4.891994738177908,4.991103427922797
353.6426041880396,192.54557853713493,4.885757429427333,5.003216742365294
353.40970106463516,191.99843093426134,4.884376285272816,5.007408035864331
353.8736927995812,191.92216037193546,4.89103152774519,5.004176041788662
352.778236569301,191.3004294539761,4.90035907593423,5.001017927780892
352.7771093399108,191.29366816337568,4.902613534714609,5.014540508981712
352.77471468757824,191.28749282508608,4.907402839379802,5.026891185560914
352.69846875869354,190.96966238602053,4.903451951092404,5.036781079464928
352.54036483145916,190.41532275942012,4.906588640717608,5.04971125571343
353.32130900966706,190.16958227603735,4.912581027327978,5.070827999571115
353.00289797141784,189.61009712587062,4.920546695922869,5.089299586073401
352.6835089532394,189.04911492472445,4.9288056358004875,5.107855569527148
352.130311740933,189.11862667047697,4.928840478109941,5.126883446922582
352.2089816929358,188.55773151199668,4.9298507531167095,5.140222510795905
352.2876163784161,187.99571750429945,4.931156561604668,5.154224270051468
352.2879085333971,187.75236698394784,4.930572251642607,5.164479763270732
351.9697600094681,187.11635405933274,4.93100318783988,5.164773389179424
351.49352042001107,187.27408864712083,4.9296146569747075,5.167260116862949
352.1331487976158,187.19022292779027,4.922317030049255,5.1759966644886175
351.5792829925747,186.30996971967295,4.916936521331982,5.18732689403836
351.0220283618509,185.82809065908168,4.917689681567129,5.196436928467369
351.10562931958833,185.2670703815594,4.909750227093472,5.203640256504139
351.109202224026,185.26201474609243,4.9026044182182025,5.2137515274380215
351.0316856294904,185.17866934622634,4.898343754733201,5.221148474614085
350.79270852254655,184.77434498955844,4.898272535932961,5.233088133469877
350.3124092183406,183.49227993535038,4.901707918367988,5.244782972614239
350.94692510171757,182.93311525938964,4.910791524539018,5.244761373226246
350.6282784654586,182.84614894501206,4.908451413643504,5.2587856561280475
349.9922253707459,182.1978918764785,4.8998359631506885,5.274578153277039
350.0740295293334,182.03842491135794,4.896427467479699,5.273112440510137
350.1588558928842,181.4727154190498,4.8868975070369975,5.283672058514199
350.1615949170786,180.34788872104525,4.881419458648173,5.291421783259425
349.83685120651734,180.83154853587683,4.8902281106406935,5.285120307291324
349.5130605663652,180.19453940987017,4.896963244158598,5.277446265731858
349.7511778915125,180.1124476393617,4.901325323758512,5.281430896783965
349.11127732058765,179.9475551909348,4.898483004011035,5.290554928238443
349.5943158279497,178.90345852927854,4.894971523389684,5.2931895943285285
348.46912659205856,178.34553372400023,4.899570239503773,5.286149327051006
349.1062615771724,178.51049650326627,4.908309456004847,5.276976065201162
348.5379023579318,177.38905425066162,4.92242440681347,5.274653595065139
348.93305627408466,176.8216518797967,4.934916341708054,5.285538662714483
348.84634470054385,177.70364410643035,4.947411121226694,5.291766252640327
348.2799388277873,176.9813235547103,4.951654245020102,5.2853905567267345
347.63219869766914,175.77651554498522,4.957599424857044,5.2771283004279965
347.78909411884524,176.42478508777168,4.96612293479572,5.269846624018923
347.7852275225589,175.86293882026706,4.97385612736846,5.265288751978578
347.7038934366642,175.45918065704507,4.97529425253139,5.266654845290286
347.62797767796735,174.80897198234584,4.965851549837105,5.276878433984433
347.30199082195304,174.81100835393377,4.972688294929383,5.272805690808569
346.73557044818824,174.16288565630634,4.976225654033869,5.278418642149016
347.13421071548447,172.95383577232317,4.986309770957686,5.274424455566807
346.4863234748688,172.30884839167774,4.989520734989063,5.2718356996578075
346.4850950883366,172.2300121395256,4.991977508053474,5.267927330072633
346.4842538971809,171.988854442647,4.993659890364865,5.265566642499652
346.40618926123835,171.3427271693222,4.9882407263634,5.265433702057411
346.0065736187229,171.25956197592492,4.980169830473991,5.270303652667859
346.57189031705025,170.77626636679318,4.97939672450334,5.268443193202117
345.9302485819235,170.93626734848476,4.971742144248361,5.271175742446055
346.0131936031752,169.7279633584731,4.967140663189812,5.268455300795236
346.1721680480637,170.13105424418927,4.971537825206948,5.268138658848341
345.4496976858278,169.40243081894442,4.965338035573498,5.274244995232666
345.36985385595904,168.8371847889894,4.963790764927681,5.276092542459648
345.2044255345814,168.8381419248774,4.972168899224983,5.274178270683658
344.7250096441929,168.8353501187807,4.9629470359065255,5.279761882877038
344.96730341903475,168.27332773926534,4.96220912069858,5.274824161464022
345.13016670758856,167.6326663521228,4.958871201736739,5.266592303165948
344.24437236274036,167.63938005501228,4.959320289383502,5.253164897387021
344.24231840868595,167.0004501786074,4.963428197492363,5.244545496755412
344.4826205660737,167.0032871706181,4.965044635670356,5.238871512733981
345.0480667171676,166.99948303210493,4.95889222341616,5.246479789760324
344.0055287000869,166.03191360164294,4.954886900796515,5.253235859809541
344.00843419550006,166.02680260614076,4.949075909970292,5.263457850813898
344.49396923751334,164.81190082041644,4.9428553330401055,5.281137654521306
343.6051675817673,164.89430208753149,4.949615625096339,5.2773208493308355
343.5199462460878,163.52988974076789,4.959024850882829,5.268576968125013
343.4345470847095,164.0975609575794,4.968777022055533,5.260557595589816
342.95242494416584,162.9711544327157,4.966568305547437,5.2583136509279695
343.441600255498,162.32419659297526,4.954249937522712,5.264186324222681
342.88266303634384,162.40507744015824,4.945812127999782,5.263326379546921
342.80498568160584,161.67761425918758,4.94041244287401,5.271463190072022
343.1271682154844,162.0824223277188,4.93923062145787,5.2658261109359
342.72701382585797,161.51768040186172,4.936094508420936,5.270487113444282
342.24158094729205,160.3927227712383,4.942688257056601,5.270434354866482
342.23980608343004,160.87716451528948,4.946237984780656,5.266446094578992
341.75706352617743,159.83632000083801,4.9468636635575995,5.257606346070782
341.7580213878741,159.35408282848144,4.944947940164202,5.257990569808431
341.7614085214997,159.91513058866738,4.938173672913125,5.260496073114953
341.76458542491247,158.87121354063135,4.931819866087481,5.260674230171641
341.76719983269953,158.62881830192563,4.926591050513336,5.263992216626575
341.7681570446143,158.2276424792584,4.92467662668383,5.264045689534423
341.8496720604472,158.62964707617218,4.922076661824768,5.262186829740633
341.2848715825567,157.19083731921512,4.929159423574442,5.253330987574365
341.7613093151632,157.67188407049682,4.938287134568031,5.253240661217551
341.9228305514872,156.86835052881634,4.936199341565044,5.255534346353344
341.9212075387056,156.1445926052269,4.939445367128261,5.258729781681452
341.91466033685145,155.82628710039182,4.952539770836608,5.253014772271073
341.9091108809036,155.1864846085898,4.963638682732269,5.24701992610671
341.74635981331727,154.9479565239999,4.9675762364946054,5.241729223171042
341.4207279334944,154.30810856616304,4.975792110722774,5.235329368009626
341.58661201005253,153.82582286754592,4.965608110657463,5.2351483060908475
341.027155830014,153.42506417308573,4.960125782347374,5.233526631877565
341.27066303003807,152.94415126345274,4.954657954246754,5.232259307248695
