150.32000732421875,150.97999572753906,5.809999942779541,5.809999942779541
149.16638588226368,151.1291093889749,5.836297957415443,5.792717489182073
149.61125230111855,150.49647803673898,5.8622340198246485,5.776043733487383
148.95644164935965,151.14645366963603,5.88890436657389,5.759043424461823
149.40231593621277,150.78651943800145,5.914302786174765,5.7451942930853095
149.84868775261722,150.42605746460376,5.939605648096264,5.7316810440963435
149.1968621007483,151.16694628909082,5.95670946181064,5.720243383720461
149.6488146112389,151.17022778270052,5.972202413721314,5.713680396501037
148.9986775407259,151.0817889018773,5.984347810833749,5.706539766159839
149.45201474129158,151.0854076029363,5.998150760983842,5.699302364041852
149.8996800769876,150.90448207559595,6.023804239810618,5.692759758635018
152.3028762467129,147.3865213202256,6.014266446624103,5.717893855605089
149.2422895666061,150.34631809582595,6.038897986997025,5.710098432734731
148.95396643291645,150.35429317737436,6.0605278999883705,5.694148269637922
152.74589007897,146.83116885284952,6.065392321349451,5.706956794009803
153.025384257939,147.19104610623643,6.062513484582567,5.728681648797477
151.91355640844708,146.16194694750743,6.058135108916665,5.744515397826465
152.83540986071046,145.8817305239553,6.072949271154689,5.747391924901294
152.92721353663697,146.80366953533863,6.075471373241257,5.764808441530418
152.92664893973262,146.7032487840857,6.076600567050005,5.779204890779271
153.67856504809376,147.06479615429046,6.066295647640945,5.802873799026414
152.6452218697883,146.04041718430048,6.0770320048285456,5.7956817395829905
151.88301690929055,146.32214121699982,6.105771965143872,5.793109909439409
152.43515049798106,145.76535038067016,6.125711547003638,5.782484822857976
151.86735284806355,146.23682769865522,6.13623978722301,5.777086069900874
152.3307798029135,144.65152066404238,6.147336455809489,5.758668172953056
151.66790525770344,145.96800740023903,6.160787440911347,5.750290911196257
151.94231918915165,145.87779168631084,6.174604136977772,5.743174152731674
151.27657494808219,145.78623210641703,6.192537010286877,5.738642511257945
151.5528202846918,145.78573754661542,6.203622127794332,5.739631630861133
151.73835081118543,145.87464204564787,6.208655572950905,5.749869881868142
151.91951973229092,145.9708710805487,6.222894899348038,5.745700396370607
151.2518446479535,146.0661061647869,6.239134553717265,5.743674587080712
153.04047521325242,145.97420367527724,6.246514589678763,5.738814241544262
151.9054567993694,145.69879611341165,6.2521154653138,5.72352037724272
151.14413401968162,145.61008694193023,6.266386975399757,5.712391964044324
152.55307737614598,145.24195354989004,6.277376450694167,5.69429176459858
153.20646541761673,144.87407493499566,6.289920436714598,5.676151812123348
152.73371250476296,145.63409041158476,6.293525759041109,5.663161664354775
151.70130801075578,145.72710184125893,6.287817297021531,5.6653676641004935
152.915935607045,145.54453978480126,6.3048412188557625,5.654141144029285
150.93603776345398,145.64247316605267,6.31116173006883,5.6465351041916545
152.1530216493189,145.64758184719065,6.324280859507592,5.636317741915664
152.1479383793076,145.5575559279742,6.334447399530219,5.628091608711148
152.80112926858342,145.4724197177885,6.346195860998002,5.610059709079738
152.7950007684353,145.3834208424137,6.358452861294286,5.599859210693009
153.1632703381768,145.10721895919465,6.374814209436789,5.5875876114119345
152.3087495739652,145.77001267613755,6.389315285731737,5.579976084737063
152.67969916066335,145.39750605849443,6.4009561866766305,5.571449245682121
153.12461105949635,143.91735896271018,6.415215973779713,5.5548355091714825
150.48033221774602,145.80685174996339,6.42905044751317,5.543509370213056
152.2618395451643,145.81142896565655,6.445925945646284,5.534354938826681
151.13122439601747,145.80953951694073,6.444805192601187,5.538133836258367
151.97388419756282,145.90772270644698,6.456639076671794,5.530340066930447
151.8712886474888,146.00606856133524,6.473199810173614,5.522278723800122
151.77081044798015,145.72703062241564,6.485399484791833,5.5140844284421
151.76549636851098,145.54487042132456,6.496027643730199,5.5007780014056085
151.28701945716367,145.36362436177396,6.509164102749799,5.485743175036743
151.75455848430144,145.08621428385058,6.517707100308897,5.4743906997827425
151.27800285548506,145.7525712523762,6.527452506022893,5.462388955417766
151.65112968160133,145.3804283037607,6.535719128305918,5.452154578133197
152.1174962278228,145.00896580959537,6.54594861399534,5.440709503957979
151.5458189994588,145.77034664069384,6.55790974822353,5.42647227176081
151.82250345382948,145.30583056546718,6.570100947754956,5.412904241759528
150.87744639817538,144.93243698729432,6.5753287200295825,5.405736862491763
151.061895201118,145.5971669909023,6.583337732236687,5.395450018599234
151.43291995544573,145.22695524615327,6.594929416639725,5.382232315038848
150.95817833389182,146.0776247264069,6.602538363112824,5.376267088474031
150.95629777984377,145.61012523889391,6.606299471208965,5.369289411978956
150.57969288533897,145.1419576036713,6.606148239302625,5.363923406279276
150.9516973425931,145.8070813764051,6.615143822517366,5.351433731826948
150.57723502146453,145.33432966904607,6.611319840118073,5.356001365724517
151.23628414359447,145.14724864815787,6.610638154366738,5.353758676498475
151.05417445068218,145.70893497601412,6.598546334669827,5.359319637350433
151.15351301249527,145.23607153932105,6.587929086968737,5.364747131111011
150.97111125619818,145.70589208604483,6.5767634937130754,5.365028802287938
150.59966077317924,145.0472245203324,6.568394346996261,5.367641236392052
151.34956247295855,145.70864084874412,6.570439980788457,5.358926483750564
150.78985724018713,145.1444102053927,6.564120355722537,5.361657679844644
150.2292950406303,145.70638182677249,6.559832500503165,5.36312669141814
150.6097995131502,145.5205647960782,6.548929733509967,5.359707663783413
151.07881709422895,145.52667688917126,6.547412945370545,5.347483477597253
150.60824256195386,145.53477387181886,6.5531481496258355,5.331289512302094
151.25975831383127,146.00903187429574,6.558479988890625,5.317318752362339
150.79073698721962,146.29582828306653,6.562697984172885,5.304020729585362
150.32495835969962,146.39271528788143,6.561182891549123,5.296861189488338
150.97488883747116,145.65405092015305,6.5666490433894875,5.282387516506908
150.32931772150536,145.65860607016884,6.553517721569072,5.273277216475333
150.42782130714164,145.5726132901201,6.54248628437761,5.259287042491683
150.52616146312562,145.48672696064776,6.531385818753196,5.24547985509282
150.5325944983369,145.4932099769058,6.518519748330688,5.2325138225766965
150.54027950489694,145.49832973291177,6.5031497352105525,5.22227431056479
150.63969339654042,145.50335431745597,6.488698656850898,5.212225141476402
150.09517035614053,146.15152462106872,6.473791580107162,5.2038298847183215
150.6531495113168,145.7881578064556,6.4595981390022335,5.196053601112878
150.1102749726983,146.43355232958547,6.445644809030158,5.188250696597038
150.75743997044478,146.1632639341712,6.431917484111187,5.179997771465325
150.12481429903002,145.89343875048735,6.418976403434825,5.171851385901913
150.58743936880856,146.71733213054546,6.405068189092743,5.1644800911726145
149.95779125922326,146.81153086411555,6.390815497521761,5.158018182709803
150.41834795775466,147.08708969844963,6.377762915589463,5.1517370031199246
149.5169229734811,146.54849692176936,6.367511826487665,5.14106192189108
149.61404981055264,146.82045607052163,6.3542380663616544,5.1400833664378665
149.7102890175359,147.00224880121647,6.342519947141799,5.138018494541513
149.80530316480733,146.3747317211299,6.333038597529754,5.129224040198765
149.90016581826333,146.557351700806,6.32357231464393,5.124502128898879
149.90510032493677,146.83244769738025,6.3137033012970525,5.114421861099743
149.82083852953522,147.1036463443189,6.302504332073635,5.111192247301957
149.82550839911136,146.48002131024052,6.2931645929213405,5.101954112490775
149.29449196742914,147.01841100242476,6.279965105710084,5.100407078698043
149.92347298996165,146.57576185876437,6.274846468782218,5.0908172173493815
149.7435377132818,147.11768423805685,6.277229312330214,5.079435588199574
149.38833000597697,146.76571815335663,6.273259693214136,5.068982723874283
149.12128555791705,147.3960926677889,6.272250261679133,5.056796459537774
149.6603257728841,147.13313848926805,6.263089651065966,5.048244906919019
148.9498011573284,146.87296185675305,6.2611450689054164,5.034975491972012
149.13158603960701,147.31997165044498,6.252834234498723,5.029103229964529
149.21586029393882,146.88523923162,6.261692548897381,5.011533952303167
149.3000744925829,147.5143232087577,6.270522158260855,4.994172044589388
149.3843437901335,147.08027807762747,6.279095413754658,4.976703053874763
148.5856796369509,146.6464055344386,6.28378578464005,4.959649287208154
148.49646602097306,147.27341810430383,6.285458288367615,4.942907245074535
147.88067014044765,146.83874333919692,6.281491421771781,4.929714898397838
147.8812602288334,147.021715015041,6.280311245000209,4.916238135337385
147.5306884369051,147.37983865094736,6.277470136954744,4.9039755554267845
148.23465756497234,147.73813008674526,6.2755584990417805,4.8904059929417505
147.53372818144308,147.21712559640454,6.2733901736431665,4.879394654280357
147.6196295999505,147.75023789727695,6.27687842234599,4.8649165668417
147.70726189926796,147.14400592012086,6.27672257729244,4.8516192460844545
147.7924403960289,147.67564837639048,6.281255440865371,4.837673476114034
147.79109122998895,147.15804839355323,6.283953772945281,4.824481964554026
147.79045325406784,147.6017622558049,6.28522972478749,4.809844862022197
147.70411384322975,147.25914467582678,6.28356959413486,4.797724212663292
147.61758718764884,147.87471505874532,6.282506969974428,4.785394994082004
147.53521815679957,147.4451789197445,6.273346458646867,4.774974406953232
147.44822745428348,148.0589460886458,6.273739037426755,4.762561852916704
147.1021421532352,147.71838890078192,6.272340806444598,4.750107395565777
146.4990036057786,147.11890609169754,6.266445134201058,4.736900246577724
146.5863759379038,147.7308816820653,6.2645624538182325,4.722982952915531
146.675725907764,147.3052299183645,6.258468437569707,4.711256862957943
146.93877053964326,147.8275265768106,6.249343578289227,4.700592355021662
146.25598318563576,147.4023907803363,6.238852796377764,4.69082301676627
146.26042087232747,147.92328643158888,6.229977422994376,4.679164095992077
146.2637234657229,147.41554232452074,6.223372236203515,4.66647443211437
146.1816252060355,147.84894337250032,6.216513830464647,4.654946961723514
145.8415579668744,147.00044562417395,6.213600322284901,4.644322492121322
146.52708003882776,147.0893970509797,6.206907052083438,4.636963497723023
145.76690405251884,147.68560091243475,6.194364602264572,4.636806992263698
145.85757416318128,147.0915620093153,6.183152531886445,4.633987741875344
145.94751166920994,147.43265877466163,6.173188888201037,4.631439684670306
145.18840168933022,147.69008232103715,6.16394673344326,4.625746630091686
145.19506994649382,147.0151508704063,6.150610219116052,4.619735849656536
145.11806526142277,147.3535193340164,6.135436719515658,4.619730401406414
145.04099039872645,147.52472305160364,6.120634741366589,4.615226373315334
144.79545028544558,147.60994771265658,6.1057570730170125,4.613429682846566
144.96699550548627,147.44704133681356,6.099459859813825,4.6024492076544625
145.05869651353225,147.11260008791245,6.084179123460248,4.598846586502805
144.89725933947204,147.95449686639122,6.071394259601443,4.593349089441618
144.8201931081349,147.87332898705475,6.057981731213847,4.588139857052656
144.57547159285738,147.62359087328866,6.045658233980676,4.585849556796692
143.99809114365587,147.54014703538806,6.031207206818119,4.585706957517094
144.42222756736334,147.45618897125698,6.016972537633919,4.586815450133154
144.9289083320737,147.37316281063647,6.00326292421683,4.586259118706919
144.270397423299,147.37297348583743,5.9891610923907,4.58663776830499
144.2725939842858,147.2944851726571,5.9847679704170655,4.577432921176167
144.44520466609927,146.88345030039594,5.971475274616393,4.569680996132767
144.4493076708004,147.46897632326147,5.963269265214117,4.5580746242344
143.95915564067894,147.05958979623588,5.951649682444711,4.550244642441951
143.47063261443708,147.64013450502168,5.93860197651504,4.544264609686009
144.13578971581703,147.06623505453425,5.92603997606508,4.539030333639754
143.7303299745671,147.72700882755305,5.9147495173159825,4.533018693600341
143.24455636047497,147.23641549851078,5.901266708398428,4.529175314583089
143.57803101589536,146.58378799323827,5.889930360559301,4.5232043991248565
142.35810504025923,146.99316970277437,5.875289157977289,4.522605364670692
143.18240506581176,147.23707107866224,5.8606850949428475,4.525001409316114
143.10805966526374,147.8894860016772,5.8461602773155725,4.525896513072707
143.1152575464403,147.31901464716896,5.831764514962434,4.525780978469301
142.38864713666115,146.09674382798352,5.819907074588562,4.528525516953235
142.39330210160753,146.90975950600912,5.810597144695802,4.528993215894107
142.47934454712134,146.8282609980879,5.801027438299815,4.529475047104914
142.48344437274474,146.74714419163465,5.792827787052975,4.529331967874237
142.16398961856862,146.42141962908897,5.782741442814215,4.531785240374529
141.92595735214934,146.17707094860404,5.772402295523958,4.534078921215565
141.52658283201373,146.8242204709461,5.761083119869324,4.53588902201274
142.26057381865,146.33701174260437,5.749929501385932,4.53908757550346
142.1843912375284,146.01617897347109,5.740543644721718,4.533749038140363
142.10870155205444,146.50048117878436,5.73040240202835,4.53426830936111
142.03269110305547,145.9361326693968,5.721049554711071,4.533349110929583
141.8766019629905,146.25734537600258,5.7107966924860785,4.5357859824277815
141.8006331461457,145.69382265684763,5.7016362789803905,4.5351450903707295
141.2402631915561,145.8571711144676,5.695745202519691,4.530342742456494
140.67974350198628,145.53418453331278,5.691330892132738,4.53319951075091
141.32713327202418,146.09546949605587,5.6826136584219205,4.535934103334144
140.84887651816788,145.77282813636683,5.6751160783487675,4.538542764188409
141.415522760289,145.20889080088085,5.665994589811693,4.542246439455223
140.93733850698266,145.44743395561957,5.659267079253838,4.546708138563031
141.50062963804623,145.6087632849331,5.656080518145592,4.545019680227102
140.93921196669044,145.69059166052935,5.656053857531579,4.54177178665251
141.419276124657,145.7725870976959,5.658060505948426,4.5381367397110655
140.4613719524125,144.5680756997098,5.649936356834219,4.542243918679343
140.69971202447684,145.69389985379811,5.654065081831187,4.534370333088752
140.70192829642284,145.7748052613985,5.649632537939149,4.532764906491575
140.38080759560515,144.57863291173578,5.651428408651139,4.523438864854508
140.22214862392167,145.38189303284688,5.648770790407532,4.516796430685199
139.98321533364916,145.30576872057222,5.647119317971768,4.509205704240907
140.62483508945266,144.9072724515317,5.641407495674037,4.507743436503606
140.3867813246155,144.83074296632998,5.6387759829622635,4.501222726111659
137.5971459664841,143.63926086630377,5.637870409778383,4.49268280211551
137.7578801739522,144.35742636502758,5.634964462375926,4.489882908569834
137.9972701485009,144.2789595510817,5.633758357320222,4.487625255114361
138.31668656410048,144.19931435358174,5.631470234825758,4.487779472938126
137.67909135907007,144.1208091469446,5.633831780600591,4.485686278176689
137.8383080594125,144.0416395772306,5.633610083103813,4.484919566010609
137.91609799614915,144.04112243727465,5.637120226682771,4.485953845922471
137.9123067755673,144.04424021220882,5.644702667846514,4.47971829605415
137.66794116328603,144.04899183511975,5.655907087604116,4.470215050232296
137.42378932930552,143.97402273391842,5.666631883177984,4.460960295172575
138.61863894303895,143.49750950170514,5.6650353240323446,4.458745692270643
137.42176626218534,144.29812748730643,5.6715842472423335,4.4489740133995594
136.78123383652905,144.22384648524883,5.679946198499039,4.438448155007809
137.16182710084576,143.5740427234754,5.692655442779891,4.429191617754817
138.3602864236487,143.97216838408423,5.682062885575749,4.428382326004443
138.12533013903337,143.25939886343346,5.675235548645449,4.423701648823093
138.92360775407164,143.09887012246332,5.666008059030934,4.427293582670992
138.77036809441898,142.62079863233865,5.655187194088631,4.4315360101774806
138.616962362028,143.2528154372762,5.644891556580536,4.435930809462483
138.30445116986448,143.09226047027158,5.636044164739932,4.440105855387896
137.91166585339172,143.0126060487718,5.629615496133676,4.441014838077126
138.54812339342024,142.93166685368217,5.623230085621523,4.444577019563253
137.99947388222932,142.77081462671762,5.612595126774505,4.449728907427015
138.4786812738272,143.32347104550104,5.603362528847379,4.451795286006853
137.85216029531134,143.0047641776409,5.5916915574083985,4.456852557491775
138.3290224878871,142.3711908103106,5.58592095328764,4.460060917444784
137.702515472189,141.8921662691502,5.575288057729281,4.4703748045496
138.17939161617187,142.20566346930585,5.569295798997453,4.4752204237275945
138.57767280990913,142.51872322507685,5.562466400602899,4.480887303449575
137.9504612699164,142.67293164346322,5.553420681887119,4.488337666352126
137.87633716115937,142.1938367092531,5.543753508065357,4.4990351867575304
137.8022628375588,141.55660027695743,5.533962081764493,4.5099874633328945
137.72834552401514,141.7880477461025,5.523829907944078,4.520992927765841
137.49642736655392,141.15005349287725,5.513699289003222,4.5330696105809
137.4224662282842,141.46065190783108,5.503593261740594,4.543985995881481
137.26933796650886,141.9284275613088,5.493751623087196,4.5567291755384245
137.27448194551567,141.29053120031966,5.48346366507352,4.567696090078256
137.12088905721748,141.28435825667611,5.474406140331354,4.580041977365319
137.8381435107539,140.6473404694082,5.4635269773439425,4.5886288904919965
137.60619191147364,141.19548084192928,5.452975077416273,4.599410041922095
137.13623997897403,140.47734569105256,5.443903698953958,4.612217478483196
137.93200916193166,140.31515869394764,5.434651864867515,4.62013416632731
137.6208030092884,140.15194719874162,5.424211581583514,4.630130862454099
137.23085413676162,139.59452919192282,5.413046339664924,4.637478694330664
137.78942784498605,139.986596268818,5.403005830560984,4.644135188643784
137.39786454086573,139.42809597571878,5.395583330132755,4.654367022705782
136.8489315480019,139.8973582493818,5.386334316072493,4.664798189483654
137.32715572391083,139.26029571913054,5.37898730395971,4.673454797046023
136.77823936569894,139.41437950875292,5.369359340524762,4.681704554903752
137.2569285206647,139.25254401638014,5.361132023351272,4.688991875396669
135.7535647300309,138.6937032145978,5.3624176612860355,4.699405394575532
137.105049053454,138.29275654221294,5.351703011691172,4.70945932838894
137.42631371599802,138.52532725041513,5.342624799410579,4.719406246590154
136.71887155507974,139.15440249154022,5.332078519387714,4.728305188215015
136.8030091924504,138.75348819220378,5.322163138503687,4.738334317601678
136.8873787744148,137.95588515295495,5.311790297162796,4.749877170220181
136.89214733693515,137.94943450965053,5.302253172122103,4.762778456829017
136.97593120570832,137.3894943910357,5.293132939657888,4.773526158483999
137.13936821804523,137.9388255320142,5.283213434585807,4.784204695133345
137.22327403447093,137.37919170480163,5.273895122639614,4.794019103222226
135.47628521711812,137.45883992309035,5.280767183440288,4.793227465458629
134.67896762087724,137.61931860396993,5.28941106040486,4.789468366802923
134.75516991474322,136.82816399304127,5.295680159569947,4.785040719689735
134.59455534642817,136.9887181159851,5.299508129203349,4.781333640798775
134.43474592402583,136.98960157259484,5.301725026750302,4.779566727579347
134.27495877942272,136.99045028941038,5.303884810351341,4.777869293948248
135.2243914148133,136.91141625232865,5.309584499507038,4.777223621450254
135.31255320801165,136.33920675420217,5.312292300841444,4.77399308239335
134.75561420395965,136.10201119661195,5.314692268349751,4.7720364658899515
134.19967946583301,135.9431431532734,5.315041248926879,4.7721952680881055
134.83309156047235,135.70702520321896,5.318589870947172,4.768041363959949
134.35607380508114,135.31002642297503,5.319912851297989,4.76811181575481
134.51623252409453,135.94407510479232,5.31720962167545,4.770471285737079
134.67380310800652,135.38927382409383,5.319674002498295,4.768454426870164
134.91138603735587,135.54599583240167,5.320934735985782,4.7726281383786056
135.06847358886557,135.7022495813917,5.324549838348711,4.777910845780939
136.26691240511317,134.90285626350084,5.313206704915566,4.786341148854676
136.11215142297706,134.7402472921547,5.304740901350204,4.793571323709407
135.00366993173094,134.25809126968434,5.296017544332786,4.804017794574501
134.84872338334372,134.4106308189355,5.287893662637449,4.816955674542038
134.93236015663754,134.48612455143444,5.279708390819469,4.825056484313786
134.93608569128455,134.56143211074826,5.272257321525448,4.833531247357437
134.94112572032938,134.6363459061846,5.26217726343577,4.842812435502453
135.02067441831701,133.3648523776842,5.262179300049982,4.840208571071948
135.02613398277498,134.47426084474014,5.251260171134055,4.848203956105319
135.19050282258894,134.3122841149278,5.240552515039835,4.854127392196291
135.51226454718386,133.5978897489987,5.232797928207992,4.852436183748896
134.71986552845163,132.7268509908475,5.229652532900559,4.847775924002214
135.19880471406788,132.72849387181517,5.223801194281881,4.844490162066929
135.59831403699263,132.88721495427495,5.2174207323499,4.844103270714358
135.0490590806349,132.33058751443815,5.206977148583262,4.8484046539057735
135.68666061098614,132.7247749000026,5.19839246259992,4.851666366976399
135.21649440611418,132.09122962059,5.189254308620888,4.852796174170929
135.85333704373846,132.40473200121144,5.180531711595914,4.858272752039864
135.38359793007376,132.47991127856045,5.17158367787795,4.865985240849762
135.94016369582002,132.5539550735884,5.164827593379666,4.875951286078716
135.46794126254437,132.62819541117543,5.1606356149095065,4.885576751741525
134.59968008664364,131.91235031037579,5.1570322893639196,4.893527762784248
134.68307579945878,131.98707781115434,5.148503799927369,4.902335697420833
134.68712386092656,132.0619618048273,5.140407676991777,4.9108367780503634
134.36632053524832,132.06143729022673,5.148906359378455,4.911885807251467
135.32045558231053,132.05865278682438,5.14175641984513,4.917454814056145
135.32060815930726,131.82298721587316,5.141451265851714,4.913577167321137
134.76310803067946,131.27084953918012,5.148094354997032,4.909495352596985
133.1728458328325,131.8271958809602,5.161096817185592,4.905435345763699
134.9168569381925,131.19507523147303,5.160410841078318,4.901554377606153
134.36365320416024,131.35329981347692,5.157717060115755,4.901991284748937
134.91750308140288,131.59275053427962,5.1588719517097115,4.898313262891797
134.28047716718086,131.04162903257546,5.1659831352193555,4.891983201982499
134.91018591794355,131.36283670066723,5.173593445079807,4.883081771491874
134.58999898754354,131.60413053192673,5.180542036948983,4.875563060671041
134.27045182087667,130.8949582398385,5.186253764573862,4.868796782002644
134.7325687086734,130.41477680782543,5.194531264077731,4.860366100858897
134.7238788013039,130.30348191076638,5.204087210030446,4.852616480294919
134.6895478549021,130.1873240907841,5.21211209966478,4.846586108599974
134.6235517076542,130.07204538636609,5.222314714466307,4.837296821306105
134.58364433717523,129.95053073321958,5.230548741613158,4.830569635013074
134.51827971495212,129.81482646561818,5.236639847927258,4.824617086334206
134.4578701195362,129.71090836320576,5.236265199715391,4.8274949788930215
131.68495040400356,129.0775788889527,5.2362942577796305,4.826540127856068
134.09533393573145,129.44221034293278,5.245922294012195,4.817660273423845
134.036343479997,129.35486707654522,5.244614922490396,4.809347169736724
134.0353683233008,129.23865208654172,5.24321219468875,4.801122909360855
134.03438087788652,129.1203853856455,5.239789544737924,4.793866397252826
133.98114215585116,128.98154926380823,5.241293983934859,4.791965664453701
133.91874195291118,128.85477048541432,5.241732405331699,4.788873940521544
133.85717831927033,128.73695432725563,5.2427516118038096,4.786747689511484
133.7880770353672,128.62857740800555,5.2541684484094,4.787682270603705
133.71740505068314,128.53272871976688,5.264005777242649,4.78876926384421
133.65443418413184,128.38512796281563,5.261722868671956,4.785467674922712
133.58293251643738,128.2857518720058,5.272968395127332,4.801504725566105
133.5216227897755,128.201505043022,5.276440147693768,4.793156901939985
133.4769469758739,128.08922810123275,5.277881302576804,4.790669868136339
133.3947640676173,127.93869398280287,5.278519445342885,4.789953381999629
133.32927318085777,127.79112320487917,5.286535426956359,4.785119580729607
133.29030274138648,127.64936188587718,5.281491960872242,4.787609457154496
132.42224814168694,126.21783926976141,5.273871998586772,4.797279697538678
131.63356030834152,126.68712234714238,5.265683553828215,4.810052009646356
131.55600443270833,126.04658286794144,5.26216286826648,4.822071473423349
131.48119090422242,126.27650283632853,5.253020897313465,4.838538620423682
131.40630449003245,126.42763247733205,5.243905043293934,4.854056703215645
131.1714506113742,126.49853997270976,5.236632632284276,4.871235101902284
131.81204528276487,126.96686109510466,5.228667411424091,4.889510948553366
131.3361227689085,126.55903912158968,5.224598371575557,4.908559839282241
131.8973197414065,126.15054045047191,5.219109659105713,4.927767729713381
130.85559460802202,124.79160844743981,5.225460524449827,4.929424826221966
131.25823279124137,124.3840247463313,5.219696483801056,4.9450799026490415
131.5806224748777,125.09506703982035,5.215159569890248,4.963540835735228
130.46275692788737,124.84589005409887,5.206939164941184,4.981048057407484
130.62643183675917,124.35775365547047,5.200451115305897,4.994735550339252
130.54934517937428,124.35783757336809,5.19407848056856,4.994567714544011
130.150748568754,124.27763205175233,5.189054549130556,4.994535327239824
130.7945217338942,124.19815708460837,5.184421657706285,4.993121081670759
130.234531310948,123.9593700378764,5.182518207158406,4.989887619517416
130.3969367987152,123.31978530717241,5.178083604722075,4.9875515885331465
130.79743207890178,123.40241530893883,5.17750161100851,4.982373298332208
129.8418489775505,123.40034331714516,5.168779980709477,4.986517281919558
129.68527302587216,123.2379286418462,5.162092880655194,4.991507629106485
129.04697630697663,122.59720176199636,5.159537686709421,4.9938127570693425
129.44852233954066,121.9564430538816,5.155895410077077,4.996210511705778
128.24454072994928,121.95801722187045,5.165797538309319,4.993062175728095
129.67971100264174,121.64177648509032,5.1750296901887065,4.985638605451844
128.47274699780942,121.24503888433871,5.188904074588791,4.97909593186689
127.98507822846314,121.80868646690642,5.203536840979301,4.972623001083857
129.42745381866263,121.1684934284718,5.203180734478259,4.971055711776226
128.46266180313097,121.56907010590903,5.2101995182308,4.970971209947917
128.5448046082328,120.52701366028293,5.2062362396264,4.970893790410168
128.46268790787596,120.3702156836804,5.210210589455354,4.963971641845887
128.5407602565118,121.01427064033814,5.2142775025679455,4.957554611604102
128.06099358019338,120.37464888289645,5.212769390714967,4.955409507167797
128.54572396311107,120.45477363336579,5.204004495675035,4.9552759846950325
127.82836055067018,120.45631789986608,5.198941190229754,4.952187451694432
127.90902490322439,119.98072326940543,5.197460970990356,4.944285797401448
127.66721414319615,119.3467852010272,5.20198217379918,4.9345610881639965
127.58583216177291,119.67027779977577,5.20512942263515,4.926042746708798
127.18693481736598,119.11601785785909,5.205269693150085,4.917846444923642
127.58392319099518,119.28039546852813,5.208308378498968,4.907897396628468
127.02525426054807,119.365057282288,5.21059688328055,4.897866534267658
127.18619551061194,119.20860785747948,5.207053090529753,4.892426676507787
127.18618862697231,118.65641787825034,5.207066857808995,4.883613224573367
127.02849186074558,117.78574394147478,5.204684517085964,4.877193795653712
126.55504202502489,117.70814471924689,5.199091418238158,4.873643445061293
126.08200320589354,117.63062654536353,5.193538784094152,4.870074747426921
126.48043181076311,117.31731010700989,5.188989751716594,4.862861082244907
125.53259146506517,117.87294793689618,5.185358045114569,4.859517654637758
125.53424976914202,117.24211688797385,5.1820414369608665,4.855850065248655
124.97975371476295,117.32285039423235,5.184640396484719,4.852439216907971
125.5319294239735,116.59373570500375,5.189518069992382,4.859975162086541
125.37497412934917,116.40883189730931,5.217793541828996,4.868158979252084
125.2102853532879,116.22251765778944,5.226879712295553,4.8714332507476925
120.35802367090288,116.29884234171936,5.232163938070889,4.8777878031992215
120.43657430151147,116.22288391537181,5.234250061322287,4.870517271425782
119.55948296101887,116.06720206525952,5.238284138353868,4.863672134567889
119.55677271623817,115.59509703883074,5.2437046279152675,4.853530724323731
119.63326123579425,115.04398606153929,5.249709487315919,4.842879389316794
119.71049248991973,115.12660123374587,5.254153101334857,4.836555167173504
120.02374430321031,115.44965745067718,5.2631485476411815,4.825941806198386
121.23808514981309,114.64179178902101,5.272306937180025,4.815521017203957
120.04419454846804,114.72426330943519,5.277747471366166,4.809400687609224
119.64486112330144,114.80788503241546,5.2823647451538305,4.800967156957762
119.08704489794829,115.05019868712326,5.28676553505352,4.79258198788786
119.718642671558,115.05382745727003,5.293027421838242,4.785324447594332
119.16179186083829,115.45519051732649,5.29608210349984,4.775917570179857
119.32041412583172,116.01430867902926,5.2959601294711725,4.767610192628087
119.4795194951927,115.46400715254902,5.294603007949024,4.759225585389166
118.69077724576434,115.8625135290795,5.289368722238564,4.753572224611817
118.93101805995869,115.30964027683272,5.283187905539528,4.752616835162825
119.17136221416354,115.70400033417009,5.276466425223871,4.753841433978161
119.33222532333282,115.07124678983531,5.270548187574722,4.756116599890074
119.49289629792564,115.30757162430646,5.264902775192764,4.757011736153297
118.55078915872208,116.17518291843002,5.25582005282594,4.757311398615561
118.6339982647555,116.09734653029064,5.247040087349896,4.755345928303564
118.71707873213785,116.01963489535687,5.238349455589481,4.753298895166818
118.7996853838516,115.86284371176015,5.230438585757328,4.7522763951696225
118.8826055080693,115.70613131763095,5.221761355167277,4.751375147737301
118.88694335062014,115.54928903828939,5.213085670065601,4.75103252917551
118.89156866178821,116.41084610114396,5.203835047729454,4.753522107683507
118.89388826927393,116.17910969513049,5.199195832758019,4.746688878630713
118.89659582373008,115.78988357964934,5.193780723845725,4.742203241858405
118.89927278033339,115.40109687926059,5.188426810639097,4.737617730537887
118.90162592062883,116.10646256093094,5.1837205300482125,4.733364545329808
118.82719073008039,116.18078521128135,5.176456607325213,4.740853548448878
118.82985422947628,115.94809238650987,5.17112960853342,4.737817864977197
118.59959800161941,115.48261443853423,5.163614727125786,4.732719086685735
118.44741641108128,116.10754191722725,5.156356228330812,4.729350848784587
117.90681926932395,115.64227963249994,5.148041708464258,4.726010729626751
118.53263431669005,115.25494157694007,5.140102625436842,4.72337995843101
118.07031403335317,115.87738341982717,5.132968555411588,4.7208624549221465
118.69500799725832,115.56802074115753,5.124736708406514,4.719009771858813
118.15664023421415,116.18909238585044,5.116565283057342,4.716760141258701
118.70171096274679,115.88205310721561,5.110188441246903,4.711544632668481
118.24137609058975,115.49646837126465,5.103011538336996,4.709508565217092
118.86119438961325,116.11782127949175,5.099349411691232,4.702777220164114
118.32195537987042,115.73595711193342,5.0974991459319785,4.694842494391578
118.86245838847378,115.35467024878452,5.095735688162636,4.686528678234084
118.24789515622439,116.04986197402381,5.092720494291639,4.682304593421545
118.24670736629335,115.66945969979518,5.095096074153701,4.6735917500535695
118.4001375466834,115.44226687072077,5.095839308622892,4.666572015328466
118.70736500920424,116.13813997856674,5.0961907836492255,4.6581401997895675
117.93793840496268,115.68240450999937,5.099316171798329,4.64817444472389
118.32415774878925,115.45416325396904,5.0941908897292185,4.644268913434144
118.55366420787405,116.07057651809363,5.095139914585461,4.638007566587208
117.86391288166192,115.7681176595417,5.095521774415313,4.62998270920467
117.9397257577552,115.31280681972662,5.097009700022065,4.621922322075128
117.93947146097867,115.85251779373496,5.097518293575109,4.6135586499732435
118.47421446583436,115.8563257507554,5.098212309233569,4.605942735932363
117.78731681781795,115.86006978363584,5.097058034959137,4.598454670171504
117.94061890703841,115.86406876036959,5.095723368823607,4.590456716703984
118.01661463039127,115.94384028308893,5.096218299362016,4.583400048509446
117.17889586171245,115.94777205322048,5.095459957648134,4.575536508246348
117.25621845444539,116.0272472312974,5.093058896232116,4.568830276142403
117.33256995640615,116.03049394653983,5.092455626329614,4.562336845657514
117.41103440797073,116.1086264773041,5.087513390302149,4.558058451230686
117.63872552048645,116.18703851363853,5.087655812638428,4.553075927684395
117.71646299129306,116.26494965946236,5.0839450554675825,4.549017820479125
117.87137974722773,115.58285913139406,5.077394977779013,4.548423422802065
117.87410231325843,115.66004736094042,5.071949845717621,4.545577422222686
117.95210864865884,115.73788382162454,5.067337576694711,4.541304902632356
117.95296181555649,115.74048293243165,5.065631242899392,4.536106681018147
117.95347579556794,115.7434438985607,5.064603282876493,4.5301847487600355
117.95304920094937,115.67171904549404,5.065456472113642,4.522594037593343
117.95269468644821,115.59974542704687,5.06616550111597,4.515608869406515
117.87797785736605,115.5273837910237,5.064767359779327,4.509500341951916
117.95332560399977,115.5293764274309,5.064784330495326,4.505515069137496
117.87881582880365,115.4569296447628,5.0631548540467115,4.499759607632855
117.80481181720013,115.38449615531596,5.06063115228081,4.49409486155362
117.73039636405512,115.31198555206886,5.059060073098171,4.488714082575152
117.73122858076903,115.23940727832517,5.0573956396703705,4.483579064223449
117.43289077723271,116.36509594346079,5.053336765228068,4.484956039633259
117.13442389364576,115.38925961927174,5.049699938091102,4.484774256501003
116.90817948194304,115.39258663679391,5.05193887635822,4.4781202214566695
117.50800113450431,115.39593002229155,5.052388712941235,4.47143345046137
117.13313764600231,115.39904388482067,5.052557317288429,4.465205725403148
116.68369109079168,115.40196760989613,5.052562440312848,4.4593582752522005
117.20758278672909,115.40558575824396,5.052827343326128,4.452121978556554
116.6830000723746,115.25892480192942,5.054726341155064,4.446224910934188
117.20655353174196,116.08502592256517,5.054431221615867,4.439012639827092
116.61114597959238,116.08690982008167,5.049850333729194,4.435244844794085
116.98588620804338,116.08870096465152,5.046835687798804,4.431662555654387
116.46351792224506,116.09166899311707,5.047248742832341,4.425726498723297
116.98448623382305,116.09474229836037,5.049015052770885,4.419579888236674
116.3903410312229,116.09679974199241,5.0450707244778865,4.415465000972605
116.76105524115087,116.1001784097041,5.048153854494475,4.4087076655492385
117.20699474613272,116.10365678075163,5.049325737340672,4.4017509234541565
116.53756241168327,116.03232994955627,5.049454060004152,4.395656102929835
116.90913432643171,116.03509054670414,5.0495741215841665,4.390134908634107
117.35425311095162,116.03779689489735,5.050733297541139,4.384722212247688
116.6139537565369,115.96532842908881,5.046359203813048,4.381161863609015
116.76372053286113,115.89322773994701,5.04357060472514,4.376990765112343
116.91199170707003,115.82195427567761,5.043553100209806,4.371275271699928
116.98546274432906,115.8246763170624,5.044781511541294,4.365831188930335
116.24461768380854,115.82746380415115,5.045449954963754,4.360256214752841
116.17233919971189,115.60748761020938,5.041983857610858,4.356139405997802
115.95210702248293,115.16435023803243,5.038738062016204,4.354993850246573
116.69293821114103,115.68291062847446,5.035423537558482,4.352716566363458
116.39907672428987,115.24012792292444,5.032158654117197,4.351800191748106
115.88396174148353,115.83115668668533,5.028616397192962,4.35119663283995
116.54928897689368,115.39017687086772,5.0265171998906135,4.347452748796574
116.25331603103527,115.02468811589796,5.028364264862994,4.340806725305584
115.95902045457375,115.61639449874566,5.02716884732192,4.336967100538457
116.5464780666719,115.61711038324158,5.031185869476397,4.335535331546623
116.02874502073229,115.39708564842913,5.034812179907202,4.333367751979359
115.51096685804974,115.17699801436626,5.038379722420082,4.331262113168447
115.73197605167353,115.76628444153184,5.0387063167121005,4.3322758762762135
115.95373847515411,115.32343082004361,5.0375904329568355,4.333165192840843
116.10132822762941,115.98736603705414,5.037344285193801,4.332494866163696
115.36514814480797,115.76581230533245,5.03518335041913,4.333245999481853
115.51306037956074,115.47036752770853,5.034220389157301,4.334412538242259
115.73408568055834,115.02925068163107,5.034473557039315,4.332038690642725
115.88089550986504,115.69338402917073,5.035654689184024,4.330375553974867
116.02811296149002,115.54532820074198,5.036003700528159,4.331703296238268
115.29250715478955,115.54341081042806,5.0330285968405475,4.33553807686611
115.44038447148687,115.54142470134414,5.032142416848496,4.339510295033942
115.58998502193789,115.53722711701526,5.027909873987956,4.3479054636916805
115.73937021327411,115.23947971572834,5.0242465285564215,4.35318619178368
115.81407422293545,115.89981582384067,5.022420053525106,4.360747874181032
115.88831902058237,115.52846551389416,5.0216050051247025,4.365075759606792
115.96188876649187,115.08479184389915,5.022196837478903,4.3660351545576965
116.03502949133271,115.67565869096642,5.023671256926808,4.366348413459848
115.00100795925026,115.23222643768112,5.022742257628101,4.366510607117478
114.85433487893827,115.74988858791421,5.020544545399293,4.3655898616359385
115.5205618876757,115.23332671748165,5.017598861697466,4.364651565122053
115.37475885164778,115.74972299731515,5.013879939623123,4.365496484910757
115.22958155600527,115.23267270240333,5.008997616969549,4.366267875949255
115.08381540703787,115.74843083967453,5.005419489399601,4.367638090673398
114.79029654925985,115.231497559247,5.002370190743012,4.368852376656347
115.38175531648913,115.74736249513042,4.999404481936402,4.369580352334981
114.8682158633513,115.23031273143204,4.994265494044679,4.3714619855643475
115.38647304907926,115.6714660327717,4.989622681136988,4.373616718783483
114.87377998399538,115.08032936127181,4.983399281575525,4.376907742092723
115.245936986503,115.59343581927924,4.975730442628107,4.381998058572834
114.66082957692909,115.14932736445,4.967612235169409,4.386465198276425
115.03271257988563,115.66222480854903,4.960032306440508,4.391330818136184
114.44792949359632,115.21851201276476,4.952018770068878,4.395571627992066
114.67239593896346,115.5103888853081,4.944508663396033,4.400381594987296
114.82251064132156,114.99436967801279,4.938481748203292,4.40271129624584
114.89947427541364,115.28600256314105,4.931599378755006,4.407625120932853
114.97653557855273,115.57760146341478,4.924493293737811,4.412493405429314
115.05327820459216,115.06095497706306,4.917991924453891,4.4168991985680615
114.1752863474921,115.20550225545949,4.910537236109479,4.421711042199281
114.17806573632559,115.35116681241297,4.904978458442525,4.424210184038425
114.10692783511,114.76401702740709,4.900386683661521,4.423569136352681
113.59684333837941,115.27503109270184,4.893054082069409,4.429042600816478
114.11301039826355,116.29992864185638,4.88803436104739,4.433876299999936
113.52957425060445,115.19670047984118,4.880841212450236,4.438959916689015
113.82643073103971,116.14802554600212,4.874037346828491,4.443764343925594
114.04895494362734,116.07487284215078,4.869082673242602,4.443371834431809
114.27197011612868,115.99962172610181,4.862895866711301,4.447259553705973
113.61498773535038,115.9250830316322,4.857639819267404,4.4497568527562406
113.61831583918011,115.7766165806404,4.85098361160794,4.453613784821821
113.69426717770878,115.55559714895317,4.845576617291284,4.4561655999742955
113.69745425060908,115.4071937207503,4.839202471490659,4.4600683873700175
113.7002269765802,115.18612522176397,4.833657019548449,4.462961047625276
113.70383561228576,115.91543423158453,4.826439748137326,4.46808637114305
113.70677866413672,115.62196784792359,4.820553644435407,4.469645979069379
113.70793595463851,115.4758066456179,4.818239063431818,4.4694158585316295
113.7091891947716,114.96566535286237,4.815732583165631,4.466043009992636
113.63643853708174,115.4785787991393,4.815090140530668,4.463222423541685
113.63640694752425,114.9703590009316,4.81515331964564,4.457039802693628
113.56302590058411,115.55632370846322,4.815923853451673,4.453042868224562
113.70976468997094,115.5579554659351,4.814326296665807,4.449779353280833
113.85614047117109,115.48706781387995,4.813301107163875,4.445691470941932
114.00245466002909,115.4162013230599,4.8122370758535995,4.4416422793791845
114.14858586793878,115.34545476317328,4.811376990570705,4.437434233884184
113.27575229768122,115.05607314634211,4.809594464791133,4.433714245448261
113.34788757825434,115.64115385576756,4.810857728229859,4.427823423277005
113.34675126110396,115.13447518952272,4.8131303625306145,4.422962313376792
113.2732615430943,115.64527160539875,4.814691969080031,4.419294287913945
112.7648542291414,114.99253004434013,4.813820178110232,4.416323442905405
113.56338677465388,115.43054077675288,4.8153068909587455,4.412239325647262
113.27321010783903,114.85116246427154,4.814536120045675,4.408747741524455
113.0533023303243,115.21690694881917,4.818711425278083,4.403325855424297
113.70709806184108,115.79978840955796,4.817848844171997,4.399099717882238
113.63394707132323,115.29462370741312,4.81903948422986,4.393649735326938
112.76184874250113,115.15293679872163,4.822719550097528,4.386937454080503
113.05082940628914,114.86483684493204,4.824731709382503,4.383163874798703
113.19520335047764,114.28652736257673,4.8259129000996515,4.380066523132724
113.19314617800491,114.86971738433024,4.830027245045102,4.373154823581495
113.26478870737127,114.21874604437672,4.831629533938052,4.371111374857734
113.33741548039576,114.72732301562958,4.831255670336054,4.368115209480978
113.19137570637606,115.30968129118907,4.833683066284282,4.362007266726669
113.12027575932323,114.80434964478737,4.831116572686671,4.359305845607088
112.97554273975233,115.53071207050948,4.831215864172032,4.353414732445074
112.9767552308666,115.02517654229425,4.8287908819434895,4.352349388472763
112.90617206367055,114.59273531459378,4.825421008098461,4.350014594450852
113.19376415923193,115.67792699148757,4.828023025447257,4.346329522431681
113.19522867500591,115.60774089996033,4.825093993899324,4.34227350663725
113.19599161320522,115.61047742844109,4.823568117500684,4.336800449675736
112.76130033880659,115.61413322404445,4.82770958876377,4.329488858469005
112.54692817924033,115.4721585534191,4.823990469362489,4.325129240697155
113.26569881244389,115.54730595819981,4.826719909986802,4.318861501838887
112.90421260596996,115.62278001381566,4.829845430782619,4.311882769037597
112.54291456599422,115.69820382811778,4.832909302295162,4.3049415821211205
113.04447517936929,115.77349091678013,4.836689788399924,4.298210506632831
112.6113532046966,115.84880533600776,4.840168539266975,4.291375867924002
112.25036784237578,115.92409678850339,4.843444715094695,4.284531872695505
112.82331376127037,115.06516155459444,4.846995113957811,4.278238985535024
112.24755743395099,115.14012219411585,4.849430369479521,4.27195238138181
112.46156956498949,115.07073610680763,4.85212161433085,4.26715272035549
112.60380446587595,115.00193707936776,4.854725282464106,4.261214040282105
111.95813661233919,115.00435456363158,4.854722872308555,4.256379071754492
112.53130493504266,115.00675610310334,4.855622613560512,4.251575992810954
113.0327753927597,115.08051747669926,4.8560726344271625,4.247394807947803
112.45922798357836,115.15433157745751,4.856915002001111,4.243048162779892
112.88823861616385,115.08587519706772,4.858243538427,4.236735956626661
112.31550955477515,115.23085964567478,4.858546500736403,4.233055849529528
112.81718919918487,115.16028933052908,4.856817943675991,4.231106375283918
112.24519144344838,115.0900119717043,4.856556746654719,4.228629004371733
112.8901435968735,114.80376110481049,4.853547442096009,4.229177403807546
112.24671000667061,115.449519204599,4.853859922852147,4.224215903880167
112.60433518637574,115.52292572172067,4.852988718476726,4.220278700643792
111.603124261799,115.45453149686678,4.856221456252819,4.21426792811034
111.74542789726883,115.38481611192123,4.857119962142904,4.210945809586578
111.96075206679615,115.38394046005907,4.854612172322618,4.212697113310882
112.03288288954175,115.38349051877493,4.853053314283798,4.213596995879169
111.96439231366142,115.38091958180779,4.8473413782059405,4.218738869813451
111.89590858266384,115.44925838747183,4.8416217450806185,4.22474835360587
111.96865589341155,115.4460260641306,4.838821959684009,4.231213000288309
111.97102412262447,115.29969075205081,4.834085501258161,4.23837352979422
111.9736669831625,115.22443446794549,4.828799780182083,4.246089746991601
111.6904631171141,114.65013575413549,4.8238556222890985,4.251983394632007
111.47836698980642,115.14726389790324,4.81948093226248,4.257716644594483
112.19500945830258,114.57300508120673,4.814991391911272,4.263197960674671
111.98270066032187,115.07029858236992,4.810916264724002,4.268893979028536
111.55622495161366,114.49564454114966,4.806315100957043,4.274798619891245
112.13012010630253,114.9928922505121,4.802112090919818,4.280942088089312
111.56056666788798,114.41826820976164,4.797368204925252,4.286339406766579
112.13468467143142,115.34434374745001,4.793083471581849,4.293109151222934
111.70739636457724,114.91191036151066,4.789447199554193,4.299763037365611
111.35191244151638,114.55049166740349,4.784988911680336,4.3071742915843805
111.92733951954827,115.61906445435308,4.779208629713271,4.31704223161659
111.50056949113373,115.5437134540795,4.77353780690206,4.324542418890379
112.07651433368754,115.46793416952686,4.7675139526124,4.3328677591434195
111.57798103856211,115.10691251379247,4.761674951879582,4.338549934195293
112.1539890036893,115.10249025966175,4.755834183264438,4.347394442456741
111.72684810792363,115.09790193703127,4.750184860609343,4.356571087717688
111.08346722318002,114.87974340542029,4.746526758408509,4.362748193710304
111.58638365175227,114.37603610519287,4.7446431201706645,4.366213575258494
112.09013946644227,115.01834166821145,4.741261281418792,4.37262646574313
111.51865163951041,114.65586874410593,4.736265438248405,4.380090128307884
111.52144143974759,115.36967183413272,4.730685837774058,4.3878565361018
111.66724918551958,114.8639114274297,4.726217781344196,4.394361326608405
110.73619132137374,114.42992911401873,4.721437362992022,4.400681578056259
110.9527061202183,114.9301171323058,4.719307403728972,4.405738031142986
111.1697000857558,114.3530769731566,4.71636034260927,4.410376029560503
111.24203159380214,114.92541847755828,4.71540526309395,4.415356513375697
111.53183822023762,114.34760103987202,4.710880463393455,4.420814482407228
111.67646910677713,114.84900338135945,4.709194852175627,4.424526365946486
111.02950173767816,114.12737653191384,4.708743619684537,4.429573430738768
111.24678061654218,114.4122782614603,4.70586700814626,4.435344833232225
111.31973382758194,114.6253511310926,4.703900917845923,4.44102008930514
111.32121518667246,114.91105752296478,4.700938199664864,4.445605816331454
111.32271593559291,114.26054313552497,4.697936701823987,4.450400307873179
111.25327910207652,114.83362880192894,4.692755254855537,4.456669887074936
111.18323137343432,114.18210009167015,4.6887772690293055,4.46306631959687
111.04044104079047,114.6840239023494,4.686132809072451,4.468006636594392
110.97036016062695,114.96879311999677,4.682145124835399,4.475065979556059
110.90017459596228,114.31631135418328,4.678317423764146,4.482240037577907
110.75694216465106,114.45722408631556,4.676277315413645,4.488919544286276
110.68668786392536,114.74215255065525,4.672459647667374,4.496367692397619
110.54416613193138,115.31595513851731,4.668734463199832,4.503837110495599
111.2666071178214,114.66526983062595,4.668293596408305,4.505210731788658
110.97783283336753,115.16977253761377,4.668006453923666,4.507417812749692
110.61795059398482,114.51885149214371,4.665324245181444,4.508855866176017
111.19849084771643,115.09351372673964,4.660003930276566,4.515291589542492
110.69561651659285,114.44109273279852,4.654334143534351,4.519738428724146
110.26483715064279,114.58411676460716,4.649074696041406,4.522629758237878
110.8450085587904,114.7985882653131,4.6441947520445455,4.5269853339378745
110.4139085151819,113.78741580408656,4.639844334765349,4.527379079233211
110.99317296358826,113.71534038198462,4.636219493916058,4.52716691644167
110.48859863715906,114.51032975238434,4.63524894573077,4.524518348710902
111.06707437591385,114.43795507497184,4.632262818508411,4.525022034749986
110.564616675343,114.50750436506355,4.627731053421623,4.530130192599191
111.1423802372376,114.72122619893841,4.6259338472612965,4.535335243960308
110.63993977189762,114.79117399234252,4.620923444539304,4.539709847638081
111.14778115582607,113.92315450037242,4.615064346648967,4.544622540206991
110.57276278006051,113.99295790917824,4.611133328636464,4.549261693788307
111.08049896358918,114.20525890398177,4.605462528449782,4.557431804268675
110.50442034687902,114.06117197013955,4.60324333839953,4.5570115660854755
111.01044482139565,113.98903008366189,4.600983053396737,4.557039815607875
110.50809370068212,113.9153916138251,4.596142372220815,4.560096337766753
111.01475561741046,113.91495835213362,4.592165732510066,4.560962861149696
110.51204679954687,113.9145048049429,4.588578532304717,4.561869955531176
111.01620391632537,113.91539802587144,4.588974081453431,4.560083513674082
110.44015701215096,113.84472749288071,4.58843214915095,4.557345112074128
110.87419564693754,113.77308503602484,4.584521561739802,4.556602245425527
110.29965967901103,113.7020968689047,4.581957195473402,4.5546240419008654
110.73276590736877,114.56597121214715,4.579042787521064,4.5534714529423495
110.1599170808725,114.42156465621781,4.574188592905597,4.554646602899
110.59295285939288,114.35041001500912,4.5706836468858825,4.55319478347953
110.95383851016959,114.27770249364899,4.567327639819229,4.554926767302438
110.16509211077974,114.13255359451503,4.5645877567283115,4.557909532502971
110.3077597179124,113.9903159255644,4.5665752724826065,4.555062140384611
110.378259424254,113.8481755502798,4.56922366446736,4.552047281617954
110.59218947813731,113.77760548691934,4.5722895521157305,4.549545409867184
110.73450188496294,113.63519416187748,4.574966403764471,4.547066394650938
109.87190306884514,114.42629096934363,4.576317333930837,4.545065589948767
109.87302498220895,114.20920263317664,4.574073507203234,4.548311417896775
109.94482171511423,114.064744925662,4.574139503296739,4.549907909117839
109.94503655438106,113.91923581862386,4.5737098247630765,4.553554804512414
109.72915648848546,113.84577070012254,4.574260866825289,4.556748678272033
109.51400864053274,113.77124633258038,4.573170483353902,4.562002053564106
110.23426898607941,113.69681963179431,4.5712593718098375,4.566994497181301
109.87416385271104,114.70223366650225,4.571922109398099,4.570899509381245
109.44386818440196,114.69932730010906,4.568624790474583,4.576712242167603
110.09293138179851,114.62453584896068,4.56668776966339,4.582274102910841
109.73414812393206,114.54966920984434,4.563863848118372,4.5879292936879335
109.3024063584226,114.33057191759382,4.5626117667095345,4.593756071975093
109.87993579062169,114.04022456800764,4.5611093869683605,4.597672528818941
109.3755634994849,113.67833132940815,4.560226478047542,4.600296512307673
109.95488735494254,114.46611045830937,4.555657643478117,4.611596709480771
109.45138885646574,114.24401050050963,4.55209587200974,4.622700010042279
110.03093533538546,114.02166821986008,4.548874153920476,4.633932856435084
109.52448028841117,113.6558939965554,4.549517166441372,4.642433387738929
110.10296173453864,114.15960957881191,4.550580497650951,4.648275168757359
109.59628606749915,113.7217842910323,4.5498990474073056,4.654754786325768
110.03240527978576,113.21228559621827,4.547377585654869,4.659082385996285
109.4525229886917,113.50279939714389,4.547294539305008,4.657978598414031
109.88762902152769,114.00956840563775,4.546856342448113,4.659176761710557
109.37959120871727,113.35862799964369,4.548112556656003,4.6562897590249515
109.8134087710176,113.50604308223191,4.55016972102708,4.651357023505773
109.16061097629863,113.6511599687138,4.551631627578132,4.650930735627974
109.59463070078267,113.79761447069662,4.5531129749463375,4.647861997107773
109.66556911738044,112.85833169116152,4.556131464726172,4.642788357497951
109.7368302530798,112.93277713526746,4.558472465446407,4.638760741405035
108.64957381947357,112.86272244383771,4.560431254923007,4.634033185748779
109.37221416372275,112.79380000307994,4.563086124251705,4.6270845114816295
109.29770080769647,112.79735749276507,4.5673866169865205,4.619969532111356
109.07856558585507,112.51180090687407,4.571610515950164,4.612353977601208
108.57200022030575,113.16635740547446,4.572338203021419,4.6049020370070615
109.14976055900839,112.95320661922722,4.5730034527509416,4.597633886826003
108.64597008015362,112.81163575257581,4.569648922369229,4.591936909245599
109.43887215319788,112.74275742438505,4.5708899667257095,4.585416730132118
109.22281528145061,112.7452723877516,4.570422427576354,4.580386803399032
109.15012549592664,112.38861015446066,4.571694787999212,4.573175216855626
109.14937799251764,113.04016603090481,4.573189794817203,4.566186767496039
109.07690147265463,112.53960201518278,4.574215655148665,4.559824543178008
109.07658242935278,113.18996886822123,4.574853741752336,4.553678809964481
109.00480414984271,112.83341808936119,4.574653979324741,4.547998760445919
108.93367623274675,112.54806061870177,4.573246144156465,4.54405902432382
108.78952703308265,112.83687223447501,4.574385693439765,4.540753492867149
108.71757377401669,112.19174495699016,4.574746956852468,4.53910075536398
108.50214374126939,112.40864281322195,4.575032363226726,4.535879702020731
