165.0,318.6000061035156,14.100000381469727,9.199999809265137
165.6278311881505,318.01902931987405,14.03370806377474,9.361953376548264
166.9277167108331,317.2152558817706,14.000099500514322,9.503121691552552
167.46492112124153,317.15514038730794,14.03098614010378,9.623352680477904
168.94093738312898,317.1044244552985,14.046065801157063,9.724784544496764
170.07736268217195,317.0763683484981,14.009982270366551,9.780896758097603
169.5085229378459,317.0434308045876,14.028131585457174,9.846771845918559
170.6351933653479,316.81357742111084,14.022021172307186,9.93194020589631
171.36922691847394,315.6523652035971,14.057355974578732,9.99926177813837
171.16067863616178,315.62081374177166,14.096958123686374,10.06236470178934
171.34884194733147,315.6042484064952,14.099764629731354,10.095495372342306
172.8255922895672,315.3983754209442,14.18403154793798,10.127520393109366
173.98211552167055,315.17993950932885,14.160131343183677,10.182867839764707
174.74666834433742,314.9853263996671,14.159317692452447,10.190021060437632
175.8669602432708,313.81267588001043,14.211803721143562,10.242252273192985
175.85773887137697,313.79210155654226,14.23024646493123,10.283400920129383
176.5856721310012,313.59153815385116,14.313534907464106,10.299738985066282
176.56463432849546,313.1872838643614,14.355610512475547,10.33560759528355
177.29583427793162,313.1716488697125,14.443400818913467,10.366877584581383
178.63296555748656,312.38558469831975,14.494884361197556,10.381436726570366
179.4113006828544,312.3460743524638,14.499861506602622,10.46045741828223
179.94037655254886,312.3314638114491,14.617070606784333,10.489678500311632
180.32795300105036,312.1207967753736,14.630005605524573,10.516968624590918
181.71437779612685,311.5233005272195,14.619977985874836,10.527894562112087
181.32171683370416,311.7086525883065,14.61586681047916,10.551906990058598
182.70453115248654,311.7240965724842,14.615581153997798,10.521019021703202
182.67719158020645,311.5190433689053,14.670260298557976,10.53658858158478
182.64049806446175,311.31338079060595,14.743647330047411,10.552292149802527
183.8132721907043,310.12174963801124,14.780049975500077,10.55360355705404
184.77588984546472,310.50451999535505,14.842638424398231,10.583192345734032
185.39677712346023,310.07917941607144,14.797862859508276,10.635874176900497
185.5851925239725,310.08331353071037,14.820220410474933,10.627605947622667
186.99643249534324,309.8519611133849,14.793478291546052,10.690919664586048
187.2270062773951,309.82501391898575,14.732357632224335,10.74481405338441
187.42297789055127,309.2043331675527,14.740399262451415,10.786220986632143
188.8085815865878,307.7795273864908,14.77469709728516,10.830327321849055
189.99168748150026,308.1640627574215,14.820670436932803,10.865318289811855
190.00109636903363,307.7913842304838,14.801852661866091,10.8040693401569
191.38644289309016,307.8078596187012,14.845245861363031,10.771118563722066
190.76262582197012,307.82033911736033,14.886490697285879,10.74615956640383
191.59505309792192,307.8325615982735,14.831016761312132,10.721714604577443
192.37972308856308,307.4362192551628,14.86608572085985,10.712194820383706
192.18081509368045,307.2446608916405,14.862424268963718,10.693834105767014
193.58329641542696,305.86157753940796,14.865301846354182,10.652160589348624
194.95265372957834,306.0748821858713,14.929934075567063,10.626029418924238
195.55019423042833,306.28250816443494,14.937933351971854,10.611804221165105
195.74128850248104,305.2894098598122,14.95665834145615,10.593433162462215
197.1179397252396,305.29957810355256,15.009615312927979,10.573096674981576
196.6982213435315,305.1007850319313,15.046332118237547,10.569322839170702
198.08271032777853,305.1006662379184,15.090324336084807,10.569560427196555
198.08373021785638,305.10066840273373,15.088284555929096,10.569556097565831
198.45095297601242,305.09751138764943,15.158820775924708,10.575870127734445
199.86555307054934,304.88547215656524,15.155247068660994,10.59628766392997
200.887864396757,303.464804388831,15.130344778433596,10.610014692335172
201.51949529611335,303.437032922681,15.078465930923448,10.665557624635207
201.32830874675366,303.6238462908277,15.056913131835769,10.695856786148862
202.93705087802488,303.6254729948634,15.072221242612027,10.692603378077434
202.93460921122383,303.62130326301593,15.07710457621413,10.700942841772367
203.74192119428187,303.4135376493115,15.080434354113285,10.711985633177548
204.76773929308177,302.60812155619516,15.052401962834534,10.703934774353307
205.01726525232834,302.6038743148501,14.957513873889837,10.712429257043436
206.65109070318118,301.58905925730096,14.912797204343388,10.727725477042256
206.8323637786173,301.6010686094711,14.952691897300056,10.703706772701956
207.82268821626695,301.6048698347347,14.985294003764633,10.6961043221747
208.65022496991944,301.21207351376125,14.942295870472176,10.67565927711537
208.67576679305074,300.61349960698254,14.891212224209568,10.666713770226465
209.69244460674219,300.62254679129734,14.863407181423112,10.648619401596926
210.07190967376883,300.6204090831387,14.905259349084307,10.652894817914136
210.8617077606726,299.6162377407095,14.930045039635736,10.655760172323909
211.65620863562123,299.62717555349195,14.947115283008667,10.633884546758908
212.47221316596864,299.64591973658673,14.920771142557033,10.596396180569378
213.68826117450308,299.04747768935556,14.891074769343785,10.592080453103932
213.89282830115263,299.04779411846914,14.881819864845673,10.591447594876728
215.12109402517862,299.0640069640397,14.823661350639348,10.55902190373554
214.9431891245213,298.6563370120758,14.781156822419783,10.577733148595076
216.36190727881453,298.0474373378716,14.729571289688364,10.601596450208449
216.1781298103956,298.0303694331097,14.699536609113364,10.635732259732318
216.95009992957296,297.82107659311856,14.746377951899813,10.656622544429247
218.15013239905178,297.61598348606486,14.738807152353916,10.668059735301474
218.36324147663143,296.8171269500344,14.71141116379125,10.670484140975866
219.3471189942359,296.82256516240597,14.735888450385875,10.659607716232738
219.5228836063248,296.81896160578736,14.782998243058588,10.666814829469944
220.93539873222758,296.6273305262458,14.754270561994232,10.650605192732812
222.49427911744957,295.43977516489576,14.826668120732549,10.633097168546213
222.28140212892907,295.4488266046689,14.852842946838946,10.614994288999934
222.45257782449605,295.2776398888887,14.910169302130994,10.557689974134389
223.82189943544316,294.4922834816442,14.968738052988558,10.52999594705085
224.82721178072308,294.4924137865888,14.958268089740802,10.529735337161714
225.00753118681743,294.4988815301358,14.997497611981457,10.516799850067732
224.979714839801,294.2771648946798,15.053130306014282,10.559985131676196
225.16679841719028,294.0711935458289,15.080764721926625,10.570126258686988
226.3704435343274,294.06587424192935,15.087794238996466,10.580764866486083
227.36839926535703,294.0564808557232,15.105225026873635,10.599551638898493
227.59744137113657,293.85962285867697,15.050382767787896,10.590025680517561
228.83553789702827,293.25717310001573,14.987723722124045,10.58815819478029
229.06531002684716,292.4705343456828,14.929456700276614,10.556326752284923
229.09418630980596,292.47967774342146,14.871704134359018,10.538039956807498
229.88222029006363,292.5154619828158,14.890419576913668,10.466471478018917
232.4598408295383,291.3510273448029,14.906563661217259,10.408547601774144
232.05384079729356,291.37815087553355,14.924390125041162,10.354300540312758
232.08225301316776,291.2062686472744,14.867565693292756,10.301605130224607
233.85309761104324,291.19705051313065,14.878455374266435,10.320041398512092
234.09087102708003,290.9760592195005,14.798108665212284,10.366823862752971
235.27072634196406,290.3841103009744,14.806952822338095,10.366444306358234
236.24226298966457,290.39151829172596,14.838312164366814,10.351628324855124
236.21669979618983,290.4077672203656,14.889438551316301,10.319130467575862
236.99159192363575,290.23515103633764,14.921057816364698,10.26901195564675
237.5492910650482,289.8497971008839,14.990657109595766,10.249721442516993
237.54112593941775,289.8520238002523,15.006987360856654,10.245268043780124
238.32284756407267,289.87836571816234,15.027151513564245,10.192584207960051
239.9207969176755,289.6741993870655,14.993913775685877,10.205584248987801
240.11770459377976,289.28182861067893,14.995145782307432,10.20023108410073
241.12202505255658,288.292699901169,14.961390918501458,10.203602449372916
241.91722657810107,288.2913631617871,14.949085528008455,10.206275928136737
242.11490945311334,288.0951601096975,14.948103013040607,10.20429879725925
242.73024920790175,287.895021391523,14.900430532014507,10.21024055742464
242.9060010413322,287.28982675487674,14.94264224506039,10.239483690997016
244.2830087235665,287.29140941109125,14.95247897989699,10.23631837856791
244.8907029606841,287.2850880164746,14.921886276993828,10.248961167801212
246.26452422405566,286.3053699323953,14.937002952949863,10.234997905460434
246.63393656210835,286.3377590251015,14.987531709213025,10.170219720048049
246.61365705750688,286.3591432636605,15.028090718415942,10.127451242930038
246.80303494634177,286.350403965283,15.04360137677759,10.144929839685036
247.98686296997207,285.9582598555496,15.044685000358495,10.139638168871278
248.55754349448435,284.9622838823807,15.087479308580855,10.157997853130947
248.77360976516684,284.9628471560768,15.051014035677085,10.156871305738761
249.3985166366751,284.9761266562187,14.98649928596847,10.13031230545494
250.9663434246632,284.7973458868801,15.000347658554478,10.094186100561839
251.76047579649065,284.8014472310571,14.985270141626172,10.085983412207849
251.7674368852992,284.81185512239966,14.971347964009093,10.065167629522717
251.95435043487547,284.8191204168721,14.989899577865831,10.050637040577804
253.36195732749957,284.6038974717692,14.921602082870873,10.0886663178905
253.58640291118758,284.38747329337366,14.864730699504417,10.129494890671888
254.20841367173517,283.19774149581843,14.796228928274896,10.157918986051023
255.41033694737408,283.17021521867184,14.740049805512818,10.212971540344288
256.813278998058,282.56813769128314,14.673551674781013,10.243104036277547
256.4801999112779,282.5509272152945,14.558040943276824,10.277524988254818
257.8893321172352,282.5458861868586,14.467370451759637,10.287607045126748
257.7542138505703,282.53654227014067,14.349156543576976,10.306294878562559
259.10979917170397,281.19913901042776,14.346759475655182,10.272327823642907
260.2706708922791,281.389400799556,14.343250989246089,10.278176737843332
260.49808114775954,280.8046585738921,14.274846065030857,10.288414428934313
260.51624157399004,280.8244656037572,14.238525212569826,10.248800369204094
261.6524770263479,280.6618758610016,14.272126857579574,10.189634429761034
262.05602313812153,280.30005672359533,14.232796686661082,10.145510651944717
263.5822098781037,280.34244222363395,14.240895221504893,10.0607396518675
264.50316076966556,280.0028657403939,14.305417753588674,9.977322892264635
264.48082736841275,279.28476443997437,14.350084556094275,9.889990386274313
265.7991784837573,279.2992012475169,14.374184473816957,9.861116771189197
266.7419588739244,278.92055373765464,14.388625294739875,9.858411150410936
266.92654829123444,278.9205522196244,14.399619748913016,9.858414186471318
266.9326049484029,278.9387052850114,14.387506434576082,9.822108055697434
267.8736235361891,278.955087136623,14.403245445969315,9.789344352474275
267.88967683256516,278.78594077316217,14.371138853217172,9.748387538878774
268.63261134124093,278.4330425557543,14.397617635521236,9.69801007386668
270.1491645199664,277.4961515821249,14.385711612459913,9.683541812131912
270.1548870704563,277.49402865693287,14.374266511480064,9.687787662516085
271.2891010045385,277.3162401813602,14.368612153848662,9.666235695239271
272.57402354269163,276.2120255421617,14.435570060576207,9.614548131035807
272.7441489750681,276.2354229029485,14.472154032648383,9.567753409462169
273.88073333896534,276.2604023668975,14.458624193012817,9.517794481564252
273.7089622986345,276.26429182031313,14.426594474377357,9.510015574732954
274.2833311548322,276.2751225843754,14.4027406494728,9.488354046608425
275.0469429118504,275.7043715774755,14.372487080974608,9.507128601254504
276.1946816430426,275.68871860959814,14.321612528615486,9.538434537009321
276.36295600875303,275.4884344957252,14.358920256619225,9.565146305330561
277.70502706116713,275.09458194853397,14.298807517316416,9.603128723848627
279.04938189540303,275.0622915203267,14.232214615365178,9.667709580263146
278.7084086024565,275.0170885300458,14.164847621143343,9.758115560825031
279.67401047401563,274.8168231720862,14.109335158273966,9.783508020694365
280.8120915906338,274.05963685065797,14.081495030030139,9.798999260222502
281.18703820309213,274.0664823300331,14.080713707875114,9.785308301472082
280.99886224028637,274.081831919692,14.082747685238246,9.754609122154402
281.5615163567617,273.8981251155008,14.078963292456383,9.748181450480477
282.51032942881966,273.52817489776396,14.049726619535138,9.740726097476355
283.44301702517225,272.41917495585557,14.049917916969433,9.720046193125732
284.0162088498346,272.42008628229536,14.021857217199294,9.718223540246134
284.80338186000876,272.41218482989257,13.9367936263391,9.734026445051734
284.997824634284,272.4231025982366,13.919205087428558,9.71219090836366
286.28633058073603,272.40987011516086,13.93688813554517,9.738655874515235
287.03391060962673,272.20415490691266,13.927227587332368,9.778711413619375
287.2109113708702,271.8299483299804,13.945116086137135,9.783344524900727
288.5066678440255,270.7096727885827,13.9592613196488,9.790474310705616
288.49500612890205,270.9155216444038,13.982584749895736,9.751344953435318
289.7950300278096,270.90451015943376,13.988460516551697,9.773367923375421
290.1438898999577,270.9212414914265,14.036195257053777,9.739905259389928
290.1171084500272,270.9316283680856,14.089758156914725,9.719131506071664
291.23876455230936,270.54817527077853,14.086608540421118,9.739316837995585
292.5473237700602,269.41190933024944,14.085017181002952,9.769968368125099
292.7371424948875,269.3997413231792,14.079509154267503,9.794304382265496
293.89156689184995,269.38191032076423,14.017350733528978,9.829966387095515
294.85005285408243,268.98173869677123,13.970869417559484,9.882113391683307
295.0570550689638,269.15734747874734,13.931120296882288,9.905151136816663
295.0420555114264,267.83808749565554,13.961119411957121,9.925437337960766
296.1767601900281,268.190788669753,13.940639935393154,9.969678283312263
296.169089989676,267.99107885446165,13.955980336097397,9.99385791729806
297.47549722528686,267.9797156564318,13.97425793739937,10.016584313357813
298.6096298157994,267.7548664115576,13.965119631662512,10.08976165722485
298.7843894699803,267.5441833740312,13.993186337615048,10.13354171796329
300.08673611566485,266.5811076854632,14.039610647476778,10.166037665648723
300.10289936487754,266.5608271009365,14.007284149051385,10.206598834702191
300.1087980246586,266.5388923956386,13.995486829489353,10.250468245297919
301.62786294615313,265.3887109919669,14.002842367691867,10.266717016747599
302.5600304857255,265.2042676953924,14.043826883451972,10.254539690915669
302.56735389380316,265.39705037963984,14.029180067296643,10.250460737817821
302.7164785575664,265.02806389286656,14.11212786395637,10.226039462992013
304.0174659465421,265.04318199576625,14.184536885806093,10.195803257192635
304.5731012773405,265.05345332696635,14.221233060629038,10.175260594792459
304.7489022222741,264.8709637336622,14.25250478916707,10.1573661629955
306.44576127919123,263.55722116510054,14.306260257711552,10.103482958268893
306.42264881116097,263.5761834461071,14.352485193772068,10.06555839625576
306.77801768734105,263.4075312864278,14.407850841686399,10.019811015477089
308.48132867146387,263.42686050139434,14.449423983847497,9.98115258554401
308.4755738525651,263.44858533044953,14.460933621645033,9.937702927433644
309.4314398989263,263.4471313131226,14.462082706460471,9.940610962087478
309.6556216114003,263.2538817390978,14.39636097378533,9.944468417864307
310.9764517802318,262.4897328086761,14.426698232660955,9.945910509256981
311.54861692896185,262.5202912553531,14.428954653413717,9.884793615903074
312.1119811490224,262.35729497497783,14.445880749896974,9.829567997785412
312.6772772159407,262.1920520219198,14.456964252385923,9.779495358459734
313.8212629851379,260.8710337730981,14.448364916744032,9.762264286225268
313.82154935469106,261.0661363438747,14.447792177637622,9.751539221952687
313.8230366413352,261.26112998858457,14.444817604349451,9.74084546714764
314.95621887591966,260.3224884974785,14.452881116588824,9.722771798186061
315.8828105429213,260.3215921791884,14.494161606979546,9.724564434766242
315.88477393086026,260.3123482972339,14.490234831101638,9.7430521986753
316.4484530103944,260.1227636524129,14.502251308745272,9.742429942746545
317.95376218351953,260.1093458895508,14.531329327183174,9.769265468470712
318.3523120165851,259.89433958807825,14.49591985920545,9.818432972339213
318.35156569665526,259.3006822002179,14.49741249906507,9.86236449486451
319.6885945208574,259.2961328553273,14.496504366133074,9.871463184645801
319.89613967812437,259.2882054953562,14.463429646121075,9.887317904587997
321.05664413797365,258.90455479127525,14.433099173310065,9.891059830454125
322.5844081952967,257.55185656535366,14.428646376194758,9.926765379457798
322.2058936064115,257.54784542833596,14.42185910958724,9.934787653493208
323.51030413110874,257.3500397338271,14.486607978414144,9.948460482765105
324.0427006766382,257.34605850623996,14.57123940920043,9.95642293793932
325.2162363225538,257.33871263584996,14.531464614133899,9.971114678719356
325.59459942479083,257.34884870846474,14.543124352659966,9.950842533489794
325.7911729334915,257.15200815500145,14.534010495737352,9.96049047993763
326.5416987544171,256.9750224151654,14.569180812131602,9.930406470048368
326.75181468050795,256.2079897156154,14.533036384428977,9.928122171232125
327.9048876551608,256.21535915268316,14.527919320232266,9.913383297096527
328.6415370041822,256.03192370251276,14.587354822614365,9.89707064733109
328.84222346978703,255.84908997832912,14.569790658390957,9.878929328712134
330.18710704594287,254.6956491212069,14.562727565266746,9.886350420795846
330.7588687313149,254.6934811395164,14.5689844205118,9.890686384176885
331.5174226333875,254.2989779096547,14.585581441745699,9.912840431210732
332.67406581000824,254.28552576965944,14.576555844579703,9.9397447112012
332.8795610091299,254.2862994274936,14.549918727342577,9.938197395532915
333.6407418246856,254.29463965316322,14.563261768788502,9.921516944193677
334.03635312232086,253.88031884575616,14.539741052558952,9.982456679966868
334.8269130066362,253.28239198530034,14.496643372722222,10.024793834282983
335.1984649759069,253.2920745190044,14.522650800631121,10.005428766874925
336.52581277936315,253.27192077113355,14.560350171386698,10.045736262616568
336.54539059658475,252.85756270614334,14.521194536943549,10.10272554092164
336.9502839539167,252.06062759582935,14.48383662964176,10.151738146825245
338.49074590167817,252.0358743273273,14.494587262539,10.201244683829401
338.31637506970617,252.01516758690394,14.455890250230375,10.242658164676087
339.060608578266,251.62111182868398,14.517567768855221,10.255697413243778
340.24883529379963,251.40415562649207,14.473219483896179,10.30092562660954
340.26111014213626,251.20342345537486,14.448669787222908,10.31363161975123
341.4175592743781,250.23624067363568,14.467346680305667,10.305017885257504
342.3941354948533,250.245551987683,14.457878401331808,10.286395257162827
342.42817967899697,250.24946066525948,14.389790033044424,10.278577902009905
342.44441745650187,250.25837035457062,14.357314478034603,10.260758523387635
343.78450836427567,249.88751476626902,14.381526375421247,10.229785782009552
344.7340025423438,249.3136854497347,14.413530934580798,10.218848665900822
344.91899988557054,249.32421900046077,14.430039041695407,10.19778156444863
346.07918446042754,249.3316974888408,14.428101896936896,10.182824587688586
346.27604758248503,249.35261292636108,14.420505088206175,10.14099371264802
347.6373177768944,248.96655668242346,14.39523725801572,10.142456898058025
347.63918086421444,248.00473128325913,14.391511083375644,10.141274148875256
348.20397806845745,248.01255577398376,14.416589235453765,10.125625167426003
349.5519880220542,247.81643814538114,14.41565260641632,10.132848527751767
349.9324100782458,247.2485162035797,14.425042319126902,10.113341673714068
350.33532480160846,247.2451505863671,14.389086827663851,10.120072908139274
350.88372908676865,247.27432848326592,14.445791746941666,10.061717114341626
352.4022495757207,247.09791401266307,14.483935684144113,10.030147941159006
352.1908881998246,246.91775835167624,14.52220604220419,10.006006869400586
353.54390005171126,246.35572831701006,14.5085972911452,9.976174816141107
353.7266711395985,246.3585956008237,14.526986940109062,9.970440248513853
353.91015259837735,246.36141528229186,14.544138303234416,9.964800885577542
355.27388337969376,246.1464353565086,14.50663369169812,10.010481172701702
355.46682923701394,245.37123388761847,14.505211734108311,10.023005082279342
355.8413531025995,245.371990391702,14.525474845668606,10.021492074112219
357.199913536952,245.36222113540094,14.502907231317305,10.041030586714362
358.569747067186,245.157219302012,14.457670930581768,10.066115573530448
358.3973192341236,244.76932742864886,14.417876401330018,10.072598929503696
358.5865024457426,243.80749460726247,14.423666098464249,10.075483970415023
359.9482353866698,243.80519419991325,14.390238854625032,10.080084785113447
360.74396795260054,243.7874240625712,14.334221985327254,10.115625059797535
360.9696740993842,243.58849970883895,14.266411142057509,10.129872316964553
362.3203132718556,242.4387339185424,14.244804828976077,10.132542155962325
362.91051723502557,242.4348211106375,14.211978587579726,10.140367771772093
363.50027368797737,242.24177206096232,14.178942970788036,10.144306774751858
364.06494268343846,242.25160865260347,14.194775816355392,10.124633591469548
365.0204933883141,242.2537758133674,14.191872161402241,10.120299269941661
365.2188066722678,242.2643325889253,14.176769812815927,10.099185718825883
366.74341650002646,241.8948101251935,14.17513328412429,10.076334864583083
366.7569535810045,241.33387762741415,14.148059122168231,10.056559567108964
367.8605408623688,241.15842104448663,14.219751778044358,10.027661529863206
368.2416836723955,240.98672237278652,14.218305467924054,9.9906392182969
368.6033260241446,240.99774055738385,14.254595006056054,9.968602849102263
369.73087118608544,241.0081354679721,14.279336261697338,9.947813027925747
370.30224531465586,240.82575120107006,14.276595189356737,9.932579166796442
370.2794368704472,240.45534100358276,14.322212077774033,9.913980885673698
371.73340805751525,239.34822612294215,14.454995406918433,9.847666369494581
373.0693827085342,239.3639018435624,14.450016617613931,9.816314928254105
373.276215834922,239.38388269304568,14.416751570839073,9.77635322928753
373.4847139162829,238.8144502264847,14.378993052043306,9.777505230631665
375.0003866412098,238.8206486754063,14.377151033659883,9.765108332788506
374.6182192799172,238.82892461646875,14.384576348819664,9.748556450663555
375.914475384502,238.65027489295065,14.440109168827844,9.7275637506744
376.0618896228279,237.7055853661236,14.524060755640676,9.72304248700536
376.7918953643286,237.71366088683374,14.583922227843225,9.706891445585057
377.55805451979836,237.32738567730814,14.574004195782948,9.718241725196647
378.32470906131675,237.30379849884721,14.563253505515226,9.765416082118525
378.34428148374167,237.29062940556292,14.524108660665418,9.791754268687107
378.74266184854605,237.0921194169665,14.489567229073238,9.807664596871618
380.08920155650674,236.69320398550298,14.46246236947394,9.843788443706684
381.26114955770356,235.53117418250565,14.404830656154221,9.881583760627338
381.85993443658344,236.09921274938787,14.349664704327129,9.88791043279556
382.07997336689436,234.75635487202516,14.289660693600265,9.913109238256057
382.50661816370115,235.31396383518168,14.19554090327039,9.936646016868696
383.839244939281,234.9238742161466,14.180151249341638,9.959721284301459
385.170901850273,234.9304839509259,14.16773877317377,9.946501814742852
384.97114208979843,234.94633530520716,14.18896386563161,9.914799106180359
384.9897758405169,234.75471105365617,14.151696364194628,9.919955683361822
386.1426738134081,234.01566070433793,14.111583611149337,9.887600920173627
386.3761307776046,234.02953523115386,14.021143281358576,9.859851866541765
387.34054818361,234.04199819350956,13.965551284036188,9.834925941830345
388.2451339092537,233.88581053024768,14.02336392740699,9.773904449422492
388.60781126658503,233.53962908194887,14.04453600817348,9.719740550590993
389.9342211769653,233.01583729190432,14.00053239215952,9.649260042931585
390.13390892686056,232.67651781116834,13.972015273503303,9.586182242134793
390.5287621563898,232.88911907233754,13.921077682631083,9.53036415388954
391.8115894999133,231.82340934259503,13.92926885830206,9.455630016759184
392.00697869486675,231.6656861990167,13.905068020979279,9.404498751331706
392.20465332418496,232.41842017705994,13.875083995066163,9.360491726138301
392.41558024542996,231.14821377101993,13.81741392539893,9.351618128459027
393.9148863731426,231.49883368652792,13.72414770158051,9.37671480534475
395.05256347124816,230.77839196395155,13.621867389713168,9.36888232760164
395.46116214914974,230.77074703032727,13.525684056648373,9.384172194850168
395.8646509047588,230.75778403173604,13.437323222311747,9.410098192032624
397.5207513880588,229.6954436552682,13.350738632515691,9.384368027098988
398.09558100301984,230.06314345348852,13.271084667713676,9.362305274071817
398.3062609514623,229.53269483975447,13.204824793473339,9.35790243360623
398.8578896587075,229.54608006264593,13.163642528894725,9.331131987823335
399.9436195753129,229.56536972879516,13.109947059720634,9.292552655524855
401.170294295721,229.23605174545636,13.117184808738294,9.248163710821311
400.65587499252507,229.08408191518976,13.093352808036272,9.201213168989842
402.05661166205516,228.07232187002674,13.089922725589187,9.126200816856041
402.2435226757422,228.43777537915253,13.064566018174022,9.092224438522184
403.64172355718085,228.44329132524686,13.048332961519725,9.0811925463335
403.63944697475245,228.43519842558328,13.052886126376505,9.097378345660653
404.4953054162114,228.26532809053694,13.078318290288372,9.089689206387416
404.6516443045525,227.9413471437581,13.113327401064794,9.042277325027772
405.3236116610629,227.08724536757433,13.159118710825325,9.013323348918753
407.04029283625397,227.1027533937919,13.202186593762894,8.982307296483613
407.0389206905533,227.12093632540734,13.204930885164275,8.945941433252678
407.7001258050917,226.7951817883299,13.271388324344166,8.903016673279238
408.2226999294323,225.5805673109482,13.268755255554716,8.899710208295318
409.26155769883127,225.59491841923452,13.275502967393457,8.871007991722635
409.7721511359169,225.60787710466877,13.295422074178349,8.845090620854156
409.95450158389656,225.439720710888,13.27762530586396,8.834499280770709
410.49100250731163,225.96168975381312,13.244005038980285,8.82994277486705
411.6882499055287,224.78793774898523,13.27066553625507,8.756291490813847
412.385188582534,224.80000142268347,13.257008685758567,8.732164143417378
412.0559982704474,224.81091791995573,13.226492456260246,8.71033114887285
413.42766497302154,224.66310944161123,13.232172674549851,8.66232140263214
413.60470359578,224.8426638401857,13.221007860478435,8.646125036928723
414.3128471940549,223.8349210912835,13.174620716268404,8.606760456223553
415.1641885504373,224.0256492984033,13.177552742442957,8.566426989771804
416.18462511687625,224.02466662661516,13.179646749466087,8.568392333348056
416.3508785937337,224.02782296570214,13.187698500187764,8.562079655174092
417.558831121122,223.86476416931916,13.15581263316275,8.547623078261257
418.24807673145415,223.53234430967714,13.136740922135855,8.532753042726666
418.77434466526677,222.6760414170363,13.102167620407252,8.548754551513747
419.4648823562373,222.69189481702725,13.077368501898192,8.517047751531807
420.12441604563696,222.71282579796576,13.110974977946615,8.475185789654814
419.7850018469166,222.563692924393,13.113855228310753,8.435477463262023
421.80370882474045,221.9328914614244,13.1246925831811,8.347663285693283
422.51381568261365,221.94177599065074,13.048673959298776,8.329894227240551
422.5390527833813,221.93896484904323,12.998199757763494,8.335516510455571
423.2333482240188,221.77786453876953,12.94541672175604,8.32376516968605
424.4212866415837,221.60892012988865,12.900294884337546,8.328688987774791
425.2831181742596,221.43014724084335,12.83848730683552,8.353863668295462
425.60286930426724,220.79611565140527,12.862713874286493,8.294469192239067
426.2752584016246,220.79219131682842,12.842882146021944,8.30231786139282
427.4425497428737,220.64543581344714,12.825792310476496,8.26475846144779
428.1160878028048,220.4819935231579,12.799465314428266,8.261455761072762
428.3153164919529,219.97298489619467,12.73074554832408,8.290260178423523
429.4751900250328,218.8178000118098,12.715313121482032,8.296315307875494
430.4870867206649,219.6405492149341,12.665863143156958,8.296103079076012
430.6626951153911,219.47873616946362,12.642957999415811,8.291417524305672
431.1648660633089,219.3093707560785,12.622285464626021,8.302258564060661
431.83061031886047,218.14752192729523,12.601836811098838,8.331636470869276
432.4823696494814,217.98267655924977,12.610085351870682,8.333385406456781
433.1345782767467,217.81761807303565,12.618047366536992,8.33540756158584
433.9350249913808,217.9899728021893,12.658394299568126,8.318946175738407
434.58640393097846,216.9919458257393,12.669956390156917,8.343520173962359
435.74379585613866,216.98027513306062,12.659311774111464,8.366861559319727
435.58078738623567,216.95907923845684,12.655937380788215,8.409253348527264
437.22253651944175,216.77476815523826,12.672896208299534,8.447829805572107
437.37057449546984,216.92517160894087,12.707762157806046,8.477964799729635
438.2033135604215,215.89916565117915,12.702118760019692,8.538175036712712
439.0284573484221,215.89254816328352,12.716241433237078,8.551410012503947
439.16376116639884,215.72584790851397,12.778948070632008,8.551496248694566
440.29876349315174,215.5609460042469,12.848757555842985,8.54704089455487
440.30250927845697,215.3747184013175,12.84126598523255,8.584261232435697
441.31808540128293,214.6906382758516,12.824558260953749,8.609458469118774
442.493527760623,214.68140607513016,12.82502868001922,8.627922870561637
442.657990515446,214.67411204944932,12.832324640779792,8.642510921923323
443.660060937566,214.48303702227827,12.84762415236691,8.688087583627516
444.65235497823005,213.9540362891068,12.888395292247484,8.733409439366167
445.83995724592677,213.93514598328463,12.885669029798372,8.771190051010453
446.1558730544328,213.91838010786554,12.932858719213218,8.804721801848645
446.13721321885913,213.745297355839,12.970178390360545,8.810109936819373
447.5172036689019,212.543417072866,12.941629098739728,8.823867845358658
447.6765385497256,213.57457107839795,12.964186100525513,8.80892041489296
447.67961430191264,213.4123402326535,12.958034596151393,8.792063146969106
449.1883865559009,212.22444021512501,13.00901177376589,8.781235204344135
449.83547936618965,212.22593555174177,13.080965973467869,8.778244531110628
450.3381456608461,212.22994974238912,13.103338213272709,8.770216149815916
451.6798263203431,211.5397122538073,13.162149074311596,8.779605036963131
451.1612556677492,211.70670813388907,13.167854412772893,8.789425265708479
452.50353330138074,210.50758609209043,13.235786839768073,8.779242616829702
452.66266088113434,211.03935317228536,13.262444606406103,8.750447234875855
452.9936148641678,210.87833625280044,13.290205405337817,8.727646691346443
454.3519944393081,210.01971675876268,13.332419612913352,8.720527330761836
455.02536004676966,210.01821362429177,13.36723523393962,8.723533599703675
455.7028124367078,210.0145664490469,13.396167359678014,8.730827950193452
455.86952679251567,209.8509055527542,13.40925352273723,8.711634868103834
457.2567888279425,209.15769413070979,13.405858387042915,8.712493244612997
457.7767908869263,209.33752079761345,13.40491781708649,8.699194426809346
457.93724765575115,209.34490242735023,13.430122876076473,8.68443116733578
459.33254447788653,209.15366933829802,13.409530466113116,8.720647191151793
459.3204132264137,208.95610913450665,13.433792969058821,8.769222027976161
459.99245683621945,207.9227242859498,13.480583187839247,8.74967556750191
461.1825078165187,207.92828364548214,13.537148171832012,8.738556848437254
461.544964407424,207.73415689176008,13.509750426565628,8.778052637609278
461.75432900603903,207.54507424013977,13.440027213339365,8.80721195684613
463.355556758656,207.51712375422736,13.373585148897424,8.863112928670946
463.0311076426097,207.49670200646574,13.32572621725941,8.903956424194206
464.4255434854822,207.48273537836255,13.323558915700637,8.931889680400538
464.7860396300504,207.29358774583432,13.300105449316085,8.96141553408111
465.83542208868477,206.9278069470957,13.294780167880337,8.99516391961401
467.0494086308212,206.93170172997276,13.312511191243232,8.987374353859863
467.0344740636054,206.74986034118965,13.342380325674833,9.00153306038432
467.3604849383509,205.8744310008022,13.390775873238981,9.001348498521306
468.5755912832364,205.8846056897104,13.417101277713192,8.98099912070483
469.9835142210413,205.71636990779672,13.40919299465201,8.966478485463647
469.59633716478425,205.7143227740135,13.482283005912395,8.97057275303009
470.99441513734354,205.18321651695408,13.500520081496777,8.977387884385346
470.96687385649585,204.48255568460004,13.555602643192163,8.96996326353997
471.31231693689546,204.47890665297936,13.570498276410106,8.977261326781333
472.7096500534917,204.46750091890428,13.601720898376156,9.000072794931482
472.9092733005668,204.27646884091206,13.55655910862281,9.02805224651917
473.27405277332383,203.90430181729226,13.534742577868155,9.064643878999183
474.67100998645003,203.89787869706814,13.574036739588816,9.077490119447411
475.9094030542741,203.89055845777958,13.581939154982512,9.092130598024559
474.8527291558256,203.87591350881587,13.563381614211023,9.121420495951948
475.9066044480008,203.87792192659327,13.588779048730078,9.117403660397148
477.1422834637025,203.32938117389807,13.608302111229232,9.146964696972189
477.2777635429948,202.10896838377647,13.693966647458321,9.091417413519679
477.8055454554034,202.64383353458996,13.70937326192205,9.092657551173515
479.2382572563675,201.4035296250574,13.70188816582281,9.072569177638275
479.62918286117855,201.57955092767617,13.633628387673443,9.077322288137085
481.03656702199345,201.605722654348,13.665650634845619,9.024978834793467
480.87682712609603,201.60614928939958,13.629670909889693,9.024125564690301
481.4192527999204,201.59288500361745,13.609533897021272,9.05065413625454
482.83400798563275,200.71412818373395,13.620369920744327,9.032951279054195
482.9966504779913,200.70463393811946,13.649996746115411,9.051939770283182
483.68001115980456,200.70377101144305,13.705966722892391,9.053665623635986
484.18351678599385,200.7210965690193,13.768582937719266,9.019014508483531
485.0791843317706,199.48399333805583,13.761776734240325,8.994880527106007
486.3341185568664,199.6756149748912,13.746718899969903,8.96803876999544
486.5135972052012,199.7028483584021,13.743489825486485,8.913572002973641
487.928575862119,199.71514019836417,13.751704733811021,8.88898832304951
487.7600009051505,199.72699619587252,13.734370173895034,8.86527632803279
487.9385532863512,199.38372152346787,13.731094278611991,8.84416793860557
489.3557258099949,198.32147047910314,13.72416805586343,8.84810590893077
490.04827633201467,198.32496530762535,13.752624293361789,8.84111625188635
490.25849763255354,198.15963023029792,13.685880651063663,8.818087447761636
491.51328730447426,197.80331854770492,13.642501950556063,8.826082057709428
492.0529418179514,197.8022517582788,13.618586016187704,8.828215636561637
493.098549685843,197.79359471854926,13.636218791354143,8.845529716020748
494.35768248677863,197.59639903313882,13.5821490652636,8.887893104587269
494.5571666806912,197.40371573362467,13.535103831648044,8.921336549406021
495.0737969142732,197.20649765509273,13.557164771868637,8.963998904008358
496.0995018581067,196.14455634096535,13.6226457151829,8.970990701281877
495.89224843748497,196.13823157721492,13.68323751312117,8.98364022878275
496.4106761681291,196.13753953797345,13.711488393318605,8.985024307265714
498.18118750999827,195.2598535202178,13.725291512052566,8.962983441540878
498.1797949610514,195.27392256990058,13.728076609946193,8.934845342175299
499.2239587177062,195.27703414054324,13.76912018350043,8.928622200890022
500.0944617878163,195.26320988908978,13.805148573486765,8.956270703796914
500.0901799451688,195.07703841479383,13.813712258781749,8.972205289286848
500.59951026752407,194.73865948656953,13.865459334344765,8.935357998886365
501.647551657217,194.56578596048428,13.911156815287747,8.924141674335411
502.20944668723274,194.37791126679957,13.859748671602723,8.942430422922685
502.5437676938594,194.57988195904454,13.905098416987578,8.895484917751887
503.76086360263525,193.5064136439763,13.969143792261264,8.901075382609575
504.2910071514487,194.7550632378951,13.98268658616625,8.90937927501302
504.4567525534594,193.3234950303534,14.009480654148787,8.90623671406456
505.7153605397131,193.5051566589651,14.002697846702716,8.901546766135635
506.2977621775887,193.5178348924422,13.913254626410517,8.876190299181424
506.855063251367,193.3545117234502,13.868724227026586,8.846146054441153
507.22710200948603,192.99334165941178,13.835689958504107,8.857442934802535
508.4831427624874,193.00545633197783,13.810119632475407,8.833213589670443
509.73327767229364,193.01679877433904,13.79084604013637,8.810528704948029
509.7558840621261,192.83385591239448,13.745633260471404,8.822654170559316
510.4544833942889,192.32447672898158,13.76157792354387,8.781555041836553
511.6914097408041,191.64228728390938,13.757589059127795,8.734583172772789
511.52671061318097,191.6326967785354,13.73499497264353,8.753764183520726
512.939400377533,191.63101930985658,13.725415963706832,8.757119120878382
512.9493268623247,191.61911926180412,13.70556299412354,8.780919216983303
513.9924491646317,191.43912946591436,13.731248530730703,8.7889104518926
514.3740923659648,191.24922198754055,13.672975228081004,8.816218858631999
515.6225535382505,190.19225576976072,13.640681429091645,8.817612540835437
517.0378217415627,190.18944037021404,13.623177501628904,8.823243339928789
516.8749536743187,190.18839456579965,13.597453005650863,8.825334948757606
516.8795113031777,190.18492586045136,13.588337747932902,8.8322723594542
518.1358604595756,189.99313869810874,13.533261265702386,8.86475785120146
518.8279425608879,190.17009875317038,13.552312988872998,8.861641722527022
519.0242128327018,189.6565928990508,13.510810432598841,8.835539468705178
520.2713538274978,189.64052450982254,13.466390028197305,8.867676247161665
521.1430188036638,189.30070394781285,13.472303243710503,8.847620104043042
521.5102142580328,188.95537196903348,13.437119297221448,8.839077099353043
522.5304950521847,188.61388785795006,13.490155495137397,8.824179392779953
523.7355291958523,188.62132298406428,13.52645399305558,8.80930914055154
524.6194083014142,188.45845939988544,13.507584432653147,8.785258578764978
525.1080216360167,187.7571694996442,13.577638780200198,8.791463690244612
525.2878793125822,187.74525152758943,13.568171075064356,8.815299634354123
525.9958737243024,187.7472836518325,13.554195544817528,8.811235385867986
526.8812270620747,187.56559635282713,13.534618603812273,8.824384036970846
526.900860766213,187.04222293175914,13.495351195535708,8.820676289854454
527.2470905944979,187.2277748015437,13.501892667773838,8.799073114689246
528.8327177949601,185.98932117192632,13.473785963657297,8.831309943073396
528.8426350172417,186.84501759080416,13.453951519094149,8.866687519242673
529.7108753473449,186.31115611053056,13.465697739024337,8.885474351707913
531.2978707923828,185.41566078437802,13.44291718313672,8.925792596130707
531.4771356971723,185.39884797483796,13.434850278713276,8.95941821521083
532.5364746558224,185.38903519513053,13.421575922856992,8.979043774625678
532.8906737969022,185.20444245377624,13.41523169538283,8.997202229991546
532.918304728539,185.01976798070334,13.359969832109051,9.015318014369846
534.2982880597594,184.13682713513336,13.405620432927343,9.027688915972814
535.6627928550894,184.14816978434777,13.489367758387733,9.005003617543968
535.8089632477111,184.15702484500812,13.549504845563945,8.987293496223296
535.7806347953801,184.18620955110367,13.60616175022584,8.928924084032214
536.8359119125682,183.65214058573505,13.613410051728614,8.938160746829858
537.3430244007627,183.6653584065842,13.658874281435414,8.911725105131543
538.7042004802897,183.67166318979355,13.764294998913059,8.899115538712838
539.0558551149469,183.66213573325055,13.770670159631422,8.918170451798876
539.5617373239047,183.47239705208557,13.824673037695403,8.942392048802269
540.790910658926,183.10845279855263,13.861612975402311,8.95734152508262
541.1242343312808,182.9233134571499,13.909511082229498,8.97034748211968
541.1142584193481,182.3903297748359,13.929462906095152,8.961691765535985
542.3147064687568,182.3992673976091,14.03710160738227,8.943816519989603
543.3659403677397,182.22084958671073,14.092685320121424,8.940976890002142
543.5569160823496,182.02161234898588,14.071193421488099,8.978991834865399
544.8098305748243,181.48033220711983,14.090780760073,8.979230837082799
545.1568833363866,181.4559996646546,14.118817151547844,9.027895922013258
545.3321505912637,181.44565122546,14.130586960989898,9.048592800402472
546.7543751727483,180.88464507217626,14.188749641798314,9.082125665553404
548.212778179787,180.3359474516693,14.186006586679088,9.086747296957899
548.0526184831245,180.49460680335207,14.142031950411305,9.133722623185063
548.2248138779872,179.95142326761967,14.162060940309058,9.126830355780678
549.3320502914204,179.9276011254041,14.135217368526906,9.174474640211852
550.273323309563,179.36886326052877,14.077659430197132,9.196957511189101
550.4598609234397,179.55467748802408,14.069093298369454,9.189838152124107
551.8839858359494,178.6627762437443,14.134938769364709,9.152331080674404
552.4321389374901,178.66713773020396,14.13250460494013,9.14360810775511
552.6068538696487,178.68770726107056,14.147516701806364,9.10246904602189
553.3291037405746,178.51689433897567,14.158937536054419,9.080114746186657
553.5482236507797,178.3197662612403,14.084475518668588,9.110593098633256
554.4787596523604,178.49270874383282,14.039258644764818,9.12787915929973
554.6748541738374,177.94992573182478,14.009851019439793,9.12510093042896
555.2445508839451,177.93389617341418,13.957339598944337,9.157160047250139
555.8192490646491,177.92968827961568,13.894063970718268,9.165575834847152
557.4801100819191,177.75317320289588,13.823414027607681,9.15737575590573
557.6985282701429,177.40641499299667,13.746610069146985,9.130827339730148
558.9569611293081,177.60284783478272,13.738801079433518,9.096398331674783
560.3969124231312,176.36333702130764,13.72087239338219,9.071192794729278
560.3715844465075,176.90132865801323,13.771528346629578,9.06638365477391
560.550844723865,176.72831819118477,13.770746651536458,9.054665728808942
561.9962651752637,175.65385040492956,13.740161976099035,9.05840913079935
562.7285160922594,175.65997502607675,13.704200377896802,9.046159888504949
562.9017131057066,175.66420810208749,13.71419740609911,9.037693736483494
563.7875071514325,175.68997657691287,13.724610815872358,8.98615678683271
564.1370957195061,175.6955681635224,13.736830485172696,8.974973613613676
565.3798309302299,175.69642383029867,13.741228132435054,8.973262280061142
566.2817199436653,175.69996936118326,13.716114623667078,8.966171218291962
566.4852492085369,175.53042479261882,13.66429398786831,8.950022461476525
567.7487618642094,175.1599483943578,13.616606554500075,8.98259300714804
567.9444278721767,174.09375840290522,13.579292003057668,8.99086820310121
568.3198468450138,174.07624065025863,13.535643235704905,9.025903708394411
569.5649674540695,174.0571804896432,13.520049169094,9.064024029625276
570.8056926610699,173.69576305446543,13.51603689623608,9.079019431082836
570.4706153194816,173.696771981119,13.477974893458198,9.077001577775636
571.7142424342567,173.8654068102864,13.465234879756716,9.093233950276387
572.9440633296878,173.8469647814162,13.480650131959218,9.130118008016781
572.7627751797864,173.84971803289028,13.488802978129206,9.1246115050686
573.0889122916326,173.69431757395384,13.545438578116636,9.080957511101705
574.3072250787777,173.53527863170956,13.590893325818058,9.044452492448547
574.9962224308019,173.0150982233307,13.631538568656078,9.020833349041618
575.1585070874156,171.9686102175401,13.661847328830744,8.984540920208863
576.3635575619583,173.03997737260056,13.73485144681537,8.970182381861958
576.8668487008326,171.63668565950556,13.79502684945689,8.932078660344704
577.5708143420264,171.80739704448948,13.810507520880709,8.946508878829707
579.1772415708976,171.796773353043,13.804585736986445,8.967756261722704
579.0003448752008,171.785451926379,13.801787625087803,8.990399115050653
580.2494747683896,171.61107617618183,13.80201763817746,8.982223501235424
580.9427913508315,171.42444643729823,13.842561472144352,8.998688729289944
581.6334148732116,171.4454649716031,13.892022088592167,8.956651660680215
581.7730550713188,171.46676240255917,13.970458642668845,8.914056798768048
583.0305859592495,171.10796096324233,13.962657232887834,8.915299572807353
583.0197991156733,170.74605943980106,13.984230920040046,8.92293453680898
583.2140697614495,170.19481479324526,13.954224286848214,8.949819854839243
584.4580803272427,170.3704432691372,13.975946182895676,8.957097621288735
584.9941434228498,170.37568634461476,13.980764942095254,8.946611470333613
586.2633805723071,170.36727128480132,13.9544406353301,8.96344158996047
586.2401411681569,169.8488200573522,14.00091944363049,8.924047453814643
587.3097784824187,169.12392891887905,14.01446328548396,8.938617417176278
587.6527183577426,169.14298275960223,14.047082435682182,8.900509735729859
589.0995277193995,169.13955949872525,14.026264308243613,8.907356257483844
589.1083287990023,168.9597893551959,14.008662149037836,8.907993362382658
589.2680053326804,168.77904428862215,14.047959528564697,8.910833048647008
590.5142672575428,168.2497732587486,14.070437396035873,8.89151722959589
591.7695019846378,168.2253269929083,14.075060053972088,8.940409761276474
592.6486644253048,168.23452061259115,14.117666814774898,8.922022521910772
593.0103288185817,168.24925882812963,14.115369938584161,8.892546090833806
593.0213854815333,168.0802299388802,14.093256612680788,8.870615881099358
593.3939419921628,167.72108041886378,14.066723660033208,8.870334852520774
594.6568548006857,167.18532123333037,14.053118477786565,8.865187322959436
595.8936538782092,167.19317803117346,14.089713274510954,8.849473727273274
596.9632702728296,167.19538913008049,14.10377752836845,8.845051529459246
596.9719060086096,166.9997718159235,14.08650605680851,8.877267232486382
596.9786697610102,166.8056226801496,14.072978552007232,8.906264979596898
598.2582549089286,166.25701644042144,14.030894669545827,8.924726139035133
599.6980345148919,166.26232337692045,14.025439928098939,8.914112266037124
600.2219992219885,166.27533152755444,14.054522145342602,8.888095964769171
600.2088778221844,166.2850169342636,14.080764944950875,8.868725151350793
601.2535511437694,166.1146820288712,14.145847963780477,8.850323351802384
601.2298540084627,165.94841452054595,14.193242234393967,8.823122430844913
602.4766562385363,165.06950981258063,14.219550721155322,8.780994027554994
603.7380201347614,165.0777626756556,14.214533701336665,8.764488301405038
604.4944308208619,165.05407828026958,14.138995681507247,8.811857092177078
604.871186926087,164.8729570665388,14.1034604179714,8.815111046181544
606.1286621334611,164.50789456760714,14.09809575022217,8.828211544902214
605.9711426686621,164.67225582194322,14.054482935720124,8.858140780330196
607.4260488693877,163.41812644377694,14.01268157505509,8.856889875974941
607.789331027714,163.95094718824876,14.001827955413388,8.864814432547405
609.0159153684159,163.78156910460396,14.0534389692139,8.845744929093515
608.6418508194192,163.4444593129396,14.085011795879351,8.803408241094468
609.8830037248271,163.61134967832012,14.108988794042954,8.827667911616187
610.9917770198778,162.5326926004709,14.044274532569556,8.832149738686555
610.6398509550802,163.77749868091263,14.032299911317827,8.847931205766908
612.0881899039549,162.49071008161405,13.999611670273282,8.915517454747297
612.2503912026491,163.01713653694756,14.03384992359409,8.938587096208016
612.6251810107109,162.98275295413578,14.003348558748751,9.007354261831619
614.0690202904113,162.42779433046763,13.997523494699564,9.03657644841097
614.2458031492275,162.4207553795139,14.004590109105536,9.050654350318414
615.301407036278,162.42777287224868,14.05922172975109,9.036619364848882
615.6096145266732,162.25999126499346,14.165921814555675,9.010625046561726
616.8463383697211,162.07504187259246,14.23151858576086,9.017803194606405
618.1170654831634,160.96734144845382,14.23681990374033,9.050270718714641
618.1103052616722,160.9519218865196,14.250340346722629,9.081109842583047
618.656892987804,161.1196119329033,14.252653814106758,9.110892723031517
619.182310052447,159.83380194984844,14.298906377561531,9.12264373941288
620.683124167825,161.0870958428843,14.229953912153599,9.182147248020868
620.3566923203617,159.7886276935618,14.149725923584986,9.213262654432652
621.6666676181425,161.05305289194382,14.090809878132697,9.245446807777551
622.4248697660893,159.75227299915147,14.03646285495193,9.288406366114607
623.723563180829,159.92082169738,13.996968538589826,9.316722185817182
623.5651266940656,158.816938529965,13.9485509940968,9.332745412529356
623.9115394513423,159.7524367338419,13.985382846466239,9.285892422082277
625.3409954530586,159.05699337013107,14.043301358368813,9.218363891836416
625.5073358221357,159.05176094130917,14.074970673841856,9.228828749480186
626.0301929866973,158.69037597154963,14.12425561949486,9.221599172481765
627.1211723639537,158.6946621804487,14.136010502463296,9.21302675468367
628.2293025878391,158.69790343070827,14.113664472972193,9.20654425416452
628.4307794342942,158.70459627376616,14.075919880258754,9.193158568048736
628.7532497313854,157.99340259893597,14.15981864928357,9.157867191294374
629.6691987908977,157.9880648160497,14.153367364149638,9.168542757066904
630.5839453447594,157.43098047459762,14.149728242284663,9.18719904845598
631.091416892742,157.44689634315804,14.231067538194798,9.155367311335098
632.3547826853937,157.4573892051932,14.267143519664899,9.134381587264777
633.0783610867425,157.46332551186137,14.285207217743302,9.122508973928436
633.2784778915445,157.4442135236046,14.251350744900682,9.160732950442044
634.5711261081286,157.25407407691256,14.23161629794319,9.174502988653158
634.5733007814846,156.70815210820894,14.227266951231396,9.167017533113238
635.4703887892811,156.70477314398448,14.264355799907406,9.173775461562107
635.4655546211,156.70062464986626,14.27402413626974,9.182072449798547
636.5676685620386,156.50205587670612,14.273025953914257,9.212005046198477
636.7398936976732,156.4950525370221,14.296265475099862,9.226011725566554
637.8801090296876,156.3135682889169,14.225466225036884,9.220708319449344
639.1850775450558,155.57021928366808,14.185383998550085,9.238917870375719
639.3930641515097,155.74011330329483,14.136235493251508,9.265954538731386
640.4957710421231,155.73769363814975,14.130048446383675,9.27079386902152
640.8632906654246,155.7331442116594,14.128060246010012,9.279892722002188
642.1111488024343,155.54197339520124,14.198874443100696,9.295587144759992
642.8088294284717,155.1770998807003,14.275399624954748,9.289390956797357
643.7213307973661,154.07223469265008,14.29547937119781,9.285022352059393
643.9186079401139,154.06152961708952,14.270169879584284,9.306432503180508
644.8257738457145,153.86697512507482,14.30194888958898,9.326319322968716
645.9290483018804,153.4907295371798,14.31558257451442,9.338749633006511
646.8406972424576,153.48388180520595,14.344495588050643,9.352445096954199
647.0016812200162,153.6817664831144,14.393631876611424,9.327779984815113
647.7297508759402,153.68346412371855,14.42321185614781,9.324384703606757
648.2692266000342,153.6946008553229,14.459710220020481,9.30211124039808
649.5698045018635,153.708611619933,14.462496241648195,9.274089711177824
649.391600864497,153.52868944863152,14.447338191833648,9.262368729233438
649.587332632476,153.15462328352555,14.427017112815431,9.268216145565926
650.8892254971429,152.04066712751813,14.419781785324457,9.270513827429799
652.3919521776332,152.0431445060944,14.381254525200703,9.265559070277284
652.4011001225067,151.85292008569394,14.362958635453927,9.27580213351145
652.6011234584706,152.22119299125384,14.333014566332972,9.279461528005623
653.9163566844072,151.82884437530475,14.290551885955647,9.324729110905038
654.2729693644883,152.0313277333225,14.316992402140858,9.289595333043247
655.3817041298959,151.29667207015896,14.31738490705077,9.280331968886943
655.3742318638024,151.29466428049767,14.332329439237785,9.284347548209581
656.3144710428351,151.27908051469305,14.300781482034916,9.315515079818812
657.63244258585,151.27762388325573,14.253668013666744,9.31842834269344
657.8286545852935,151.07955794042283,14.230418510332813,9.345385732806099
658.9313262590774,150.33913019651507,14.240722779450657,9.349142809497899
