1036.800048828125,148.8000030517578,6.699999809265137,5.599999904632568
1032.6150024389012,148.8919650445497,6.716825202431944,5.577118137777366
1033.290083095968,148.80599236319742,6.720445060491669,5.555666190168627
1031.933526872146,148.72022966022945,6.730060734534239,5.534084683704475
1030.5682530697943,150.1771072370525,6.759918368791089,5.513925926965384
1029.7860567357948,149.8963949699256,6.7799931701118386,5.496231261214783
1029.195809686639,149.90498068644007,6.802115732517369,5.479059828185867
1027.3500793461585,149.91609419866464,6.824228806002137,5.456832803736748
1026.563034117089,150.12003521907667,6.853498376846162,5.435155984736472
1025.485376449437,150.8044695285395,6.883618152978581,5.4186845398293295
1024.0319683635787,150.61963492718493,6.889533971126765,5.401567028729313
1021.5124817866396,152.74704129207288,6.905158256489608,5.397280264620212
1020.7259554418032,152.8492543931481,6.931210668717869,5.3862290971503555
1020.0332298702003,152.17569635767913,6.961506739775972,5.378190095940799
1018.4666535162341,152.47403814351372,6.991849729584316,5.363283346419823
1017.9686540869807,153.25215151521238,7.017118618875613,5.360224553767549
1016.5930225783515,153.26067640233143,7.045638041503068,5.343174779529441
1015.7116481274783,153.3640498969939,7.0566419260024436,5.331066125454117
1015.0170501454637,153.5660588937851,7.083579961749644,5.31626468280939
1013.1499877825876,154.35529060837143,7.11694804513928,5.296014576736878
1011.5941095776138,154.07258480001428,7.109453530640385,5.2765666451174384
1010.8027840061269,154.17965177900354,7.135938405379433,5.256953470668313
1008.7600713418869,154.86579023570488,7.134720879796461,5.2468908419532445
1008.5732160764053,155.54300416738138,7.1195942610587295,5.253393002554428
1007.1078598670271,155.64241687058404,7.135876952629767,5.248862911294776
1005.5375522837476,155.745665495961,7.164996572054655,5.236834132236766
1004.8529165719563,156.3235075078692,7.171274126658448,5.249430567544991
1003.2770038747661,156.13402830363074,7.202853024040093,5.238358163897071
1001.7997127998756,155.94221716573804,7.227740099864393,5.231354429821589
1000.5309154952641,156.0494950227814,7.222853312279069,5.2123742077970245
999.1634433748525,156.74142433212805,7.225145242975964,5.194841744167028
996.8128438770559,157.5312749012005,7.247882286117374,5.174627923506061
997.3066788245685,157.44066116641412,7.234951185334676,5.1609076342303535
995.9564164030107,157.44912135797992,7.212111214138675,5.143987251098722
994.8912683389813,157.6538738173946,7.209489509090164,5.122285574652554
993.7287564516782,158.33649853839344,7.212459000386061,5.111567797919057
992.3600784930295,158.3403006143571,7.242594677085032,5.103963645991747
990.7099715925283,158.4467068301387,7.249850834951788,5.0848546052012225
989.8261540285214,159.130731093294,7.276005321160686,5.071291022516649
988.457660533993,158.9433924702465,7.301624636328189,5.058630029484671
987.1012300671285,159.72747914053218,7.300630665985195,5.04123091981159
985.6442221568534,160.31459006508805,7.311485101914382,5.028273624548367
984.4747563972329,160.22373022220762,7.32849452766744,5.016499802518567
983.1201695475391,160.03758124247705,7.3278963981891625,5.001687500713174
981.7585349869693,160.14030254360483,7.344954298115718,4.989545699972788
981.370568601941,160.5246859653228,7.347460462322987,4.9942054623860255
979.8063885868447,161.20509340874955,7.3802742017349585,4.987692077749063
978.7366654891296,161.11232101777847,7.387283831647901,4.97937899009875
977.3770146648667,161.1188094387301,7.393028734084299,4.966402148195483
974.8415153877072,161.70744969084512,7.427916626222716,4.951301027545581
973.964834778738,162.30015555576162,7.4355432743261565,4.929712344269247
972.8823470070477,162.30808846473138,7.469530267587588,4.913846526329708
971.0324892220581,162.4144513617902,7.483763466605958,4.8950934885783965
970.3447486445988,162.61567155734403,7.502126173474035,4.880401225485311
969.4580555405848,163.3026939149981,7.530370514148573,4.863689073674086
968.5859957615818,162.72538695328126,7.528046289919319,4.854007142284118
967.2137829782719,163.50713057448198,7.558531995634976,4.841342677542169
965.5643794407378,163.80232777252598,7.557673174277938,4.8332422631762455
964.312326239486,164.5790824135837,7.540432826553991,4.831330981200792
964.1248172720776,164.48592950774693,7.528131480036713,4.823977152207299
962.6808398760554,164.49162816396554,7.5157983331600455,4.812579839770095
961.135693545619,164.98150587579607,7.518453064434689,4.797711269108496
959.6937304364706,165.56299370610498,7.510850659676861,4.791347057712595
958.8226739504142,165.46306242354544,7.520028418596158,4.798661265810146
956.4051145889187,165.46806034732975,7.534946097102969,4.788665418241529
956.1147659792473,165.57090823682893,7.537050914180011,4.775833773331676
954.1823010325171,166.05910296701626,7.548362534948158,4.762848881130083
953.4056960208341,166.73738498382787,7.56051088493827,4.754713811710723
952.7231515728749,166.2638004237198,7.5768532712940075,4.73849256795361
949.8253908865536,166.2712715807171,7.592862033886544,4.723550253958981
949.6370989847337,166.27194463598508,7.584168035405965,4.722204143423015
949.054742574685,166.3699419747533,7.593961933982441,4.7186959528067725
947.2334298026502,167.04525899527204,7.577684038983023,4.716078968268358
945.8784491248116,167.81390860120987,7.595628923648947,4.7170748826848925
944.4341354111776,167.81093477486752,7.595683133825073,4.723022535369596
943.8690915690016,168.19705241055874,7.569737792224794,4.721475947955497
940.3060629325385,168.19955420292354,7.58222112428972,4.716472363225899
941.1851405758547,168.19676704715647,7.555317021371296,4.722046674760013
940.6200512400039,168.9672878779495,7.533178218246397,4.717428312942611
938.4073706524434,168.97101260156396,7.550711050625961,4.709978865713733
937.1582131698486,169.06719214837665,7.555863634580588,4.709401493721787
936.8749007092625,169.26498976453152,7.546941571202302,4.697504251112358
935.340555185897,169.6516100510818,7.5513741367114955,4.690328298317315
933.2246139475862,170.4225758749157,7.571094292253476,4.680092040132946
931.6845705354077,170.52004060039803,7.58583029231357,4.67674701568682
931.1117567324316,170.52321730509155,7.580969186030746,4.6703936062997915
930.4316812571587,171.09930293972945,7.6001381869236955,4.667635436726197
928.6098073815725,170.62472333816018,7.599525908993017,4.657752526942879
927.4716193335952,171.20946820031278,7.576304321321134,4.6380616444508105
926.7995689824514,171.11643373523088,7.583714512551399,4.633174787320751
925.369338580213,171.1187804587071,7.579414393497735,4.628481340368322
923.4531227255119,171.22141462621462,7.595025928906593,4.614054014052931
922.7824098574589,171.79506275484496,7.600635705514815,4.61174286493326
922.2027611425603,171.32219600034517,7.614680075785351,4.603098824327375
919.9985911109644,172.28249414527428,7.631420927160553,4.591893496128602
919.7122818784289,172.94759840253568,7.631040908497566,4.598681443651461
918.661462570221,172.2798480492394,7.630488712507385,4.596424360531019
916.8391461442915,173.04742025878585,7.644943698606711,4.589775884915914
916.1626064612545,172.9563931381218,7.6598677198253515,4.580665076978938
914.9166895996955,172.95658786750982,7.665667003205555,4.580275618202922
913.5849066658312,173.05551135140897,7.650849297492956,4.57374176279327
912.5306013575604,173.63578046373507,7.658652978236572,4.559098230394462
910.4241138114891,174.4002788231546,7.672898344206409,4.55691232107279
909.6499633745349,174.305952712902,7.69298933096341,4.554538305684049
908.3097250652716,174.4020249984862,7.69547927407778,4.553678497045095
906.780947443572,174.97510931961128,7.692118704149631,4.555353284792673
905.1437951478035,174.976201196927,7.714568212536797,4.553169530161182
904.1874316898926,174.97293853433294,7.711472313513643,4.559694855349322
902.7496249197796,175.06776369348924,7.712387341810453,4.561691104498677
901.6869681755702,175.83115986071022,7.729067940596469,4.568449962516951
900.728884306209,175.63209566120682,7.724675783090746,4.582466382278172
899.3880124825716,175.72269559105303,7.715233994667457,4.5934940537070785
898.720933444139,175.91811999720215,7.703478373027294,4.587192012410349
897.4721854741309,176.2940208130513,7.70507586834764,4.603359132926118
896.3189370455962,176.2886683928888,7.704106839924631,4.614063973251134
894.8763995544299,176.3815170821513,7.702356556900195,4.620821612416574
893.8182220771118,176.4739824283575,7.700739004789065,4.628433875163086
891.9928284512159,177.25132679928615,7.691228574864541,4.614923104554729
891.232235476065,177.25651643061678,7.674191407701627,4.604543841893485
889.9715136565073,178.03179359031034,7.701593800808195,4.588784135434693
888.5322035034611,178.03622532932803,7.700348477745816,4.579920657399316
886.8959723868035,178.14065408969827,7.711821730593743,4.562886017862824
886.1289911593768,178.2440672582197,7.712138702148569,4.5477653662322925
885.3679180001953,178.9141533704303,7.702646363969733,4.54777696628523
883.3531842301786,178.91815906401513,7.714519884884648,4.539765579115596
882.1149901598268,178.92406998649867,7.703293765473826,4.52794373414857
881.7336399763219,179.2160531021456,7.702041016229725,4.516942340045038
879.4356130192351,179.60523282255832,7.719289077449294,4.501717208045274
878.3812219140165,179.89932316931507,7.729470087070645,4.485882296572413
877.1375385175679,179.8079222788302,7.7381947487869205,4.478019298220563
876.3740745639174,179.62002199542636,7.739835216340774,4.472498005091375
875.6015282526882,180.3893834926249,7.760194563643184,4.458508285850106
873.9839803620085,180.4889848584666,7.75413506393351,4.449961747170755
873.2124706676167,181.25703616184205,7.773783485309864,4.437230107827059
871.1156210324468,181.16670386532277,7.776563733098235,4.42739838165876
869.6828460881136,181.25713384612766,7.7865562666101,4.436908910392638
868.8154164033263,181.54782456289848,7.8052953806055925,4.4275675620440555
867.8639208746378,181.74215507151655,7.800299014628429,4.420504029478679
867.2921759060278,182.40909233858244,7.800160675857761,4.420862484002869
864.329653518948,182.41279513558544,7.816333927402044,4.413456889996871
864.2405532654857,182.40854166819534,7.80381225530644,4.4219638247770945
863.3882441927888,182.4104857640441,7.792296628380797,4.418075633079591
861.4861673104142,182.60833852802722,7.787550758129993,4.403260068613377
860.9203284818508,183.2760023069781,7.778491356879568,4.398792412151776
859.5990968711304,183.18087015243879,7.762175325963108,4.399143917490606
858.1781499406148,183.17799951459148,7.758909643194321,4.404885193185218
856.7474990603432,183.17993957850734,7.7743131200389985,4.401005065353477
855.3239024594418,183.84124008929282,7.773177426900545,4.407624194755288
854.2783229513905,183.2659935648377,7.774508989244935,4.418211359797395
853.0474082680402,184.02420852612786,7.763946782884778,4.423253174485111
852.9525633193825,184.1102836951124,7.763523443401387,4.441216073314655
850.6649669120162,184.48956885915138,7.768827686175209,4.4442938405631915
849.4314001181564,185.14926662936404,7.758904154273986,4.4586982876259995
848.4790869635194,184.95094617581745,7.757127537028722,4.474058609415329
846.6647033364255,184.85077175441768,7.759279124689259,4.483532943450329
845.9947176063293,184.84573288625288,7.761781188205402,4.493610679779913
845.32590246319,184.93581272527504,7.760486519099553,4.5047259953620005
843.0323820635006,185.22231836447096,7.752867667441253,4.5060471733497955
843.6020201235556,185.70606608459244,7.76171259854249,4.495319275782836
841.0128875725215,186.47359187906142,7.774798454600305,4.490691167144262
840.1516823198266,186.47260161853183,7.774442149159773,4.492671688203429
838.5257091399782,186.56666234640542,7.771792406785404,4.495997061989843
837.1823490415248,187.14868818003168,7.778017863645364,4.480728854757334
835.8401080365676,186.47866016822792,7.7843373399039635,4.481703611536867
835.6439140419151,187.24677052014783,7.793910262857967,4.476743173101149
834.3099761964638,187.24504635463427,7.781272293623044,4.480191504128311
832.290064842108,187.34317468164102,7.803029529497364,4.475271301202241
831.1469352891182,187.8291992587256,7.790383598777645,4.46109924565777
830.189676337845,187.25991776026993,7.793426493483575,4.452777237864756
828.7567168257134,188.02776053692745,7.79357621036173,4.445501981821728
828.198427424593,188.1200786160059,7.764575304500695,4.451795775015107
826.963027156791,188.21899229848086,7.757482253585425,4.444575609028297
825.7254831727977,188.3211535437501,7.757636027459523,4.430632671883002
825.065057340549,188.60956529782095,7.747471919101063,4.424244494965266
823.837312884326,189.08763472282058,7.734441812801523,4.417536036791161
822.3200308738525,189.0848891417399,7.735739328874173,4.423027198952499
820.7089430867501,188.99082478340037,7.7331574030699475,4.421464297983937
819.4846342659087,189.27923420478183,7.716626203967247,4.413525956940763
817.116280659831,189.9359133184231,7.722154315545473,4.424897877819804
817.7777161336254,189.64856099449747,7.7259381628971315,4.431036184982206
816.4528676983443,190.41246087441155,7.7200819552249325,4.420695327002268
814.1718767317785,190.4146856624889,7.735982137551693,4.4162457508475494
812.7495767565729,190.41634359326625,7.736881194719856,4.412929889292854
812.4721480419392,190.51003317257442,7.723127445417302,4.415087790199759
809.8150559231572,191.16861090074426,7.734951998958261,4.423522254865938
810.013945751536,190.6032503820295,7.7165490619149555,4.416113133152371
809.2604880427917,191.3600686994611,7.709144919604962,4.416796058087478
804.9967870805501,191.36064824697183,7.722913956041533,4.415636963066007
806.4115144985043,191.26456247255734,7.734101381072929,4.418432361165692
804.4300817961029,191.73578230392303,7.715590756759241,4.423939372033461
803.4936120267428,192.11304486655058,7.694444361929446,4.427048620198241
802.7328208242157,191.5446007348342,7.702843015492604,4.429049070012563
801.2268731254483,192.29407394993825,7.685836211061838,4.444553740787227
798.4804521384561,192.10257692613717,7.688479362516913,4.448913386835676
798.5713697051734,191.9117958552535,7.696074527641169,4.451614931485197
797.7214841018274,191.9050409447511,7.689547204569866,4.465124752490017
795.6346394668295,192.09832463409518,7.689377557188032,4.457999093563434
794.8802328918083,192.76243104245552,7.681409858632869,4.456969519365738
794.6924342509981,193.51615160313077,7.678083191135283,4.465224194487184
792.5034983459324,193.32753458109153,7.696248251191235,4.4633533037765245
791.7458813182875,193.32369075535513,7.693160329335366,4.471040955249285
790.5108064838208,193.4140175811641,7.694939044111358,4.480261992412712
788.7976216407676,193.69395919704084,7.700277956252552,4.490550556320091
788.3205622945737,194.2696537112767,7.702843062477807,4.481025831243453
786.7878865773059,193.98080630716015,7.725194809131295,4.488158197998715
786.1257210839021,193.88498054159513,7.715046386194225,4.489169813450955
785.7387540982292,193.8819367200305,7.726954418641036,4.495257456580195
782.8858513936681,193.87547902225177,7.709171477197735,4.508172852137651
781.4604533856485,193.9656831957508,7.698851864996265,4.518505547022246
780.602314984026,194.0599297515586,7.698264660964822,4.520775102881821
779.7529621501892,194.2527196716735,7.679839272186042,4.516779941863689
778.2259192270664,194.72869337672364,7.686707118270347,4.517088156813833
776.8057634435613,195.3018619946335,7.668643617087781,4.5141009482711265
776.7177641432419,195.19969869308645,7.654402685840685,4.528188019479244
774.1454356921553,195.2957656019554,7.661875447891223,4.526320281005116
774.0543312188059,195.86964613370796,7.653738837170131,4.520632562017921
773.293638414937,195.20257424950816,7.654096215944201,4.523876630074309
771.195288559094,195.7721668520163,7.666645260924846,4.525823425068615
769.7688963366456,195.57734893079353,7.663309257023708,4.534643207674414
769.7706611451244,196.24466487773134,7.65977964006599,4.533563921213849
767.5825483865001,196.1534232680702,7.6559581925780025,4.525610315982295
766.248170493077,196.15570393574285,7.661275106555162,4.521048980637034
765.0082342813923,196.15885401632596,7.667929521347718,4.514748819470835
765.101708589754,196.45119686799225,7.671220784667621,4.5007827562680625
763.0102767019215,197.0276795812095,7.672928535802135,4.488132609250946
762.2591623929129,196.65350289953017,7.656246386874605,4.477030589137187
758.660115281235,197.41418332799196,7.656065106158876,4.471096154123367
758.7608381175377,197.6016365020949,7.6439445929429475,4.474840124696223
758.006741345916,197.59990227053163,7.638469265919291,4.478308587822769
756.5948008266265,197.78811743754122,7.624560201301749,4.48025026756305
755.6637149226294,197.02831613955954,7.596608911912446,4.487754385619437
754.9077311869971,197.40613509151098,7.598784596807871,4.487012374901048
752.828147256691,198.0703041059837,7.6055897602339595,4.479880658696676
752.3547043849418,197.78971812296166,7.608854031730406,4.474879741539679
749.9858718089168,197.69688429305833,7.629313830124477,4.471859187200099
749.890876391987,198.45496387594733,7.630363716885855,4.467227598208602
748.5639558398124,198.45221222744405,7.63991055032946,4.472730895215161
747.1441573551504,198.44866327853947,7.642812138215696,4.4798287930242795
747.0436677860703,198.44874005394215,7.654515065916654,4.4796752422189625
744.9650139611207,198.54299093507856,7.64398077612641,4.480620840841077
744.3039185274326,198.64074231385248,7.6410228998993395,4.474425046665173
741.3681456933881,199.29944512878907,7.648664096659846,4.4811268780597295
740.8046324912301,199.10733550668022,7.639380136371125,4.486576000742635
741.0917917705121,198.91878209054963,7.633079761636793,4.4850040437839604
737.0220572530786,199.11111995302895,7.6361214668156165,4.4787667992759355
738.5411185867177,199.10904590457613,7.624541174827884,4.482914896181556
737.1225873703063,199.10935057087104,7.62574718716028,4.482305563591762
736.182522640888,199.20367157308524,7.615229640421295,4.482728259720891
734.7611010387445,199.86342413574033,7.624338304833729,4.485632586352207
733.3375357979495,199.67681962962655,7.6349681474120645,4.480641513378176
731.3515449998431,200.33756193759498,7.63430648255334,4.4833713177985555
730.5992437772983,200.24287305829384,7.625230201172324,4.483539235592065
729.6535443554509,200.23972424361762,7.625850172209285,4.489836864944469
728.2306225508748,200.23824157787894,7.633789871287542,4.492802196421857
726.1475388376464,200.621332963537,7.634000548872206,4.484066106718881
726.7099336406217,201.18825961634448,7.644513242770831,4.485515100953406
724.7227335753322,200.52880401128337,7.641562227007497,4.4786425956280915
723.7816415580387,201.1867943303982,7.631370443459026,4.487325030093247
722.8238591816405,200.90472270037895,7.654604101632833,4.483768961744915
720.541379034529,200.8114617268772,7.671133387090669,4.480772950049889
720.0629150843038,200.81185273510766,7.679498157714855,4.479990933588938
719.3893976826313,200.81150719798705,7.697768206196748,4.480682007830197
717.1111666632834,201.1022401201424,7.691677644699048,4.469535238543679
717.4955929639558,201.77163839009083,7.682133782295306,4.459528991793749
715.2144842025232,201.30098398127345,7.695965399547279,4.453257412425773
713.8001309247759,202.05827904144928,7.680447723534925,4.455586882211268
713.2307509218901,201.96610523365797,7.682662079017265,4.4505102227457005
711.2398522915636,201.59350843639712,7.687666458967456,4.438219459038278
709.908729734274,202.3551870645387,7.700594298643426,4.428757788414172
709.9045239330216,202.26876007289644,7.7090059011481,4.412343654688998
708.9512783581581,202.27249422220433,7.724355036641856,4.404875356073198
707.4313801572129,202.28116993150357,7.7367155909415395,4.387523937474728
706.0092841696268,202.28781738701306,7.744363782721385,4.3742290264557395
705.2495114022884,202.29164799186563,7.751988903477585,4.366567816750614
703.0709104325781,202.58323122275286,7.762822468500994,4.350318969027972
703.3654814844699,202.6833058889454,7.740248951747387,4.3390258323195425
701.2832567482237,203.4416364947936,7.761435600488803,4.329005647441629
699.9513604128684,203.25866508984862,7.786610858273293,4.318003112627916
699.9438693579079,202.60543469129405,7.801592968194126,4.303864034808582
698.2354504054774,203.3640323918777,7.822961206180964,4.295766263363143
696.2426883024244,203.27611021062341,7.843382625489683,4.282796207452798
695.4729270006371,203.18909846926582,7.871751728069253,4.267925502543625
693.9529207094595,203.19409200767848,7.886831550971822,4.257938425718301
692.533718111885,203.29046650150764,7.888591570834976,4.254299116412379
691.9643220883345,203.292435307694,7.892943712663824,4.250361504039613
691.6888464708508,203.3911925197231,7.876684859178237,4.241917109465771
689.9884891810711,203.87019047874796,7.881053502589436,4.227350618123947
689.1538509235065,203.96260053344247,7.853823214582552,4.231031264638859
687.7573667592517,203.30555634225834,7.824351755146838,4.227981079299271
685.0275817827693,203.96918201373015,7.84131361198693,4.214462725075479
685.0364711742636,203.7820125405937,7.823534828998057,4.2134124237206745
684.3937939530404,204.34336169020168,7.796986295420387,4.215202389668569
682.3431785140946,204.0686568071145,7.7830264651960475,4.203449786554331
681.2229507545288,203.98197009729384,7.7837150852953005,4.190175964609681
679.8296224928253,203.9855579632629,7.773919406300509,4.183000232671596
679.2805833486744,203.991107894951,7.755019996413879,4.171900369295349
677.6131168349418,203.99291866677473,7.747453290798594,4.168278825647917
676.7814776760148,204.4512054653624,7.741043199330452,4.179309900318297
675.8494500997449,205.0150511696483,7.748944930373108,4.165310544644857
675.5715587711305,204.4645899826425,7.748251363852663,4.153280471158266
673.9121768348407,205.19941035363723,7.7320512202382154,4.165845958588441
672.063576564465,205.1100858345816,7.7242047597348,4.15924264663695
671.9799617295818,204.92700256728776,7.70641075213516,4.155361826491744
670.3192276411928,204.8309186893594,7.703368087188703,4.162834535585976
668.0070632205501,205.5734904421287,7.708244004813962,4.155915965618631
668.0144555886959,205.57830713005356,7.693459268522246,4.146282589768909
667.1883076530395,205.57689086827844,7.686616230744204,4.149115113319164
664.422905095788,204.93679528790912,7.688528756057697,4.139231336580235
664.9786746325483,205.67456283992252,7.681922019121527,4.136939347999398
662.6703399798182,205.4019417108124,7.698121251519474,4.1301251974522
661.20837258884,206.1439439027714,7.6758043050443145,4.119246677749975
660.3704088260484,206.05736868112675,7.69910087692968,4.108771459517296
659.2793615821507,205.97215655247925,7.675724989198406,4.095406518851757
657.8101802237685,205.97881200666967,7.682632951727773,4.082095610470898
656.6108550507778,205.98432621353209,7.701122140635895,4.071067196746055
656.4275288691088,205.99146507769012,7.7014303153332495,4.056789468429989
654.3216933506087,206.17746210768712,7.705677879331139,4.05065831913188
653.4976741345811,206.45572144029393,7.707719014909902,4.042805419410472
653.0388101103644,206.55239651790092,7.711528787345698,4.032238919396002
650.748118334952,205.91846346187373,7.726462009163018,4.021498939328222
650.0239304894785,206.55589019621695,7.713296034967622,4.025494427641339
648.6491995052329,205.9132724486637,7.72423794540101,4.032753895654108
646.2631372535322,206.55951143064584,7.742168064413566,4.020251342871349
646.9044171761296,206.01964593211005,7.73992181136955,4.002570689527845
644.8818990962341,206.74948624656218,7.76853733944355,4.003406653975302
644.1556359721793,206.55895249960815,7.757071215338995,4.018476054829801
643.5063535411927,206.19235541859416,7.774004347652256,4.0193092284806
642.1338377282068,206.9177527138783,7.76873762693817,4.035340422811386
639.7453506369106,206.7356241063245,7.77336327837159,4.032493904752869
638.8375868301397,206.55823905591697,7.753182788800615,4.020122384945368
638.1059693395587,206.55720777929008,7.751925865860513,4.022184938199131
636.7341969995637,206.5652510228505,7.749292561167608,4.006098451078262
635.7310209700946,206.6570152264158,7.7452526574475575,4.005332949643839
634.9094627766083,206.74930154963303,7.744155357260584,4.003450712893837
633.3474925351414,206.84311315861652,7.763183788621425,3.9984693803135145
632.6227579826482,207.11529171472964,7.749969669832749,4.002618477002971
631.8980324092786,207.38934963732865,7.737717516241367,4.002641369428947
629.2424028743116,207.66271283505552,7.755507196415344,4.003515255674552
629.0619321534188,207.02125722920164,7.750829336853532,4.006758912666783
627.7001496095141,207.65759010045173,7.732441792387177,4.013671065228572
626.2497449514267,206.92140951785078,7.710917691494992,4.024865521897002
626.3458133453797,207.19009861640745,7.701303144766437,4.03505404831564
624.7106241524465,207.91514173590542,7.685671376870117,4.0454167665476515
622.1588969508244,207.7218531680981,7.679003280442405,4.066985152185708
622.0578616249063,207.71632093587291,7.698297299353406,4.078049616636121
620.2342996810379,207.7061509915453,7.680413402331789,4.098389505291391
619.8715501764033,207.6985831808815,7.6725680634515845,4.113525126618903
618.1309134043547,207.6895725428535,7.667722107460334,4.13154640267491
617.1258184322118,207.67985150577647,7.6570223906250225,4.150988476829016
615.0201579194385,207.67441242892778,7.638821105407691,4.161866630526411
614.7328667614133,207.67383537812762,7.661973702180509,4.163020732126701
613.2522565406526,207.85388060446874,7.676456958017139,4.171272427655101
611.8669379333382,208.49658618179862,7.679207945017466,4.177541512555257
611.3159182591206,208.39453517965168,7.673206210408553,4.1969700030084605
609.6515755736073,208.38401699253635,7.673384674177233,4.218006377239136
609.0058086792969,208.28287191081057,7.667965687426057,4.235017572780382
608.1633829815162,208.2753738252327,7.683413364324455,4.25001374393618
606.0175724388622,208.2775440950294,7.697649310963379,4.245673204342709
605.9152929980634,208.2791423021942,7.716098759904676,4.242476790013156
604.5196333405852,208.18038904063263,7.712509425250341,4.253656069828906
603.2193925009581,208.17015435720057,7.7024800939536195,4.274125436693017
601.1569728142471,208.16952959523124,7.72066500351055,4.2753749606316624
600.4103248878915,208.2530447343388,7.718312508138089,4.295300725926951
599.7535836519583,208.33625299483143,7.720967880161119,4.316145219205082
598.3377299034854,208.52636507054322,7.73784416279289,4.311231896356686
597.486861082238,209.07965303850887,7.74919144264793,4.331582868851954
596.2591759044146,208.51392202339332,7.756199119431392,4.333031354992302
594.7605073789747,208.8907140316924,7.738114491707805,4.333302758045024
594.0916778115952,208.23216128506465,7.758365794217022,4.333000419050809
593.2446609828951,208.42209022329064,7.755941251285253,4.330133253783706
591.074863788827,208.7880202905736,7.762090148734895,4.351915813250203
590.5999730418968,209.16897974795944,7.767508864598347,4.34548712087612
589.1851720387492,208.97234044890777,7.764462819449447,4.361079312120254
588.2410028019217,208.7721042782357,7.7621648990349374,4.383424374650531
586.8233622272083,209.43497618833482,7.756298319373412,4.3835494946935905
586.1571242146027,209.3332233675866,7.76349816988317,4.397729968375496
584.3397812119794,209.33671795819092,7.794400129503037,4.390740787166841
582.9162382889537,209.3296103510827,7.791317504045523,4.404956001383307
582.3339594948704,209.3239952378449,7.814630542677239,4.416186227858883
580.8012690953401,209.318229773484,7.8281170335803045,4.427717156580688
580.1295057190418,209.31083340737953,7.8336703443255455,4.442509888789625
578.5852172579505,209.30953894041508,7.858683169774432,4.44509882271854
577.7156828231905,209.3969391127703,7.870769250416424,4.462185454550103
576.2735596267094,209.0031339024421,7.869670217330282,4.480370428260223
575.3135740212144,209.67548297981818,7.863150127621405,4.484216183997263
574.5484892265757,209.2847102553465,7.852376484987971,4.495290016985232
573.3882352664523,208.9005269469373,7.861128096242435,4.493071197472909
572.0437905804794,209.57519699458467,7.851680776973784,4.4928994477854864
571.2669701345941,209.3754109648434,7.86455791942044,4.507280569936982
570.0159958927123,209.28430165179347,7.85711153893238,4.496468821863713
568.5819296005269,209.17966004658777,7.834196316183361,4.513015511800431
567.9134546560219,209.9462580365202,7.822402198499994,4.5212412538707225
565.8947736809746,209.8444043284148,7.814274993779282,4.532306329375954
564.921847177889,209.84161488578425,7.833034489248241,4.5378852146370825
562.7064520715131,209.8404651680554,7.822935511554105,4.540184650094797
562.2313706630529,209.828575783776,7.808241785654591,4.56396341865362
561.2571763449345,209.83031662445734,7.825070795889745,4.56048173729092
560.2858856037169,209.83465486349277,7.834184377268129,4.551805259220029
559.7126364186707,209.82868415703388,7.820672389127837,4.563746672137852
557.5830408283955,209.73992831670543,7.826454044412336,4.547921556191692
557.5810466465327,209.64724786173755,7.830442408137655,4.540127882740329
557.1915186422954,209.55786029892673,7.837171622019206,4.525821309713624
554.7806194663109,209.55519329582023,7.835495261401738,4.531155315926613
553.5298973504006,209.55491844209408,7.8278801869639345,4.531705023378935
552.3813037712914,209.5532607324256,7.810255942803501,4.535020442715905
551.2225324686731,209.55348704282233,7.815449910295067,4.5345678219224705
549.6828653527708,209.55482669816072,7.810542560854677,4.531888511245672
548.2363504192807,209.55631161744614,7.81386882499667,4.5289186726748225
548.3316758462013,209.55743815544633,7.815863891373148,4.526665596674414
546.306534179236,209.56427389128388,7.820763371334761,4.512994124999339
545.7373670296232,209.5701067868153,7.804228407449864,4.501328333936518
544.8719296367125,210.343848327504,7.806786001703963,4.490127200619025
543.3380502787426,209.86840361442893,7.8044140331058305,4.481600787850968
541.9915517684,209.30110553287255,7.81356417655926,4.465976860721664
541.8947085763633,210.07290271693216,7.8156768462706525,4.454972207498702
540.6443354800721,209.792240183791,7.827987573941102,4.442042935724423
539.111838469455,209.6056780377642,7.830890424749698,4.432405831474849
536.9232619766691,210.36883999582173,7.809067245825896,4.436160581271357
537.0290634645914,209.98555512672354,7.788464898061181,4.438727807147455
535.6871615525495,209.79720514581717,7.801920053012829,4.433949387655566
534.1691159059835,209.6043448446049,7.784295548231973,4.437955515340988
531.5955690299013,210.36173837469613,7.783452467263854,4.448483072382965
531.7037652762543,210.35913981105017,7.757890603143891,4.453680199674839
531.3371825156416,210.35751524633758,7.728895626206222,4.456929329100016
529.0588375111063,210.1687101910239,7.721614177813182,4.454208484938768
529.0709207871113,210.16061892526727,7.697447625803089,4.470391016452047
528.2256242170274,210.06058103654325,7.6786952289645125,4.480539512010462
525.5696251823207,210.05611935872028,7.675707878567252,4.489462867656391
525.664952158822,210.05194119603462,7.6749815445592064,4.497819193027711
523.9524822286833,209.95680404906446,7.678872962268822,4.498035240158738
522.9183780286394,209.95304508091888,7.6557648953910995,4.50555317644989
521.5888044204291,209.95434290827447,7.65626038001985,4.502957521738718
520.1659139640304,209.95965366128368,7.654033904056784,4.492336015720299
519.5055794842806,209.961264569345,7.647121790953895,4.48911419959769
517.4015316110747,209.96305544201778,7.686277057700215,4.485532454252104
516.8346446040998,209.9640492227724,7.679943273706764,4.4835448927428825
515.4071940970174,209.96681722972522,7.686489605956716,4.478008878837188
514.0825659631445,209.96803945995313,7.67723366792873,4.475564418381397
514.0784068724191,209.97586440069287,7.685551849379414,4.459914536901947
512.0827860481041,209.98013632681875,7.695753871536161,4.451370684650166
511.4283463064539,209.98081386405065,7.677574544213142,4.450015610186366
510.109391741437,209.98872013405563,7.6654621733066035,4.4342030701763955
508.5936512769028,209.99617863702963,7.675509351921917,4.41928606422839
507.27636992454836,209.99718142553314,7.667773284403754,4.417280487221362
506.04988596505177,210.00193913369398,7.669111062821671,4.4077650708996785
505.581410404425,210.09111997803808,7.663835459499127,4.41784872712668
504.163264423358,210.18826922423676,7.672054477599536,4.41208843099822
502.85130394096745,210.27878724276397,7.656102979006235,4.419614712756243
501.1541912845262,210.56449160894817,7.65816520573538,4.413566494746789
499.51395788746925,210.2384506768186,7.668828894069415,4.402193546338646
499.4343668596978,210.33083305701217,7.639664324291055,4.405775411272707
497.54871102728464,210.4278893115952,7.651473803289792,4.399638011397984
496.8104604527853,210.52216572113718,7.623606463596545,4.399131253400515
496.0649588668142,210.52688494812074,7.61361466716493,4.389692799433437
493.43687346137614,210.5310565970658,7.624932440874724,4.3813495015433
493.0714148921463,210.53460975811032,7.606479938905666,4.374243179454281
492.41961896389273,210.54159645023447,7.601433260951748,4.360269795205962
490.2674023972167,210.63857708277092,7.613227625262361,4.3529449983522355
489.616116272084,210.64116209307525,7.6089917844113595,4.3477749777435815
488.5875851457727,210.6459105541794,7.614154309251885,4.338278055535271
487.18493050844967,210.64868628412282,7.622691019068649,4.33272659564848
486.6147024613033,210.74774936606798,7.644245587974947,4.321084019322523
485.2105660644652,210.7486315112891,7.6534476994276,4.319319728880311
483.8078637123477,210.74809171183037,7.658189392989957,4.320399327797783
483.1493139601883,210.75074540701183,7.6676931821590095,4.315091937434815
482.303782018785,210.75669039853304,7.677109909801964,4.3032019543924465
479.0347218566327,210.76200875844287,7.677700510001083,4.292565234572765
479.41778644084377,210.85483204486226,7.658027972795873,4.293532819538177
478.1155835545735,210.1132812392131,7.653676890941437,4.285916228325173
477.4492571025406,210.21296653808022,7.683309546576834,4.272691380366711
475.6753478622839,210.30909931919982,7.690317905890231,4.2667842455590845
475.1135960973676,210.407345402666,7.695653835724163,4.256653345293186
473.52202963484154,210.50177317300498,7.712242575257521,4.25406510964576
472.0257490741876,210.58621344713066,7.721313898331314,4.271652673783963
471.2703971587662,210.67645744169738,7.736800627262146,4.278066822389578
469.0308782234118,210.6755839015606,7.722071938780787,4.279813902663143
469.0206317045318,210.67973479811832,7.742564976540694,4.271512109547718
468.18144089652213,210.58966601997088,7.736024549801157,4.264436105536058
464.8993814651153,210.50030178650948,7.755275143445737,4.256168336196901
466.0162383102328,210.50495412140913,7.767232543466498,4.246863666397598
464.2458796030438,210.40585697184866,7.751971449562632,4.2579012019247235
461.6243793468978,210.31307609572735,7.755609481302133,4.256342865576208
462.09255630468596,210.21934406163015,7.754991427242195,4.2566597614673425
461.1603580133117,210.12051578668917,7.747953387272616,4.267172849077511
458.34540906697697,210.12144292305038,7.761279470250533,4.265318576355099
457.7873426493518,210.11504342017247,7.753107573005099,4.278117582110891
457.1312472156971,210.01522085091193,7.752924823695866,4.290280775400725
454.98493223078776,209.91695546530832,7.728759361874207,4.299124788710562
454.8883425077951,209.8178470016221,7.734458245657298,4.309861153880693
453.3861288772766,210.5674262221383,7.7349214464704525,4.31268474296026
452.2620555477452,210.56684282801191,7.72943555041928,4.313851531212987
451.2355207114492,210.47341115849866,7.7173486117825965,4.312973360127773
449.3600486102221,210.38090310292662,7.717335125916312,4.31044158685587
447.5856184159646,210.2874004304872,7.703608906323601,4.309942373413264
448.15085252035607,210.0029724837822,7.696899542796311,4.31691884419536
446.9434046095783,209.7185285189302,7.676729838398583,4.32386857560246
445.72914891070747,210.46752949726195,7.6725161222185925,4.322928227506109
444.24199355626905,210.46022333815787,7.653956965106523,4.337540545714277
443.41271151806876,210.4558917463657,7.629266780289371,4.346203729298623
440.7085967856909,210.17376852398078,7.620008092085474,4.3500203651415825
440.8133461713964,209.98605221826213,7.597246963030068,4.351977691867657
440.73298204702803,209.79731514803245,7.571541512734737,4.3565844342626985
439.3376582746984,210.53556688352123,7.570224941284427,4.369128491876851
437.1928127534186,210.25308576755253,7.574459966374926,4.375118199796492
436.1732456080795,209.78316618907957,7.562220467009398,4.38251472490441
435.25487906387616,210.53002624324475,7.534629601697058,4.380253779549324
433.68331141200247,210.24894814205211,7.516023279322783,4.384455577324914
432.2926887004896,209.9690882978594,7.510570693422545,4.386835663925106
429.78016953712995,209.4166298099256,7.520649685426198,4.377317232078165
430.06103004411585,210.06529898621807,7.516111593683045,4.380072364693419
429.4170143490189,209.41582735014558,7.50419426798158,4.379066920943063
426.5404150233629,209.97385094760693,7.506487588917329,4.376098177060892
426.91612852603333,209.32539685725024,7.4970479613959915,4.3745284465901815
426.1779064256202,209.5171494656682,7.490850763616494,4.361683579405699
424.3247580963936,209.8925933259288,7.496733320798913,4.350878679138635
422.85505043815976,209.1574554021013,7.477349433866617,4.341754925093583
422.58102124777923,209.3495441720439,7.471959349605109,4.32654302855679
421.10523444512495,209.34844916591004,7.47721138435416,4.328733040824494
420.0101672549381,208.89130443198334,7.456224468274458,4.321721968488961
418.5496402934377,209.63268690244698,7.435998058701948,4.3095971938484725
417.2629381872976,209.45511579047684,7.442858616046971,4.298090324226549
416.15126537242764,209.0915947364662,7.46742945144423,4.292207500800289
414.96324301472646,209.73614291747364,7.458030191625509,4.2875809715966975
412.2121619569196,209.18521524603588,7.461855569345539,4.289768966893439
412.48358947692856,209.8236064097474,7.469115654436846,4.296588598058529
412.12167790393653,209.17470156416428,7.458558763337266,4.309233224328487
409.540979676887,209.82075872435118,7.477672614457133,4.302689554699492
408.99467628722726,209.08274264815427,7.467327366502806,4.308119004061584
407.6233691313115,209.54047642508135,7.453480664904459,4.311471788017407
404.2270291882153,208.80748953291769,7.4523833932176125,4.308520781451941
405.51600154825275,209.17029833699164,7.444128903503024,4.317100381978437
404.2410405970758,209.53390334777626,7.4240386607336815,4.324179544730099
403.15013090664326,208.7935660732082,7.405128121988101,4.337700814125762
402.70100412176726,208.96928329467207,7.386669875194383,4.352951097816366
401.23813409123443,209.0617671048138,7.3791909334866554,4.351309665206224
399.04119591396017,209.1483222805119,7.376571302553203,4.361386646538422
398.20922519021406,209.1455377895065,7.3906441224787,4.366955628549265
397.47659412504726,209.04685868835546,7.386930529209097,4.380691865400952
396.8301072287816,209.03968627650735,7.393312230090719,4.395036689097159
393.516758220853,208.85638072009002,7.391113771825451,4.393375775591649
394.2580666294702,208.8460843283673,7.381099200980062,4.413968559037058
392.6058107677176,208.6594571710774,7.368679907473688,4.418674982837829
391.12829557259533,208.1958230486078,7.377013211784396,4.425100388422721
390.38448249215685,208.2820062314486,7.389431896390629,4.437134957274945
387.87864102568534,208.28054159269377,7.411820322555656,4.440064234784637
388.06057322462465,208.2760840966726,7.418298379216459,4.448979226826938
387.685551766986,208.3649985015031,7.426669360952958,4.4565684005511885
385.3649590623751,208.45485671103052,7.426091351933034,4.462522518225999
384.24449462906597,208.54213528323163,7.4378721767435465,4.473727710641106
383.77147307188613,208.54154444065978,7.453282329324597,4.474909395784845
381.9087036126016,208.53483980724255,7.451304021456415,4.488318662619285
380.60575394528354,208.61950333986303,7.445188557062399,4.50556408302331
379.8634227300346,208.7074680189844,7.435674887644331,4.51640673727008
378.177938463193,208.7969693089363,7.444011335581816,4.524217051018809
377.5252154653833,208.13597951209246,7.4399772759544485,4.536716589459846
376.1294130866052,208.40881650152883,7.42329945580966,4.552699126127314
374.7219596275126,208.1242697704757,7.429620895216198,4.560075492477832
373.87652574964585,207.93118004859227,7.433372851212121,4.5713403140807705
373.4039859188864,207.4592127492267,7.439939427335887,4.5767618274167186
371.240352636224,208.0269658966723,7.4456973828541715,4.568605604648971
370.6817048687942,207.46195719806224,7.435950165201245,4.571580249356517
369.6529298996667,208.02460587930196,7.42830409478857,4.572753437059556
367.59137933689266,207.2782776105836,7.423088565327912,4.564203918129481
366.2842067284469,207.65790227881095,7.413423845840319,4.55467170635452
365.72427048890694,207.94225539726264,7.410546824872148,4.547340219475158
364.32116274799375,207.09641901737098,7.412380808230625,4.556384080177696
362.8289595960989,207.09206390470712,7.402576842179722,4.565094305505375
361.5211638143177,207.00334176142974,7.39823282140296,4.555400336035893
359.45814433078505,206.72956395757174,7.4122391759477795,4.542224223862773
359.3548395186675,206.45636656639,7.431950814253287,4.527925048437412
358.04495878736947,207.11578678579335,7.43439433666175,4.517743579724471
357.285461290457,206.65387439448148,7.458858758232498,4.507486754689415
355.7930782766964,207.30932087659863,7.451497202071858,4.50564960831585
355.6105918404113,206.84447464693994,7.442735270474108,4.501005057213284
352.34014682492057,206.1979800031784,7.450571492154477,4.487383582876121
352.1599700313307,206.574472141005,7.437833439229677,4.480582587432148
352.0688203007691,207.04229315000524,7.43389133244819,4.476148408955077
350.20762161848666,206.2954391283131,7.434125790252539,4.480991289635131
349.82871132850454,206.38559232335447,7.4471733217980125,4.486878161657025
347.77817237402274,206.38734267758596,7.445543490442761,4.483377453194089
347.1336863051275,206.38718000696545,7.429691492925481,4.483702794435074
346.1037108652893,206.39469575023878,7.441740032495502,4.468671307888415
344.3400443504763,206.31024542847888,7.433193914732058,4.451473048914091
342.95665379289863,206.3110198660702,7.414749895268385,4.449924173731388
341.654566924374,206.13201867688278,7.42358799337904,4.437164317972197
340.82814703021904,206.03813387266794,7.408751481718852,4.439636559738501
339.6223605870775,205.39515464007175,7.413785771101001,4.429766549676493
338.1383367410678,206.04799719686875,7.421405778726178,4.419268548004977
338.05168681109495,205.50108883646928,7.409742771910954,4.403308068238767
336.39364113107666,206.1493141948262,7.404474735978644,4.398497116623952
334.18591497889224,205.68827966166538,7.395277385098984,4.3987641714355235
333.45212618002483,205.60177508413543,7.389029605115056,4.387545154280561
333.09070670850025,205.05738387699358,7.376085230499684,4.372652592067566
331.53290878940027,205.7960020474664,7.372149380358811,4.36343116328233
330.7113419391312,205.79935864009468,7.365694927434486,4.356717978025768
329.1493285371608,205.16000502680228,7.377392031847534,4.353877681275615
327.7803998997518,205.80299413964855,7.367189028941172,4.350327585187755
327.13698258172195,205.16488599254214,7.373076732265178,4.34559694666491
323.67317167368174,205.25779587655032,7.3467015331289565,4.342777100101594
324.23043318008666,205.4426888469272,7.327540854952601,4.338111937559015
323.2371416100809,204.71922969077383,7.309958988659284,4.3274556998259035
322.1478063682582,205.1756521796864,7.3075637891241225,4.3233880899926875
320.79484028405824,204.99017692928408,7.288728743324654,4.331036295570726
320.70964194952944,204.71318111275625,7.277625025800567,4.340526768881467
316.5402055983262,204.62257465745193,7.267704300229208,4.340244170186208
316.9045784216041,204.43767591812053,7.264331411296499,4.347355270037461
316.1813572422208,204.2527270749022,7.259469745248832,4.3544269502705335
314.90940471311956,204.61461089642196,7.262935451128855,4.356499122180276
313.91138696154695,203.97589965236313,7.261959768893008,4.363096310510021
312.279078657895,203.96858982570032,7.256998733726502,4.377715963835632
311.5589482144707,203.96312520260028,7.242733272476481,4.3886452100356985
310.6445355412199,203.6956714028086,7.2536837950144255,4.378190362429935
308.91530042966565,202.9702355151373,7.258439789637022,4.374866673146968
307.73341530982606,203.52077129695812,7.258950057069687,4.364530481311411
307.1880876801186,203.16142215218105,7.259869777774532,4.356738411725481
305.74247168508873,203.80101479689603,7.247023552851727,4.348087341350374
304.84055504474213,203.17279783587645,7.239178493423142,4.3363464253042805
302.9508598082835,203.17184156477433,7.220654362225932,4.338258967508506
301.87218300669207,203.26594744280905,7.210691721783612,4.330656898407844
300.6089913344946,203.3556102026444,7.21240974917592,4.331664615665901
299.892024087061,202.5416223905641,7.203337869809708,4.336258068813999
298.8107487445814,202.54574114684598,7.202069930245313,4.328020556250265
297.10555554426674,202.54294287737335,7.189407361824852,4.3336170951954855
296.0329174537567,202.62556556585832,7.173887540754223,4.348438051733108
294.4139701598693,202.6248241389679,7.170253617409896,4.349920905513963
293.50711841070665,202.53895525768894,7.1833995324246205,4.341602909740856
292.7850904912891,202.53629838431402,7.18656378634391,4.3469166564907065
291.0677899504038,201.9092759342081,7.19645123568646,4.339224955281692
289.0785628453061,202.09550031203744,7.2090598606687974,4.327307616460545
288.6216970340732,202.28083784552885,7.2215291139713536,4.317137497143102
287.63188406997267,202.28303490969094,7.218224192505625,4.312743368818954
286.27704241428046,202.28788004777107,7.225760485213936,4.303053092658649
285.9121120228426,202.29116807273624,7.235254629637641,4.296477042728328
284.196194589998,202.29638152118451,7.244775739791175,4.286050145831806
282.4808449940208,202.30325168695182,7.253819174860466,4.272309814297155
281.9457375405023,201.85367895905105,7.244098564125305,4.271509005288598
280.6864094022089,201.49977685653965,7.245116473013067,4.259987962397326
279.51429108029777,200.78585557172556,7.253882034253561,4.2506175581290595
278.97559007635886,201.50903762834957,7.253544404532113,4.241239628346761
277.1708562308826,200.70240428106584,7.273820959968816,4.239370311932052
275.737114990224,200.3367822631634,7.265641751091224,4.251698925188291
276.01403349253667,200.96580798125348,7.251253228778487,4.252360614404365
273.9434437736428,200.7846487740749,7.261316813215155,4.255451563252722
273.2213322597382,200.3379026541465,7.267016215347736,4.2498665370616955
270.21758024517965,200.50465597809344,7.2543930897599616,4.2668824667380765
270.02336211591194,199.95871737843146,7.283017346601104,4.279323660978943
268.40020642180207,200.58662327486638,7.2795810366189375,4.287302639632065
267.31464621320976,200.03448854831456,7.283196229788841,4.307819480728324
266.68766698008926,200.30351851126323,7.269973022136148,4.312837415071088
265.33546929753703,200.39088780625204,7.260655356265972,4.319013027158475
264.0557116019134,199.57028926179737,7.287851077691971,4.332290328325517
262.7935847941447,199.56403710126563,7.270985481869329,4.344794649389018
262.25324211307395,199.46852129241108,7.262858142311124,4.354357483481539
260.7147300445844,198.920222484829,7.254225869189955,4.36189989508098
259.90307655410476,199.46379324378648,7.243961508582247,4.3638059382107
258.27493013737643,198.73740551706243,7.235283409083657,4.365483199234243
257.3727202572359,199.09653626176112,7.226839690453696,4.372367101401195
255.8320140623218,199.19059597090308,7.22654990301025,4.365524281780309
255.1090160407412,199.28351390396188,7.223289910759016,4.3608454200892846
252.30285147980516,199.1922082000224,7.223700538678825,4.362427199131049
252.20881215062474,199.0062835259562,7.23071680180858,4.372151756801234
251.11441080060087,198.4657110270277,7.243550997843447,4.365312502651795
249.74520135818696,197.82951924286886,7.260871548755003,4.36785018180861
250.004864039728,198.37681012825993,7.286667653044535,4.363511345769725
247.81394789679612,197.74051264415297,7.300071365935809,4.36198131353339
247.25577499941227,198.10710635393136,7.323268526108174,4.3575596503734815
245.9673422783029,198.29490301944278,7.345668969842338,4.346889890562725
243.14742740424845,198.47240618514104,7.3244478185990145,4.357112649446981
243.14949619012253,197.65704232424076,7.320310246850872,4.3455944180460975
242.14857313258696,197.65931999884765,7.317783136607799,4.34103906883234
240.87359332853876,197.75209546587584,7.318325387738122,4.337589374559251
238.40957568521958,197.33128579580784,7.317520523185858,4.338662013062946
237.67417160672642,196.69770469126968,7.331871216672131,4.33142394157678
237.7608892905476,197.34047295395388,7.340583998996671,4.32092446597677
235.84539158254893,196.61060961490844,7.34747754840024,4.323850432984277
233.6564922166851,196.61228813982058,7.35122923825628,4.320493383160026
233.10900152770398,196.5268831926703,7.352705173571128,4.309052370352635
231.7415988414507,196.34413039764252,7.356321379535673,4.310399404869243
232.0073305415015,197.16959253107535,7.371325263188837,4.298876989267719
228.8164570929259,197.07992478228988,7.376651539128407,4.296029040518336
228.17463589700466,196.98527828636864,7.38479410477016,4.30310777147505
227.53616329381666,196.88980117290185,7.384554560512207,4.311607034032292
224.97259961425166,196.20676011440173,7.383632484095307,4.31745170229792
224.7007649536975,196.29125283766646,7.379260117156151,4.331146818450959
224.3416472123576,196.28629452788948,7.366106066585778,4.341063438004925
222.9725266719104,196.19914911962167,7.362051310484035,4.332534532074122
221.96458752110567,196.10780764533277,7.369161538721732,4.332602201254485
220.41807805165993,195.8353343949116,7.35590598190174,4.329382614618353
217.94432600134053,195.5943729712838,7.342659869781497,4.343227601723493
216.68740793670065,195.46797062014042,7.347566002395832,4.346370992419589
217.05310241579429,194.27453933141368,7.346712917253884,4.3589919824757075
215.39864432316057,195.0045783544179,7.364607823104159,4.36159006065263
214.2078566635784,194.73247969803953,7.365306139998369,4.35635421903934
213.92736189824768,194.55247953927068,7.377096791162424,4.350221950245417
213.46451413509436,194.37466628259958,7.387103149900601,4.339572796560202
211.27398951796096,193.82425824972057,7.373599157198182,4.341750555575892
209.3578987991155,194.46386206100834,7.363984998617131,4.343141465091025
208.08031876384536,193.7336349474469,7.359618257135718,4.341008942487246
207.26228511561527,193.8274570817647,7.35118378022901,4.336087093114618
205.34212589828846,193.55511302768363,7.358710122317982,4.3332334737674865
204.89072541330208,193.09356825685217,7.348623745906885,4.343435669046574
203.5217336183579,193.64417807056955,7.3476061082697,4.337816532622028
202.97024268706687,193.0091910643527,7.355648033144938,4.3303606177310625
201.4151610385268,193.19699032364076,7.363593403952696,4.319728914010502
201.49883926846076,193.4729282132755,7.378658529229695,4.31511789017589
199.77333614657863,192.47038714125355,7.360887471823752,4.3119605440686
197.76674468364283,192.38369258073607,7.364571053557287,4.303099694915466
197.04877031213286,191.92478127504805,7.343282282343269,4.310148859895313
195.6918127934983,192.55686898176057,7.327828630886677,4.319678834542302
194.6040756318664,191.91657659553442,7.320628334187424,4.327036745349455
193.24593120138658,192.0913854054322,7.308313013078275,4.341233016496392
192.34158860074479,192.44659608325028,7.297360830149577,4.358666614545152
191.16833798342543,191.44455868738083,7.276624636783796,4.359694351818768
189.6161877365735,191.4465072157176,7.29025629595725,4.355797295145254
188.88979352322454,190.90843605570166,7.287515984384488,4.340293061474082
187.26038960089483,191.53814053738188,7.276828074374256,4.352354669374078
186.44285440886026,190.81758362842118,7.27674916001724,4.340002444249968
185.35283725014796,191.09708293841155,7.279099875643248,4.325424724718892
183.08144583551757,191.09965023727744,7.290320934785265,4.320290126987113
182.62245768976697,191.10239567453323,7.301584505068169,4.314799252475533
182.34814127850345,191.01501293647289,7.305965871586925,4.308147576593428
180.8091988647038,190.74724851747126,7.300563852131633,4.29956697099886
179.548113217914,190.1101136721593,7.286712240262713,4.305825208898537
178.82566729286702,190.6516396710483,7.2832481074157425,4.30904019832621
177.56205340651044,189.92551403811856,7.275812950271174,4.31291264712411
176.39199182748118,190.01281072485034,7.2629065031404725,4.319321550982817
176.035240055786,190.19356560191696,7.252735421333245,4.319649109448366
172.6999758071094,189.44256291693185,7.249134583439454,4.31913833588095
172.78539804704135,189.1753916258349,7.259000887933898,4.311348564999851
171.07301974787086,189.62316943022086,7.249964415158516,4.319422711784879
169.44237420405142,188.89579357175603,7.258152852459633,4.328351028564367
169.35605421237213,189.25301507329408,7.249792428020146,4.337909656680643
167.37055179912048,189.06439165965247,7.237975440489005,4.353081773597117
166.74268483358225,188.9639097727107,7.225887615363593,4.372928153737522
165.19600253186238,188.23819766107377,7.237630419152185,4.374177412469716
164.01899262037148,188.5989403231456,7.232569020221349,4.378563233529916
162.02883091421256,187.8705489896097,7.220633986898175,4.383615556732285
161.0412780355873,187.9571896275014,7.200630146967509,4.391707880692615
160.59791142124965,187.40489410543017,7.1813046915072345,4.409028503872296
158.2574199251654,187.67790240534208,7.184127170155729,4.400492563021734
157.63286140554345,187.0354309615322,7.165449749151125,4.417640990392992
158.0835053279045,187.94202304483042,7.169777707553293,4.415688430045028
154.73093149192343,187.2138087112565,7.176877419902386,4.410420900308198
155.73607139537427,187.7505056394945,7.159492898469617,4.424060835906148
153.2877661298498,186.57478952880723,7.1652662386597745,4.420645520941302
152.02933733389867,186.57562464325775,7.145731257497307,4.418975292040281
150.76156483944447,186.39139861070018,7.149357468144417,4.4257246745467045
