149.6999969482422,284.3999938964844,5.800000190734863,4.599999904632568
151.4800204133727,283.9013245647747,5.818141971299453,4.597338568051908
150.4059745120699,283.98597036699647,5.83759559707448,4.59178836182614
152.2883947657027,283.3351846497001,5.843583582975171,4.5817672770566045
152.44603768000982,282.43851062779936,5.856053442551378,4.572459035810551
153.82899535834255,281.86746672621956,5.876731189016477,4.567126149445813
155.06207963218057,282.0351587030259,5.872761835923558,4.560035421777523
158.25746069462122,281.466147654279,5.876851054442636,4.550263688404657
156.37608457889408,281.55233804796586,5.870502188057527,4.541756861806515
160.13482791461718,280.33037525971224,5.880384302799378,4.531105660209104
161.191662418297,279.6783014226356,5.893721959543781,4.526326156452091
161.18476305533235,280.0070781417429,5.907520685473049,4.523739266178267
162.89956352437784,279.3525484282728,5.9200309354539735,4.52151824051959
165.2715304110079,277.8759891692691,5.933973595431237,4.52147207582806
166.00935795982863,278.2859750601813,5.936808064069392,4.522883386381343
166.08726175887773,277.62949219952253,5.945343341358915,4.521106104597042
165.5935017723291,278.12426657790803,5.94619915364074,4.518221508641495
169.11816528622467,276.9748616217231,5.9665017677224474,4.515291537610853
170.26287762287598,276.97562126343985,5.9824798106382175,4.513772254177465
172.9748241921857,275.7421341310713,5.999965297548252,4.507392598219362
172.14392217996206,275.74236438422173,6.0112461961419,4.506932091918478
173.3743674478461,275.3308443311163,6.028603778622464,4.503889492046349
174.44370623004392,274.7552339778879,6.040528862268631,4.497093388019145
175.42862864668325,274.8394631980668,6.056698404228665,4.494136145597876
177.24325505537183,274.3432809574906,6.072817231491787,4.492308360030194
177.98497756088162,273.3474508676504,6.082596839348174,4.493002381209241
179.9697311059648,272.7695857151073,6.098862682033327,4.486215580880489
180.5448834969552,272.6896153094661,6.112026525910961,4.479946588468909
180.28862705489888,272.6917283234724,6.125618568524039,4.4757205604563515
182.44078465755854,272.3618362891045,6.1488471435257885,4.469728662988873
182.60645437507213,271.6947130497692,6.150904049821532,4.470389776367951
184.01708311173803,271.5310531401463,6.164230599904221,4.464229122270817
184.59610800027764,271.3669552680416,6.174069223819127,4.45874246619616
185.3455867058432,270.78038928317136,6.177213915915889,4.463572800092689
187.9273087666677,270.44630121090233,6.191616332463895,4.463639713895626
189.09596609403272,269.5275814262727,6.195756426762717,4.461364837489315
190.26178660225742,269.52693158555036,6.2059251193610825,4.462664518934021
192.18207506406154,268.8582990576813,6.2166433785095245,4.46034864153948
193.26537739837883,268.68896345502884,6.228473968765506,4.463875960861139
194.26341472745585,268.18294830877437,6.246109953586041,4.469050931882868
195.01991472650735,268.18210976749555,6.246563806723786,4.470728014440563
194.6840202707991,268.68347925496386,6.245568662019481,4.477165123685013
196.6929491217142,266.9132607298011,6.266595653366883,4.4835780674802015
198.04150675740897,266.23938667551477,6.268855162693219,4.481638785694921
198.88799534537912,266.15605737273023,6.26301028429727,4.479584161509607
200.1542727546527,266.66010128839275,6.259318731185876,4.4830416363588395
202.75738854221177,264.9730165247248,6.269856594885421,4.478871982359091
203.59231549206118,264.971768844786,6.286831236499353,4.481367342236734
203.59159682495564,264.7190147282826,6.288268570710365,4.4799326257299565
205.01778624122994,264.9744088984755,6.308534786133587,4.476081646751075
205.77429586525307,263.78939235446137,6.318517663792239,4.4770003170161035
206.86713658483384,263.70449548478564,6.334888858713967,4.47740539220732
208.21642850599935,263.3649205091187,6.3505935000974425,4.477983222612553
209.06368354918015,263.1958620413413,6.354984427448337,4.4763199554248345
210.32985114099367,262.51652499045383,6.371585368753608,4.475561457235938
211.77845779035468,262.5126607698698,6.367220719980196,4.483289898404002
213.30049190431473,262.42790171814687,6.387275729868207,4.482578933082833
214.56992145924062,261.5745571089353,6.406224864158269,4.484062655411362
215.33776321072725,261.48656242481155,6.40802430659101,4.489220585280408
215.50137050944983,261.4002156336443,6.422697252239997,4.490970396067925
217.80376276957554,260.36966934385043,6.440161363937305,4.497730250345024
217.88458938529806,260.28365476598697,6.450078012636877,4.498189525927394
219.5952146338245,259.3394286935125,6.4633731055052115,4.497641596419646
220.87591596335892,259.3359097986082,6.480756121143436,4.504679386228161
221.22084067468256,259.2454953083278,6.4800980576284255,4.513210527005964
222.94268811981675,258.03627100510977,6.484980040145881,4.517655322491957
224.14063679155237,257.8591206904803,6.5051467503838145,4.5268039440781225
225.60340001659188,257.33602414749095,6.5211596295498655,4.534806678558546
226.90143197645295,257.50158970491566,6.5261823013695315,4.550487109247997
227.84937406217736,257.32164360411866,6.5414454057314355,4.562897987967323
228.5423492387735,256.62381082736084,6.548904684743636,4.565153909278364
230.0976852384257,256.62422433850355,6.576103264307748,4.564326886992944
231.40946787661667,256.00504643041427,6.573386542489117,4.579620044375275
233.41705324856642,254.77463340339162,6.581718191957074,4.591357685066479
233.23847741209255,254.68168929507846,6.588360651611146,4.601991295045978
234.28941037269954,255.03284972429452,6.592861423991156,4.6017926678118775
236.8790036665036,253.93158102973908,6.615568940578585,4.595673066223239
236.8735070233871,253.3166365068857,6.626562226811575,4.594702007448441
237.48848985318054,253.84163776052975,6.628506217888651,4.6006220578722115
239.06684401389558,252.95582676191637,6.641855076938804,4.611101177054411
240.39176818024055,253.30568935734675,6.639342068638465,4.617332072697566
240.55686985694723,252.15991175577048,6.662246781312497,4.613684846282165
242.31391756662362,252.60371223457872,6.684943027963328,4.610281805166607
243.27912803017912,251.8956482275278,6.7029063334420735,4.609403104657681
244.2431493449966,251.27709750809655,6.726069042074775,4.604828419168101
245.22500616457648,250.56317537646524,6.7165701831910365,4.611425569502689
246.54476060919674,250.56527183637672,6.741389262292954,4.6072326496797125
248.2251552129778,249.94354059225213,6.761206736111908,4.605208465841141
248.85364263557977,250.213960566537,6.751574636149923,4.598943979517994
250.35539401307256,249.2363974914767,6.773100730723736,4.596698521100172
250.8872641523175,249.23341966594964,6.778740328864892,4.60265417215428
253.57774225653185,248.3183957599732,6.777535389922818,4.614910097673494
254.28713848518228,248.2236741211618,6.787531979118362,4.625754744484252
254.28451739143634,248.1281781085878,6.792774166610258,4.637817809282305
255.98177801241795,248.57022443853063,6.8032012373543465,4.649764179056485
257.3276038641158,247.1352749222796,6.804992229954839,4.646657669162709
258.22700740505803,247.21196164914747,6.801569061040069,4.672822606723923
259.2123576901255,245.8559553290653,6.8099883148111005,4.686035487016463
259.8360016116265,246.48012739832774,6.824559851336489,4.699550728019019
262.0948148976507,245.742224196414,6.824659827947964,4.7296846362753575
262.4600828764615,245.6470024690545,6.818959474479218,4.738919189956127
263.0962512279618,245.55140561305709,6.81555093008215,4.748837450721887
265.27971248979867,244.45128344730128,6.801936296220903,4.772427837327239
266.10518044745635,244.16871869020702,6.78514459228888,4.792842614388025
268.1885477992584,243.43443234169897,6.796460946664648,4.80818016080247
268.0999771406636,243.60460247136632,6.79152383961641,4.831996749943482
269.64180967871783,243.32955302719262,6.808592940055592,4.834907254194291
270.64322615111763,242.8598218599631,6.815486841176482,4.86085738596224
271.4623149880831,243.0298370260652,6.826416941888493,4.887295448123093
273.2951835685802,242.28969360850184,6.83737819383123,4.896902918075076
274.12064378456273,241.54414950264132,6.843889362944533,4.9147185955042545
274.93696527956604,241.25656437142317,6.872203829076181,4.936236372561139
276.4993069921526,241.25557611997462,6.898195628293435,4.938212875458233
277.50779526030203,241.24768943130084,6.924580774911725,4.9539862528058185
278.88906651365653,240.68534301263497,6.95832941726138,4.960162630514118
279.5472628842542,240.02506152406758,6.9511619417338455,4.97150034198096
279.5334807366337,240.02346999380197,6.978726236974974,4.974683402512204
281.4001288160333,239.1793891733672,6.997032361713817,4.974624015789566
282.9002253619424,239.17813957542944,7.002539674724984,4.977123211665093
284.0160295571667,238.80740621042384,7.026700955850971,4.966666717818096
284.8500614902833,238.05727756183458,7.052204043782731,4.961531166850103
286.24482019393434,237.96578184846467,7.089813529447142,4.956047467392139
286.60461340978964,237.8722677637491,7.12603950080351,4.954122536056519
287.4433446598791,237.20765663770007,7.153793727186995,4.957065111939333
288.0091778551544,237.30244580375205,7.1617445919653395,4.9574229890568935
290.863545547377,237.2941315071878,7.15487359402521,4.974051582185389
291.90255247190834,236.54010173792315,7.169425401124509,4.960245188960529
293.3158161118117,235.40415678889636,7.196269237663129,4.949438193937788
294.55708204495784,236.1617221049137,7.1896008319095674,4.957915845311529
294.8301770710581,235.49705505175095,7.214882847513724,4.953815126759585
295.7878984813631,235.58391627086607,7.207482230321961,4.970896908871151
297.01726028307564,234.4387315346177,7.231436439409242,4.969563785202585
298.53843507463495,235.10638171443003,7.250119353461204,4.97346514309005
298.2464291576437,234.52900852144995,7.259148567610503,4.978246289383989
300.82716951597655,233.27780721786672,7.278324696500094,4.986258563505331
301.7854166017268,233.27520588524536,7.284810333098234,4.991461228748072
303.02394113765916,233.08160875044766,7.310026080844656,4.993691679941729
303.6939069842732,232.78877413197915,7.320387384864487,5.000663918058177
304.75143747349824,233.46234551134825,7.330203700159571,5.00571580079421
306.29028870158015,232.6815703590573,7.34693811429912,5.020047670224487
307.1608280240065,232.4843769091604,7.35088684771559,5.026650708180699
307.24976307836647,232.19149382943235,7.367077551291698,5.030234430748642
309.46940205460356,231.0257807357712,7.398176843845745,5.029289881534438
310.2390750565348,230.7279353392653,7.41736868962364,5.040528980931119
311.00808363866054,231.21534142172567,7.441692756999189,5.042180085777266
312.48228257420595,230.5253954591847,7.4285912914829355,5.052267021591029
313.7532795894333,230.61409613547795,7.430128908084668,5.070521949547272
315.9009617938854,229.835588548443,7.446366687733197,5.059681782325214
315.89438700262053,229.83441012590643,7.459516270262955,5.062038627398394
316.66712794812355,229.73055737344572,7.484307484749055,5.073459994133288
318.9375313049202,229.1330231092295,7.470979816686402,5.087447032427357
319.61441987313475,228.24212899095502,7.495348458572973,5.0973335539989915
321.3018373692829,228.13659171936686,7.476466206491438,5.11099911245677
321.41031659823443,228.03157141331886,7.456858561036096,5.123688912105093
322.8998308671232,227.33993487160382,7.436808549065251,5.1261053501586735
323.8966348009219,227.33634066048037,7.413228238731262,5.133293772405595
324.68550751722915,227.23363561224275,7.409608968801959,5.141938098545178
326.8420572408901,226.54067127460377,7.427297880921511,5.14988865945543
326.92894419612287,226.53610072507485,7.450776456222706,5.159029758513284
328.39842517886166,226.23420716933694,7.478184871467418,5.1695427938446175
329.9863042112079,225.74001246173728,7.475955440190838,5.16620451110151
330.674729909598,225.83117792494087,7.486900878066807,5.182130275359499
332.25505266114004,225.73748690358303,7.505218863139115,5.170827100065423
333.0446550816514,225.64466743734496,7.5162117595879145,5.157691315357603
333.62233254687294,224.95297338678859,7.553195811077689,5.150017270882103
335.2101012878992,224.2594270514752,7.5641166833229025,5.143034411503552
335.11299154418293,224.16237158150355,7.559133669311967,5.137942850003402
337.4982930603817,223.36500046631727,7.565563582741118,5.140340765100468
338.69636854172614,223.56312789030892,7.559568478194809,5.14244522680759
340.7152568473091,222.86597062105284,7.565874617920245,5.147336757094308
341.5081663554304,223.36331584301658,7.574457922737749,5.149147763829441
342.3086308563136,222.66061953338084,7.569205934525476,5.158322996241107
343.70377590702253,222.55848429644465,7.572371294439738,5.163060937161195
344.51091289349114,222.352482269119,7.5553671853137025,5.175747525859706
346.0092098604429,221.55078409425784,7.552961008967219,5.182243738218277
346.11840633135273,221.546576531464,7.534251842733185,5.190658863805911
347.3125085877761,221.44373606246384,7.540537219952084,5.196798977634161
348.90811258974105,221.24495294651678,7.545124890927744,5.194890750165111
349.5076301856164,220.54050615928332,7.544738942321353,5.2053602076303065
352.2175626846879,220.0076640008351,7.56765112903304,5.208887608997527
351.4205562718255,219.90529673735043,7.558893703517676,5.213275854561851
354.53826827928646,219.32799192068862,7.573462915621333,5.21457930821346
354.3477149275908,219.62749039229598,7.553513364710524,5.217166746452002
354.957343387112,218.82224699700666,7.535875942919761,5.225494207361748
357.3521691446303,218.61961892487048,7.549617395792616,5.230467604308356
357.3617917610799,218.2134394454849,7.530372162893371,5.241102439998757
358.0712166106156,218.61119139018822,7.513735744365914,5.24686328233148
359.9765938997864,217.8068753200654,7.506021667508191,5.254215211426029
360.88918328682166,217.70261624357212,7.482326493170245,5.2625685199977905
361.78907414455875,217.79626741665606,7.482045395251911,5.275210686891692
363.38470722476893,216.99000265168334,7.49315967884926,5.286549994828282
364.07831361925287,216.98789840377233,7.509473902470036,5.290758490650319
365.9879167063373,216.88035871269673,7.505847558344685,5.305017881746628
367.4966761866777,216.37424447573505,7.503332560651595,5.312245034674034
367.28258234352234,215.26986373369195,7.529357561061411,5.3091117463046515
368.2834255176231,215.9682884569586,7.541904903915787,5.322225883510513
369.2907449104024,215.36569593060503,7.545560014950267,5.316434598261739
370.7994298117278,214.26500936064596,7.55502771946444,5.298126899592252
372.2033229391408,214.97179611813166,7.570065279217152,5.295965291910216
373.6085565111802,214.26463150795516,7.585104159967773,5.297541499848458
374.7225351879074,214.16066231849538,7.579973120120202,5.303404759349262
375.6314300108144,213.95567197140448,7.581033015988934,5.309196666490435
377.03545109311534,213.24528184796816,7.603875118225661,5.314534779943826
378.04259651644395,213.33947598320734,7.615977450634071,5.328785827372043
379.5576458826861,212.22539489935528,7.631740746276493,5.323315841116641
380.16173898141346,213.03817824073323,7.642786456097489,5.323391701395108
381.2773380913192,212.32121495707096,7.648695869921263,5.333704320042648
382.9137935666565,212.31685370710028,7.633913232092206,5.342426819984049
384.4504395438854,212.1090050527954,7.613926672641559,5.351016742592812
385.8513572145778,211.20526927559456,7.631025658348789,5.350673709788981
386.67666730476014,211.40359116075444,7.609574850976956,5.36132228271742
388.24705985184255,210.61799267005915,7.629038203122208,5.360109927090771
388.9599757052662,210.10494727510684,7.629609349058544,5.367341536435747
389.77905105046153,210.71546066360116,7.622656848267911,5.369713401647067
391.74815361409316,209.69663181633595,7.660691811190527,5.351331633160657
392.47168143324586,209.58658752474273,7.64237357976534,5.367314872507113
393.28185402607966,209.27746555582027,7.654766901805413,5.37328186996165
394.598170112794,209.28023193838348,7.679050301462486,5.367749104835249
395.6118229870734,209.28180269426713,7.698282568288693,5.3646075930679356
397.8006504481854,208.26639044380656,7.73374590863666,5.351388880344915
398.4295274168386,208.3593068030725,7.7072490179299376,5.3707656695796375
400.3096571995627,207.64989811468317,7.717986635896167,5.373282870355165
400.29853450813215,207.34479160560778,7.740232018757348,5.367495707511035
401.5307014555194,206.72392483803392,7.742782303980567,5.375787152659804
402.9609810015508,206.82382754566535,7.762712300695399,5.381730958023946
404.51759229294413,206.81277206924563,7.741715138220841,5.403841910863403
404.72538488825444,206.71052918424715,7.738523065148852,5.402131122086015
406.5815223739501,205.97848558534335,7.736409578759026,5.4233777423929785
407.414178331926,206.07408024637502,7.722608846754536,5.43862731832305
408.3551769005842,205.65694623089522,7.698948392629026,5.446967934531058
409.3943168709757,205.13335475515134,7.6832834446316465,5.462843389626002
410.73694349252656,205.75249082439942,7.679748540120422,5.462287407402434
412.2751462562734,204.7170019446423,7.696693395897476,5.471031578069456
412.48347074210386,204.5013928793988,7.693292201240533,5.489001931552502
414.8503191716483,203.99216411942157,7.717567043273387,5.473117777349991
416.3074530643407,204.091377857132,7.700937757991182,5.481664480507954
416.915409536021,203.98770950354165,7.726204445800559,5.482137915826987
418.88937021829753,203.8918717314711,7.716099914521564,5.4665599424273505
419.61042998911057,203.37215667168877,7.721887759538573,5.471770500104054
420.524254309289,202.5428259656828,7.757395358883572,5.474293032380991
421.36230189910157,202.53680024003322,7.742069099417492,5.48634448368015
422.19111413559347,202.02382150599252,7.74494790618247,5.4744874019184895
423.64250691650807,202.12829723191027,7.745916823875794,5.4729469843346115
425.0947163338444,202.13216719572057,7.745102144200946,5.465207056713988
426.73685291671217,201.61166764433216,7.7769947656446945,5.469904350997375
427.98744697465804,200.8809784398551,7.769648152621474,5.476541883278055
428.92769765381735,200.8730649711947,7.759513404653543,5.492368820598893
429.9685990142135,200.041118769455,7.756972109620329,5.492852083471003
430.79638624872064,200.03840356097695,7.764562896564669,5.498282500427116
432.3608126850699,199.31900998409787,7.757210161453909,5.480369589977661
433.1855007684547,199.32507000720256,7.769382004876421,5.468249543768298
434.6326621204817,198.90972109632824,7.782547390753393,5.4682364826795355
436.1939275220239,198.91328128106096,7.778164981455135,5.461116113214084
436.19940471562944,199.3280652450497,7.767210594244021,5.462319487219041
437.7517226474345,197.76803999622106,7.775780747054867,5.469163968455174
439.9457279425516,198.48649242843842,7.751350830738344,5.486785995326315
441.4916869370678,197.44037229170715,7.775092250331625,5.501919996371746
442.33152660391346,197.5419385755281,7.761967088774147,5.507106700246521
443.07494033901827,197.63717666823246,7.73258260897049,5.524836656324416
444.5119931427318,197.53605860987452,7.771222770156705,5.51901950385359
445.9857745602218,197.42445526680595,7.743254817946093,5.533683698364373
446.7096659098264,196.70429637923743,7.753995821750023,5.515477770488216
447.73965071406434,196.81063549475274,7.776260145828906,5.511022932713068
448.87987555273503,195.98452166426128,7.789167107247512,5.495354856416009
450.963082350544,195.3598543280646,7.791232522320924,5.494145825601914
451.6007685410684,195.77537323435416,7.766471651375883,5.496849019758652
452.93848180006984,195.0453886858328,7.7964135522485165,5.500081275868517
454.07719325831664,194.7408724282269,7.813716989037548,5.483279331094147
454.9153846507132,195.27546320839386,7.806101918729106,5.457077592313218
455.9416986004475,194.4467394828891,7.833957968839958,5.450137883659103
457.3975728360571,194.4536470377098,7.83917365045607,5.436322774017704
459.565521554045,194.04651241178294,7.875582196240419,5.417771838869523
459.66084873201567,193.32056727698838,7.893375541617543,5.410528199230202
460.0624254943575,193.6391636933159,7.92460669641225,5.399123876184111
461.7206069987371,193.64298921515189,7.950292987576526,5.391472832512155
463.1802967667212,193.4332785308264,7.958849101468396,5.392617679754509
464.6366335314313,193.01856633862778,7.97618114631543,5.384897614361145
465.98746738917396,191.87563707608297,7.996961212726209,5.3671464778463545
466.93058700394727,191.7703556146438,7.995656878645963,5.368272190117379
468.48655158135125,192.18201087112794,8.025271847439972,5.382706776776299
470.0752909745367,191.43759412030653,7.999616030286244,5.400689559451067
470.19379227354455,191.42980938923577,7.972647299438623,5.416259021592546
472.3889241082386,190.6915046405786,7.989987383724862,5.423667267682177
474.07027218701484,190.6935565323519,7.99160986058713,5.41956348413555
475.0156930156485,190.68942146110805,7.992805084393861,5.427833626623233
475.87201880349534,190.68038361290408,7.96320491687266,5.445909323031191
476.9134603466385,190.05556856573034,7.982670177127712,5.434130409453825
478.5955417429605,189.2120096813106,7.983836814723623,5.438583463173308
479.34376060399285,189.20601134969436,7.9603702873908055,5.450580126405774
481.5343469899471,188.8891013340738,7.994855790659848,5.4535918326215045
481.54098029490723,188.3546371619921,7.981589180739591,5.468324323383866
483.1160713611447,188.47144624640003,7.994654509696187,5.445589318663376
484.69754991439345,188.46819069283052,7.9922507092570125,5.452100425802438
484.92123333746486,188.35934806943814,7.966434265906166,5.4590104711912355
486.6918618357726,187.627527697317,8.003684953281073,5.4491480514374935
487.85888616714624,187.6239129159557,7.989520894744089,5.456377614160043
488.78759847208033,187.62359829733984,8.029340444547913,5.457006851391802
490.583023444413,187.09324465263353,8.032552217404834,5.460637165062536
491.0102893621819,186.34655933707745,8.02411619466255,5.473340123782858
492.3656144119804,186.34499206441401,8.064361266115434,5.4764746691097335
494.39218297382934,186.2305424606968,8.04427199312204,5.493108200191345
495.9822669203071,185.37386771170605,8.047682675576462,5.508549124620876
496.84188433118646,185.36811014349746,8.02881348631969,5.520064261038063
496.95764483261814,185.3568948407942,8.009744245375172,5.542494866444565
499.0682656907892,185.35418070264578,8.039203478265906,5.547923142741406
500.145326104886,184.81503584629186,8.015776706320269,5.560865827325261
501.51456643473983,184.06889640542508,8.045383376600189,5.5626361467577885
503.0146292518686,183.9559316385555,8.032941499563693,5.57515969783826
503.8778643759128,183.521346942261,8.013872775626824,5.59062832835148
505.26399332417265,183.72153860137246,8.015720688366299,5.617030519245349
506.7505385135911,182.75649045372296,8.036622328728999,5.622417659344649
507.6922319482856,182.76358313578504,8.081587829753621,5.608232295220468
509.0913065872897,182.00920095994607,8.074619970998258,5.614052805762361
510.9064403385345,182.12718590929546,8.094205396903533,5.592780138145679
511.5292309848032,181.7007795947249,8.136471745491844,5.587027673203125
512.398044389743,182.23500634526624,8.120315071502928,5.594493007052086
514.110921521844,181.37268761550678,8.135578128911881,5.598621805765436
515.7338131702323,181.25659636848135,8.120227132176154,5.615442146480232
515.9461561135666,181.24829001909816,8.126358717060477,5.632054845246637
517.2257531383493,180.3834271133037,8.15647591062599,5.635573161415029
518.2192313198898,180.3782075034586,8.116117806734687,5.646012381105188
519.8396116206092,180.0440640931112,8.113136634135198,5.666743316032228
521.5671575125084,180.15086709633553,8.116434247383497,5.669286646898956
522.646112603296,180.26025921202137,8.12093562510057,5.6667435714565295
524.264428733257,178.85128121035208,8.12831089087772,5.673226385856013
524.8125960507194,179.39653108178248,8.114404491385423,5.665154878427878
526.2015408974529,178.6486769659596,8.146364220123099,5.647867267348004
527.8204580465862,178.54954635566526,8.15361979014335,5.6297891633841814
529.4544044935428,178.11767331624938,8.127975997821114,5.62893548179167
530.3169200213429,178.34107596089282,8.128935229388908,5.613627764296706
532.060168107347,178.12322222219132,8.090601517810105,5.6183149341461185
533.0096073079343,177.3644189822593,8.126804005894426,5.63085850014194
533.6782539305258,177.14026786997593,8.084088060838889,5.6476349579995
534.5610579938642,177.13531833786706,8.041639372710776,5.657534022217246
536.1631839104915,176.70133576772207,8.061138117841445,5.665832341604459
538.1130936610782,176.26953816852316,8.03759002833696,5.668033892964808
539.605779713864,176.71368482291942,8.062618967373009,5.63985516834582
540.5676760147627,175.10239621418913,8.073305122761987,5.638301123829307
541.1054000589177,175.6483137820429,8.073246493360081,5.62185544702988
542.8169666841187,175.75770095867279,8.086999544219571,5.617886487598952
543.6782738573639,174.6849547177299,8.083965345427746,5.613903784861453
545.3817704877481,175.23005045110926,8.114346304626688,5.597891761842536
547.2035829677955,174.4776172140221,8.126227041085757,5.597550008024189
548.0709859689085,174.47445320140548,8.113047837313962,5.603878033257468
549.4481888828507,174.36473627023855,8.155061080348252,5.608202736289872
550.0029152861084,173.49226174615805,8.124681183688358,5.626635128682086
551.9342040340243,173.5990422900171,8.14400207449074,5.628735062443625
552.6878504412853,172.8411634400304,8.148620810446701,5.632581211939297
553.7729615309055,172.83531609337248,8.139605341060326,5.644275905255148
555.6042982148956,172.82756613409936,8.151956679191569,5.659775823801403
556.4863496339339,172.70958576920165,8.12081846426907,5.679115975702556
557.3535222841833,172.05375126591537,8.11823068008734,5.6919668450371965
558.973537365175,172.16949799334762,8.127841064146597,5.677116093242178
559.5085407638294,171.4103099010034,8.140548164272358,5.679692821522517
561.771081290239,170.86002384126212,8.167790563300006,5.696378404851044
563.1969815211718,171.28698746058066,8.143027474994998,5.712308819617267
563.5017501704376,170.41790990654934,8.185549816689758,5.711638220409945
565.5860246370111,170.19270884162344,8.15871044381664,5.72607092286452
566.133680352412,170.07847223547824,8.152485894413012,5.736726758875232
567.42660971897,170.18087699230773,8.181416042944653,5.749816318686909
569.0788720048909,169.30082595075842,8.155177756109909,5.761499049781785
570.5980421199976,169.07832431466,8.17371371056913,5.769805724168284
572.2263201923092,169.62954560360447,8.198642049273767,5.7611913073887004
572.3284380453241,168.75539256822512,8.21340686051456,5.757493239982019
574.9395310320228,168.75635848043433,8.251125335183417,5.755561415563568
575.8161498552222,168.64147352180106,8.255493594784486,5.765630594580169
577.4476254269614,168.54211618322475,8.291537635019312,5.74441225948524
578.9959904153347,168.32061660182538,8.276582821978426,5.7471578274688015
579.7643694509753,167.8775628796008,8.279449507688344,5.75347969649457
581.4053039141896,167.88757546942279,8.29899279277907,5.733454516850578
582.200411755246,167.22616614482055,8.249184152986425,5.735924272637836
583.1773021913535,166.4574193064237,8.26952661429042,5.737988690027685
585.1508776279516,166.4601546668652,8.27676551901468,5.732517969144667
585.9244161752761,166.35534238469157,8.267638674604207,5.72243535488642
586.7932311873371,165.71204652437422,8.285230438019918,5.692610734867827
588.6628052163531,165.717020803151,8.272054368842213,5.682662177314211
590.3993138089879,165.72492964586368,8.3000203225076,5.666844491888844
591.4941913564838,165.6232528071076,8.299977385083565,5.651226953644267
592.3675585751073,164.97888198900148,8.3029375881923,5.627697609589934
593.7903251674629,165.0883831394845,8.296167794693206,5.6270617233324485
595.5470246543047,164.98366578817757,8.274831291721918,5.618242521526852
596.4156121809741,164.6660854092566,8.279946631546377,5.600044381932533
597.9365630165507,163.91539241985137,8.283907292435009,5.578499194722041
597.7377654941946,164.02731248117183,8.24697478801301,5.571922846648356
600.3349237975884,163.70575452439618,8.25102643301159,5.565242728726411
601.5465143312512,163.16041142658642,8.20988274708384,5.573184660074274
602.4130396727196,163.3856308927507,8.205319945203328,5.554867698009847
604.0393292084823,162.41146651689988,8.188069272749141,5.561999410268848
604.5955652983895,162.50980222079167,8.153331919772201,5.580874967852764
606.3244866564896,162.50780545988823,8.140867637644975,5.5848684896596215
608.0490278618643,162.51465559230812,8.135214396484058,5.571168224819851
610.076229938222,161.987978387947,8.1639533461098,5.550011290820672
611.6863501356795,161.67484373532807,8.168487117605164,5.53132576277655
611.5807579121575,162.21947798478155,8.164928103090167,5.515774571663542
613.6063011303368,161.15138109061692,8.18804858620884,5.507648928689023
614.2635713086969,160.7222863247314,8.161379107776384,5.507257874934904
615.7608829339626,161.58501134861535,8.166076971194824,5.495705606566978
616.7226121564394,160.72647325917706,8.169664684012258,5.499851867424836
617.5730225367884,160.62011063756336,8.182756337211814,5.4983380589149915
619.1578850401404,160.52533308159613,8.229195561368146,5.473482222125412
620.9999190848704,159.76936481617042,8.194967879151204,5.482543291170919
621.8466234473651,158.90570664618286,8.216218245804917,5.495200539502804
624.1112156028861,158.78845023699813,8.199141527166828,5.514851091567327
625.5161936923491,158.03461550908597,8.183296607117262,5.5179991003043405
626.8047202321815,157.7076675980563,8.183188163942685,5.52765876324112
627.6771676590804,158.56000097602245,8.1575254127587,5.542224109922801
628.6337981123235,158.1360772038374,8.177095809638013,5.531035519463792
629.7164030047377,157.27337445038364,8.160568908996991,5.537494719021459
630.4818214918276,157.3764626176472,8.132817323634262,5.546044868611089
632.0763032355346,157.26981183323898,8.160604478572479,5.54489639460404
634.3486754085952,156.93703650007768,8.12770413467696,5.565897917751508
635.4152469263373,156.0795616073079,8.141578803920963,5.563233539508574
637.1369623366438,156.0868361392598,8.136017140214454,5.548684475604826
637.3498549961156,155.8756188230751,8.139315815466642,5.5420351137785495
639.5964840468426,155.01962459883126,8.150170021359209,5.538171254705626
640.2611525107682,155.4410970964512,8.108319366820792,5.5535504416742585
641.2174418280744,155.43297365142016,8.12358622991044,5.569797331736332
643.574089057684,154.7904080101848,8.133784969590929,5.5667031963252604
643.3612791641317,154.5779166384458,8.129791185306065,5.5620723684135545
646.0337528924802,154.47794667260234,8.151591035486087,5.547342407825374
647.1234992890458,154.37111147086225,8.11964275128461,5.546258360412671
648.7199889772024,153.62907535661006,8.140488491532961,5.530545534521463
648.9256771756097,153.74343906744292,8.15772968003371,5.516126905513507
650.5397837738409,153.00073727554636,8.144457480036158,5.501224690956466
651.2746967122287,152.89759590868587,8.17180819906732,5.493625053847872
653.751314854951,152.14818087827697,8.144434981985537,5.493279398207413
653.8520775362581,152.36814996822784,8.156659836780797,5.480841653124591
656.4118948805504,152.37218439792522,8.16649220846497,5.4727727937298285
658.006343519695,152.2789074933137,8.183721331857306,5.445584842840751
659.0666663413765,151.54328176587765,8.198567052676157,5.421992342785436
660.0336169681748,152.17808236899594,8.185084875066828,5.43267052054037
661.734306902259,150.69036824185486,8.1973837072413,5.4211299120225505
662.9085123574648,150.80718293531942,8.195798273668698,5.400848295715138
