324.1000061035156,149.5,5.400000095367432,5.599999904632568
322.98948019068564,149.61063504945815,5.408503604143222,5.591278122600467
323.67665579594143,150.1330408568909,5.419903838426835,5.585780091331423
323.4971153003157,150.7434573972161,5.432358958272756,5.578137560600511
322.80282681273036,150.39734838700414,5.433817161379431,5.576796194992445
322.71977687524225,150.22271632072608,5.426525205316564,5.579276665470209
322.46222887570434,149.96048773282197,5.4216745811067275,5.583787217992744
320.9941057479612,152.12083043503793,5.4116566457376365,5.595843270701097
321.4316398278313,152.20244902132538,5.403290428065263,5.6059464865397866
321.0882804316581,151.5003354186544,5.396543355990692,5.623241963039839
321.78368745559465,152.36089351517248,5.393975273372964,5.637433226572751
321.5250854009076,152.43970669326913,5.390042208527955,5.653519261785831
321.2644990023302,152.52090801799807,5.389509067637582,5.665018591676354
321.4378857180335,153.12523284102116,5.390882701371035,5.674883673620498
320.65165200418465,153.81879107830747,5.395102930687011,5.681764708720475
320.2092825494422,154.43023596734056,5.407720558740382,5.679844724658413
320.3785870755345,154.1617741467185,5.418299865697419,5.692985827190038
319.4981019449656,154.2479428902513,5.429595034779633,5.695615849329998
319.4920484658119,154.50809269959302,5.441701993086959,5.700879178761794
319.22249003478026,155.2093417850823,5.454433299881359,5.702075821833591
319.920987739004,155.29572469641903,5.462895778840595,5.70499223508599
319.39088922879625,155.55819900022783,5.4679212739127365,5.707629390140021
318.508487714747,156.35059934352336,5.472896278680977,5.706673924546235
318.0656236471496,156.43619393064884,5.478391412563972,5.711531350557605
318.06569003085235,157.14223178819188,5.478258645158416,5.709133187383104
317.4460740972207,158.29191142739094,5.484300375058941,5.699984164087423
316.82578376291866,157.67999662596935,5.4920251027654405,5.6909578260330616
317.00010687685733,158.3861461604801,5.495584877133649,5.68748276599383
317.08452585512424,158.5659438489622,5.5028517398470616,5.6800970275241065
317.1690584189572,158.7456258140248,5.5098905114480115,5.672940895932723
317.08308296054105,159.97861427868784,5.505738526933298,5.672404585464904
316.4644580975191,160.24900448883858,5.510786246831748,5.659710739225719
315.84484745605636,159.64033896377057,5.518641520133346,5.645675779737697
315.75964222288854,160.9548654769914,5.5132388114379784,5.653820378760095
315.23020512157944,161.65622267738982,5.516978718038326,5.657951705987042
315.5810988642485,161.21543965413164,5.519109854626474,5.659619475095745
314.8786498046391,161.21407776856208,5.515691934435954,5.662343246234832
314.97011086762274,161.47818242166508,5.5087980711038345,5.662218727934102
314.7100343199415,162.1838470221291,5.501199036642435,5.658228539869645
314.2738775295711,162.1880265761033,5.494839281266257,5.649869431921206
313.6614397478239,162.80368096922749,5.491193994831609,5.6470814956019515
313.7507472085277,163.41890191694054,5.4879806918267064,5.644450928994058
313.7521890375288,163.33455637719086,5.485097033824464,5.637832453975184
313.13997893600157,163.94463562022216,5.4833964296920215,5.64379477509951
313.5808659179385,164.63594516770848,5.47775649601312,5.662990128439064
312.7029238023152,165.15433057261978,5.47925306737759,5.678851914545743
312.70257397607236,165.76495788170428,5.479952719863284,5.687575416819438
312.52610216421914,165.3248486155053,5.4811783712744315,5.688499018479225
312.1741380808265,165.40994571926242,5.481535113243026,5.6941976671690675
312.69943736741243,166.02899895226685,5.48686349367139,5.6880059803605105
311.9932934431292,167.0037495498055,5.49135078716503,5.674230548508433
312.1666523146727,167.01020799763637,5.496293104191263,5.661313652846678
312.1634012533256,167.54205471139588,5.502795226885488,5.651853454175147
311.8100981766913,167.19771491227914,5.506762029137433,5.6378937013919606
311.28110605639847,167.11618627526857,5.511726156817825,5.625447623262249
310.0578857181985,168.78880182453747,5.5027589466916975,5.612555799295531
310.7599879689956,168.7067893789661,5.49889197880163,5.601538498725246
310.15193590565997,169.3142190536121,5.491339683336925,5.610335571569242
310.2423583353818,169.39837828567204,5.4853218446511205,5.616844128207201
310.33268265853815,169.48264208711396,5.479507390631491,5.623150717616411
309.3749389383427,170.09282501438443,5.471739967462291,5.6266743217045025
308.9356604899099,171.32309018690916,5.476427263968229,5.612978857662442
309.4602021426614,170.71660187430246,5.475141999828291,5.603524434618881
308.7631947307665,171.42037585873592,5.473442749060145,5.591690540309902
308.76018575765204,171.85866139481948,5.479460695289038,5.586377368224588
308.49218469443286,172.56007076759087,5.492673423180708,5.5776636854729995
307.96490683306183,172.6501984719757,5.501220747835761,5.571743009717872
308.7388496010718,173.26456185152307,5.522723692543794,5.563651735633829
308.2069578878008,173.08759502871482,5.538977367162584,5.568408797275909
308.55017765190814,174.05191206442973,5.5522150935188375,5.563887175916222
307.31999136585057,174.230230930227,5.561793802258915,5.557362853375255
306.7082638471718,174.05470497325226,5.55951505938916,5.558205115831259
307.05930934143555,175.19155035318332,5.55775289958151,5.560583049308615
306.7120801087497,175.8896272150445,5.551843751797965,5.565164551896667
306.10029139163004,175.8908376440916,5.5499244276187785,5.562743693802486
306.36597823992906,175.97982664023624,5.5435585864345445,5.559768319984449
305.32091398769023,176.76660643803496,5.535421147917378,5.55990818163309
305.0658895186376,176.76340449090264,5.521281617946066,5.56631207589774
305.2471623618108,177.45584370084538,5.507950760996087,5.578292973597814
304.37949992416293,177.45386162203772,5.497419267112447,5.582257131213117
304.3852492449542,177.54163527455623,5.485920625529982,5.58119164029955
304.3034345050856,178.06123552180807,5.475266487188029,5.587692854270809
303.7837031765962,178.8410902189202,5.469423645728979,5.595941707703357
304.3976148413036,178.75155703487468,5.461384437816048,5.600753201294108
303.78735094853226,178.92392379184923,5.462488174947272,5.604426558319681
303.7895998602624,179.53633060535887,5.45799035148697,5.599562698911711
303.7902426892562,179.5418171801337,5.456704693499339,5.588589549362063
303.1807076103389,180.15286161682366,5.4582050595467955,5.584070467769281
303.5269744496237,180.8547622747949,5.461236495384115,5.5713993806405515
302.8300172624123,180.86137551803077,5.465229814613111,5.558172894168811
302.829868082439,181.38488874290948,5.4655281745597275,5.552718547050456
302.5685829596651,181.38577594181396,5.467555405486725,5.550944149241519
302.04819830825056,181.3875660712495,5.467214094017003,5.547363890370452
302.6562784520492,181.47423304835394,5.465251216910084,5.5474867090887825
301.96275289980093,182.17136305981066,5.464880442222368,5.540648565359683
301.96324941632236,183.3896953117302,5.463887409179511,5.530385530053429
301.7027259591115,182.69999237533153,5.465522229289069,5.524692484684953
301.0926925944678,183.31100355818046,5.474073616037225,5.514185461526267
301.694139607488,183.31663639896874,5.482481722604906,5.502919779949707
300.99860682296367,183.40794356438414,5.48956029959137,5.493303823126683
300.9959356276613,184.10234674993276,5.49490269019617,5.4881653529075045
300.9072311181218,184.88310869084052,5.499350015944484,5.483296711067456
300.22094358851194,185.57086577927143,5.488284912155972,5.491422697213831
300.3944476490834,185.57553241974938,5.487094349982534,5.482089416257878
299.61724454901184,185.66567247704975,5.486813127651619,5.474552348598733
299.5293910632187,186.36355434700525,5.48990019747448,5.459747822794333
299.0091711809248,186.37043499688005,5.495728531385918,5.445986523044705
299.60970056599723,186.37740025809583,5.500839958337404,5.432056000613174
299.00680278878025,186.98302694358298,5.501440346571502,5.425997795838861
299.1797823577749,187.760422455933,5.499650438053406,5.41996830375936
299.18171431598637,188.19607993296543,5.4957865216305555,5.408460126070453
299.0980928423826,188.88518063204125,5.491310425870694,5.40401107165861
298.49933484844433,189.2259274804754,5.487776989718861,5.408831331377851
297.4757383702125,189.9076776857004,5.475781884586837,5.4181229619916245
297.3089810286131,189.9918394491064,5.466182655987502,5.421356391078664
296.7123232774033,190.24881753683087,5.459299546751868,5.421771049196305
297.22766101656686,190.93608928532257,5.456755194402538,5.418069053516654
297.3110905559397,190.9402016346133,5.461152919517024,5.409844354935242
296.28249213456894,191.37212983928495,5.463993793025801,5.4019695994389245
296.280658981249,190.7768765013237,5.467660099665659,5.394658417716965
295.9361348864857,191.5510728957433,5.472471615806488,5.385798143995749
296.3641715363176,192.0663567067334,5.471373377421858,5.38120059555053
295.68327636733534,193.17874057559428,5.465922100499249,5.378200482020315
295.7710383443748,193.2666665665998,5.461170333524075,5.373120687112945
295.6885564731267,193.95012432125992,5.45551672840635,5.37114395870353
295.0896915333831,194.12115223916948,5.459765513781638,5.370082721202123
295.51517508426286,194.46623872824475,5.461535057757233,5.36209905963974
294.7464869832683,194.46953016070097,5.464869065252664,5.355516194727248
294.7449085526253,194.7253694855561,5.468025926538633,5.355030322173849
294.6595917716342,195.40494150160936,5.468219980100927,5.359402357426481
294.2284078374649,195.4926460433447,5.47802992446296,5.354504858751139
294.6502695533415,196.0899262391351,5.487248123407277,5.354062750146958
293.962874482678,196.77600819543423,5.496229590839937,5.3477075114431365
293.9582478843243,196.8642306797622,5.5054827875473,5.342029201424712
293.524523088942,197.38125287133678,5.518821818185614,5.332917490427141
292.9212990271061,197.55121938331047,5.529059100513835,5.334758992577903
293.08767213257806,198.23690401305035,5.538466706912087,5.332005002467057
293.16758311339436,199.26455252942014,5.549825556857492,5.3308777086626264
293.24634402549975,199.35150175242003,5.563644717324893,5.328320247341071
291.9536113238455,199.26769382228068,5.576355141103374,5.324419108984462
292.6346739078365,200.21362386950779,5.587464164023085,5.320756027020056
292.1174524742115,200.81355319947602,5.591286083815494,5.323288472450801
292.20019414489633,200.81574697549857,5.597672852210845,5.318900920405724
292.28501593797444,200.99025820083392,5.59992979953833,5.313679536702457
291.25218684825614,201.59541144031093,5.603350977818634,5.30634464175632
291.1670297489982,201.59921721274762,5.601874863617547,5.298733096882918
291.76487527625017,202.20333314448527,5.607709460951587,5.292026885245539
290.69883923712905,202.97740578431106,5.6138085305147944,5.284930277768101
290.4383896546423,203.927043587609,5.6198652600494325,5.27341026778109
290.09290402066273,204.01700136283418,5.624732711440415,5.265020671472848
291.03636935033734,204.19283419635903,5.623958717588744,5.25629257996813
290.60899244302635,204.96725851235144,5.62212212575071,5.249306679611215
289.92795200699607,205.1383548196281,5.614775525524666,5.24947093312955
290.18990458436684,205.3938336965478,5.604069313454725,5.251712121961637
290.0209618565762,205.47941097227442,5.60008542292279,5.251492243564974
289.51084191968243,205.5663516796256,5.595111645188847,5.248479770782897
289.0004978214987,205.99556982623014,5.591339408420466,5.243760505187012
289.25772868286725,206.5928646470359,5.588706319245824,5.243437675221139
288.491249798397,207.27613341315848,5.58659457229087,5.24140637932742
288.4068573785337,207.87374110529777,5.584881375433678,5.239677251135129
288.1514180794193,208.21630425852763,5.584428520112883,5.236326216075054
288.9211224366971,208.89923342098064,5.578471673320978,5.233536218070147
288.32716033884145,208.81269808345675,5.574672629477909,5.236360716038708
287.90181757693347,209.410564455384,5.574199892948749,5.232249536667471
288.4143339598151,208.98459781920235,5.570121155120681,5.233387785751488
288.0744720509061,210.0097142620177,5.569391624240691,5.224514946215016
288.2441388923987,210.60832430996308,5.569980117190674,5.217022466097704
286.887594421435,210.77960176708726,5.565447928648371,5.214170193158123
287.48374789297645,210.95165733053236,5.5612875984789945,5.20952952710035
286.7212646226498,211.80329422418984,5.559885171959421,5.202221258866353
286.7224344025716,212.06075576679407,5.557545612115889,5.195673946221864
286.38260894457625,212.3191679646464,5.559924262327726,5.186803749851311
285.8732373487519,213.00159785567652,5.563381604589958,5.1756584336397475
286.6341769900256,213.00606313445877,5.563322965720049,5.166727876075248
286.1268034947217,213.01051534569123,5.564380032674394,5.157823453610345
285.63305232147775,214.45070801873652,5.570953644806985,5.151106639156878
285.8849765611111,213.94903958064734,5.573562098323002,5.141529649769835
285.28198390100164,215.202528385957,5.573070981710395,5.149141674555087
285.08097760865786,215.6306027720225,5.572328146053929,5.155391054005724
284.8890470933055,216.04469529396394,5.571121803630135,5.161482581865165
284.68512640020225,216.46384293543557,5.571344042439177,5.167713803613077
284.1761828582621,216.80238165489195,5.574696194631772,5.166992985825435
284.7668474180688,217.14079844895727,5.577277041725694,5.166679378670395
284.1742126882007,217.90375360517675,5.578389596068845,5.163256516022347
284.6812409219508,217.65105533338365,5.579102306414148,5.161268470685813
283.72820710956984,218.56741194870227,5.581827957701011,5.164720141488726
283.5369704847359,219.0124258353215,5.577138001425636,5.169574817530257
283.3298870717802,219.46944986299687,5.572896642729501,5.17769701077987
282.4004290405585,219.55471413056947,5.569819748620873,5.176440562593922
282.88621310078696,220.3177316353593,5.566546336605533,5.180929142912444
282.6611824148943,220.76175675375205,5.564063636867988,5.184735587505769
282.44017975278456,221.18548501076683,5.556334471677293,5.192991541939409
282.2541364437679,221.61965710281206,5.5520012178313385,5.198761042187151
282.02529613206707,222.07210005087737,5.550471835950129,5.2063201544720465
281.78943927560243,222.55625222115765,5.5484243629625185,5.211929816564416
281.5431243375097,223.03107861547244,5.54258077945671,5.219707827700274
281.3469786712066,223.49973126007862,5.538658808671641,5.227957141562534
280.67109974011606,223.32781044450317,5.534133821325266,5.232728060331587
280.86874908616016,224.4219894891368,5.529204768428417,5.234869170916457
280.65031193180806,224.9083811354653,5.536261582890435,5.234317594056966
280.48127344524573,224.56875480737895,5.5351410431888315,5.235175224576964
280.2121152930138,225.76850713484777,5.534503713038178,5.237251617471278
279.9603111168282,226.2287791339051,5.543395663911508,5.233493872610534
279.73551574061815,226.69450590509877,5.534469615344802,5.238266889589216
279.4738354521314,227.1773570982029,5.5386397171703345,5.2394911044051
279.2097438322853,227.67524341554318,5.546903358574411,5.236879861924079
278.93710478929927,228.17494816229168,5.555354574619392,5.234146981153172
279.11206672955484,228.93542107253026,5.54521986514507,5.242252430341853
279.19952853934893,228.84899911220435,5.540160948446981,5.245231648103566
279.28690900415813,228.7626606162223,5.53523284457432,5.248075814321998
278.43999895911844,228.76145153078934,5.531044627438669,5.250493985187908
278.2722792929966,229.6101420224233,5.526936683013793,5.25084938526276
278.1889374362328,229.60997427878408,5.523905404585638,5.251184872541241
278.78501086283916,229.95064996180568,5.519468659949152,5.248524997112927
278.0203227094632,230.63140469472575,5.5227934240734475,5.243505791386154
277.7652961271771,230.71682717811427,5.524245318314518,5.242194581386105
277.5102083581811,230.72015974495403,5.5258137897497885,5.235529447706603
276.82873919094055,230.89172313494313,5.533115664366396,5.231311782694474
276.91338952383785,231.1449296267273,5.5333168832954165,5.233404453297036
276.9967657487396,231.73610125152928,5.536102654114427,5.237828748050234
276.3098859166666,233.5432211905709,5.53589282458744,5.25254636907887
276.082539596271,233.98711787861635,5.535913202188217,5.265981043121694
276.3373120381861,233.98159953337287,5.536654193991299,5.277017733608651
275.14413840916745,234.40278431657407,5.539056612500473,5.286057038466334
275.73989564441945,234.31410198867962,5.540780276078671,5.2929591036720725
275.1406444520196,235.08036394243533,5.545090295324036,5.29582538044474
275.3104455371977,235.42340517793133,5.546911722899052,5.292590105315183
274.5403763788768,234.91663724641882,5.550848412304764,5.281991550182696
274.62509018255076,235.5177356314843,5.552003574186493,5.273874164660337
274.11647212642714,236.02682857402314,5.546406503589531,5.278521462426909
274.2072842342672,237.3004466869112,5.535240544030825,5.288159078471835
274.29851358291427,237.55120739574377,5.523217981202755,5.297946064204814
273.1947082174279,236.87346713639246,5.515592307326019,5.290204179923228
273.9634548859274,237.55050675386877,5.509545890536935,5.297411096268306
273.79581882294474,237.4617082752047,5.504457812953307,5.3048279518219825
273.0293608551418,238.05788057467743,5.505414313878397,5.3040073576282065
273.1158204298046,238.73670868361864,5.502714890080278,5.308108943965101
273.1138434105558,239.50568377798302,5.506668928577974,5.302339439189908
273.1149467115611,239.42252397028747,5.504462326567275,5.298446054016198
273.1160662183969,239.3393927966464,5.50222331289566,5.294591593949304
273.0316655972223,240.1075221667335,5.501003834315755,5.288519342138011
272.5182208116628,240.7045880880507,5.508460325984319,5.283726092195766
272.0055645175307,240.28182285617555,5.514094039446579,5.279524160277768
272.01000492997696,241.72524128400786,5.505213214554,5.282146775229607
271.67278120194067,241.7218905377587,5.50017825239587,5.288848267727912
271.335532775208,241.54949210249652,5.495083982734702,5.293849576689013
270.74260143805526,242.14205724737053,5.4916671198558795,5.297998824125246
270.74183983705865,243.07902316316196,5.493190321849104,5.293067708528743
270.82800729331643,243.42210279560933,5.490710431365788,5.286328531763143
270.2316039952782,242.91660999555944,5.4955503951138915,5.279057018438702
270.99082834745354,243.59893973256743,5.504134334309681,5.271759894241849
270.4763580581465,243.77114605801304,5.514939369288913,5.266725757895576
269.72888832300094,244.85851864666625,5.519191015390461,5.267925864837939
269.4990728665975,245.29947095670792,5.521167757349317,5.268977846524779
268.6455934934495,246.4925239770725,5.529007007863278,5.261639099890514
268.9823480268413,245.89987469223817,5.535171514569564,5.257508915951841
269.1513145211091,246.4955415088266,5.5371373439109055,5.255821145344347
268.22041857521043,246.9186526828738,5.529441663454685,5.259365875546936
268.9845673743043,247.0031157404167,5.530146611048877,5.260328932214758
268.3074013666234,247.764550485949,5.5251548902622725,5.266698644316935
267.03627457783534,248.01402166232776,5.5183345042151934,5.277571084284011
267.7215362870247,248.26368964301324,5.507840616362723,5.288246196860505
267.13067896654076,248.93838215770097,5.499497000260185,5.29892774699421
267.38915329312977,248.93516776322244,5.492688145529962,5.305356535951247
266.79695479011906,249.0169992663747,5.486794301024358,5.311735079721989
266.7154036864746,250.28666756453399,5.479846514129838,5.323148396156344
266.71893714045126,250.53680013805064,5.472779606176489,5.333247538511117
266.3209785678632,250.8398667378901,5.461183124562407,5.348178365943888
265.3029389709972,251.51588532162071,5.454576242886045,5.357931915421602
265.3066779918577,251.34130065125342,5.447098201165011,5.366553219006135
265.3094977488632,251.08179689106876,5.4414586871540545,5.3746831128573955
265.3141971225237,251.84196915869754,5.432059939833046,5.387327749495398
264.9795883429241,252.85435561749057,5.422931095751636,5.405905050990355
264.70736226113144,253.25451430639598,5.414527107653928,5.420174355950524
264.44319728255476,253.6677078012642,5.408738917145436,5.429617977039479
263.7618111042568,254.17985667508492,5.406049621269605,5.429416468751827
263.93451089169565,254.6914672606345,5.401924370522692,5.430018270044674
263.93399263955877,254.60904379624293,5.402960874796481,5.42428356839538
263.75988776525907,254.95590493826924,5.410155215704673,5.4125920997251455
263.58613233529263,255.3023163773139,5.416792146603132,5.401517079704697
263.07207140730344,254.8788119030543,5.422711810739659,5.396690868355706
263.23832613604634,256.16050213344414,5.430970695189668,5.38907297209481
263.660262945053,256.1619600513761,5.439067422652799,5.386157136230862
262.17531957068906,257.3488326709438,5.446190712006292,5.383504554582866
261.912523655551,257.7906020963002,5.452503711384533,5.380154517697083
262.0797017647765,257.71000826768693,5.459331676497775,5.370750083141511
262.2467064545991,257.79905219155404,5.46642438167906,5.363213277820588
261.8169860285425,258.48547081166004,5.4731475406406895,5.354724346651304
261.9002364360974,258.23048911783457,5.477161843459454,5.353142380516318
261.47183468582926,259.42821214562167,5.481199461964139,5.345440794630673
260.4477837587287,259.0908300122724,5.483362267775886,5.338225378532727
260.5317997909386,259.9466165614102,5.485745074621316,5.3308009929092
260.0205693921783,260.63117580866617,5.486196238520569,5.324362009892327
260.19058755709415,260.5524549689217,5.486640394092107,5.311563446679641
260.19525268199845,261.31700130740217,5.477310144283533,5.312874566147329
260.1142081451934,262.25393556773645,5.469479982159166,5.308117638556572
260.03358316956593,262.42432392913855,5.461008742444558,5.306783297691665
259.4371881772466,261.6655568777207,5.466828468389179,5.298212782206608
258.50296776816987,262.42942337357727,5.470516180608904,5.296186877166558
258.6701269497459,262.43127391320525,5.475295462178478,5.292485797910526
258.0799567069133,262.6843694676938,5.468679206393353,5.29499043526925
258.50667078048593,263.2757389117419,5.462756515406366,5.298759185794442
258.0845230278275,263.86717632284507,5.459713178414803,5.302158742819715
258.42431788913126,264.1198911812873,5.458018485199575,5.30515029797948
257.82983862169255,264.63081526981244,5.4605158912036895,5.300268802820543
257.3304419736018,265.5266901493129,5.464569464821094,5.296812136705787
257.1590136514434,264.50794868207873,5.468495252317829,5.300709930252606
256.822473513921,266.2003990858102,5.474981110678656,5.299589734380685
256.564943188451,266.61179885223925,5.482477918139484,5.292540657126619
256.90415752299504,266.8689842813793,5.482764212886719,5.287206021723068
256.14036681373307,267.549634482184,5.483956068022664,5.282696343125438
256.0579456024899,268.23155926375733,5.479252315147884,5.27521618286755
255.7198595220505,268.9112872236855,5.478008122649957,5.270592969764472
255.12853225703086,268.82699551019,5.475832646443038,5.269914967291774
254.61862880265008,268.91334010124274,5.48033993066251,5.26644238927669
254.3626946042906,269.3386935602944,5.484511470107363,5.26189689996367
254.5199741168963,269.93911994533204,5.487977114229864,5.256824764745762
253.58693831391338,270.7064915685606,5.4928521388615215,5.244878721198453
253.5837823641137,271.13116523853944,5.499164038460909,5.240965633975217
253.62046363350774,271.26703548681644,5.504389478769366,5.2420039404334595
252.68921669818155,273.38158546759325,5.505442114428047,5.243452240229198
252.5200495951043,272.7877411591513,5.505253608186611,5.246311363727325
252.35265335000702,273.4636782001664,5.501438684417464,5.248866937551858
251.84841729700352,273.2904751113614,5.494203970485134,5.256704175182117
252.35906567368477,274.0488841815977,5.48867908757012,5.2635438403806045
251.0055083022903,274.8133619248062,5.486720781424538,5.258441943989283
251.59879841587377,274.8155057790991,5.484579852480292,5.254154235403465
251.0754219479208,275.2552759618197,5.495763687192204,5.247324020101998
250.8070501322108,275.71984632508185,5.504699588238964,5.242020624655521
250.48048540571025,276.22525780852305,5.511349323066072,5.239274561592643
250.14620966098414,276.74380290417764,5.5195653584435895,5.231511109045558
249.83236305992673,277.24255979397566,5.515655532307856,5.233050239170585
249.5301227734545,277.7328973592881,5.523065492739693,5.231810673452347
249.2194503974391,278.24109481735195,5.52782350923242,5.231106374058066
249.97873278067885,279.51162315926393,5.5340014602346494,5.231287552703784
249.3819049461244,279.08917170287395,5.541049655408691,5.22861369838733
248.78502395517182,279.6838442904827,5.547729557637283,5.226350602846368
248.1420072862595,280.30363356539954,5.555354968346779,5.227197109052037
248.5634235801346,281.83180883588,5.561443924237015,5.2269641251966705
247.79609355073828,281.6608640615009,5.567222008298159,5.229102124014525
247.70734112563923,281.8320960507865,5.5747268522919216,5.226638157851871
247.70355390481797,282.0030083925511,5.582301293934436,5.224969780310108
247.18917223689223,282.8586829265585,5.590044712691927,5.21532057411864
247.27620703740428,283.6268470575248,5.586112761451391,5.2102311602379885
246.0909992041452,283.7148702505633,5.576592810766879,5.204180175389794
246.7754716290964,283.802808098879,5.565652972704541,5.198055105238377
246.26505280708074,283.9748871164956,5.5695956208408335,5.192862068636818
245.0770993029127,285.07586568776514,5.573040770228374,5.19390522369284
245.07663330980216,286.0930976355268,5.573972756449427,5.193824393895861
244.57023915467946,286.9401031472134,5.569489940786663,5.195265247036299
243.9804598737206,287.53441783080564,5.562561854843496,5.193122527712585
244.32196599476362,287.1123235938339,5.556973112889856,5.190531626490771
243.22564101547033,287.8729929508201,5.549666262330733,5.192239934234538
243.147114371212,288.38011849446644,5.537579086790085,5.192831631285569
243.8297745899522,289.05260834927446,5.523946979346935,5.1995402517068525
243.3269850617913,289.30234666629974,5.516399067074363,5.206627101953468
242.7410772981008,289.71881405902775,5.506272034806416,5.217937001961006
242.83167347829763,289.6289902059742,5.493949595007253,5.2287147874735265
242.50007997825173,290.2165928522338,5.481744831430346,5.235445081374687
242.1685732311734,290.80400191471136,5.469704319941487,5.24197146629914
242.00481203544552,291.3926326528244,5.4598701582601015,5.245457926053088
240.8281744572051,292.65735317588513,5.453033852534791,5.244707732295339
240.57846640548334,293.3300134244694,5.447068800430864,5.247070316586736
241.17271678570455,293.3261151949842,5.437397976626069,5.254866775557124
240.58800958156098,293.659063510887,5.4281804688308055,5.262474095798692
240.4221748404392,294.8374199572319,5.423146533709571,5.262685124662589
240.2561396670835,294.9210468923228,5.418664739869671,5.263707324756349
239.91932650234338,294.5005260189251,5.419403441863534,5.263639537193835
239.22762289467715,296.18563222346734,5.419649425939239,5.265923153194273
238.88856729974324,296.71983892710307,5.421616181381904,5.266716821034866
237.70963051154914,297.7292983339304,5.423068758129797,5.267587435643295
238.14609285276447,297.87829463167316,5.4251476429399865,5.2677325766785135
237.97793609353815,297.37270578758205,5.424686656108509,5.268586749008444
237.49703779301367,298.881603157676,5.4250215302787055,5.268286254975061
238.00196206585693,297.95606992152165,5.425537137326324,5.2670184472711075
237.15575740164667,299.1362086723271,5.434125706260971,5.2640900089405145
236.81537792925667,299.8114654603209,5.441002578920617,5.261340577193562
236.1363192225078,300.6541830892542,5.45084079273168,5.261254318935199
236.80849910040482,300.4840756441276,5.455983485106497,5.2640935971462435
236.21945135681253,300.7351076487643,5.452385522964314,5.268469637584296
236.30572480706437,301.4096879126167,5.448664776310916,5.269918340681943
235.3782870304885,301.3231301729995,5.446842446429308,5.274243103276796
234.6154679886067,303.59788534325634,5.453005823505424,5.283156882825734
234.7799681242554,303.0071156174229,5.462141829977023,5.2812193623008925
234.61227138037836,304.27654248698303,5.459173732384512,5.280077513280168
234.27594728244733,304.95648641348026,5.455357178926266,5.2731191589262565
233.76570327908152,304.87579890053615,5.462167448469068,5.265547895282987
233.76345200868815,304.9618470643327,5.466669989255797,5.2623848727977665
233.00043687050317,305.637677579623,5.4721157335260004,5.262354537416813
233.0818796118065,305.4679034809482,5.478268957902455,5.263825320800188
232.4869751084771,306.0616465037881,5.483969081877828,5.260448157803774
231.81060460697202,306.6561371712057,5.483155946529372,5.255826694032416
231.89599935568017,306.23489076762195,5.481474812788639,5.252777682822277
231.97977279547925,307.1694540418319,5.48296168781963,5.243022435323234
231.19354190294686,308.8402058768964,5.477416985399066,5.253046167885325
231.1149925387936,310.10140723754233,5.465541277543254,5.265259989029369
231.03646583660336,310.5196810059038,5.453613044185301,5.273620640998373
230.44689695820043,310.35209846927165,5.450262719626938,5.270931976730006
229.86196306571685,311.1120806827895,5.4383078563946095,5.270453811665057
230.03380305025334,311.27805153396014,5.431901360875748,5.275785582877934
229.44388253567615,311.5271380428368,5.431398815824015,5.283474096927264
229.44274641621845,311.4395664967057,5.4336710547393965,5.289883053174669
228.85236678176702,312.11022322409616,5.4323328159523765,5.299538178610917
228.93584342539768,313.2052078470654,5.434382136484207,5.30660283398348
229.02023159663085,313.5382433093749,5.434752171249445,5.317117418290928
228.50827561783038,313.7044426109251,5.4427546444320605,5.3233553099965
227.40180718133223,314.8927615283887,5.45163990154559,5.320311522943097
226.8878432395632,315.5694945196287,5.461764514235961,5.323916568260051
227.2247308919431,315.8229443892432,5.467388318582541,5.326566160860835
227.30571831459048,316.5893796025106,5.475393391781835,5.323515000772515
226.03044681225074,316.8472619501655,5.475076227350141,5.317922339284919
226.71185407535089,317.0193133993417,5.471973515766402,5.313747394586726
226.11559734354086,317.6169733766439,5.475541856232129,5.307372563136604
226.19869377637315,317.53558873792895,5.479153503486858,5.300337327647211
226.02521264305057,317.5398217100626,5.4866159264466035,5.291871383379887
225.42807485160304,318.1405197598997,5.492760291852868,5.27860650119451
224.83212526852418,318.82453095138663,5.497323364731231,5.267539653396999
224.1507262141046,319.5074127187064,5.503995503374505,5.25790208895334
224.23598831826823,319.7624004842107,5.50293891928226,5.25632943064976
224.3212351200502,320.0173199561707,5.501871485329754,5.254768995563994
223.0560533353491,321.1134269218094,5.491463975997058,5.264556665856748
223.22811748676398,322.04553765413965,5.486089130651412,5.263479217358622
223.23485474539248,322.7219787262593,5.472614613394407,5.264800800549622
223.24080954159055,322.38314533017996,5.460705020998254,5.266126638751165
223.1575755635263,322.64014574876956,5.458253442345949,5.258884405914255
222.8219177347166,323.9029814993303,5.454503006432843,5.264710755539711
222.48402076491394,324.0738507680526,5.455097342838408,5.260572019695074
221.71953999946695,325.4267944133894,5.465365149584837,5.254584683061499
221.54360059687622,325.25923297569693,5.479624056731461,5.252087660411564
221.03081329629197,326.69590556950163,5.491235634448964,5.251637705913254
221.11126208825976,326.61138385807374,5.499506638727027,5.251512540555366
220.8553417433698,326.77630856053975,5.503458946087669,5.260255390569518
220.34292655351234,327.53547825338444,5.51131035661,5.267384458669078
219.23957975559222,328.0384844553718,5.511483289566182,5.279766206794594
219.66307885929834,329.05185672711855,5.5141407931771855,5.292195369757023
218.98362304357016,329.72699282931535,5.511696034590688,5.303279555406174
218.98387679910024,329.80806968478544,5.511188523530496,5.311432514174463
218.72560067533342,330.23304764680756,5.516457613939682,5.313615185337702
218.20973824185626,330.8301870249595,5.524913388420121,5.313150370253304
218.37953749175512,330.7430823692526,5.526654937324626,5.316689657316087
217.1805299107578,331.0871396542121,5.534123497075006,5.31158840232399
218.12116889123527,331.170724804091,5.531531401223711,5.315207726666443
217.9516280006717,331.7687483063323,5.529000589318955,5.31480479779545
216.58503447462573,332.7955131163926,5.530023483246439,5.310398296298205
215.9863678864108,333.0555503643006,5.5324108489267925,5.302443433660639
215.81495171228903,333.7414011310205,5.534007161284054,5.295686043765871
215.3007400569127,333.4920307715678,5.539214319396177,5.2828186863510025
213.937887101758,334.08858817759847,5.538300094055885,5.28260018363634
214.02119793560158,335.53814009716064,5.542074410175105,5.280228069220343
214.103618299655,335.1146060196356,5.547651170677314,5.275208781225198
213.67874313768203,336.38954573057475,5.545275301826335,5.2817079377376395
213.42315752062663,335.79304543538666,5.544973408911104,5.281271231719778
213.16928293251888,336.4729804559253,5.541284393900896,5.285236367244334
213.9389340646207,336.38672595153275,5.536342351945491,5.287260906890808
213.25114125980278,337.57738817196423,5.5484146730958805,5.292084720877359
212.13816142058735,338.34468136832066,5.555214626552064,5.293839676223941
212.90213769709953,339.1127618515532,5.564811747616521,5.295228383847637
212.2167099633386,339.2835537798421,5.567578572425881,5.295666687947977
210.67733171219965,340.55965813031185,5.567231131144396,5.309377939974721
211.27196256466468,339.3606816933529,5.576881465121083,5.309506736079189
210.06864809382833,341.160957554748,5.583542809923569,5.308906408594366
210.66642836238105,342.10417561355456,5.588629285734251,5.309201311277999
210.23540907030048,342.79377057672997,5.592641494367995,5.302853585771137
209.54569725883127,342.7943468409113,5.599525703133428,5.301701057408433
209.71413309260478,342.7945032154895,5.605967724759159,5.301388308252097
209.7964787118738,343.3941882131043,5.613029129344636,5.304286814886704
209.96337946872526,343.2251023127063,5.623045709607028,5.2986405217172665
208.18909091031128,344.7095018716608,5.631648244123472,5.299004589572016
207.8085335850521,345.2419809857074,5.636313085601833,5.301727475716389
207.4402339736582,345.73683049167056,5.641678110678307,5.304390975742001
207.0068713495173,346.7709436478604,5.646610454786808,5.304467633378126
207.69362091924984,346.7712647743543,5.652606347422474,5.30382538039045
207.08817099291463,347.4611622513341,5.6558635789584875,5.30419342201296
207.25845493319585,347.8041666275083,5.6604499165372175,5.308493105946921
206.05102637823475,348.4029673247098,5.65726863146955,5.319910909039003
206.65166287854578,348.4012728518152,5.665935541726309,5.323299854828174
205.2680003374598,349.4357900383024,5.678776572871204,5.325959495231221
204.4830283205421,349.6129508551802,5.689194648023269,5.318199185627513
204.56413060208874,350.13806634650837,5.70031025357971,5.307889214869368
204.64535190448396,350.66309575936964,5.711197581042478,5.297809982666236
204.6407872751972,350.582070440727,5.720326839616011,5.286520981248603
204.63572107483918,350.58743169383763,5.730459240332061,5.275798475027409
204.63063415707063,350.59276413780833,5.740633075869143,5.265133587086001
203.04518843883045,352.95492703733026,5.7491828806616265,5.259228191839285
202.95952317694733,354.0797491127442,5.747195531755263,5.262716385755263
202.35952118813577,354.59812227536656,5.733802232829142,5.266024868981438
201.84632625719362,353.9896348391792,5.721073331879299,5.270694518049765
201.93646125532717,354.6799350985417,5.713865711506603,5.2745930064797815
201.33276285788878,354.9420576071415,5.710178345152462,5.2693840583791065
200.7316299526288,355.5441139925019,5.702342567564804,5.275372875766122
200.81941272874536,355.2866394966879,5.699621730533666,5.271787721788046
200.41698403075878,357.1879541075501,5.695261110892036,5.277653588222637
199.81498737494405,357.35563074938034,5.689860800792441,5.287841339341947
199.73090010609286,358.47354887784184,5.685187123243137,5.299031880691033
199.64689727684117,357.6905379802519,5.680239680332057,5.308475763140877
199.13076607956322,358.29119832373664,5.674346814915336,5.318336212806234
199.21739319856997,359.761062906196,5.67418299748388,5.321144197781619
197.74313693970194,360.27750506519914,5.679443971132096,5.327054542394523
197.99925307846433,360.9693077079189,5.687137117505125,5.329917054015686
197.82034285990224,361.83337251600847,5.6980093262546285,5.336528579710026
197.21048321574017,361.8316562285154,5.701486045945192,5.339961154696164
196.77075878070508,362.09199842260523,5.711646140689669,5.340850031711929
196.9376741853316,363.0474446724584,5.725876468454014,5.344293785601137
196.49944079268425,363.5722101267738,5.730805772348372,5.340607854650655
195.88791224042356,363.22512323429805,5.733581594535357,5.337478049696857
195.97082699075546,364.6211232927228,5.742071590158348,5.334589873436409
195.96715013657754,364.01241085710063,5.7494252985141685,5.33117202480301
195.18213099758665,364.9690691744255,5.749264941817902,5.336987054759822
193.87346895647954,365.66419266043124,5.748242091852865,5.343191779910643
194.57125379041605,365.3996864157387,5.749785457473495,5.348286881735588
194.04508225071325,365.4870322774648,5.753663351280862,5.34833935588318
193.42503916102658,366.01437477210925,5.7701106391109525,5.342487702202685
192.4543335813782,366.62813329871153,5.786861111899641,5.339754722230544
192.44507275411078,366.6333990882174,5.8053827664344935,5.329223143218806
191.82545487702376,366.90036307207527,5.817462265858342,5.321219284681657
191.73752577855723,368.5631043496431,5.817951680546252,5.327743592204655
191.73665812951396,368.47205939197727,5.819686978632763,5.3343531939038344
190.8576112246139,369.6142256430297,5.821654783069136,5.332984498771757
190.85858754400581,370.0542926586237,5.819702144285333,5.330957787216204
190.5947623499534,370.6685639751813,5.820676224900874,5.331326538242614
189.54019397024408,371.54205143504095,5.822855184364183,5.340149785152803
189.6281594607932,371.7127282129391,5.822678463889797,5.350304750604258
189.53856527939672,372.58743273711474,5.8259536527259455,5.360027441820969
189.00500126644607,373.28885021945644,5.83636782542447,5.366144281407985
189.44068611866695,373.9899643491587,5.846891399794583,5.374945268102445
188.99231940971725,373.812124190031,5.860211009050769,5.377260062900637
188.368208905024,373.8981911099841,5.86994171660714,5.382053408970119
188.62919968770146,374.5174287573039,5.879425526861513,5.38366399075224
187.2944057627664,375.494067604721,5.889085468633054,5.38100009519033
187.46689902223198,375.8472117278325,5.898972082626329,5.384458114816427
187.5553840350395,375.75923655060586,5.899647681360498,5.382762844920485
186.22696252306076,377.1753395545502,5.892053671291905,5.392623006659568
186.67489055804376,376.9980111718441,5.884537239168704,5.391943916934701
185.9707654299186,376.9985582291237,5.8724673598969535,5.390849802375449
186.14840380365797,377.2654268763113,5.871859671702029,5.389116096925925
185.3494636174415,378.15384782920063,5.87406291309572,5.385248781190928
184.56917283138435,379.3451706478551,5.875474209075461,5.387986231354999
183.41549886898744,380.0541232648751,5.8774568377946474,5.388767333360863
183.77022570058375,380.75957482344296,5.877519656727336,5.39689718047577
183.14873096073794,381.46615658882484,5.877942392715209,5.403809928230546
183.23649041155835,381.5482759095897,5.880049652971252,5.417197448597831
183.23192968630107,382.0813582355639,5.889171103485797,5.418265217173495
182.96621712906233,382.16910950162196,5.886502454719246,5.420793939472079
182.7004044136723,382.2566886824933,5.884038191446042,5.423665475747153
181.62696497464984,383.32153015279107,5.894470987150591,5.430428617491923
181.08957569390492,384.12036821455035,5.899404896870801,5.437519471627819
181.7106068688907,384.1154767870659,5.90682291112599,5.447302326596699
180.72721661793952,385.0056346277518,5.907149817211695,5.454671732330964
180.102721794557,385.0970020446644,5.90390352600253,5.450827746787824
180.28092857837157,385.72459338131813,5.905048107119305,5.447098594091131
179.74089816119232,387.1538798123006,5.912683375859022,5.448327240442879
179.11720472023384,386.6179088362734,5.907936942930728,5.447012065487089
179.56422387926924,387.5139286146673,5.907804924891016,5.442785108761414
178.31791554523124,387.78053434572706,5.89845439283742,5.445709475241018
179.03263343658122,387.33435694905137,5.897920029385826,5.445000881562213
178.1314325620009,388.58882218560956,5.914391058652365,5.43637341629767
176.96339671787214,390.01419233852914,5.9271994103887256,5.4450341400230755
176.78406062674097,390.0072967608269,5.927771501951896,5.45882529542754
176.15413420940286,390.08787511013577,5.932675095327521,5.476947059852694
176.15089596760438,390.7074248411789,5.93915157892447,5.495350368998184
175.61246346273506,391.68935928802375,5.935794672022041,5.511888322483825
174.98136535295833,391.8629034510944,5.9362579036633285,5.525295135746082
174.88809212595532,391.86252218098895,5.942336468405429,5.526057675956918
174.6209457367532,392.22444281044585,5.93490459016592,5.52451595923485
174.08537096149885,392.85164281684195,5.923447846489864,5.533156622991393
173.90894133432937,393.20940603945,5.915521515114056,5.539201349204873
173.64013959857172,393.38732749587143,5.912029993157096,5.544088432010173
172.91557539502753,394.2034601962686,5.918054002030847,5.535315479207288
172.55362729784787,394.6572701306726,5.9205788188996165,5.529409832262494
172.19187588223977,395.1108618832747,5.922927755431376,5.523668695413844
172.01240192091515,395.203930717626,5.921407787018794,5.517764972242134
171.233091917986,396.9328500243679,5.918003407658668,5.51804817698981
170.77999083726124,397.29694187141376,5.923866751228653,5.510135537201637
170.32711126354036,397.660853048166,5.929458118026548,5.502447408212366
170.5999988815373,398.8284407122607,5.923678706151704,5.507253984538719
169.8859318061213,398.19560398609815,5.911934273269842,5.513033676114228
169.98009831407649,398.91457188911664,5.9034945939633845,5.514244562908677
169.4382789331432,399.00511779508435,5.908448606626242,5.512933542507234
169.7919283194754,399.54368454871366,5.920499123221278,5.514823969137701
169.06714720087587,400.17482063419556,5.929617391445906,5.512940271026652
168.07260920545872,400.7109315685095,5.9368466192077936,5.5217257277110035
168.42940340925844,401.51826501409096,5.944939617526088,5.530841999862885
168.06378459912077,402.1502375061614,5.953411023427509,5.5317378908764026
167.33620959775158,402.4245351225772,5.961856956374511,5.525656684216538
167.42188468034232,402.9704824233294,5.971379910034869,5.519000795763245
167.41922650544313,403.2388218020488,5.976696259833229,5.525069481101882
166.7855540236021,404.14199473752666,5.976374422499974,5.529676183025191
165.42168897647895,404.9546225744854,5.986651925516334,5.534892063845622
166.14218186886222,404.9492603942223,5.9969202620653785,5.545616424371983
165.49917817321324,405.58332338057676,6.010765205855213,5.549652899171188
164.21611852116675,406.40204054569926,6.028637841296621,5.550377141630696
165.1203955787006,406.40239960439806,6.043161750495316,5.54965902423319
164.84275328488368,406.4040053274062,6.050878096619087,5.546447578216913
163.2883802897965,407.2307618597079,6.055562550187555,5.5362612094636825
163.28525495529323,407.32673657985305,6.061813219194129,5.526814373528023
163.189574557191,407.69584075059686,6.07072456899238,5.51840381766506
162.82259103287458,408.521906249473,6.0748750777530285,5.508360034625263
161.98769242049661,409.699718042312,6.075624213889401,5.5094088162845996
161.64553141232648,410.241740822461,6.068242356984655,5.525934054904942
161.26367499468202,410.7778806989843,6.061024888023873,5.541805188089008
160.93723123974826,411.27172537100375,6.049288236723431,5.5547402724308075
160.58310326542477,411.80534672125475,6.053574466059885,5.55767914498611
159.7599158348618,411.9872350012608,6.054635096371455,5.559527969599426
159.94347398532233,412.2593501155885,6.05323610218728,5.563873701049304
159.38886663450467,413.4087244419686,6.0548373647584555,5.568801038136973
159.0046199375733,413.9649823538007,6.0577267422799945,5.575234585441583
159.4613374330531,413.0456240196552,6.060075968660562,5.582382819052203
158.27829862324708,414.9931791078706,6.065758480757432,5.583614376428879
158.54939429786333,414.35141348672346,6.073813346561735,5.583237783637334
157.25986250652824,414.99641393571727,6.083387442810452,5.5779816288603765
157.99249484863194,414.99789064844276,6.086926626684544,5.575028203409328
157.7157098547209,415.091788105197,6.089670829339256,5.570841884956783
156.49752181669362,417.2309185675293,6.098616598399843,5.563218279814039
156.0955078625826,417.7569979781709,6.102470369370579,5.5652728431798195
155.69358076871035,418.2786652993634,6.099530225633471,5.5727398297104
155.04924137894452,418.189481849778,6.101829719797606,5.56733825954293
154.8563036574114,419.25562101067055,6.114060128178697,5.557554128049119
154.76178084476385,419.2618057929985,6.119353044991947,5.545184563393304
154.6674776269621,419.2678514134177,6.124321618297798,5.53309332255483
153.62567098365898,420.7919250626745,6.1366854216361455,5.520746685341758
153.19862387154373,421.38302753099117,6.152587571989174,5.50715710623449
152.74983826642892,421.9261111951498,6.16898405257039,5.494296178546039
152.32673817729193,422.47084024178696,6.16698567410802,5.502723458084928
151.889838907187,422.9986261086487,6.168379235125559,5.509424579083021
151.48275056948006,423.52953500882,6.173803653179272,5.513511556346704
151.05964915579503,424.0654540595287,6.1767022128734075,5.520756313362693
150.60373256649373,424.6048024948606,6.178166653316836,5.52708527854743
149.21866470582006,424.42125041080305,6.184351783862145,5.5256627012224016
148.75493683482148,423.870385479979,6.190123891542089,5.5213722016897835
149.58212090287537,424.42440753532225,6.194976157339384,5.519475025606726
149.11562785011938,423.8749319931559,6.205947997846521,5.512008991933585
148.37268242958976,424.612324118935,6.216208102773219,5.512855476507916
148.09457017685054,425.0665613429096,6.218552757161716,5.527514113708708
147.9088906713309,425.52100292798576,6.220116999169634,5.543117866134683
147.99816589510263,424.96012572499814,6.226737630595159,5.553845798296299
146.70959157368085,428.0659496102013,6.225999009316632,5.564716503166135
146.22553970710658,428.5864945788371,6.235126706041194,5.577906576809425
145.80579177559358,429.0906942848527,6.22978837226221,5.5835065381657945
145.39457578842013,429.56991043162003,6.2210721761389145,5.591762032171983
144.92716271113974,430.0629479993461,6.211516540296034,5.600510464726215
144.46910440433913,430.5331184672825,6.209208026347737,5.614071963726498
144.02467604400354,430.9947118366225,6.201750346921824,5.625183047682765
143.57745925706035,431.4727518368664,6.198692128353869,5.627363392823247
143.29781403808326,431.5635437419544,6.1994343064379915,5.631962335937288
142.64325444014548,431.46915743109366,6.204680155737712,5.634467336719354
142.6435583682976,431.7439810433614,6.204072299433517,5.643987706314886
142.26843265458083,432.5776649463204,6.208197743547218,5.655403362866384
141.9874230500636,432.667818977442,6.209883995257737,5.661872953064472
141.5171540660205,433.0356001904592,6.215886967957971,5.673938523338731
141.69919471934008,433.7835543259673,6.226191087487834,5.675571956998535
141.97763649366055,433.9709244280408,6.231445101586544,5.675590128011279
141.22192623630647,434.4421446308103,6.243175389877777,5.670456113982949
139.7102047819854,435.6620382350149,6.265625670273906,5.668975416023605
139.14363990979686,436.3212233673332,6.2714289322940475,5.665819380803564
138.57626753590063,436.22888124615366,6.278607648784875,5.662575951279044
139.23152209826188,436.22643198559916,6.284011480958551,5.667474472387959
138.8511520452472,436.2254634549801,6.292152553428119,5.669411533626111
139.0267303676923,436.7985170486408,6.317610420978377,5.653147883625989
137.1203045632061,438.235260531778,6.331022314387312,5.637077776327609
137.39598843910707,437.5850192339445,6.344838944786918,5.618796813524376
136.83129285146205,437.686081902043,6.344328376385987,5.6049884346090915
135.90764544339228,439.43688024685156,6.355921443836977,5.616794145597907
135.48536926070355,439.90896257846197,6.3350576400506196,5.631152091613371
135.0785353233433,440.36139141360474,6.313663204183554,5.644981529554978
134.67856931129438,440.79605938873095,6.313834137127065,5.647809886346535
133.83437357340264,442.30015769743767,6.307531622820534,5.652402584648623
133.64783771593335,442.2048476150608,6.304053806501866,5.654747983773646
133.3697953766737,442.2046487672479,6.295363955774232,5.655145679399551
132.90571833214733,442.20650927713524,6.282870674208638,5.651424659624762
132.34256007298612,442.4921981864602,6.281931914364551,5.643674480058113
132.24276593764114,443.2441218760855,6.29378261506531,5.641727660721489
131.86040513909316,443.43020990339824,6.3069415915960665,5.645332916378556
131.47830225010662,443.5230469473626,6.318536611898352,5.647811517867582
132.69504621466103,443.3371708230794,6.333889976947118,5.642818951948281
130.38600402117808,445.57116637614314,6.344375700860198,5.639890719262674
129.94332644051292,446.0595891170693,6.355662529802061,5.635830119026207
129.4977029810633,446.4918131218042,6.3669722030226,5.643461567976474
129.0365314534214,446.9322332200155,6.374858371286525,5.648583819331505
128.5826289830406,447.35915476411117,6.375187773414056,5.669864993092986
128.13835897750712,447.784319801849,6.374311785233283,5.683012095658993
127.71715011789617,448.158951059212,6.376759438002844,5.681862999628406
127.25397026062988,448.6511774367123,6.380983037087931,5.683708528107646
126.78377596221577,449.15111603714786,6.3857954611823375,5.6864650814517725
126.31235181126131,449.6562901654917,6.384042154130862,5.694766027098035
125.83527360329185,450.1682018802036,6.384721247800377,5.70472372978943
125.34837223727742,450.6951874925992,6.389996141608471,5.702311182128952
124.96659007354296,450.69543181982755,6.392148325005622,5.701822527672263
124.39449885645612,451.3562679770628,6.394058851066647,5.712800772666371
124.5848358578119,451.35430534899155,6.394552307891263,5.71672602880891
124.77519410443517,451.35238512500496,6.395144018094486,5.720566476782113
124.8656951890473,451.92583281438414,6.404866489826318,5.718018943760286
124.28801213771494,452.5037887682848,6.415222818467431,5.707116809982562
122.3275330771841,453.91496715575795,6.425578178411077,5.695618135148752
121.8454489033908,454.4061480478062,6.420145348082156,5.706409625076449
121.35277806030787,454.89672150367096,6.423339192668238,5.712857952574238
120.8849940599367,455.40770977465945,6.429279035240831,5.70950652244574
120.11613650174739,454.93368840285547,6.4383705929334125,5.702159541874927
119.92306998915241,455.5080285593921,6.442300522018098,5.700088517117573
118.77432950156944,456.4620799781977,6.446228737652724,5.703279645782393
118.90993560905756,457.2940316412659,6.445026061524501,5.712061873933273
118.38676377186398,457.8192036531036,6.4490045569522465,5.714597294738994
117.90675575654292,458.32669244524897,6.461285463450655,5.715765443714519
117.43472225282115,458.8117825556834,6.463919955423309,5.7182962885318
116.99212439437407,459.3001403409045,6.472212284120238,5.720720055144565
116.40793992778657,459.3993227996135,6.489040303875712,5.714278623296278
116.784627784852,459.5935201956488,6.503990189093442,5.710046630900021
115.56884056844571,460.68413518174214,6.524313555426352,5.716023374215832
115.460764077943,461.1671986389746,6.547810423299609,5.713177025411752
115.35082040843031,461.8447010834666,6.574723219558493,5.708993935792926
114.6653357647442,462.0435196781051,6.592422969142859,5.698005185883836
114.75481406387811,462.53134759063397,6.606888248328022,5.689458748091157
114.74982366483839,463.01873231138427,6.616869046407498,5.682231656945069
114.35757696669032,463.0202040208689,6.627175397860434,5.679288237975756
113.67477130956836,463.022530156408,6.6371750846981605,5.674635966897696
113.77259384884582,463.2177137536834,6.635268604963394,5.671745969987111
113.38032025012282,463.22097922417686,6.645164991494649,5.665215029000217
113.47471964780102,463.51350521136726,6.650076829500927,5.661294954707461
111.09002912346115,465.8072046538596,6.663768326779515,5.669356394921039
110.61828596697966,466.2850554304266,6.674315885389781,5.653608397768813
110.23263646185508,466.7239270754313,6.678568988824629,5.642071472456886
109.76366932446042,467.2382234271253,6.684884603286386,5.639541145321437
108.79186545399284,468.30478802306936,6.689384051516028,5.6394310754094015
108.69524738957652,467.81615444370755,6.6886417082924,5.646805873851776
108.5987466319038,467.3268872019829,6.687557496678816,5.654911722505711
108.11809515955342,468.0967681610463,6.677863211873436,5.668745371588677
108.319593423884,468.4792979482176,6.663411394195223,5.680775219211992
107.54729218103489,468.6674764341511,6.65407307727547,5.692903447999475
106.86625429183941,468.4665453279378,6.656096255958061,5.7061792033665535
107.05570173839148,469.9161174066269,6.66627689477366,5.72510153538637
106.85989882897505,469.22775453818923,6.6678846208174605,5.7368339474998935
106.46266979385116,469.5187806867082,6.6814935349501186,5.740418517548231
106.16595984003128,470.20216668648607,6.688472641398646,5.742008387438823
104.59418713270637,472.11994644869975,6.6896277136077655,5.744883708208995
104.10786595512238,472.59615502491243,6.702591224632368,5.745358250110097
103.64908055021387,473.0492206624475,6.7159323657265455,5.748168909589137
103.2227325351264,473.4812385016205,6.729184378927254,5.74207827382607
102.23162120078126,473.48787900640485,6.748967269869147,5.7287972642574365
101.23808701207598,473.59475782312796,6.7726759370313685,5.711375601836089
100.83158277282874,473.69959430134844,6.79999821289701,5.698124196052307
101.1150529051677,473.01499872453525,6.822946456093359,5.690908831305409
100.12225825375302,473.8029553207004,6.8398668092532615,5.689930798710629
100.11398658036275,473.2101864301553,6.856410156033812,5.692797848298058
100.19992408616129,474.0033322026745,6.881947961855442,5.685808842609424
99.49991537662909,474.30275824140097,6.898112960282505,5.680036374001103
100.28396876848824,474.2996058094143,6.9127961936254305,5.686341237974509
99.78553144471692,474.2943571693093,6.918788555830271,5.696838518184423
99.88446103838291,474.3876546714012,6.91936753580154,5.708681681303921
