511.3999938964844,150.0,14.399999618530273,5.75
510.4595920596497,149.4550928245342,14.351022154858638,5.839814350931582
510.4643053998055,149.56761201852885,14.341595474547026,5.925599067540141
510.4579256550339,149.8421933201041,14.35435496409023,6.000862833257027
509.8173031367296,150.2940583484777,14.38066517555105,6.038333895370575
507.94112612133796,149.95644784284303,14.355680153679652,6.083998397864124
507.88838287823756,151.0193039094112,14.461166639880437,6.164870895961283
507.7177513291182,151.13826666614284,14.484246892401615,6.245128228215496
507.39063913723476,151.26112970551424,14.49860007594112,6.319337749586454
506.43097775778017,152.18531393668832,14.48920282259614,6.399689299492406
504.7104841139134,152.46578468468616,14.38012563249063,6.484214072194751
505.6747394757624,151.30049437620596,14.387433978912469,6.556339107348673
504.25677865476615,151.42020003102468,14.30728451669906,6.640935698178543
504.1356116168355,151.85267100885736,14.225295270869225,6.748963707586737
502.86301323484565,152.6165413913654,14.170372234187674,6.846297817983903
502.883990627892,152.24348221990607,14.128417448094996,6.940599902998011
501.7681181938234,153.19725660390563,14.071632594195705,6.99464803960166
501.9396758041782,153.17065778011255,14.055556350430773,7.047845687187792
500.94798454879526,153.1592045865611,14.07259316473538,7.070752074290734
500.9357847306523,153.48365921296724,14.09699280102134,7.078582639839753
500.7758087293715,153.46461491316188,14.088082136060601,7.116671239450458
500.1347835063333,153.44349642853697,14.052570652142544,7.15890820870029
498.52374607765677,153.40278288967795,13.97865290650638,7.240335286418342
498.38060839928374,153.71050785472562,13.935010112121944,7.284721658583837
497.23199735108784,154.67677936201738,13.92194708151199,7.332423038573342
496.9288834260611,154.6412586980455,13.86683800925046,7.403464366517088
497.45590166000875,154.6032782234597,13.806031482215358,7.479425315688691
496.3447267912475,155.24831938521072,13.708009107184742,7.515269913645558
496.21406816992686,155.22622699610426,13.63867766095711,7.559454691858507
496.08070237558786,155.20669427529964,13.575030119749755,7.598520133467705
495.9573444091486,155.85731501158634,13.491641782104228,7.617695742990345
494.84451823603484,156.99337193106695,13.41291326402426,7.64996276833665
493.73003519292473,157.9581506292669,13.341817458219765,7.691886993672197
493.7553641380403,157.9399646435836,13.291159567988696,7.728258965038799
492.79438477679275,157.9238168559746,13.244497089016962,7.760554540256778
492.62724370849,157.4302459080591,13.250821492968706,7.76382323812682
492.14213491620086,157.40965345819447,13.23671825458119,7.805008137856104
491.8225193095775,157.38566959817538,13.218761353494159,7.8529758578942666
491.17834064038357,157.8502896727504,13.1905678942328,7.911148806981206
491.0158939662657,158.7963685941181,13.18576109997878,7.997191819184079
489.84367095462716,158.93214142550323,13.212656913953186,8.056724757742758
489.66766240660763,158.90342553778905,13.23219256447728,8.114156533171116
489.65055006973165,158.87771398586534,13.266417238229224,8.16557963701856
488.80538281137376,159.20436222371853,13.281184415246193,8.182510097191635
488.7963258022413,159.86646696813528,13.299298433511167,8.200773602190559
488.43646876692287,159.6932005393321,13.346621823051468,8.211111119248653
487.08807607226487,159.66662434593005,13.346807127329143,8.264263506052746
486.7420878148967,159.82349876320836,13.362842385145447,8.288485299956156
486.70067732325964,160.00794606252708,13.445663368419565,8.258207332310093
485.85358510563344,160.34848225958004,13.44312880997943,8.255822535681283
484.68226514024957,161.5114832058897,13.410907362131331,8.304682021677728
485.37353635670115,160.3085183708929,13.38678897662038,8.33336960873475
484.38529186482424,161.48321675318238,13.324913390377,8.362064842485927
483.37086122519537,161.46027970880687,13.31806932504473,8.407938931236945
483.3546814274851,161.11975791258956,13.350428920465202,8.409081738671242
482.6756691994014,162.12786075547254,13.346639840510527,8.435596357088395
482.8436296342458,162.10821100703743,13.35155972040628,8.474895853958614
481.6643277216301,162.2532900823794,13.319158727546519,8.526309820144828
480.8422019737816,162.56056891681055,13.253675726018809,8.595645950172443
481.0376005947829,162.87759834692508,13.20500190303706,8.645833927985127
480.8904992771273,162.85248697010974,13.156974586363503,8.696056681615783
479.71580700336455,162.99910995977666,13.109944313481831,8.745155676625796
479.5716896854695,163.83040785004525,13.055724416372836,8.794832560583876
478.55215117874906,163.9756822309883,13.040018855300868,8.846747561116585
477.70598214275,164.48161271998876,13.016915060930996,8.864151702936496
477.5501083870862,165.51223310428168,12.985633817843164,8.861083460842735
476.68694472219556,165.69869681026313,12.999428653748227,8.830662547655054
476.32131486638133,165.54547300920058,13.046267807401263,8.79489987079241
476.131323735265,166.74722380917026,13.083927536740632,8.787656001105958
475.5880344025825,165.3965928038968,13.142198921788859,8.746765264141358
474.53447577209926,166.27760395668622,13.191518757166294,8.69957414655336
473.6659355598379,166.46819828708362,13.213987175224602,8.661307887051407
473.84573608483026,167.3303613530856,13.197008722463616,8.650094741165931
473.508956400312,167.34206757859496,13.186206168844992,8.626682290147226
472.66572683151827,167.34587678846688,13.164521423809662,8.619063870403412
473.0266790864818,167.35438782670522,13.124969717827238,8.602041793926723
471.86917009715256,167.5222718815554,13.057893389445832,8.606572870946291
472.2483750139423,167.67676455950328,12.978218623357762,8.636955048796278
471.59849192878187,168.01351362419598,12.923281910523459,8.640808360988444
470.8081876300916,169.00147398205712,12.814322132839314,8.692369695343794
469.6715200177485,169.31676608311875,12.727752001535853,8.736044166360468
469.55366404328817,168.4399231233076,12.626915911430604,8.806989890853302
468.7511404605335,168.9118266459062,12.550967931563047,8.871779932882273
468.77031691162836,169.91384813339698,12.512615029373329,8.88445674823083
468.2814171895101,170.72663708256368,12.483168830695796,8.937621588087556
467.1189282377775,170.54129100829644,12.454900242349245,8.972135666363224
467.28145914698473,170.52263761210347,12.466155862075903,9.00944245874917
465.9253572004421,171.03371259540594,12.481548890166525,8.998596566517174
466.07074220182017,171.05287090052317,12.52793534505902,8.960279956282696
466.2185018883034,171.0697724073495,12.569645039099102,8.926476942630053
464.8680860267758,171.26710001601583,12.572044976791867,8.86912569846769
465.0347683363508,171.46491248270084,12.575075376647082,8.809895784102864
465.0389977206447,171.49086843726826,12.566616608059212,8.757983874968007
465.04349959658657,171.5147560757795,12.557612856175567,8.710208597945579
463.87264669256353,172.37839326421417,12.564444732576897,8.650701315108106
462.88367475483255,172.57157924507098,12.546353683149967,8.597001840875995
462.52824717251355,173.26567273649283,12.59418706842096,8.534858416766298
462.49936432200656,173.28836820879843,12.651952769434935,8.489467472155146
462.309066767991,173.492056319507,12.701229325158026,8.413409803046044
461.62875529393233,173.6806300850356,12.738670261964147,8.367057774816615
461.44115459465314,174.36718359845875,12.783285253787927,8.31629637490882
460.4525224202431,174.3789819637494,12.778089562473106,8.292699644327504
460.11569143279735,174.5449737793589,12.791874457768326,8.290654552906616
458.77785575043674,175.54318838241693,12.826656899902703,8.274892038730753
458.2816394076691,175.55073525438965,12.827981303389148,8.259798294785272
458.2648295827491,175.7292680528242,12.861600953229239,8.23286995244487
457.9418754597303,175.89495046850686,12.84712724614534,8.231696097640285
457.6199816511524,175.06751828213356,12.831005639689103,8.236787411357003
456.6446753216824,175.22896358126366,12.80282898162291,8.243695032597813
455.83323243419835,175.54562775228078,12.778257363312253,8.269349647875122
454.851959040433,177.02024757579815,12.763495266146048,8.286073327885848
455.0224629918834,176.50658735180988,12.752096525830126,8.324566288107757
455.0480820266432,176.6437235413918,12.700858456310439,8.38037391110947
454.07478982040493,177.61026642347045,12.6660011885772,8.428729827162119
454.09491961912556,177.6034132658409,12.625741591135917,8.442436142421169
453.2853933204812,177.93714851880566,12.594078379611833,8.435251960016839
453.6262591361857,177.1172228368355,12.571441865653236,8.427365530331056
452.1280266838418,178.38895666022182,12.517672382657402,8.449631266463802
451.6745117822943,178.64313870351242,12.381578370011212,8.509767826774695
451.2205184850492,178.89334540572466,12.255625047936698,8.560734384040309
448.8100096086642,181.65485811808568,12.178796201795205,8.588601771418057
449.6513583323049,181.97182462739715,12.125206628257342,8.606311902292532
449.00113798962474,181.16162301973753,12.124436415277415,8.600201494686454
449.17384045619093,181.8148456723592,12.104221872561515,8.59451775110939
448.837419019521,181.18061661110474,12.12748311620729,8.563812614230129
448.6607725678782,181.50609381924016,12.156139304456854,8.562131628031345
447.4966481253289,181.51592960210576,12.209091428734787,8.542460062300169
447.6299722243714,182.19640630095324,12.267961495822775,8.48357972529686
447.4278502592313,182.22820795601172,12.346770887618908,8.419976415179912
446.4209423371799,182.40124902865895,12.407163989729552,8.399464726884164
445.5749566904197,182.58767557862535,12.468433683738027,8.352751946853756
445.39524013272296,183.2511199427146,12.501579495810146,8.331012431960435
444.25295434989545,183.26551340297976,12.50117868542755,8.302225511430173
443.6124896693668,183.44507380558588,12.478347817700488,8.269044763414012
443.1479429009615,183.2948363267681,12.432305916027328,8.244474574888264
443.48557463988374,184.26155420760702,12.4049316648303,8.254706493152876
442.3492106597176,184.27220636480703,12.41173659904008,8.23340217875285
442.3498336661216,184.2827903021931,12.410490586232042,8.212234303980704
441.54260135000874,184.29159553964254,12.409552493033548,8.194623829081824
441.3877243004797,184.4646962099447,12.396533148304826,8.171195932264231
440.4424183417413,183.99319664504526,12.354017142455524,8.147631100400051
440.6211420182412,184.97599736436212,12.317727006269903,8.108972962651686
439.6641083251991,185.32683123701815,12.311982101549042,8.04724264760803
439.50897227963594,185.3500820933092,12.30339990117805,8.00074093502591
438.0872661352175,186.74983537633767,12.250155941405513,7.9783831798240845
437.5647995508828,187.05796107564186,12.218534023307447,7.952038772820407
437.061612069095,187.3867217278388,12.183267074066185,7.9239335549952
437.38242904250563,186.43846268887435,12.171368561749734,7.93124532940944
437.860549742139,186.60206705501113,12.159560627730126,7.9188477522181735
438.3382582455596,186.76530903956402,12.147425618746528,7.906791115731635
437.7231534452018,187.70534141112248,12.121458089168495,7.910992068055146
434.7794201277208,190.34389001637487,12.048154253210848,7.967215805215163
434.97536420939383,189.38695394149977,11.969826569793208,7.999725075395051
435.1642055453949,189.37895477908984,11.905067454462179,8.015723400214918
434.4142649973783,189.36709392249315,11.843874221836057,8.0394451134083
434.60225410452443,189.36342635357897,11.779582918171439,8.046780251236688
434.60455799573134,189.2193813153548,11.774975135757574,8.024030664121364
434.4362632974295,189.23366692926518,11.801171177313076,7.995459436300644
433.92655019093604,189.26787814120496,11.889654069003551,7.927037012421085
434.05370970655486,189.29061337312967,11.945845193787127,7.881566548571668
431.8491885444983,189.327570860577,12.00650991628977,7.807651573676998
431.02188212141533,190.87937550713994,12.07903571940542,7.734787170588976
430.5824646475317,191.0732293432837,12.11026997715878,7.688568820772776
429.96524295641404,191.07852681488092,12.105342428271722,7.677973877578374
430.11738416793133,190.47131727144134,12.110651727960274,7.654026073564845
429.3688336988137,191.6881859716004,12.061401196520006,7.6944510247276
429.0738442506369,191.3780656853698,12.03296058367762,7.696272087992883
428.32585540689564,192.45299190758047,11.984866258740368,7.70812046095945
428.4929301935503,192.4465597547582,11.959008721875785,7.7209847666039595
428.49812372231776,192.46423712001885,11.948621664340887,7.68563003608268
427.7210791571337,192.6388511630865,11.965843777174204,7.643775353454335
427.1026470102408,192.65738495597085,11.9749802338681,7.606707767685615
426.19444086552795,192.82243107005053,11.952699819536633,7.583064323485827
425.6582257502066,193.75065048971297,11.928098101284428,7.5767713725890165
425.3809870776037,192.22227926702686,11.872082599567262,7.581049583346973
426.1808985657588,193.11809721774853,11.794657574305159,7.616291223161144
425.75829210341016,193.10062603335334,11.728144853034141,7.651233591951547
424.09789040992365,194.4883847661005,11.710513912805695,7.60716239416745
423.36897496714477,195.53815646371322,11.655871099112174,7.625082177893898
423.6913640302767,195.53297705201513,11.615040426843803,7.6354410012900615
422.352569098589,195.67200158406496,11.578829986544088,7.65892530426545
421.31018687597646,195.9719486993683,11.553931743400163,7.661791841764087
421.3201715334354,196.27135320903815,11.533962428482205,7.665090715545422
420.57416114360836,196.12682011852687,11.521939843911667,7.653348223723078
421.0243055509183,197.0445521569242,11.522949209151198,7.620480506647261
421.78654328031905,197.05173237679762,11.497979912036536,7.606120066900418
419.80271604631304,197.0491426030026,11.475308588094162,7.576144463509071
419.3351545524233,197.2921638826432,11.427025146533307,7.578940957537732
418.83841205826917,197.5376854639091,11.384200934061788,7.5792591321892475
418.1189733274386,198.27466898454117,11.337425801173776,7.590944685474278
417.68107893445364,198.1320552576948,11.323350804619135,7.579550878325495
416.78886608499823,198.73745453956948,11.330454717339139,7.553633505369949
416.63656395055835,198.3064048574627,11.33916244506085,7.52804324610923
415.7470808600985,198.3185287978152,11.344516371528744,7.503795365404244
416.0409210238724,198.32872800231058,11.34739442367107,7.483396956413455
415.5877240939693,198.6296668527801,11.368839320117345,7.47148523104768
414.1148075182329,199.36789599487037,11.363605292681072,7.470560536321676
414.7059975637304,199.214720563922,11.361276140486403,7.481898663518359
413.65379182894435,200.40094196002212,11.399521909559526,7.470788100459865
412.90890041951207,200.10782269669107,11.411526153874426,7.465915197302094
412.02193815142687,201.28485765975083,11.411522498585743,7.477082859794607
411.4459332127292,200.97080541925862,11.380169569278074,7.51350593742749
410.13385028918304,201.98836058578078,11.340548120401245,7.550230167914833
410.4263924921736,202.27791916077206,11.347447175901564,7.563096479413726
409.68903312369093,201.81718213457867,11.340619403484006,7.595642626170758
409.55493966834706,202.24436984678763,11.312058986927365,7.631509183485994
408.9851715568363,202.07821327369342,11.263943592234586,7.666909425245841
409.0975506791733,203.27048357027343,11.335960555679335,7.656570497036339
409.37825950231706,202.24425119782381,11.369919943607215,7.6252156221815115
408.47167237176785,202.2515196396009,11.397018800068926,7.610678738627331
407.56485712308375,202.9974984564671,11.423576933536147,7.607948074812345
406.65364677578543,204.19187536626822,11.456801485975603,7.604789111419789
405.88477921174103,204.34025237412504,11.501305277549795,7.606681363009038
406.1661596026817,203.75451985470545,11.537237456564668,7.580760480055914
406.00157190042,204.06601503056586,11.566958165168838,7.556679520173641
405.2260517738096,205.1283310424092,11.620500278280327,7.5285448926399114
404.5985281272447,205.1418531178239,11.676213379135415,7.501500741810481
404.73646439647433,205.1597113395765,11.700557829804815,7.46578429830533
404.1282720732266,205.47473468666382,11.71700390948709,7.43570688753726
404.5605169709425,205.19523904788053,11.751697145608775,7.395242810734775
402.61026152288366,206.24841096395548,11.75781035879248,7.385882346318651
401.6968728519942,206.55697355698075,11.787566091895567,7.36776436316002
400.9552994496289,206.6972990622792,11.772490205562825,7.386757890775771
401.254578776256,206.69583250248994,11.773406905737897,7.389691010354306
399.17099058121914,207.73682328443698,11.74337583072027,7.406313179005829
398.8945949590451,207.71088803569515,11.696906935567222,7.458183676489502
399.5174250037703,207.6803075103406,11.650458445914587,7.519344727198559
398.6336095707927,208.1015719772763,11.617314902086331,7.57720299821892
398.95171261114325,208.22672416582535,11.582303318295367,7.627495869575843
398.9620884207497,207.4657258926557,11.561551699082433,7.644944864226574
397.91583347439746,208.3500200185979,11.547844162209767,7.681685837694021
397.630736489406,208.33312633803715,11.515451664572613,7.715473198815496
396.72779981745185,208.33758517521812,11.513119982912226,7.706555524453553
396.26241406403386,208.50094152355373,11.54033852594077,7.681027149051477
395.35862722896917,209.3998150772287,11.54089548638726,7.690296751384403
394.8988487181873,209.39585467804739,11.556456817918454,7.698217549747055
395.0282647801331,209.25853481012837,11.599322200958056,7.67115977865401
394.2327354081203,210.1668702807129,11.680921938116422,7.665839645725645
393.7415042837562,210.7763481972323,11.75429810027632,7.658998594777858
393.2496133946264,210.62635989317081,11.826032396984884,7.6549593757171275
393.3778340025188,211.53823744567396,11.874615379258934,7.66134945906375
393.2104333151487,211.5438854592568,11.903557701502837,7.6500534318980025
392.42319817893065,211.54522246686133,11.947507600337754,7.647379416688984
392.1028537263146,211.54389575965882,11.974761195497155,7.650032831094003
390.4022883146835,212.16834339455286,11.997021180860987,7.629817865996234
390.5558314760642,212.01707660601315,11.997100079120182,7.625186222055095
389.1614687110194,212.0226229987665,12.022025323429967,7.614093436548408
389.3090985598405,212.02913630042687,12.034041841867452,7.601066833227669
388.5455113145799,212.49674854950777,12.025026985375515,7.587555943273744
387.7959648813123,212.9550420849746,11.989735752684641,7.591599331875802
386.9020369101756,213.1000622264949,11.939091457234184,7.607975755122411
387.0621622103413,213.1030610773608,11.924773757630813,7.601978053390682
386.0108665313784,213.8458971508903,11.88803706568871,7.644397370522995
385.4005390225678,213.67364937788227,11.885583727468974,7.683115827578752
385.53921723321656,213.50924348737885,11.914614079140167,7.705540835616855
385.51944099558045,214.4282530617463,11.954166554412431,7.710698806385472
384.5968487302574,214.41060542896062,11.952100526172872,7.745994071956812
383.34726456323887,214.7063225184441,11.98380336805602,7.771426266028438
383.48287766332845,214.55216238089923,12.021909985662134,7.770413723332871
382.2226894528866,215.01126863658268,12.063188819943488,7.781862806941864
381.42016723345955,216.0966623944604,12.114748347502172,7.785954166999823
381.38075332499164,216.09309570952468,12.193576164437967,7.793087536871287
380.721005506223,216.07278320339637,12.26172144559903,7.833712549127899
380.8497798723407,216.20111619071938,12.318709692903967,7.891583554022374
379.53901141413877,215.8519594362804,12.409386064472033,7.957181926691383
379.6776143947012,215.98998271135048,12.450991819707475,7.99994709291142
379.6488649192144,215.98663913980585,12.50849077068108,8.006634236000725
378.98942271699474,217.09901369293217,12.542886060299454,8.029741080684811
378.3261634040397,217.09051499986774,12.581310635716804,8.046738466813672
377.66136065909353,217.08167640001585,12.619384242880287,8.064415666517426
377.6383343681122,217.39986818259953,12.665436824842903,8.075529144866
376.8183313113224,217.8811976413403,12.682324157295009,8.08674149606094
376.8370894300135,217.6950621549165,12.64480791991292,8.133948438868828
376.5017159801233,217.67490347036102,12.664972587383048,8.174265807979834
375.35247208259756,218.79255946863475,12.679595090001865,8.222819103865167
374.5515605570401,218.91780809465706,12.644938494480655,8.299617781147749
374.6993395170188,218.07649232160196,12.677436672488112,8.34196883743403
373.20181931031743,218.70425349349924,12.7092338369486,8.403443493169336
373.49809607927074,219.03187484255284,12.778180246205606,8.40970074222576
373.30673908555923,219.01064461266174,12.829004554852617,8.452161202007956
371.7881505249769,219.8212507939915,12.865943813724904,8.497747651733032
371.7859769854643,219.781965797088,12.870290892750122,8.576317645540094
371.93465683943157,220.11838937661216,12.908976416114177,8.575560949088912
371.7669475217382,220.79158260576497,12.907780842026733,8.57563132868074
371.6032507104967,220.44849437755113,12.898577055102564,8.588612966294129
370.60502088830043,220.6246087743336,12.874987526841283,8.573059034838131
370.4701357120242,220.96598709257165,12.808696195624638,8.562425765900345
369.51872415820714,221.79649793810623,12.702190361364119,8.575844859743388
369.73607928134214,221.6237667379561,12.600988363149806,8.587799011988087
368.6385783101184,222.26769215134092,12.470715936312079,8.628676396238507
369.3612707468173,222.24166684162395,12.348906468326794,8.680727015672465
369.2568787193699,221.89568119207252,12.22777711894132,8.712871506214803
368.66066933886333,222.04092724768995,12.105753623544347,8.750989959082451
368.69968787870374,222.51769439988485,12.027716543863523,8.779621795735702
366.6096261039082,223.03178865985706,12.133788942626854,8.778410602500088
368.75511978771914,222.53228972847555,12.110239775476073,8.792615034385182
366.4177179559422,223.83437134446459,12.191074467257256,8.813576929134376
364.0416859016901,223.0510209101654,12.327183220142633,8.731722313583184
364.78064944023964,224.02697201227798,12.45519641408585,8.66705221258903
364.26291730414107,224.32188419277406,12.540285168241583,8.58691008683507
363.76971694932075,224.58344478563166,12.633153220737526,8.536192664845261
363.3954747234104,224.84021401734162,12.538665209437738,8.560341175776793
359.6339965112753,225.99075300325367,12.453500362243279,8.574778373528908
359.3646934809958,226.79843810829456,12.332621141480264,8.608121366752208
358.22839459133314,226.80229760741935,12.305936784789738,8.600402368502628
357.7290619570695,226.98218992668623,12.320787292571582,8.568555983550652
358.0470475914619,227.16106678385307,12.340089213001825,8.538438863824467
356.8652239029072,227.66079057065087,12.411724885144594,8.521282020928883
356.82343155080235,227.9866468406674,12.49530958935425,8.526023971657452
356.61511357943976,227.82048169453333,12.582379580692884,8.52878831253896
357.2102906356869,227.00117371388382,12.715719990788134,8.512786120601191
356.80717805251976,227.32502386305396,12.856614917840231,8.530416061542942
355.87862499971976,227.67496474919875,13.03833826040595,8.500687394467088
355.4631212224873,227.84815068030537,13.194725394869522,8.491625742254541
354.89252024292574,228.01216247039113,13.31741651070027,8.503105776513777
354.3132271757007,228.01550406868915,13.45140381823735,8.496422579917734
352.9038865670405,228.52103153482275,13.52267748843014,8.515645477823401
353.0722017355408,229.7078186539483,13.530860752253815,8.55576644534133
353.0750100916142,229.689178145347,13.52524404010693,8.593047462543911
352.22266797310175,229.84212640039615,13.499189563196046,8.63329869523275
352.2470371517764,229.64391008023455,13.450451205846758,8.683300480032353
351.5267968734113,230.8287496386829,13.504787873045283,8.73937316981608
350.1351049887326,230.0909049842053,13.501881281784312,8.8219172984621
350.124748485237,230.0642656731171,13.522594288775675,8.875195920638506
349.2592436068179,230.022258571654,13.49951539063398,8.959210123564707
348.8820116514388,229.99188137391107,13.550240839200205,9.019964519050587
347.97849776161564,230.15137363216516,13.589059685742805,9.054621789163132
347.7555443392508,231.22512912955466,13.68016508324528,9.035919477747697
346.28327449783325,231.38976439882472,13.777827935272633,9.062508543058543
346.4202023108096,232.27093993693313,13.861741248685817,9.089002163671314
346.0229806010604,232.25648247692303,13.937244780275009,9.117917083691534
345.99683126278967,232.4098126879055,13.989543456816516,9.172341547764681
345.42983759621234,232.76464111571048,14.035201204189466,9.188237749342482
344.85776898221496,232.58743421111015,14.088158514128748,9.178924919191328
345.0409893596017,231.83295367582627,14.086083795693833,9.230421844404502
344.1568714234547,232.53617545392171,14.028354138517429,9.284750711790002
343.95518340922575,232.666449956492,14.06649959657295,9.389432277051787
342.8404433112506,233.33706418805897,14.090713716556419,9.518381197895756
341.86163547582356,233.49662357575747,14.198081769597929,9.569311946061248
341.07524276761103,233.63094503728806,14.280823595226813,9.67317992069909
339.9677111839931,233.56739744805913,14.243008755616376,9.800275099156995
339.7996036027997,233.89017460494196,14.202208996271235,9.908750628855218
340.000565309079,234.40570414880176,14.178477741440748,10.012268014319655
338.67297473546927,234.35177066508726,14.176867966682256,10.120134981748656
338.6739870613591,234.87621745291102,14.174843314902496,10.215124336813568
337.8918759150573,234.8591713219508,14.207759961364692,10.249216598734021
337.2861610823487,234.845406772743,14.26753190855771,10.276745697149615
337.27230290940054,235.40170858733833,14.295248254453956,10.319875896941229
337.07823508981943,235.20083124529927,14.297010043764734,10.335256731167867
336.30456242586035,235.78412376964576,14.29774191952701,10.328631771591867
335.53546750164475,235.95939371686052,14.289709456444076,10.364647455040902
334.92684030783306,235.95930972547026,14.345887200467349,10.364815437821381
334.5136188956819,236.7366551546862,14.39656940276204,10.361645823405118
335.0738345273904,236.55117416261874,14.441927760327207,10.344011267212652
332.50847908696124,237.722469750995,14.515719692317798,10.335382682245156
332.71946998108575,237.87857854427764,14.483707144388022,10.413134335999203
332.7032269890628,237.07228150349366,14.516193128434033,10.462672610598585
332.1110528820744,237.4322826462695,14.524328493299222,10.526812224454652
330.54747702186415,238.36323227597254,14.505492706057241,10.631155157337636
330.93671498486367,238.31192993852963,14.516367716938724,10.7337598322234
330.14307347422294,238.25683736062868,14.51755965230631,10.843944988025335
329.51171179588357,238.41953958887035,14.585248278860465,10.91688544158347
328.3043375491449,238.7941010684118,14.596586826713393,10.968899131041987
328.28058157981485,238.98017932230627,14.644098765373526,10.9983341136434
327.28968170208475,239.33324489587977,14.611917590209012,11.09779533874634
327.4688761253694,239.68536124851295,14.65745948144312,11.20142410908667
327.24780695806396,239.45605438646095,14.693281569256994,11.253721586393723
326.42629803752845,239.41111291744085,14.705436638957327,11.34360452443396
326.24773190570136,239.55731292933723,14.65320274901177,11.460570654240797
325.4097830294842,239.53487230571426,14.687214711464055,11.505451901486715
324.3491930344764,240.3292469543191,14.749787712331264,11.563588195595718
323.9014276967619,240.72394753398476,14.818070959701508,11.601434464323098
322.8075618143327,240.68385047549185,14.929384940379645,11.681628581308921
322.1368383360099,240.63254701851972,15.015961635998462,11.7842354952532
322.0916071083911,241.009304260381,15.106424091235972,11.873286057222082
321.6451078160329,242.04337360561874,15.15119477522352,11.92571711856851
320.57544522317966,241.16651417706703,15.162264785386029,11.976831835236698
320.55917552691716,241.5586272962006,15.194804177911017,12.045907023959614
320.5889824785197,241.74701525404336,15.135190274705948,12.09740155615689
319.99012349918235,241.92551175585783,15.04833181918995,12.168600690591518
318.7035026102869,242.77839560304614,15.053496210869103,12.174884586956146
319.14134653166093,242.74573143335257,15.034196178341235,12.240212926343242
317.86004660499543,242.9359339932792,15.023069221045816,12.288762274927718
318.08274075228024,243.55855005121768,15.007249306082166,12.332235297868646
316.98907251774887,243.5533025334374,15.044448127130218,12.342730333429175
316.3088223155421,243.56333751825392,15.112640990479527,12.32266036379615
316.2619011278346,243.784117879115,15.20648336589453,12.31259276305532
315.1485200007528,244.864035041222,15.269386579745522,12.316617479153987
314.8937815812867,244.862493792347,15.345060770343736,12.319699976903944
314.6408670300432,244.8582852720365,15.41587611073991,12.328117017524935
313.94353901958635,244.87666925369635,15.501823308514766,12.291349054205295
314.08472997311816,245.12212217710464,15.656398522359922,12.23740032829748
314.01209034317657,245.3653030514433,15.801677782243175,12.189485278782414
313.50290398755936,245.60919666734162,15.940276188307552,12.141585199570804
311.0433716325221,246.28446789911467,16.10380188981551,12.040871365023444
310.3304185370982,246.33323392082985,16.20350670004693,11.943339321593125
310.53658330136454,246.35999187062384,16.233163479498472,11.889823422005131
309.8754879562424,246.59846413501492,16.230676397347352,11.854438150688102
308.79277281446446,247.94223668034522,16.191402246406607,11.812538381423481
308.6024105157439,247.72795272543308,16.132469816081116,11.801449263481093
307.9955076193943,247.7044601082107,16.030534447300166,11.848434497925865
307.1419207005796,247.69128869762866,15.986499516720965,11.87477731908996
306.47869965328266,247.9136873322545,16.000249179444403,11.86754419379511
306.05671201187437,249.19054034480234,15.968914874489966,11.939766932012285
305.605090005316,248.51254138646428,15.995438372805356,11.980684076486314
305.62074467358235,248.7225850177528,15.964129036272604,12.000030067709368
304.3343551926365,249.78438039844755,15.90127064967801,12.072803763391743
303.4681595578057,249.98523624284547,15.875645971168176,12.110596061638809
303.49993496657726,249.53885138051675,15.812095153625046,12.123905779775207
302.6787015250847,250.3839001979665,15.698652188306033,12.18971799317978
302.6999876015064,250.56583380502857,15.656080035462665,12.264167761747625
302.517482042648,250.7502868930252,15.58221412057659,12.334138618357203
301.2241685103289,251.1701234576385,15.535542912126367,12.372231580160038
302.0847253731071,250.98179535068053,15.569573676112505,12.31010167169032
301.19699398031673,251.00532498181943,15.591839572753464,12.263042409412567
300.3141632471774,251.2211964020541,15.605997950068275,12.269175341184251
299.4285877731726,251.4282813926142,15.624380468059652,12.29319746756862
298.0556688110305,252.34735972625444,15.737035886193036,12.210495804388582
298.4483827378087,252.60555573894348,15.830091559274774,12.133345542329577
297.753469163356,252.85482116854774,15.9017006685983,12.074220696315042
298.15813849027063,253.09811701977836,15.971429363039956,12.02716266798934
295.9409716523724,252.90056734789815,16.007487414800316,11.982434449346174
296.13146144954277,253.36067120123877,16.066153110925704,11.941517323597203
294.81215904885596,253.37495772017013,16.06554794352719,11.912944285734515
294.5965727471325,253.38693917546578,16.05732930256034,11.888981375143198
293.70809266199734,253.6228830343837,16.078794305910165,11.855967449037433
293.94107790584326,253.61814043915874,16.05148292396934,11.865452639487362
292.87716679804987,253.80672145117214,15.987307877083236,11.926690067955104
291.81176783857063,254.65036183106133,15.925974824031218,11.993114085785109
292.04000251409036,254.43175636450266,15.908084242014747,11.991746249879457
290.95599155790813,255.06386849890825,15.884686632305348,12.042373694312632
290.98349138071234,254.80885622520265,15.829686986696933,12.113643880634173
290.35283387873295,255.871559770899,15.773766233093276,12.183629718512197
288.8449035384507,256.50117287707315,15.714068528020249,12.242499957151491
289.08283300344016,256.5057487480793,15.677621097903662,12.23334821513916
289.0931194514587,256.5183840833682,15.65704820186659,12.208077544561458
288.69747072074904,256.92708021276854,15.572386196895025,12.2666447521516
287.4179420291718,256.9276167210084,15.505624352234438,12.26557173567185
287.0002573853837,256.9025616394791,15.467799816497077,12.315681898730578
286.3766197997339,257.96542562656253,15.404583165986875,12.374106960913323
285.29014766080604,257.964640682829,15.393485423238424,12.375676848380369
285.9497774403403,257.9613050045299,15.384216588262447,12.38234820497855
284.62969226386554,258.16766482993836,15.404610410978414,12.406257975867216
283.0971586068451,258.83883961594506,15.408370304846802,12.375897298213467
283.5192955176255,258.83345336090696,15.437887503897361,12.386669808289646
282.202802397408,258.82657476305826,15.44573658686199,12.400427003987023
282.662375737337,258.81009547162444,15.402322263455385,12.433385586854687
281.1526160869069,259.2009743476294,15.357704933061468,12.52709544377448
281.16383839966176,259.8113575963094,15.33526030755177,12.622023120691491
280.7416278341332,259.76049133249415,15.300174374690048,12.723755648321948
279.4311119947303,259.9470259011271,15.276074774277493,12.79154172425903
278.3323744827004,260.56501021607926,15.265666979393067,12.880302785721408
278.5145387938752,260.53411929857,15.344183845714191,12.942084620739921
278.031453712772,260.9681672548258,15.420251382128722,12.964091334020104
276.6468673243078,261.8645095211627,15.509950475574621,12.957722590334667
276.57772686790213,261.88275967116624,15.64823138838602,12.921222290327648
276.28167552967534,262.1234912591609,15.790934098713329,12.889159080464413
274.41807243445174,262.13046056722345,15.909526690334339,12.875220464339387
274.3699197855022,262.1405239889551,16.005831988233503,12.855093620875987
274.5720006664331,262.133661267456,16.055495390035006,12.868819063874325
274.56289574908635,262.5687554131245,16.0737052247285,12.908249526201702
273.1770626511519,262.56285697705795,16.11100555029671,12.9200463983349
272.705082624003,262.5560217311279,16.141983656327447,12.933716890194958
272.6505183213431,263.0340916518975,16.25111226164721,12.891952357584174
272.6016891018074,263.51008878563215,16.348770700718685,12.856324244131077
271.6676626553631,263.7283373062115,16.38042401273723,12.878927098189948
271.61336010036905,263.93611273914456,16.4890291227252,12.92332781772636
270.68271512089007,264.1171988484304,16.500979060056107,13.02349060456135
270.22990959649115,264.07402052822727,16.478299511942446,13.109847244967696
270.46097901313146,264.03541853871263,16.48136025079135,13.187051223996912
268.6501849953347,264.461512056791,16.37096061171856,13.267861106506764
268.91453467425924,264.9090413058492,16.308374374456076,13.305028849563385
267.7846181310101,265.1326183650867,16.23944333620777,13.323627556037597
266.4426420177528,265.56635580389144,16.133433308790842,13.38614009640532
266.45921659925784,266.0240061118654,16.100284145780787,13.399582656842453
264.8402089954383,269.03254943066827,16.089754282393905,13.41550829399933
264.3890131058916,269.93186279932377,16.0638012093583,13.473571260946112
264.6637377524382,267.35194086594464,15.979060035648907,13.521625814482364
263.5182917041506,267.8192487730717,15.949079185201237,13.515359179037354
264.23908527002504,266.895605956297,15.898325120597615,13.50820072305957
262.9024393904038,267.5771172608907,15.795342939856482,13.53331508386397
261.7790889672847,268.05650039545094,15.734418430482402,13.49759895698839
261.60134515133825,268.06961218053306,15.629896385011895,13.471375386824157
260.93620474573936,268.346332795919,15.586259780815283,13.375906627850483
260.6940865920679,268.43206796391445,15.61473116951918,13.204436291859514
259.52119261057385,268.5476226901823,15.69327832389619,12.973326839323768
259.6822224469846,269.3536984913725,15.82215294411452,12.713978116063371
258.04561587582936,269.4647966631176,15.954319299114529,12.491781772573031
258.6947641135048,269.5324003180143,15.997441807910143,12.356574462779674
257.0844101004099,270.078302440147,16.09895902729138,12.155967591888166
256.8296764339549,271.04666974103907,16.164551370359824,11.99473294947016
256.8257026806043,270.8708676209801,16.172498877061003,11.904101046787833
256.59297039605934,271.37688519156205,16.197091501037285,11.77380979585099
255.25651301917165,271.656297647271,16.23536111700202,11.654092407401512
253.75769605900297,271.9142835812467,16.168954328822878,11.575840640666744
254.0059058161581,271.95727052535784,16.107961328270864,11.489866752444499
252.93292625928882,271.9984060692838,16.088482483144837,11.407595664592561
251.90505232008468,273.48725609345496,15.987042269735777,11.4499589447946
251.09551369173482,273.9081155545167,15.883722248612486,11.46943866158259
250.056512649299,274.0926060499213,15.814955220163801,11.52981149343747
250.10032007710979,274.0650295575252,15.727340364542297,11.584964478229768
249.50803950712992,275.7056810971143,15.625271950824306,11.734673542191937
248.866343418151,275.46963028761,15.619339613823243,11.777000322880786
247.7937727413992,275.0723233968457,15.612599403267717,11.710861478785812
247.59297199045864,274.87278973087024,15.585008357008709,11.680736262596529
247.60382995996582,275.1217033371383,15.563292417994335,11.611188918238858
246.76236304165403,275.7841850480515,15.538979662613668,11.566660440415756
246.54012009182543,276.04407790209024,15.557752578535476,11.472587716073534
245.05695348844847,275.44729894951126,15.552882913577992,11.392772961926674
245.26959242696876,274.85322805123053,15.550679864393638,11.311690274919437
243.6034939109482,275.32366514537046,15.509192058363071,11.214237296157567
243.61422454777534,275.98458548578657,15.48773078470876,11.150837780459513
243.63223526512823,275.1782843353764,15.451709350003018,11.090988845380352
243.27340265491642,276.4228509853189,15.336209425850608,11.10135097922344
241.86053418287935,276.64065579407236,15.25693206904322,11.080743404699716
241.89199561560062,277.0732717534423,15.194009203600658,11.04243341391208
241.90618332468944,276.4767687596637,15.165633785423069,10.999808042511813
240.24825218685987,278.14588776602073,15.195523851431085,10.947542239448879
240.24442296890447,278.18191986236087,15.203182287341843,10.875478046768684
240.06175254533218,278.2063408756506,15.159251740819158,10.826636020189245
238.81694977274506,278.2554852110361,15.20204467760517,10.728347349418149
238.57470084806224,278.5238844468339,15.27971209272724,10.59837931206622
237.17696004626717,279.5568896474617,15.234183872671284,10.561661641986454
236.41598882179488,279.9558108885714,15.137869112199892,10.572947764474957
236.25335531980517,279.96046336860445,15.059839982086018,10.563642804408925
235.11741939066644,279.9416941401807,14.919931730875113,10.601181261256393
233.96094879900286,280.1574664163766,14.830076526796043,10.570102773432263
235.01173539254455,280.56807285094203,14.721472978986505,10.546077760011064
233.879584218488,280.586849938904,14.606453459910027,10.508523584087154
232.5584879444792,281.0013640124548,14.489294869869637,10.467881476430705
232.62625845906356,281.0012035217136,14.35375384070091,10.468202457913076
232.28987069847946,280.84053380241755,14.2471337556963,10.399844093418814
231.9527227335692,281.04918122358896,14.147514883561664,10.369506652053536
231.01946001963594,281.64657227904866,14.089304833116955,10.329565828120955
230.10433585630506,281.47867853063354,14.002513559971367,10.281945404989726
229.76612370028712,281.500568727311,13.916320497946424,10.238165011634807
229.58096411590068,282.1237829187125,13.907358221610178,10.12958096415924
228.45838809031576,281.97976983653103,13.888326912643736,10.040243235166116
228.28154591973808,282.7931004815077,13.866403524674654,9.916012861710733
228.11464113512278,282.82714933506315,13.826980783026281,9.84791515459981
227.92111413726087,282.69965100041105,13.842520572640002,9.731397617793947
226.80546285925337,282.76970720944263,13.854850368151986,9.591285199730832
226.62095387987947,282.8368651304138,13.856167210670353,9.45696935778841
225.35465554524288,282.90264184132315,13.830276191918959,9.32541593596978
225.3506785389967,284.0489015964978,13.838230204411316,9.21045999569227
225.35405426142827,284.10242191260505,13.831478759548164,9.103419363477773
224.29127308899314,284.494759571445,13.801507011382194,9.03725541014328
224.1456413276078,284.3524384591824,13.735066713629443,8.96419381414514
222.7188762157803,285.4086046049629,13.74468244219391,8.98479739390196
222.5362749346678,285.3980875559218,13.753908031869951,9.005831491984221
222.5241201482926,285.56673908847614,13.778217604620325,9.024994324454054
221.63797108475913,285.53888931221854,13.764765703141293,9.080693876969232
221.2558942177148,285.5399135324135,13.813168449331483,9.078645436579361
220.352774683609,285.5372082447769,13.826566206262282,9.084056011852587
220.52133435122678,285.533089284074,13.848306383875693,9.092293933258398
219.58791073448833,285.70941380081825,13.91853816675333,9.098967989889609
218.69243967318747,286.22597118664527,13.90703823600452,9.147318450245823
218.46255068038266,287.321886577874,14.005695066272088,9.122214599840376
217.35267741861296,287.3446778481479,14.052340374446072,9.076632059292624
216.4489154303469,287.36125682703005,14.049251683583446,9.043474101528272
216.42418060167162,287.37267280362266,14.098721340933986,9.020642148343077
215.87669865637457,287.58306850587763,14.108038713317745,8.961732916570025
215.5311242812673,286.8661857344278,14.077114375806357,8.951352284017766
214.26464555893756,287.78502142140974,14.087270894933276,8.915681571148514
213.3765369761662,287.6158494369096,14.06371215643925,8.894070359341423
212.32338306431515,287.63168803172505,14.014573772951199,8.862393169710538
212.3406829682334,287.64900057839753,13.979973965114713,8.82776807636565
211.8257220284761,288.04251397570437,13.939260029211908,8.75449849203017
210.96841727740764,288.77208127488825,13.878656592870032,8.715534244445497
211.1605273264423,288.7939330256859,13.84792034771748,8.67183074285024
210.95732424704843,289.19673016056737,13.902034484010832,8.57082051807607
209.52895928733128,289.4090825795546,13.947525959686875,8.49752048557137
209.17017666252985,288.91123382151915,13.96338997726711,8.440666153608479
208.9465608168432,289.99329860698526,14.060492028599327,8.37731442292322
208.1987884032712,290.0226407663431,14.154011934399767,8.31863010420752
208.02456827466125,290.0404696354803,14.151547770433744,8.282972365933114
207.8280259877943,290.05769043298994,14.194367783543775,8.248530770913769
206.45515714224896,290.2355306866163,14.137570424371052,8.243167144944
205.41008193709482,291.1521686927688,14.131421162228111,8.156807526348413
205.40105882037508,290.65479989635236,14.14946739566758,8.108058850277672
204.70875370063888,291.20466709981037,14.14500081582322,8.050132057849181
204.88406210780647,291.06367689803625,14.14060334287167,7.985893120013748
204.7182832072839,291.0917862620524,14.127098906800889,7.929674391981473
203.53520341738928,291.1079691295946,14.085917413529582,7.897308656897032
203.39053960710498,291.11204251253537,14.032499155711333,7.889161891015492
202.19886403635974,291.2624135572906,14.02312983548282,7.9302370103221325
201.03180753036287,291.58146553420966,13.960601236759226,7.976887802403242
200.87999981882058,292.0855099189388,13.921972325330074,7.995532036486104
200.745957749862,292.2354184440877,13.84806798066189,8.0377034687736
199.9154578739308,292.399155154816,13.80102889679109,8.051837814463685
199.57148950232698,293.57077189278704,13.806667216165607,8.09664882193734
199.2549295335089,293.2097066578746,13.755804494513967,8.134796632474467
198.0904766224297,293.0182276351092,13.69154446355757,8.175873841846094
198.59598991108112,292.99154461645094,13.705375402295553,8.229239879162602
197.60388699609285,293.13079555462593,13.633230079008246,8.293463195023234
197.60948869306534,293.2829759672375,13.622026685063268,8.331835256777522
197.09601124050027,293.7712464476833,13.619346952450904,8.384928933628364
196.1920138201446,294.98759175518836,13.707020939515319,8.360687513723967
194.9662219618844,294.1326205876836,13.74385782427078,8.345810683187056
195.81360833602136,294.47260883120543,13.7753967699911,8.356358873741232
194.7831053532893,295.1454049269319,13.760944090896457,8.39440577866081
193.60669164110558,295.46351286294356,13.689427656198754,8.450859580656127
193.25327229875623,296.1518942510872,13.703831524014747,8.458966438134278
193.07874961538974,295.9792938674185,13.706308382997058,8.457598697721025
192.9188464599418,295.8021134683713,13.67953220465407,8.465377006576432
191.692842779612,295.8216358283732,13.707344692641152,8.426332286572652
191.5138053037068,295.829093913614,13.7193470643932,8.411416116091099
190.46897151067256,296.01421918844864,13.733009693584146,8.38716639256803
190.47951513538808,296.0246759122952,13.711922444153108,8.366252944874928
190.2854303858059,296.0354920363888,13.754961416716608,8.34462069668767
188.85397445694474,296.2394512096435,13.854611582310543,8.282110061694322
188.9999389155525,296.59919070129416,13.908520068602165,8.254305885407284
188.77244491302642,296.8023877747807,14.017338428873853,8.19408138321459
187.68796172270595,297.0058204275973,14.10569808258737,8.1339838654026
187.3299655327764,296.51977225008795,14.127569745857343,8.064899145537634
186.62664644958957,296.7370170853322,14.149359751252447,7.976621515293848
186.2842260127984,297.1111590247855,14.144132470170481,7.918405791051556
185.75221567857483,296.95677678625896,14.176255508397137,7.8832043913644325
185.76773620359646,297.48978448136603,14.14521445835388,7.848711791187967
184.932320403254,297.3284389387866,14.102074656435107,7.828608595826131
184.59039400491753,297.34445882373564,14.102299058208628,7.796568825927977
183.91978221611012,297.36318359478224,14.078438273529871,7.759119283834809
182.89759187984575,297.89946378332286,14.081140442852874,7.707398158356484
182.07963995484673,297.89258178675686,14.019861858817713,7.721162151488446
182.23850963588114,297.91494306356975,14.040889602906272,7.676439597862649
181.4085451068431,298.1129298869687,14.009250193841634,7.618779644493006
181.56360467588306,298.3006789082957,14.035992509798362,7.580143055875555
180.26845715752563,298.78709925868156,13.933529785202465,7.617086515595339
179.98590114309667,298.5789806704638,13.827210534555764,7.6976080522786425
179.86196883623103,299.3955978853477,13.739555286479801,7.741972931547232
178.75267508892568,299.53119840625754,13.613287755320076,7.805751179123211
177.77400242950864,299.84111824929386,13.565471348266282,7.8542987350132645
177.10352714558448,299.4878299972537,13.56918917056351,7.89225886631805
177.09686750746397,300.1471640569765,13.582508446804502,7.913616821716431
176.60683609256938,300.1508560787206,13.55587365279465,7.906232778228283
176.6408830529246,300.3180826172703,13.487779732084213,7.906825280409689
176.6608631726706,300.8361498059996,13.44781949259227,7.87282530370096
175.50943040746333,300.85371580491415,13.420551662990292,7.83769330587184
174.7074723921535,301.0395460585599,13.365083741249023,7.797909589052496
174.89170142440736,301.2289615723091,13.327005689551616,7.749458574364391
174.78034472425287,300.23640474427566,13.220724624440555,7.760605437910985
174.34802549993353,300.3968513081884,13.102546245705415,7.767317919210128
174.5720679032883,300.56064217506173,12.980424793698251,7.765699540165817
173.98609988655224,301.6953216104188,12.855880439722482,7.76518134748561
174.05494095936328,301.04737109880904,12.71819829410036,7.772051384823099
174.1121773499045,301.053413534809,12.603725513017956,7.7599665128231194
173.00891292230025,301.4124553496037,12.581370530076295,7.678706836990821
170.59428756519756,302.5617691121095,12.659936199567955,7.597065666178995
170.88935386771772,303.2251557303517,12.702818016016808,7.536321272673055
170.08817559690957,304.1895571322946,12.72457579894455,7.504236979213339
169.277910818264,304.19377212525944,12.765600795154668,7.495806993283685
169.90290227728494,304.1864204201815,12.78108871263274,7.510510403439689
168.7996179702769,304.337244131402,12.769732388142971,7.525709400785162
167.85285799867125,303.7055066640845,12.77875680949286,7.532489343905152
167.37231038027605,303.88478178180304,12.66647112899092,7.611836029529727
166.14400726423588,305.9424893565756,12.58824914241925,7.615516735294107
164.94226932122277,305.93127400450715,12.46571677755481,7.637947439431006
165.7017347201142,304.8480614142543,12.363232330297134,7.653818426344714
164.80058642377045,305.95504347771583,12.287286066379732,7.631137632127331
164.99553148797216,306.1184063237634,12.208921964206882,7.615937966262768
163.94692361026742,306.5964955539887,12.13543231472689,7.590061822193475
163.3537472066049,306.60384734127547,12.087509071453782,7.575358247619863
163.8356579959582,306.6089436808533,12.04650685712165,7.565165568464168
162.6124693124689,306.93015159290115,12.038301353497157,7.536395462019339
161.693097319676,306.92778385672153,12.039737224984782,7.541130934378583
161.69917134531443,306.91885067790844,12.027589173707947,7.558997292004677
161.24248782554852,306.90609859338207,12.0216459914778,7.584501461057421
161.24296032242427,307.0401787921349,12.02070099772627,7.623116175108242
161.23043079711888,307.03031733356505,12.045760048337048,7.642839092247982
160.9193917932221,307.17152965276216,12.0516133314684,7.668526816184853
159.81851271241985,307.94089304004285,12.09296355848953,7.672948566325898
159.79336324286228,307.7768434980326,12.143262497604688,7.691725222593421
159.78845757975913,307.91785913375685,12.153073823811003,7.720083094410761
158.84204657900926,308.9978520022615,12.179833000240281,7.7371706533168165
158.84096451465996,308.9814676249002,12.18199712893889,7.7699394080394475
158.51956730191674,308.9595573008859,12.200237087054349,7.813760056068062
157.56719703923375,309.257247047116,12.225280519793717,7.844946261150128
157.55263006176534,309.25067328433073,12.25441447473053,7.858093786720588
157.05946718821207,309.2396524672857,12.296235084740859,7.880135420810736
156.25688190377508,309.6893133111715,12.322257233654273,7.928302785015515
155.61151125549208,310.7772818700642,12.344901990673254,7.971534611437428
155.4445400667347,310.4304449744884,12.360759076171087,8.02903781855516
154.5002680049845,311.66287226970576,12.333608203126593,8.118443223513653
153.7141015452479,311.46064808440326,12.304116833221286,8.20252673624292
153.69935948982518,311.43461058456245,12.333600944066681,8.254601735924515
153.05726796823345,311.56039546576017,12.327268357860076,8.325660880876587
153.2116921012888,312.0206775599944,12.342133231233024,8.376236110859317
153.05556059532097,312.8108223977274,12.329620537068537,8.419824965894078
152.08696414600732,312.8021559938843,12.31495670343172,8.437157773580292
152.0885368424976,312.7953408836081,12.311811310451183,8.450787994132751
151.1389409541503,312.77345510410237,12.25768137800957,8.494559553144162
151.33093463089583,312.9236516023577,12.199154912237129,8.519627444352063
151.359276697495,313.2353936984721,12.142470779038787,8.546125552653976
151.22999467672403,313.22895085862535,12.076463118388538,8.559011232347471
150.7788888697673,313.37438900611676,12.007317669527163,8.591920624956163
149.68560488984343,314.48386447507454,11.930919979338487,8.635935337076958
149.72299657637402,314.4721057084775,11.856136606277328,8.659452870271053
149.2726851225147,314.6343211533373,11.790465070785206,8.657120128288435
149.63087073502774,314.9509512613882,11.716219151496514,8.665985217924042
149.2000015587786,316.2162176172445,11.617718205752398,8.696090634857715
148.13542750777037,315.40350941810493,11.513346491157288,8.726135735557122
149.1058490412651,315.59608386809293,11.480356620607783,8.65896236832108
149.74375636463716,316.8843557492787,11.470044382997086,8.613423424216435
149.27920977808958,316.7468426599873,11.452714865513686,8.572975372606363
148.67033378882246,316.5956088654731,11.41227099951855,8.5608940005025
145.48489614214935,317.72310689990724,11.508432259525915,8.502047843302746
145.987188777519,317.5755830541818,11.539316403761399,8.490006446111792
145.4974407268233,317.97283388421147,11.681682997687284,8.384846593836603
145.10662616230084,318.31631639605087,11.707513136802323,8.378217658369524
138.2549722859789,318.9998192153498,11.856251647784298,8.272102181786623
138.18904467428425,316.82059779268167,11.988106871173594,8.210421199073641
137.96855701994158,317.1711921779009,12.112388988887606,8.142618810577849
138.15283766372028,319.55803641344886,12.061268945387217,8.130549000336007
137.9878937462627,320.3913640987024,12.074685257733464,8.046251242673517
137.83351118150912,320.4339808736395,12.068176914460654,7.961017692799351
138.62339326656195,321.422510842641,12.057203328235536,7.866506455452932
138.49106233395077,321.45693108695525,12.009845965079665,7.79766596682437
137.70310328630978,321.34657739315406,12.034958890183349,7.708212320391069
137.52849164884327,321.70072080783626,12.075138281282122,7.61801325869517
137.35818319499242,321.12508632326615,12.107618994875027,7.536737451400357
137.50013553802276,321.4650050659246,12.130973497418863,7.471418343292341
136.4219810140658,322.6991895468693,12.141705333491162,7.455137623507554
137.48007172249743,322.7086183226007,12.170306278035532,7.4362800720447435
136.3828020637782,322.8601402232222,12.219297906286863,7.439743083542804
136.9727463303694,322.09040912253846,12.268590364096932,7.442729046169584
136.32954496567336,322.39263136557264,12.32267344858155,7.454444382554924
136.61512101848703,322.70064113461507,12.369686826133883,7.456590327649844
135.84886162620467,323.1235137956808,12.353111054013882,7.54030173952916
133.68265264262487,325.0905969489086,12.33178671116326,7.648896149511551
134.61260838400736,324.7346053457514,12.346805963587999,7.735902444096127
133.83620470849263,325.3113160534942,12.328751969980605,7.839170104320036
132.58851109851068,325.43203225603355,12.29908665665013,7.913369265903002
132.74922891614705,325.7155627183605,12.294078607174368,7.979163512843065
132.10976532051183,326.79159540166233,12.303203087147367,8.049252891009953
132.11877044875564,326.1138048106406,12.285192830659767,8.129809890399333
131.48576396042162,327.03756544381315,12.271898638122256,8.201249377862462
129.88220094509515,327.17677694208663,12.270878752658941,8.243640972927247
130.05661864882308,327.47736942710316,12.24354659502501,8.285462502538053
129.7555738773231,327.3040682118854,12.202064660550565,8.310279194236237
128.6499458999239,328.435443514576,12.162314938102247,8.298534266101786
128.66584113212593,327.31421718253426,12.130524473698207,8.29553667833849
128.53484659675524,328.58890580946047,12.072263784764498,8.30815750188639
127.58929740320276,328.2722382390315,12.045881693906512,8.302332483423358
127.41933250720349,329.0723540131278,12.066725790394099,8.29752941278558
127.74076145549621,329.06923572492013,12.062509253207928,8.303765989200878
126.28164177747449,329.3728921424829,12.106506206755764,8.335173687963186
126.42118362630808,329.19536147193924,12.147966152507378,8.36969138563172
