150.1999969482422,151.0,10.199999809265137,13.0
150.9150626200892,150.51039361858906,10.322687981906661,12.97921276282189
150.8683549578281,151.06769134035181,10.41610330642887,12.96370454406366
151.02590467605148,151.4204996101352,10.468642954411566,12.993366173355792
152.11981127335724,152.700524177731,10.494501332837622,13.01593387337468
152.3297083408145,152.8467891550558,10.444417571828428,13.093114292630442
151.98334878288645,153.3683516482802,10.396971495772435,13.160237094049744
152.00196127895939,153.313849989468,10.359746503626594,13.269240411674172
152.01644772562761,153.27608089027729,10.3307736102901,13.3447786100556
152.02923619171358,153.41056910093596,10.305196678118193,13.447889456144651
152.03628034723553,153.55771618394166,10.291108367074312,13.526840238575394
152.04475476026374,153.70087346214223,10.27415954101789,13.614745166044473
152.22239092986337,154.60937783948992,10.294169727923679,13.674149041874362
152.76871342345987,154.7681265011271,10.331067946874251,13.73316612064786
154.08074332489514,154.91689771549093,10.353122461175843,13.813640022944817
153.50511302499999,155.4353103603507,10.365576326209476,13.915621467981966
153.30684196005768,156.14947644387505,10.380760481949311,14.012721197512334
153.31256436024563,156.09736094784955,10.369315681573415,14.116952189563351
153.30638309282517,156.44968888069133,10.381678216414352,14.18125586316017
154.24651490787227,156.4379580002677,10.429710295333209,14.20471762400743
154.23604213816694,156.41411915298127,10.45065583474387,14.252395318580268
154.20669611070502,156.80770695934638,10.509347889667689,14.240961682679457
154.19170629734705,158.17157721614888,10.53932751638367,14.233838111533796
154.19401401061742,157.982690015328,10.5347120898429,14.222570030000055
154.18284178473627,157.99594204193954,10.557056541605245,14.19606597677693
154.18066506944538,158.19036135904045,10.56140997218697,14.195985761854299
154.18270313900746,158.77051430101332,10.557333833062838,14.202165280717427
154.12934425285277,159.53667809930656,10.664051605372231,14.225260603065536
154.08935833762663,159.53682695904476,10.744023435824511,14.224962883589116
154.05255506111712,159.53306096149907,10.817629988843525,14.232494878680466
154.22222665695733,159.711554489533,10.871859510291783,14.269080535741281
155.60544998471997,161.08831146789203,10.87052224823314,14.280675972489888
155.18323138323373,160.8944561283387,10.92461817667145,14.273216014329456
155.3751315811001,160.88872004499976,10.936757108558087,14.284688181007343
155.3828832907798,162.09997484693588,10.921253689198704,14.240052545043575
156.5565713101673,162.08868560120789,10.946147968853653,14.262631036499542
155.9914099785384,162.29743909638933,10.88808417308596,14.241252865811823
156.00099878829175,162.4832407512334,10.868906553579304,14.264505387748791
156.01820753781126,162.68139488659415,10.834489054540255,14.263094785266048
156.2234407330814,164.06632768729946,10.818337108672875,14.253430296565586
156.80302187533627,163.68873310785557,10.840885112925617,14.220812596278384
156.79045593756376,164.28834842116774,10.866016988470616,14.202904199223417
156.95257725015225,164.30217727320718,10.935685206611337,14.175246495144572
157.11246595851892,164.50283709633433,11.010531967358176,14.168551026370512
157.47104691310824,165.28794335344546,11.084851112027858,14.181300619844869
157.46670168258288,165.6872983985663,11.09354157307857,14.176879415243311
157.64970373051932,165.6911385628452,11.124755602626697,14.169199086685524
157.81927188348322,166.07152610600073,11.183227305185843,14.203640017348297
158.19293752926075,166.8539284102203,11.234066349393812,14.235176080435162
158.17030288753418,167.2296335041795,11.279335632846964,14.28455330650725
158.15180375676937,167.80499700237255,11.316333894376559,14.339480961983908
158.3483948587519,167.79716490210916,11.326478417434428,14.35514516251068
158.54488527602948,167.8066661187479,11.337228888160851,14.336142729233215
158.7512999495814,167.9862751035817,11.328014442068774,14.38053966057739
158.74903378058266,167.96711686454154,11.332546780066238,14.418856138657695
158.9345935018254,168.56271527339572,11.366232447926603,14.442074651986736
159.72907787600522,169.95903976829487,11.400094809356741,14.489380104320562
159.51537156130595,169.50949237011562,11.42052547246289,14.574510968094295
159.28530817205177,170.0919875272144,11.472035587993428,14.63537064283015
159.28068406427266,170.03846116256628,11.481283803551689,14.742423372126405
159.47819442124012,170.6270195860568,11.498435755748025,14.801824523539121
160.30271957446016,170.82299618012942,11.502824481845161,14.823231093528193
160.30242534038098,171.2447968371146,11.50341295000348,14.80714646053264
160.29819128376664,171.01089621439556,11.51188106323221,14.861425606881465
160.52011207308288,172.23004863237296,11.482528882963734,14.910057161110785
160.70618405056996,172.0733869810665,11.525139052095886,14.808626339617389
160.908261393952,172.91795175022244,11.53488262365991,14.775089834617726
160.69838963339643,172.9366918904978,11.541082143517373,14.737609554067049
161.53465095794627,173.12524907479983,11.520845709292438,14.773566739181668
161.54700233859614,173.11126194597014,11.496142947992638,14.801540996841004
161.7536648807513,173.5437117044312,11.496135973410693,14.763277699375596
161.55625517243246,173.98528194869593,11.478222271241025,14.7056034484608
161.53726301965025,174.42271833702253,11.516206576805388,14.653850454828447
161.7344914781787,175.8827176306618,11.533135352014927,14.613551713414804
161.93981628353748,175.48303390514903,11.533529576821028,14.590831493393129
162.1437322529138,176.32970889069313,11.536399979565683,14.540290888293985
162.9653915927448,176.3285414251589,11.532980574094703,14.54262581936244
162.97112415038634,176.5364057103799,11.521515458811646,14.536852344054326
162.95745757367166,177.34660694287447,11.548848612240961,14.555172170821294
163.1621536361325,177.34384854929817,11.54986130878192,14.560688957973912
163.36045916759724,177.56326530035335,11.563756018057239,14.532361228068368
163.16862463863228,178.17421717437315,11.53712789880896,14.541349011563405
164.00793169485493,178.20100088179183,11.498525154232928,14.487781596726029
164.02997161560543,178.20963721183293,11.454445312731915,14.470508936643839
164.05918570676064,178.80941840089062,11.396017130421527,14.49367364395897
164.07434389106072,178.78967487766462,11.365700761821335,14.53316069041096
164.27212515757438,178.9941984852513,11.37723103367002,14.531206280113555
164.68835383343912,179.63832588261226,11.359274436408455,14.46470261709353
164.70160639525133,179.97729014057546,11.332769312784027,14.598656145037904
164.70339588792973,179.93801099452156,11.329190327427254,14.67721443714571
164.6936979195023,180.12168793437408,11.34858626428206,14.71856089464615
164.87870270133493,180.50006302027782,11.38822443508298,14.781106191770945
165.67866853192874,180.8151242106803,11.433287192337922,14.973481020187268
166.0828210763782,180.9403022172624,11.454820683100557,15.138044296853803
166.07561082975744,180.80603928406228,11.469241176342035,15.406570163254065
166.05054601425778,181.3809698406415,11.519370807341348,15.523021409565041
166.24973003304262,181.31727338730283,11.545698792190144,15.65041431624241
166.22638386545148,181.7040776399465,11.592391127372398,15.730933742664266
166.21837123410458,181.65649420182945,11.60841639006622,15.826100618898357
166.63882193708773,182.28913467007973,11.629037676097486,15.853103720394113
167.91204275748458,183.79827199726105,11.671654161922948,15.855396880420557
167.47055841173406,183.84307497327868,11.690136180841861,15.765790928385336
167.66257099968095,183.90156803200998,11.73729521118605,15.648804810922728
167.64953557187036,184.8065638279976,11.763366066807258,15.559517249295808
167.63749202825753,184.87115105864103,11.787453154032924,15.43034278800895
167.62581749202815,184.933489223118,11.810802226491685,15.305666459055058
168.89019366941187,186.25119615830607,11.838910313021623,15.227113029976302
168.86323224539728,186.31616539925616,11.892833161050833,15.097174548076108
169.05887999441035,186.5957734701088,11.925827616023117,14.962248359369262
168.83860223051187,186.43998088271454,11.943624410205409,14.851074800543127
169.89426695653452,187.9487623094687,11.939006359217405,14.782907908514982
169.88776504470252,187.7624523569244,11.952010182881423,14.73530648479299
169.88626739845662,187.78363708082108,11.955005475373198,14.692937036999622
169.68272549817283,187.99351003329764,11.942990758942784,14.692289649044465
169.68271929766547,188.84078683625413,11.943003159957508,14.673312979095776
169.6815272278779,188.8447024622088,11.945387299532694,14.66548172718643
169.88414925199447,189.26307063614587,11.958664372103915,14.665787620921007
170.48844960872623,189.29755922957966,12.006285210337285,14.596810434053374
171.7452942331332,189.51804276789827,12.00329310721997,14.574292881698973
170.91861344229955,189.7405509302882,11.984435515859467,14.547331350176039
171.11263997069258,190.178806863956,12.013717934819915,14.50549043433346
171.3108577526777,191.45211807547275,12.034446559972816,14.461853146038823
171.50689681757817,190.44308144784506,12.059195002562314,14.395793539342115
171.47490255308804,190.7065868727162,12.123183531542537,14.28499023080882
171.44775976910927,192.01472508198668,12.177469099500119,14.161883272944767
171.42716148339085,192.07841640168846,12.218665670936941,14.034500633541207
171.40249813863974,192.3622120452319,12.267992360439157,13.880097728805454
172.6248104634241,192.42101639939477,12.292879200628775,13.762489020479743
172.61133027874186,192.87866640477347,12.319839569993238,13.667504121442642
172.80011669272946,193.55381239993952,12.351378651317887,13.544547859010025
173.4052598342399,193.6154035969461,12.364197263090931,13.421365464996907
173.39929666209997,193.679480138921,12.376123607370786,13.293212381047068
173.39109808357614,193.94227439137,12.392520764418485,13.171800884904837
173.39539729818733,194.403417816202,12.383922335196047,13.054595991659761
173.41657026420157,195.0289268338524,12.341576403167615,13.005293294204753
173.41999144465828,195.07611011952685,12.33473404225419,12.910926722855887
174.23402530177339,195.31633146830464,12.29684061933815,12.828027598128848
174.44232595680313,196.73705689290938,12.275884417810143,12.756092508639794
174.85531483803683,196.3556227925323,12.238279108060876,12.730588256675805
176.04760804492724,197.17104370726332,12.212841102100862,12.672512032427644
175.49179007931278,197.19576321988998,12.148841202250892,12.623073007174272
175.87737986277185,197.2370534647187,12.157843662130825,12.540492517516846
177.03979288907132,197.8644341871491,12.166648645056446,12.452546590418384
176.64802024168276,198.10323893747955,12.174799287162921,12.362634416092805
176.64626445422869,198.33371641996243,12.17831086207103,12.28809289942361
176.63929631159073,199.31864798959649,12.192247147346976,12.244713396903252
176.83317795558492,199.34885455854896,12.189317661934812,12.184300258998286
177.59464399394824,200.15323937432706,12.201731587842914,12.110876630076838
177.58221485029347,200.19543567780332,12.226589875152438,12.026484023124363
177.57350815094497,200.2340697790571,12.244003273849433,11.949215820616738
177.74083373449218,200.46049237253558,12.290340612309343,11.87735913921414
178.30233379414886,201.26464061165248,12.309079907114327,11.791381879804831
178.48593187649487,200.53361384528807,12.321396682164554,11.735383653564682
178.84861992357975,201.1458240428965,12.353658253845243,11.647419757123535
178.8136835297855,202.5036743428123,12.423531041433769,11.577220912943881
178.7623681434797,201.41367958406965,12.526161814045334,11.489775341266016
178.930177026694,201.61995683343025,12.568659732058588,11.455336526986635
179.66428598542905,202.5865725355808,12.61335810887549,11.413250490544339
180.41554013144454,202.59334068003398,12.623864896707717,11.39971420163798
180.3955390352053,202.79153152496804,12.66386708918625,11.381533780613992
181.13116927478015,204.11436875010315,12.706738959526163,11.385590941950566
181.13185890052992,204.10549878195653,12.705359708026611,11.403330878243812
181.12474297778826,204.12663985490772,12.71959155350991,11.361048732341455
181.3198487887062,204.71197724964046,12.708451709136856,11.327589275264334
181.87830780043782,204.72120757172917,12.726626095658062,11.309128631086907
181.84988824855367,204.7321032468862,12.783465199426388,11.287337280772864
182.02184454638717,204.93771743039716,12.818437259467196,11.254993569458794
182.35840031227005,205.15323369680576,12.90314416212164,11.202870253851682
183.63502066357248,206.3004352373433,13.005606345350822,11.184783932062931
183.599448324964,206.10966724034614,13.076751022567795,11.185638785373971
183.37650977683518,206.11592789330302,13.140833510071733,11.173117479460178
183.3558114954544,206.11347328157768,13.182230072833292,11.178026702910842
183.6945117098618,206.325126875761,13.271432366772228,11.138020875921146
184.608612864433,206.8939427221346,13.363398113332787,11.152490016595722
184.57868744491103,207.86593258731702,13.423248952376762,11.136931723293966
184.7439051496109,207.88296782022968,13.479168849677118,11.10286125746867
185.29684182863073,208.09541692795625,13.53329387243989,11.064629168949661
185.30067415851252,207.32939526133785,13.525629212676352,11.04914910646392
186.0693217559904,207.72364525196397,13.534385238366132,11.033674735534483
186.06636063382194,208.1177288162909,13.54030748270305,11.018301995827473
186.05184030872454,208.1200748644563,13.569348132897879,11.013609899496647
186.827581756494,208.6947552781757,13.564304451645793,11.024078482773035
186.63332120041065,209.2664205940327,13.566123875965383,11.04085291460039
187.9612498591355,209.46666321386238,13.619273305514731,11.027368638798063
187.96077624082804,210.04393382671026,13.620220542129704,11.035624906145525
187.93575949240835,210.0630752701133,13.670254038969084,10.997342019339435
188.10731271491133,210.06025313968246,13.715043118198762,11.002986280201105
189.4642477448423,211.23125606430366,13.721891784113819,10.99302505305329
188.6858529135186,211.24221028248297,13.724210577864614,10.971116616694719
189.07884389469243,211.24811248718453,13.714824904093543,10.959312207291587
189.6582335849663,211.24256741060947,13.719934095970373,10.970402360441732
189.63754721556012,211.24910555146323,13.761306834782697,10.957326078734187
190.19829299359733,212.23336758320565,13.805744815920225,10.932017910602564
190.38881272129126,212.43862462798606,13.813618718343522,10.910417178852928
190.58348778750246,212.64216422418127,13.81295182726248,10.892021227803832
191.3375573199936,212.4556885397387,13.858309874679643,10.876598318589082
191.52404523095257,213.2488985104869,13.874151972087223,10.84545005439468
191.89753380490993,213.2477573838831,13.904282634962009,10.847732307602262
193.04611615429417,213.26920478533484,13.941428744576477,10.804837504698812
192.8136834111181,213.69084966840038,14.017372642728779,10.739390914967348
192.97067936494,213.52882615155275,14.09239570043161,10.674422983315996
192.9364372041629,214.72250679945168,14.160880021985804,10.621655610288512
193.65885681488777,214.18247907220507,14.27316047089754,10.533871312010586
194.40552961290732,214.59470082902618,14.338018100350222,10.48852941111427
194.36299035840457,215.21542723110997,14.4230966093557,10.416454146643868
194.51488946980956,215.24513662080003,14.509198143564126,10.357035367263707
194.8820243747231,215.26858665873218,14.555382379572622,10.310135291399448
194.8809691915158,215.28858796151115,14.557492745987243,10.2701326858415
195.07871761199783,215.49979278946302,14.55152199830589,10.237249123220437
195.27746155887314,215.70947103772897,14.542927568926103,10.206786091059364
196.20925416424208,216.33659097958233,14.620647040499996,10.117329016739754
196.1821536206426,216.56108485824302,14.674848127698949,10.05629857513141
196.1600500855793,216.0058817680682,14.719055197825568,10.003408871277628
196.3390416594582,216.41930292303027,14.748627521573468,9.951677504365033
197.4918876244014,217.59302543956983,14.76579350675912,9.927090386357891
197.50223724071844,216.4204709199012,14.74509427412498,9.950239408454262
197.69001431771767,217.77713484560977,14.756606054813158,9.946373099843504
199.00864672862443,217.60086628787082,14.829566797607024,9.911735134663223
199.1609641263082,217.41562575265107,14.91262978101832,9.894518426323877
199.53178786479546,217.6317123176895,14.948303123467788,9.851005705959011
199.49159751470833,217.8436679304533,15.028683823642053,9.815566884405568
199.44422662210886,218.632965717196,15.123425608840973,9.793326432529483
199.588534519436,218.64579597522618,15.224948675461302,9.767665916469152
200.92759184108155,218.8356531311548,15.285456088992033,9.77918332701502
201.08872395558924,219.00424613960476,15.355522195725081,9.83432764586355
202.23249512822883,219.78307404541178,15.433786812925248,9.853876475902393
202.39439639207805,219.97922649874897,15.505784064631877,9.857371348633103
202.37718001207463,219.9490372869609,15.540216824638692,9.917749772209216
202.766367262294,220.13644785645567,15.55876431488796,9.941389628563657
202.97879613072777,220.92280154901528,15.533040467836463,9.965217802708484
203.37120974261398,220.88459906456148,15.546507048981514,10.04162277161608
203.96372974034364,220.8881127782361,15.563340892732036,10.034595344266872
204.14923503806077,220.8786519628839,15.593089878269456,10.053516974971203
204.74058516928852,220.869095747141,15.614953501457467,10.072629406457061
204.7115434803757,220.87399050544562,15.673036879283105,10.062839889847782
204.88031363103948,220.89534344736458,15.738371353714493,10.020134006009851
205.8752449609466,220.89088768351093,15.764204495966908,10.029045533717156
206.8410003648705,220.90812682314638,15.85106786174265,9.994567254446284
208.04107865735352,221.54416203893058,15.877294020366698,9.935688194672952
207.8204875576427,220.76455697798272,15.914673727754371,9.879688348432644
207.78550478986799,220.81360610943412,15.984639263303768,9.781590085529823
208.15291612806396,221.03979069079932,16.055450613758353,9.732037936222673
208.5276566571043,221.25500047283285,16.11204616049379,9.704656674563696
208.5070163407009,221.90027272205995,16.153326793300632,9.624371333716514
209.50743478183517,221.913942545683,16.16588806440261,9.59703168647039
209.5002674792051,221.9421584956831,16.18022266966281,9.54059978647026
210.29296297174764,221.96516796173913,16.201488504196252,9.494580854358158
211.6752076785423,221.9881837510787,16.245411122928015,9.448549275679001
210.85201903592517,222.0050531144897,16.28749103801948,9.414810548857007
212.2205114760036,222.03229463509794,16.3583935879658,9.360327507640534
212.5495759837761,222.08018080883485,16.502771267440096,9.26455516016673
212.30673699237744,222.10879552089037,16.586687006465937,9.207325736055667
212.4711622794641,222.34785339843867,16.659864075738938,9.131237624405415
213.66734366332398,222.77974288787985,16.67835939120136,9.071078006583766
213.63074348457,223.39947820194726,16.751559748709308,9.034770650218267
213.77189856576766,223.43278508710108,16.87076189485086,8.96815687991062
215.16350736595078,223.46087832991952,16.90242771020737,8.911970394273732
214.92327895900513,223.49215074302055,16.981256830355438,8.849425568071682
215.7167773989924,223.52830895809342,17.00110559867363,8.777109137925942
215.8932427545542,223.5691002664081,17.0489329965796,8.695526521296602
216.460189180254,223.81839106517901,17.11520041651468,8.596998347532997
216.4453284818185,224.0560531554203,17.14492181338563,8.520996931722014
217.63811701828203,224.68547102916676,17.15000117262419,8.457489400311887
217.8229764313378,224.71297090447146,17.177699025726522,8.402489649702476
218.42521659075055,224.7268479238303,17.1638214221076,8.374735610984835
218.60782476269168,224.74182701923286,17.194788084097496,8.344777420179723
219.2014134849516,224.74849024101073,17.19595574034835,8.33145097662398
219.60052005481518,224.97585779650768,17.189543621935695,8.272616376287338
220.04462062068737,224.7661559407267,17.090910341096222,8.297236162396809
220.47635929419607,225.36293373425934,17.014976796346996,8.284996278733853
221.86742870039478,225.01135142358854,16.979988955593154,8.203260622463029
222.07872159052548,225.0241172370134,16.94792207139772,8.177728995613272
222.5056560836657,225.02295724112767,16.873266746498558,8.18004898738473
223.30857763790937,225.0270552707279,16.821652222691064,8.171852928184265
223.49684246592346,225.24934117702543,16.83278349475401,8.114942043680324
223.88121744897424,225.45607748450487,16.83770200171964,8.088303665255062
225.05154005563807,224.51806623592609,16.815712555097484,8.032113023491409
225.45562012925745,224.91453380453373,16.777839825151826,8.009465303569268
225.44293635450654,225.12224594418677,16.80320737465363,7.978237934481048
225.6326914880658,225.33020674616358,16.807719890033464,7.946339113025767
227.00033753828038,225.34340922347536,16.757154885796417,7.919934158402237
227.3976898893596,225.34624302853655,16.72712024238255,7.914266548279851
227.39981108429137,225.5447780820562,16.722877852519037,7.898994902737485
227.98258778727634,225.56028949263177,16.70173537044031,7.8679720815863945
228.95538241588324,225.56664462615709,16.65925138217167,7.855261814535739
228.77348738833433,225.18927308848342,16.643261144644335,7.8504443046328
228.9910490466558,224.80632181432628,16.587601082474798,7.857420344000227
229.37779183131602,224.81385045467368,16.57166298090583,7.842363063305422
230.70560098167442,225.0217915586989,16.56399693960718,7.804759749457573
232.0477422785201,225.03641949990805,16.522293481127498,7.775503867039299
231.51639005381764,225.04567569987023,16.455818238680145,7.756991467114895
231.9208314698716,225.05403804978855,16.397138806059647,7.74026676727828
232.1180035583353,225.22707774916734,16.37674953158055,7.768142270969002
232.50224076874645,224.82862460853815,16.35656268924678,7.816760973738843
233.6403367921295,225.18511576453116,16.328549318462795,7.853171553746843
234.0341657596669,224.96753561937396,16.290734274177947,7.913410398666263
234.06004067008632,225.50678610014143,16.23898445333915,7.961159235083436
234.63880555862383,225.0909033283153,16.207923071996618,8.041945848247355
235.9545291991232,224.67005237953686,16.211525813179446,8.130776310895193
235.77320862131575,224.81793790527436,16.19614104261919,8.213031185595366
237.116534790199,224.95436764589587,16.164042764920044,8.319393712933364
237.5227157633442,224.88640700548396,16.11285278250299,8.455314993757204
237.34539038767542,224.82039846193712,16.085330444156995,8.587332080850903
238.7005723941591,224.5720532305375,16.063205630091137,8.69998837237848
238.72513096353364,224.3128156326825,16.0140884913421,8.832825968599701
238.7439361309646,224.0657794527752,15.976478156480162,8.939715583316504
239.71142026224933,224.23093063475812,15.983756352774968,8.997862511123536
240.6573002282402,224.39364764578303,16.03973031563742,9.061975268042545
240.84219397184373,224.54617700809524,16.061408406719657,9.14838212170744
241.81124418015673,223.54145426459982,16.08958398187505,9.1915516169168
242.4104112580876,223.52635485857584,16.074466929225192,9.221750428964757
242.2152271952814,223.50990088374652,16.070140660847315,9.254658378623361
242.41003475695572,223.4865806379017,16.07571414251002,9.301298870312992
244.17113843839329,223.27741072656747,16.118065576434226,9.323576604448256
244.54650402992723,223.46139542284692,16.161469936564657,9.352674983488509
244.51061147882712,223.43913702386334,16.233255038764884,9.397191781455657
245.285501044047,223.41769434927815,16.283571217024218,9.440077130626037
246.43576952504083,223.400709154259,16.39201564829996,9.474047520664303
245.56972105694348,223.37988092733372,16.50938877213693,9.515703974514928
247.18382236640218,222.53539288614508,16.530206300551402,9.580169983226265
246.9619765906312,222.70330305272006,16.566368736836132,9.651878765333535
247.1663504760004,222.86901622264233,16.566901355196528,9.729732814587807
247.56842736494238,223.0298445777397,16.58395947994327,9.818682055708404
247.77117880124177,222.9748985962601,16.59081971731759,9.928574018667613
249.04592276757813,222.9049966095028,16.527254560506773,10.068377992182217
249.47463537036063,222.6619869423189,16.501288671265645,10.138667668388116
249.48708379539076,222.42428716517955,16.476391821205358,10.19754249563466
250.36243810259535,222.1685924841401,16.39425269532231,10.291789485582006
251.02957199155114,222.3602638218053,16.312474631803557,10.32594338171597
251.6933244973922,221.9305601971088,16.235507214377535,10.351658901604905
251.92964188217644,221.94905184459242,16.178996852209803,10.31467560663766
253.41346488843118,221.97090925854317,16.11397145305547,10.270960778736141
253.86055973380064,221.99871934411513,16.04569324913417,10.215340607592202
254.27280363346298,220.8190595846451,16.043212656873234,10.108638505341172
254.26712883864187,222.29793219730794,16.05456224651546,10.01515725798775
254.4924318672575,221.12053588438195,16.011739498411746,9.923250029073962
255.71125398881654,221.1452626878075,16.007705021992674,9.873796422222908
256.50628036481726,221.18640335194985,16.036495871319026,9.79151509393818
256.4781560088476,221.22197458814097,16.092744583258387,9.72037262155596
256.6839787824963,221.26365748300123,16.084496240540272,9.63700683183544
257.89189804559277,221.29358482611502,16.07987187149932,9.577152145607837
258.13241164083524,221.09969768768266,15.999634879620439,9.564136223866534
259.1537806862398,220.92205085289905,15.953782705765978,9.520052710042822
260.5415207944181,220.74929770988564,15.963961246510538,9.467607745055181
259.57249086608067,220.96139041238501,15.915935759118607,9.440639408869824
260.938185654515,220.96311074213114,15.956879822354267,9.43719874937754
261.3011224469122,220.79158864861648,16.024202343938835,9.383644883217432
261.8766071617041,221.01930075077718,16.06331010709502,9.324913076476019
262.0703747365075,220.6363488950586,16.072053253340126,9.29826019620953
262.4288159116053,220.64540598274647,16.147083484679115,9.280146020833774
262.6223077750054,220.83992923884392,16.156861181724416,9.287860932484392
263.9888395668845,220.86549293470435,16.203058209527853,9.23673354076349
265.3761679081193,220.86079006924803,16.206377433458968,9.246139271676173
265.7783534096282,220.85561626538777,16.19613166241368,9.256486879396697
265.76322115751657,220.87382596276998,16.226396166636935,9.220067484632231
265.9546429603331,220.844743042799,16.24046867603294,9.278233324574213
267.35535061814386,220.83065608163793,16.225841522136463,9.306407246896342
267.9465443127592,220.78403651811644,16.23857666943074,9.399646373939323
268.1600860456636,220.73604710631636,16.21163755693014,9.495625197539507
268.3687203562648,220.69221150622676,16.19573900947052,9.58329639771869
269.80421919084506,220.63750467754596,16.143056099599935,9.692710055080275
269.83910812535214,220.58302988095568,16.073278230585696,9.801659648260836
270.28533888784693,220.33288222993872,15.989768487995416,9.897479059095124
270.50749304660985,219.87406857411278,15.950301168396294,10.005424374893506
271.9018750425092,220.03951449588456,16.003974003289315,10.08059493516304
272.3018482431356,219.39529851736185,16.020275970657693,10.144654339276402
272.26075914443896,219.37929845676467,16.102454168051043,10.176654460470777
273.01471649293404,219.3633068211342,16.239361194272547,10.208637731731745
273.1624537784885,219.75398523540406,16.357674726139578,10.254857109143847
274.3798859840359,219.52325815458022,16.420795971571472,10.299980328037076
273.7090895123587,219.29296101175586,16.508297305508165,10.342544077213184
274.9664820610608,219.2430475470112,16.5138215781327,10.44237100670249
274.97883232892883,219.21792427269125,16.48912104239661,10.492617555342392
276.2458199676589,219.2195022950881,16.488812159388942,10.489461510548729
276.25914808708234,219.19575724736006,16.462155920542212,10.536951606004775
277.1175313623057,218.97045514802085,16.43585063986994,10.564940487239593
277.74237290620016,218.75203476729132,16.45423444990361,10.579092282757792
279.0041342385895,218.1139025250853,16.46991627185053,10.585754523807102
278.36196378017513,218.31326467906516,16.483616326111992,10.610577170036441
279.8596604672781,218.29794208634206,16.45739042614012,10.64122235548265
279.6623131177122,218.2884582104977,16.42779976163659,10.660190107171315
280.7201975382375,218.30073469082478,16.432821989405884,10.635637146517189
281.1535010989546,218.3070702777502,16.413862602496494,10.622965972666357
281.1890334906332,218.29464041435196,16.342797819139303,10.647825699462839
281.4510678921527,218.27853609227117,16.24140617589872,10.680034343624408
282.1298549616209,218.2664541939425,16.148908341677625,10.70419814028172
282.19203055899504,218.245537441385,16.024557146929286,10.74603164539675
283.70871007193347,217.9970325375906,15.92790989623411,10.823511199388157
283.9453078411466,218.38855169138444,15.874074947740647,10.879194071665847
284.1794472093809,218.14559474707156,15.825267783782689,10.945636387780823
284.8041690914893,217.75712592481773,15.835327663528052,10.882904936313768
286.0535078936009,217.78064064500867,15.850341942645477,10.835875495931877
286.0758795013041,217.78811634510978,15.805598727239174,10.820924095729625
287.107526904972,217.82622263994352,15.82967560285528,10.744711506062162
288.33037005989723,217.86885837465113,15.883436466995217,10.659440036646975
288.5201206252262,217.88540367871502,15.919904544508857,10.626349428519177
289.0984018716327,217.73513857297527,16.011246465805613,10.510911501962084
289.4951900254064,217.57859378599005,16.048510655070846,10.408580827526219
289.47391621726035,216.82475930707537,16.091058271362826,10.259155151142958
289.47684548123306,216.87389082725934,16.08519974341743,10.160892110775038
290.86884639587936,217.1381130766201,16.175982241815984,10.043131087437978
291.26192641986114,216.78234874403978,16.209953873328438,9.934528073122614
291.26114176201474,217.01918742508457,16.211523189021253,9.869598959058004
292.27830819182867,217.2360170444647,16.215587220847052,9.843619098588455
292.6857609195692,216.6402761447894,16.215286953667647,9.813193115486694
293.11517328173505,216.62919783499908,16.170033686887432,9.835349735067332
293.32097165332647,216.6283229691749,16.164921645223288,9.837099466715692
293.7271053568283,216.6244262764805,16.165530201643023,9.844892852104474
294.566415539204,216.59969941426795,16.113222697086897,9.894346576529559
295.16815965287486,216.60307276051674,16.129625160687095,9.88759988403198
295.17153751367607,216.6170808266997,16.122869439084596,9.859583751666104
295.36744471208846,216.63446282826655,16.13724457970925,9.82481974853237
296.7344712700902,216.63155429665935,16.24392369823554,9.830636811746803
297.1282152375712,216.60458267334482,16.27144783125591,9.88458005837583
297.34579974044385,216.5812905589432,16.245103235825063,9.931164287179062
297.76985984171773,216.56865432972316,16.2154144724539,9.956436745619177
298.811217511305,216.36602199529253,16.178689202924286,9.95250340055143
298.83059059753396,215.96801889978138,16.139943030466398,9.931341290695125
299.26226338932463,216.17765429557375,16.091898563183726,9.91972105725975
299.5196790545739,215.36120232138305,15.983805813251923,9.925670683374163
300.5527156068043,215.36567309003482,15.94385898493381,9.916729146070638
301.15969384485743,215.3907582917272,15.943338767557732,9.866558742685845
301.36336563614555,215.61630117105315,15.939624020357053,9.819101819409532
301.75799222928123,215.04273051077024,15.95592336660225,9.757914341200467
301.96471816515015,215.0636673170879,15.944462207599283,9.716040728565195
302.1656434895354,215.09264033587175,15.943726967637751,9.658094690997498
302.96461714767395,215.1114748119477,15.946295383185724,9.620425738845617
303.57075017329987,215.11759061867852,15.932627067005177,9.608194125383951
303.58070752556625,215.12719531299956,15.912712362472497,9.588984736741827
303.76256138928505,215.1589497125802,15.947507373176991,9.525475937580529
304.73528160190125,215.20611149111267,15.991814145558081,9.431152380515657
304.94706832001754,215.24017344378825,15.965255628441808,9.36302847516449
306.3464636234797,215.2777199262815,15.93474350590891,9.287935510177983
306.349633897587,215.32277754698382,15.928402957694328,9.197820268773329
306.36661055031766,215.3674553439419,15.894449652232979,9.108464674857142
306.77889680444036,215.40593840357081,15.850085755613872,9.03149855559937
307.9347524297187,214.47982086845587,15.867215977788122,8.943032398553543
308.11687571254015,214.51021218333932,15.889859268450067,8.882249768786657
309.281500335648,214.53181812292485,15.877750063526566,8.839037889615607
310.0487328698537,214.55687379851855,15.884384157442451,8.788926538428223
310.0715959472967,214.5642687414285,15.83865800255643,8.77413665260832
310.463417573885,214.58597396975333,15.822196259867608,8.73072619595868
311.63237407460076,214.58702521620975,15.779925806127611,8.728623703045793
310.88187786704697,214.58698302454664,15.753130224810524,8.728708086371997
311.6742477692069,214.76829397055982,15.694601083427681,8.74763886007991
311.8915013268235,214.9340235618031,15.641104571588832,8.79719028098786
312.1298595384876,215.08490134198547,15.545451614941445,8.876498187304009
313.24999044989016,213.72872160411168,15.591165294512976,8.921886243612176
313.4463285855586,214.8373529790979,15.580932772651881,8.99928599049426
313.82516240132657,214.8007578448872,15.590475641558939,9.072476258915664
313.804810021308,214.76160371203537,15.631180401596016,9.15078452461934
314.185466659914,214.71203507937443,15.643701037661282,9.249921789941208
314.1824398648127,214.6454201990685,15.64975462786386,9.383151550553066
314.38023974656033,214.57770459906763,15.645273582435905,9.518582750554826
315.54674088139603,214.32246970974447,15.672274533341053,9.635718659105054
315.7276339612781,214.06419335841363,15.706194923387152,9.756564811956526
315.7104833148816,214.0232670190203,15.740496216180038,9.838417490743193
316.0810650953848,213.98862578239715,15.799588174604027,9.907699963989515
317.03693281114465,213.95548921018408,15.898713693794734,9.973973108415624
317.4216131235506,213.922661018195,15.938881717648531,10.039629492393816
317.62897511011516,213.8931053568896,15.930622567779526,10.098740815004582
317.9987680923357,213.8797472334917,16.00569860312216,10.125457061800349
317.9362173830581,213.87545524351228,16.13080002167742,10.134041041759263
318.05606868388844,213.88755974312306,16.302012902373356,10.109832042537656
319.24111709985726,213.6856208452313,16.410317631516325,10.100642911474361
319.62121097844624,213.66092249008238,16.479187399830767,10.150039621772244
319.79957715423825,213.4342961290029,16.538841221545503,10.186906170632508
320.402086517024,213.18872453303112,16.587509152946982,10.260153810251733
320.58916564839217,213.36070067331968,16.633203023461757,10.336053662925833
320.9920291551475,213.5373645470182,16.671092800210733,10.404534310658685
320.94117766717784,213.72774207501908,16.772795776150147,10.447302395240479
320.92696218369986,213.8956298212496,16.801226743106056,10.537286453987338
322.22904969269183,213.64691954935597,16.763210848618495,10.60701381052518
321.58603232672186,213.39893189526032,16.76436731304096,10.674696362877313
322.2559863935195,213.12586249635675,16.71278683221139,10.791392609762527
322.26668867557004,212.64791467573022,16.691382268110264,10.886048487892312
322.48856822948966,212.83586568617702,16.67950103377205,10.94202434049968
323.6336917016553,213.02206953197395,16.552415476206537,11.002248926258979
324.3355509382495,212.36832449117256,16.443873361694138,11.014562649185766
324.36572836863706,212.3683548470051,16.38351850091903,11.014501937520741
324.8058890999136,212.37240076218492,16.36197457342059,11.006410107161045
325.9171245679626,212.33908169812477,16.284154789734515,11.073048235281352
325.9663039729947,212.29719912356111,16.185795979670353,11.156813384408673
326.2050239643846,212.27627321661993,16.137123628050265,11.198665198291026
326.89265819487434,212.24330621495437,16.048030201814356,11.264599201622135
326.69081984338936,212.2238316028333,16.02323904858072,11.303548425864356
326.9347461137007,212.19444085131462,15.96412198547958,11.362329928901676
327.1445135543063,212.18893345631014,15.973396734496038,11.373344718910637
328.4634759019458,212.14952964953434,15.967616394240142,11.400639828767952
328.9504629273619,212.04614387886647,15.787900039826054,11.483870926918721
328.47920791932523,211.85620695678705,15.874135073884359,11.43560728007003
328.87307828186425,211.6722628542474,15.943698956268582,11.374843181418168
328.6065933927148,211.91295139664786,16.047962270014082,11.322172561170632
328.7630976261186,211.70624728190404,16.164370313049606,11.30616428081502
328.9199696695917,211.92474250502283,16.281538449490473,11.300086057964455
329.9531622309436,211.8993565466943,16.378061456127536,11.350857974621531
330.13375047972943,211.88927016326676,16.451763014395755,11.37103074147662
330.11144797974873,211.9090910762095,16.496368014357184,11.33138891559108
330.30947793890726,211.9365479368039,16.5366493066199,11.276475194402362
331.1684744714624,211.965778992063,16.562813158000342,11.218013083884081
331.40529570652,211.97160215283762,16.524635106948217,11.206366762334905
331.19408719730285,211.96297409647792,16.512355828511463,11.22362287505426
333.1364116308263,211.93995511700655,16.540883308052805,11.269660833997026
333.5509447647505,211.9640469209768,16.58379731534373,11.22147722605652
333.9676223061626,211.98244324425113,16.62211799528333,11.184684579507833
334.3748846019623,211.99829348637763,16.679202119512308,11.152984095254864
334.57550804706034,212.01608756045755,16.714092069441776,11.11739594709504
335.2077824145857,212.01595410995893,16.757753529783788,11.11766284809226
335.64712977921965,211.99726105061654,16.752520315939258,11.155048966777052
334.56050011619465,211.99255527738856,16.73941131250942,11.164460513233005
335.4441183531032,212.00798767167117,16.72110676966646,11.133595724667783
336.1033394518691,212.2170560978088,16.71199898602274,11.151903677021892
336.32393304030046,212.41137032985978,16.70742393234322,11.199887336103204
336.7444038914851,211.95580454083833,16.741162991319467,11.236338152800593
336.74125844672875,212.14329669987455,16.747453880832165,11.29980708642797
336.5144266549114,212.5473292665987,16.761516127233264,11.370944627446814
337.1526526436144,212.50666923084424,16.808042867662294,11.45226469895575
336.896431819431,212.4964731690328,16.877442849549276,11.47265682257856
336.88149376502486,212.50724211337712,16.90731895836149,11.45111893389
337.1161009062386,212.49252664986403,16.882622949749543,11.48054986091612
337.1401772691275,212.68464059019573,16.834470223971856,11.540956145404813
337.1649116201515,212.8696667025655,16.785001521923856,11.615812845721827
337.206706318717,212.61365265358214,16.701412124792775,11.682439914592678
337.2232998119368,212.83268638709842,16.668225138353236,11.689611809504346
337.2453114942961,212.6000763818401,16.624201773634603,11.709975638284046
337.44325112706554,213.06342047588822,16.672849076529516,11.672340587055272
338.7515650878289,213.03954594983202,16.724067195233562,11.720089639167648
338.97577713804054,213.0120895483151,16.72184630582288,11.775002442201508
339.20661941134256,212.96852135160202,16.707237410241092,11.862138835627682
339.2254896306915,212.9027903851201,16.669496971543097,11.993600768591463
339.2637379413481,212.8665580951985,16.59300035023005,12.066065348434654
339.26612436362643,212.8323322331949,16.588227505673302,12.13451707244188
339.48128370757024,212.77708462219402,16.6088740330533,12.245012294443676
340.41263478852824,212.98680285757825,16.558535288050432,12.278666677903484
340.42646806426666,212.9648094657618,16.530868736573538,12.322653461536389
340.87394553579054,212.96751759688814,16.542266555668057,12.31723719928366
340.86752706458583,212.74831091665044,16.55510349807756,12.302389427415932
340.87863653723167,212.7592550222277,16.532884552785866,12.280501216261456
340.8625555417599,213.0064024014659,16.565046543729437,12.238723480274636
340.8640475227359,212.78484198555168,16.56206258177732,12.229522603209766
341.0742351358993,213.26154212057284,16.59381294251795,12.180373507302104
341.53571189081475,213.2687364833536,16.574463966422748,12.165984781740573
341.9836073119631,213.07486389183447,16.581217922716665,12.102457565483503
342.1801889742632,213.10654542132258,16.63838728930071,12.039094506507288
342.60382442369405,213.1327229703383,16.691435407822937,11.986739408475861
342.3513127769031,213.3939867858629,16.746355780656064,11.914314698175417
342.33925159913076,213.42824658328522,16.77047813620075,11.845795103330746
342.56735831627566,213.45094838429344,16.76324325298068,11.800391501314326
343.48112557146965,213.46643481751585,16.728190343554605,11.769418634869517
343.5158552476885,213.48050784255625,16.65873099111697,11.741272584788707
343.98012075936737,213.50004926664784,16.621329769309508,11.702189736605556
344.4302717750707,213.55097089151997,16.609737180839712,11.600346486861241
344.64798515327715,213.37404006149004,16.61680918307621,11.51170938827187
345.1007512055727,212.97133892856107,16.59355935673603,11.434829375878858
344.8927054972696,213.21943546912036,16.57013186106473,11.37815520703768
344.91775959824486,213.46329548719686,16.520023659114244,11.328662905697943
344.9581587835709,213.26554548540773,16.43922528846218,11.287510067249888
346.28148238345346,213.10075214095372,16.401097028219304,11.182343599570926
346.3346514543194,213.09793958228204,16.29475888648748,11.187968716914265
346.82262037403865,213.1022943731672,16.180674707322403,11.17925913514394
346.6460113920256,213.12894405190772,16.10483107505364,11.12595977766292
346.89831602537174,213.58452566494688,16.027257401153605,11.06886773716903
347.77274770853774,213.2124551290155,15.978077071430405,10.96316729072745
347.80839272156805,213.68514762271934,15.906787045369825,10.86264229100359
347.85461283909547,213.50743833894305,15.814346810315007,10.798370206093566
347.87404706979936,213.55456581228876,15.775478348907194,10.704115259402181
347.8961622089582,213.60443423857478,15.731248070589556,10.604378406830095
348.1702474937986,214.42725811174898,15.595842396045466,10.609790241028895
349.6577861047906,214.6318560762972,15.496473019873285,10.611409718477029
349.08844966252747,214.8471898418876,15.407112406822279,10.590086686488682
349.30989698166485,214.6820281344618,15.371861708915963,10.512766160971875
350.14840249265995,214.92762185089558,15.318180209992828,10.427411108871086
349.54726740273463,214.97931190696542,15.309622343747478,10.324030996731407
349.96876488333703,215.01564390441325,15.270159885564468,10.251367001835712
350.0088921636843,215.04693944393068,15.189905324869887,10.188775922800863
350.02997338539507,215.10092426780926,15.147742881448327,10.0808062750437
350.4364137095969,214.9475498188973,15.125445556354236,9.992263511212908
351.64285781979567,215.37912317654585,15.073461392346232,9.916084814712324
351.0857038294696,215.41356190907965,15.013463460082846,9.847207349644746
351.6850307818858,215.44887695440812,14.982972124297039,9.77657725898779
351.91348786307594,215.6589417904544,14.913811034895971,9.744200659874414
352.13851109242665,215.4851305292511,14.849940321598346,9.705647436877241
352.16790917099866,216.64913137504362,14.791144164454291,9.685094820705793
352.1856323055717,216.6563769787999,14.755697895308202,9.670603613193212
352.40531935137864,216.64919917508146,14.698900395066305,9.684959220630104
352.6378873353423,216.64168477327576,14.615727309410236,9.699988024241545
353.61545911553435,216.63371178090406,14.56540058234626,9.715934008984917
353.6282128945359,216.8091151551659,14.539893024343046,9.745599140194516
353.65595188323573,216.60045173984227,14.484415046943504,9.782344946479823
354.82775640860996,216.7634009234781,14.42294179702782,9.836802546013674
353.53723597351774,216.91735331774157,14.341653496818822,9.909230496114404
354.91034199416674,217.26773435838638,14.257580633133198,9.969079608428325
354.57390527964856,217.22467901242408,14.170404231235889,10.05519030035296
355.00700534989477,217.17443013580856,14.064457781615243,10.155688053583939
354.8537580844945,217.14018645365599,13.990776486777815,10.224175417889095
356.03122233729107,217.28704337032758,13.916944483087677,10.310644334863103
355.89100462699395,218.19910588596085,13.816901234708263,10.38891264846532
356.1216397359472,217.98683259202582,13.735868093096704,10.433222160040378
356.5694284258438,217.9557576996893,13.599743058886268,10.495371944713416
356.4385461011553,217.9291779538015,13.48284522272395,10.548531436488965
356.50941296136875,217.90942601522363,13.34111150229705,10.58803531364478
356.57828697968546,218.07703273097414,13.203363465663644,10.629034810158387
356.64503883152275,218.25330177174982,13.069859761989028,10.651262297943411
356.70332416646954,218.7856621660929,12.953289092095424,10.705767198307228
357.4997051093175,218.93258392205706,12.849179360641271,10.78408672493935
357.55379076132635,219.27943429384757,12.741008056623672,10.83403004882248
357.5957761636383,219.06371005464658,12.657037251999816,10.894521860273883
357.6523060038032,219.02265322479187,12.543977571669979,10.976635519983278
357.8890813758849,218.98952626757304,12.440624529924293,11.042889434420962
358.1289520880987,218.94768558062182,12.330538421070205,11.126570808323391
358.5573980307771,219.09049484608303,12.212209797145057,11.210233908116834
358.24073641924906,219.24659753971832,12.107987029016801,11.266801516438433
358.8386496060416,219.94785416090585,12.016302590144663,11.336477520347229
358.883006390595,219.9284435977206,11.927589021037791,11.375298646717715
358.7467542506392,219.9059840383042,11.83314445977285,11.420217765550499
358.7905900159732,220.07554322934848,11.745472929104833,11.447279629567205
358.84558046876225,220.60871404220453,11.635492023526641,11.476635955662555
359.4285123354785,220.5947396628223,11.561533400144135,11.504584714427066
359.47594049168094,220.7546508315019,11.466677087739336,11.548008054851447
359.5171131223776,221.1040431414915,11.384331826345898,11.574094276317936
359.5532568876363,222.17120528488837,11.31204429582865,11.609051568302506
359.58979325193565,222.1550231080781,11.238971567229916,11.641415921923064
359.6276303557149,222.31326263325008,11.163297359671375,11.68524399984909
359.8313517393125,221.7593855788203,11.11565066976447,11.713609876843787
360.0512616259242,222.09367160121357,11.03531597834252,11.76400799566029
360.2697716098504,222.78768511822312,10.957294633500215,11.81197545368124
360.48553648935007,222.7638868203993,10.88427289825241,11.85957204932887
360.85276566836876,222.75327710192963,10.865991438238678,11.880791486268194
360.85699552378816,223.63361577056116,10.857531727399852,11.910753761067824
360.8625809525197,223.61805840130964,10.846360869936833,11.941868499570864
360.8765145573577,223.5928284687566,10.818493660260753,11.992328364676963
360.8959402509386,223.7463335025748,10.779642273098922,12.04442491355571
360.91373924162224,223.90401946211318,10.744044291731743,12.088349129970112
360.93815862988106,224.22664325208655,10.69520551521411,12.161920374683609
361.1449894146443,224.18449920580238,10.641313366001729,12.246208467251986
361.69771198758474,224.32912683687582,10.616503672497215,12.317165022563854
361.7160099725302,224.48178980732325,10.579907702606306,12.372750877969732
361.7155221924742,224.83258984443074,10.580883262718235,12.393517635888719
361.52382523931885,224.82093616150365,10.602757211801805,12.416825001742922
362.2405334535695,224.80624639832857,10.618267112490285,12.446204528093059
362.24534556330474,224.96036231805982,10.60864289301977,12.500907424818546
362.2405149355735,225.12704642547448,10.618304148482236,12.531164002259752
362.41936450845446,225.8504648330705,10.624852279280601,12.54131629330855
362.6202225162018,225.80972859595093,10.587645589945327,12.622788767547744
362.646543055037,226.5052239912599,10.535004512274853,12.69246682018333
362.6798739438363,226.46203896716025,10.468342734676353,12.778836868382601
362.72005272712283,226.5890190658686,10.387985168103198,12.890521669281151
362.7331227131346,226.92345874968535,10.361845196079646,12.95376366773385
362.76327842503,227.62113092632194,10.301533772288897,13.024848551356817
362.79895336063004,227.56977384977893,10.230183901088836,13.127562704442825
362.83389531224117,227.69728721996688,10.160299997866572,13.239666328780617
362.86354222724646,228.02458249822325,10.101006167856033,13.320485439796292
362.9099450785944,227.96299407272255,10.008200465160147,13.443662290797715
362.94890919035663,227.91481778345468,9.930272241635594,13.540014869333449
363.16772623484644,228.23676645284388,9.861154478112844,13.633150181468919
363.3620010366925,228.95252415255234,9.841399888185405,13.676814837110348
363.55312426565007,228.92832523716396,9.82828568346725,13.725212667887096
363.91896561612174,229.10423488993166,9.835902719801044,13.743043230990285
363.5611249598781,229.46203615682776,9.811493396736328,13.767531332750162
363.94090959139754,229.63926526180927,9.791952836286471,13.78308747408162
363.77372690974124,229.6232745944609,9.75639018984874,13.815068808778369
363.60781207259157,229.78933246865972,9.718394029541551,13.852778894987338
364.7165637749223,230.14476131053937,9.719506518508208,13.881459842437465
363.8031793661458,230.86948965274271,9.695169510111892,13.912887818790129
363.68147381712214,230.9767055957593,9.568286456104838,14.06875008481131
364.29580841717393,231.0965023490211,9.451255793954838,14.199702757605614
364.16758069286806,231.58741941913442,9.337136636500546,14.329592435577277
364.03563818005324,231.54463221607023,9.230396195229838,14.415166841705675
363.1553570144106,231.52703525395535,9.140326627506525,14.45036076593544
363.57846917680365,231.69014491876138,9.032395425322932,14.49328799762467
363.99339409794527,232.03091924059447,8.93850448631995,14.547698257238695
364.22932289689965,232.7477972561253,8.833861793729314,14.582801847449192
364.08259576116154,232.75575874452383,8.761338603741113,14.566878870652143
364.1384673975328,232.34775842036427,8.649595330998656,14.653842838258143
364.3689912124934,233.04661901398458,8.552472914253324,14.711822503721745
364.41577861315284,233.01259550941523,8.458898112934584,14.77986951286046
364.43952496677423,233.18745741325324,8.411405405691722,14.7927102819578
364.47223543479606,233.7129668216565,8.345984469648068,14.8275358229293
364.4945330589563,233.53340528612367,8.301389221327721,14.825307823346584
364.51899630171977,234.787581546569,8.25246273580066,14.840868248851312
364.5350944071076,234.59820144764686,8.220266525025071,14.859673032999881
364.56938331889387,234.7502423354487,8.1516887014525,14.915275462584207
364.59424308903374,235.09489912491398,8.101969161172779,14.94463020476583
364.57742679045424,235.47832256723473,8.135601758331767,14.895617387613372
364.43028040632754,236.3469433483203,8.071125265281838,14.952222131958582
364.1039841050078,236.5100308899746,8.006715578649029,14.984548193286152
363.6103436711026,236.2925502729927,7.9203743494959715,15.061635394928773
363.79943411920436,237.70191139099634,7.8997200275526085,15.103125753002157
363.9871810229164,237.50790461511136,7.882007719562704,15.133357805337962
364.1736333750237,237.31539773138712,7.867024118156488,15.160450469977945
363.82516095289526,238.0031345954281,7.847846510572082,15.217221645578581
363.9984579996303,238.35357259143578,7.859816955070027,15.23347472949962
364.1595726943806,238.88141723064933,7.896596891833494,15.254813429864265
362.88750182502605,238.69382010252264,7.9210463988010495,15.270051653011745
363.94323670600573,238.69941531921611,7.973180919451565,15.258861219624826
363.91826613573744,239.26110393004132,8.023122059988125,15.219483760307416
363.8975420399026,239.81284397809978,8.064570251657816,15.200841465769278
363.67604510022636,239.84415933360987,8.145514252890358,15.138210754749093
363.45416538346177,240.23125008486596,8.226758448365755,15.089059728344495
363.2434457043278,240.60844259539948,8.28501713497132,15.061036050602155
362.8297118699207,240.49267381005902,8.384960114780675,14.928811276780662
362.236120893407,241.62682002222306,8.481605048039986,14.841592891988647
362.5617666574101,240.5661664500484,8.55804244372606,14.779713265261167
362.7054682185394,242.0582273732579,8.634883339130273,14.709543560144418
361.7745166323384,241.89205692692764,8.674267545898681,14.677380659678166
361.9168448540588,241.93486996344882,8.754303052978248,14.591754586635805
362.2494635312584,242.87850521519562,8.818605523461265,14.528333645347924
361.3148746856303,242.89483076585992,8.863237123121191,14.495682544019317
361.28571717229784,243.1069004085059,8.921552149786116,14.436716991467852
361.25009844894487,243.8684504606805,8.992789596492047,14.374714430828611
361.22556742877475,243.88006508281333,9.041851636832224,14.35148518656293
361.1904200289792,244.26687870624858,9.11214643642335,14.309895934702949
360.8031982321406,244.82479294496073,9.153443189058017,14.293787718842458
360.97439971758433,244.81548026985644,9.17806289955695,14.312413069051042
360.0294825707498,245.00789844124097,9.229332096417574,14.295289745643661
360.0286943689873,245.52461820568055,9.23090849994255,14.366788338742628
359.82128395104115,245.69037274447948,9.27631898929337,14.404689607686276
360.5397355097971,246.0603144467855,9.322362263881281,14.406279399124129
360.3279872372272,246.25638348219002,9.37432977548929,14.385670361846737
360.118332314128,246.4498878330771,9.421552851997713,14.370748429762541
360.0926156347063,246.44625493730237,9.472986210841052,14.378014221311998
360.06822278468036,246.63627599800517,9.521771910892998,14.371587433572829
360.04985198736256,246.84681651336044,9.558513505528568,14.324836960175828
359.8448269758324,246.848262475894,9.594324898057334,14.321945035108719
359.456485382155,247.02379768371046,9.62142800946257,14.345664657450618
358.3239445625022,247.57547287968924,9.632927857529618,14.369105161112305
358.3000604387177,248.14124670321888,9.68069610509855,14.365979269373321
358.2801963447116,248.13092533561803,9.720424293110748,14.386622004575013
358.05462078582224,248.33746440822213,9.79371901538848,14.351400254867922
358.80896340827394,248.48815883938173,9.799196862083345,14.428552165448284
358.0375833137042,249.02279730358836,9.822780648646877,14.498657538966953
357.8148403674115,249.38571225772176,9.887025465630542,14.535309781903582
357.23494820562865,249.35002365354,9.898235190167322,14.606686990267097
357.2346568409145,249.47712617833182,9.898817919595604,14.736601199901823
357.23011467663895,249.60912429775365,9.907902248146693,14.858689669448124
357.2629842886071,250.35679225751193,9.960473432518983,14.900639255937019
356.4723452031491,250.89944533334605,9.983446062458677,14.984062260000963
356.2324889630278,251.28406408842704,10.071945954658705,14.997249925923956
356.19339804242816,251.64668134501957,10.150127795858019,15.057777439514247
355.76678915541356,252.4022296247879,10.213166387027526,15.12703924569696
355.92842003630824,252.37141362700737,10.287082806605142,15.188671241258028
355.87528277058846,252.97553962860297,10.393357338044703,15.178415878162921
355.4474124011706,253.35210863852535,10.447220814442703,15.227155120755809
355.0058844902782,253.33952525635348,10.525146062937797,15.252321885099555
354.95607885677174,254.3526687215406,10.624757329950782,15.247206463395564
354.9153719582155,254.5390594991358,10.706171127063222,15.280228412048544
354.86679299809,253.93967207881596,10.803329047314232,15.256063187065521
