156.5,277.29998779296875,4.800000190734863,3.299999952316284
156.00078815106843,276.7344795870691,4.79842388859797,3.3040052906062822
156.0015594730002,276.668956769128,4.796881244734409,3.307997357359722
157.97265666192843,275.7131545820908,4.794673257563676,3.3131567036828815
158.22878429938876,275.7747243170058,4.791011367257449,3.317165580006512
159.81850772592267,275.7083062403709,4.790548520238182,3.322842373034266
159.81854839249965,275.57823680934865,4.79046718708421,3.328488813945021
160.19843853923197,275.06626283083125,4.7947166681620015,3.3337304049232412
162.8121451448418,275.12785298450007,4.794355548104962,3.3380391729798125
162.42922055028077,275.125908640023,4.794875898028264,3.3419278619340282
164.40648837270174,274.7411254738342,4.796774163399137,3.345732792334954
164.46996873752667,274.2924438099278,4.797531851999113,3.349067192399088
164.53205431912298,274.5478851032833,4.8011456191058,3.3493243268853075
165.04088500699712,273.652071482889,4.8062344112011735,3.3511387739475187
166.00045584627412,273.58579429922816,4.806351893420065,3.3557425305509434
166.70148233818645,273.07398183186075,4.812611471345759,3.355140147649218
167.14685065087687,273.13787816813755,4.818666052129579,3.355460504547756
168.10487301277493,273.1386652055849,4.825767944660506,3.3538864296529844
169.13034052814777,273.2657416376639,4.827489299511434,3.3563156136946435
169.64255797914194,273.4570104097332,4.829911646099412,3.3588495377721506
169.7041015284119,272.10932434715716,4.835260151394739,3.3570739823835294
170.9262163775246,272.68700303551526,4.832284021146817,3.3580998747092576
171.88925894843908,271.7228454368855,4.833084525308943,3.35952942597767
171.82532991491183,271.7852047362134,4.832447839915333,3.3633055797699685
172.65871775086816,271.33455849972677,4.8367900005546485,3.3647653736767973
173.55867610094867,270.43479248822644,4.837794393488452,3.3633763035825877
174.78278905832516,270.5617422627905,4.833527817740772,3.3667356322445685
175.36245988824672,270.68868466161166,4.831770653337233,3.370091833588809
176.32695636390702,270.494830771419,4.832518564421938,3.3718514414930967
177.29349193214472,270.04318314902275,4.829793665568757,3.374318442061808
177.55014581384077,270.1709662231247,4.831243177416072,3.3761309314775922
177.74218926430387,270.23291725616366,4.833379716054507,3.380970011921251
178.32134233644467,270.0383497391776,4.834753479257136,3.3835450767318807
179.35334172839885,269.5223195877409,4.833420174255862,3.3842726401517207
179.61064481043456,268.74833436458835,4.834447823050868,3.385341647857519
179.9302616025899,268.74726333558164,4.839922385320442,3.387483705871027
180.96133548834737,268.6822634602117,4.8427301628413915,3.3884237347961004
182.8976228273616,268.16459980964777,4.843685587556844,3.39080967519227
182.83366414645315,268.6791728881099,4.8424314548313685,3.3950354746068245
183.60857182366624,267.7734228425834,4.84328356075826,3.397423528581298
184.38459376392694,267.6424460918946,4.842534617942026,3.400827873674677
184.9670337232999,267.5113913075833,4.8415295892519365,3.4042985778403443
185.74287594781995,267.05725606983924,4.842183127120828,3.4070385609649536
186.19498013833052,266.5407226085898,4.843890804501004,3.4047728452908155
187.09988271272164,266.60483481829385,4.845755970172288,3.4059534483437797
187.16442432273757,267.05623953798647,4.846125448994202,3.4093129009352836
187.94285029713896,266.4722096246631,4.843437967092048,3.411749377406642
188.98032246407138,266.600353748461,4.840705726580158,3.4144876414799805
190.14582250986942,266.46953920600737,4.84101331200569,3.417082540051499
190.14310579372622,265.6276963245242,4.846446744292098,3.4164293762563545
190.1405233367164,265.95136422987895,4.8516116583117705,3.417273265428711
190.7885567488209,265.1720326610069,4.852824486401133,3.4192008204147335
192.34319731187855,264.91247542853466,4.858217681350187,3.419202898515085
192.01635660831556,264.6524253977371,4.86260066193502,3.4198642188772546
194.03037761848068,265.0417700721123,4.862601489299701,3.42079606645499
195.06680684654182,263.87282548131685,4.868979041380733,3.4195447388170646
194.54797639840746,263.9352103594999,4.866415719728709,3.4248030096910873
195.6535228900699,263.4786819050711,4.86661507133802,3.4273277806345863
196.5611811225901,263.9321889458754,4.872988102674618,3.4311584472145085
196.88339834501562,263.082904011483,4.87995481332824,3.4360853116873806
197.99292209756373,263.0805235716818,4.878843616283386,3.440846191289808
198.71240316369494,263.14291365648876,4.875695575652992,3.4465945754605585
199.36450663702843,262.94533030059785,4.8772457646618195,3.4500341465397204
199.69221156077595,262.9426040291564,4.875115237101349,3.4554866894225347
200.2161659226004,262.61401485198405,4.872914450542,3.4590975830862636
200.34872978809213,263.0040682472579,4.869266087956532,3.4634288977325984
201.59152087370242,262.08594923023304,4.868044358782473,3.4690855534322336
202.63646167032627,261.62820710177505,4.871450368691178,3.468756483967352
202.70305629095236,262.1498485885654,4.869137751152509,3.4724865000948126
203.75221436080054,262.1481151813015,4.865270094665728,3.4759533146226063
205.18926916570402,261.1680341808063,4.870994247371953,3.4725922957176967
205.12483150334472,261.29755756537315,4.868936689370382,3.475411292024229
205.2572963674678,261.36103642729597,4.8659032398985875,3.4794017075657773
205.97611184487798,260.9042580625841,4.8689190149575765,3.4761832452482286
207.80869957500056,260.70893312087406,4.870639800695206,3.4739513880272828
208.3955016046861,260.83968450291513,4.875584783588054,3.474348411114991
208.00451144513326,259.9871441125317,4.871377271785843,3.476022224914622
209.11859547953955,260.1168722170972,4.870126847370867,3.4785563268892985
209.8409745576028,259.6571815800804,4.866566003801661,3.480812038386254
211.4104527578257,260.11609085952836,4.871636851094713,3.4800014267475383
211.0807149814189,259.6585733935961,4.87578943266776,3.4775841988753493
211.60612971379834,259.723018767223,4.873661436801415,3.4797811352331025
213.2160237897348,258.87800971843245,4.879743770774653,3.4775053156221563
213.74119432820905,258.0896369585218,4.8785727686000895,3.4804957232825737
215.05445498377313,258.2204710217121,4.875606791119553,3.4811831302666887
216.29943569411185,258.15488173557065,4.877384583716854,3.4812175334299322
215.84109409634834,257.95886699375205,4.875866175425883,3.479732044002276
217.02286064101932,257.5010832419323,4.87256883074326,3.4774300913853606
217.74484702713977,257.63151306277337,4.869996215128415,3.4786432054533543
218.4674960613008,258.0230886407052,4.865889428990951,3.481596385326738
219.3195929546642,256.9744713620249,4.864744990536699,3.4827702063520682
219.4525677412351,256.9733029089816,4.8608069730852375,3.4851071124385604
219.97622468758186,256.8409327390733,4.8613696570689235,3.4878783080858886
221.41713409627403,255.8578390333376,4.862402012296434,3.4884853745946725
221.7461243654817,255.8575775111292,4.859743067509987,3.4890084190114847
222.66181638958517,255.5309540384314,4.86281589924198,3.4870921930003105
223.58004429480584,256.11909316805895,4.861027453688979,3.49024295403056
223.77623585907665,255.59372300808207,4.861861538080308,3.492404039496586
224.36593461446216,255.98546633068528,4.862549352192095,3.495640944212088
224.56235395257588,255.1316903822119,4.863263441346963,3.497797524502076
225.67533008826948,254.99919610880903,4.868230442413893,3.5003249804308187
226.39947439907397,254.9323593499125,4.8647631074196545,3.5026511085316527
226.7942480246425,254.4697951192338,4.863214401942364,3.508447933286046
227.71567575690653,254.8623277299201,4.860027834573568,3.511812239267383
228.17603672713437,254.0069029512688,4.859189240235617,3.5143070109227885
229.16385240888752,254.07001402613966,4.855160731570901,3.5195250515039023
229.49284256703396,253.7395676608167,4.854504557688937,3.523093639738858
231.00462212461218,252.94769071016907,4.855755844911375,3.5286855919668887
232.23079399854925,253.00636665351954,4.8582048740195765,3.5266099379051914
231.83408175725978,252.74476014904047,4.861865028508215,3.5233133948030995
232.49063454243145,252.4831880274843,4.8650470348764205,3.5199426072308624
233.0840828527257,253.27331694458078,4.8627451157245565,3.519144374953383
233.60961985486398,253.0101152531005,4.86425996674625,3.519253330264778
234.26679956125778,252.41829937704497,4.865884261658527,3.518499745445973
235.25544247624777,252.8783676991378,4.862757717892175,3.5196374348267048
236.92063640878698,251.63340125281803,4.866952480532812,3.5158275418398564
236.78919642392032,252.1605013895158,4.866666651128106,3.5142904649963933
237.97410659193451,251.76579510306857,4.8648057430972305,3.5143832285583465
239.1573050091987,250.9774640012407,4.865887892704421,3.5127261094570756
238.10643718408036,251.10720484323213,4.863371056518688,3.5162759862769986
239.0272672524803,251.37116862295082,4.863214400359901,3.514492278451327
240.14687419740878,251.56684062090892,4.859573147992759,3.5176611009157073
240.08304352975827,251.6961409655258,4.855733354931216,3.522062668407027
241.20189636995127,251.29916382960675,4.853786098859407,3.526925731663651
241.2034642243133,250.70537262433848,4.8506503901353515,3.5304183261320805
241.86195170037797,250.96665368806202,4.849428508213068,3.534157426767818
243.5754380071092,250.04362553443158,4.844527827957353,3.5375596161481226
244.36401268796905,249.64762299431638,4.846573772507995,3.539967043243409
244.82633038158315,250.23824866209864,4.843629625123223,3.543747301763278
245.815218861321,249.7101998945853,4.841165321730468,3.546344753545769
246.7364737166996,250.16983074546388,4.842353484272715,3.5489319884383246
246.67120814522053,249.44238909031486,4.841131437072589,3.5545302069952758
247.39592246862304,249.573497170336,4.841793737321792,3.555966946417381
248.8323013197695,248.8174803117697,4.842568905012482,3.556472877882523
248.43680223921854,248.2903858546123,4.842286210080576,3.555620650818967
248.96450197312183,248.5534079050873,4.841781724564025,3.5570240410140106
249.953381087631,248.94815145290514,4.842181851321406,3.5588002876886455
250.54568872877786,247.82615457916475,4.844778425577243,3.5602827505757695
251.79935711541367,247.82631975350006,4.844989099542246,3.5599524019051785
252.3918195186296,247.36466326444477,4.847829975599156,3.559447626968908
251.92889261117801,247.89283163426566,4.849621911825839,3.5591816058145453
252.72037623289242,247.36385854386862,4.851035005359965,3.560874228633387
253.4474558994371,247.89247455407505,4.849765765185399,3.5602895485222357
254.03984387290635,246.8362884477577,4.853458270557477,3.559828957049144
255.09749364558274,246.76999020384267,4.851767992653457,3.560324865663701
255.75688769233156,246.3732369844037,4.853810307340981,3.5613330596305093
256.3518333014482,246.96818694668,4.853094448767017,3.560608494737245
256.283955452369,246.57152820665323,4.856742307719916,3.561278939558013
257.07901783047396,247.09910670109954,4.852708409537976,3.5635158560173052
256.8161794506953,246.56886544667736,4.849786540174779,3.5668011070208046
259.65618601800884,246.3029953908701,4.852616499809004,3.569904651727325
259.7222670932988,246.23473707744472,4.8527073689040625,3.574168258903039
260.7129605557399,245.57244950700994,4.856184906331974,3.5755004248992095
261.2404487705347,245.77017268828448,4.86040026931504,3.5772509845648837
261.3064606673325,244.97494195967639,4.860868194675409,3.577811814310648
261.50401256189724,245.1077639097267,4.86328847344154,3.577183959473762
262.9618576367033,245.1063035523082,4.863357323378347,3.580104674310824
264.55465373963665,244.5086741620735,4.85976744252179,3.5821125829013316
264.2910808272228,244.97118533539546,4.856666077610416,3.585022818300958
264.42528280496487,244.43956748979852,4.853386847707831,3.5877596071686764
265.6822704123509,244.30844773426332,4.858001584064281,3.5848843865413285
266.27775303072997,244.04506957778963,4.860259866639733,3.581319135340451
266.8760423555283,243.64753629925028,4.856687687208556,3.581048045642065
268.1360863831884,244.17816365705707,4.854053064555812,3.5797737227305557
267.67366418130564,243.6500455372068,4.851841085595951,3.576516953602166
269.06402543763113,243.5848906298903,4.850460869641219,3.5744771350590994
269.65996370977416,243.98339174684617,4.849241351811263,3.571246252118235
270.1891964099131,242.66290052670186,4.848565822047937,3.5677540161205212
270.3194932797772,243.1937186497332,4.852284520658878,3.563367523414147
271.5732804957854,242.66739158479007,4.855385022293822,3.5588953654472206
271.9021855562097,243.13189930869706,4.858147539271967,3.5546816105905275
272.7598796124896,242.27566701166305,4.859894956989237,3.5500106743814572
273.94693085223827,242.21151766997082,4.862462652566673,3.5462721258173424
274.8041125815399,241.88381223744284,4.864292222904947,3.5416087489726094
274.8691987782819,241.62210182599125,4.866085888684636,3.5371653348214998
275.8571537634518,242.15094337978306,4.868980641374491,3.5348447461870207
276.385145416497,241.55891353833104,4.868406308692579,3.531569334006508
276.38330703108466,241.49495126733495,4.872083079517156,3.5276302682750234
277.69949159117647,241.03552737086463,4.876807220900186,3.523495419667288
277.5001279385769,240.5761404110722,4.879959462705843,3.5192608580007096
278.5528836873396,241.03966780343205,4.883832613346231,3.515061856853621
279.0788190985156,240.51446723592375,4.886571479104464,3.5108533037600265
279.3412153972579,240.77964919459754,4.888972899352538,3.5076834041450247
280.46329290496544,239.33171004571128,4.885124606197107,3.504341237816839
281.51582544916437,239.72746937052813,4.886770823215936,3.5028393277143763
281.8436861201319,240.12325671713617,4.889397919840665,3.50128276077011
282.83206481789676,239.46493039112315,4.887898633569641,3.5010966732904074
284.01458668885203,239.3419640953415,4.886097560579817,3.501473367621564
284.67158718174124,239.01491838480374,4.888466700020898,3.4973797260873325
284.6042644210111,238.55640299328155,4.891506684948763,3.4931717534055324
284.46978737456277,239.08377954577267,4.897296145150101,3.4910771792048525
285.5896866245008,238.42561105475,4.895301140645441,3.4910591639729565
286.9690352904727,238.42624394002976,4.900308713228042,3.4897933934134198
287.95365342275284,238.1646364439022,4.905972019548952,3.4863685001002307
288.08431264517503,237.96900714289518,4.9080321598426275,3.4825592244072117
287.7536143262497,237.57558316707676,4.911140216735866,3.4794608788951833
289.06754346561314,237.84044175686506,4.91635582404876,3.4763584765264937
289.3941530121406,236.65732191397828,4.921544089316818,3.472331672337345
289.92099071393267,237.38285770296906,4.921417189569869,3.469889287132001
290.6426270652861,236.9239246607828,4.926309541297061,3.466195791410112
290.3768364066849,236.4650379016256,4.931233124857207,3.462318275850549
291.8907496759672,236.92817914200367,4.931929302337274,3.4577600999775653
292.5486958731213,236.20584392202252,4.93213895927279,3.4547182835716996
293.86578316159313,236.14135016962945,4.929227775985472,3.45214261867505
294.4569315183417,236.07774875136982,4.930220993465022,3.4478687961968815
295.41615187250494,235.61039317001442,4.932696933816255,3.445348697013389
295.5493128175161,236.13692478952944,4.929208882524709,3.4436208129064076
296.27068385343847,235.35011553939856,4.931159379520432,3.441211056251418
297.4528660774003,234.9578128008047,4.9306514915201145,3.43786434679799
297.451449611454,234.5658229360207,4.933484423412751,3.4342695531599516
298.04194129457886,235.02705463952051,4.933713547541438,3.43052697201019
299.09305044492913,234.30639411042552,4.930494622374385,3.4287859595208787
299.61910234337677,234.3074236889515,4.927271499887413,3.4267268024689237
300.1454970301453,234.37302527175837,4.922701228268562,3.4265510245949766
300.5403045150463,234.30750462825088,4.918819023213085,3.426636850818869
301.65082343230756,233.65492272046157,4.923051303045343,3.4228182461888124
302.63491440971086,233.85067683226865,4.918355509763866,3.4240072548796805
303.35343421627834,232.6740198909308,4.920641730796435,3.4220606816448598
303.41830542961776,233.26297417384424,4.921749476307448,3.4218036655266517
304.33638315779683,232.80528282850588,4.91767118219431,3.4211477750808554
305.118750120724,231.8908717883808,4.922419990786044,3.418906665143967
305.18658053272907,231.89018863804793,4.917584076945505,3.4202729658097426
306.16976106463136,231.8898044003022,4.912839901493803,3.4210414413011407
307.0206372947479,231.43226005881277,4.910388988563785,3.421121598809097
308.52408645574593,231.88984134781984,4.909126258385949,3.4207176791744587
308.6551018327535,231.3660459169396,4.908403630695625,3.4230760356361403
309.57174931331053,231.4298375082661,4.904658062402105,3.4261749524703324
309.89874440807114,231.42829297221002,4.904051311467589,3.4292640245824977
310.6153483923896,231.16847600349595,4.908747091846806,3.426023871459262
311.66218421918086,230.38531850006157,4.906850973282471,3.4235072270644493
311.7942313462356,230.58188705907943,4.904088249690085,3.4223674048044312
312.8417039097088,230.64617309805598,4.898826400497217,3.424400531710919
313.8192950596766,230.38621275068667,4.902033252515752,3.4220841192617697
314.5383995091559,229.930113425066,4.900088640674051,3.420296405974112
314.66916347666296,229.47483697536703,4.899581866556197,3.4172752422352026
316.03819068978964,229.28091279132468,4.901041100559815,3.4137645159974643
316.56215590811416,229.34606168392037,4.8964473623476685,3.4138838181106554
316.8891583279063,229.2171367032796,4.8941908673442995,3.4110344415598948
318.1257828635753,228.63206326662234,4.896043696051521,3.408764625379336
317.9975266534009,228.69568172642394,4.892038089184377,3.4117867193841
319.951401074478,228.76053863463414,4.891742040673781,3.412321329418482
320.1485803236252,228.76109955382682,4.888141892753319,3.4111994910331456
319.7596262065116,228.3051414438597,4.884970911415959,3.411856626142013
321.4513275813773,227.71915731477105,4.885281312483123,3.4125395628890427
321.5827812408678,227.97853800310645,4.882691553477026,3.414413306167947
322.16861118980074,227.00080911719604,4.88238693183686,3.417612284279133
322.6916997200268,227.12927134009368,4.877800214219688,3.4210854241925928
324.06000226528937,226.9978973846655,4.875117810168215,3.423459745860994
324.90867224506826,226.8667316418944,4.870188390993424,3.425420379036533
325.10596118501473,226.4100521083532,4.866040253434392,3.4277767140066953
326.01435634320393,226.08623598647992,4.870921400077418,3.424812006674147
327.05753795936874,226.14973531735308,4.866866872384765,3.427957638967596
328.099872932973,225.7586334831122,4.864354916791422,3.4293520605936587
327.3825163650248,226.01900096494504,4.867749333008132,3.429096631356963
327.96667810682385,225.23891968834226,4.870928890623287,3.4272551296114826
329.7260607098211,225.43253883814015,4.867150849146667,3.4305709594065816
330.24879856016315,225.43165141970957,4.863133298346598,3.432345796267732
330.4459899400325,225.43069056223243,4.85920285868096,3.4342675112220316
331.4890336155326,225.04102723031644,4.8550835569510955,3.4328561565776803
331.8160314686977,224.71720911042536,4.851274954376142,3.430305292604605
332.39998446635093,225.17313750834907,4.85280874371046,3.4280127737001362
333.37668365290244,224.45730734051006,4.848257816556796,3.4305183156819177
333.96081797809853,224.52265348767372,4.849049741171567,3.4297216407998348
335.58575836744785,224.39336648479895,4.846530681313852,3.4285067090421024
335.71752107423663,224.32824393739233,4.842677931504633,3.428915471971178
336.2996743188647,223.68060122158374,4.846434445108631,3.4263531226326713
336.4965106512037,223.93841589470063,4.8421599092749075,3.4299212815246096
337.601385779701,222.9637521610942,4.838899433254054,3.4323460008195603
338.64006836373915,222.96225642348838,4.838080419453671,3.4353374760311586
339.2911862852416,222.57202978721085,4.834054848189587,3.4368645855417386
339.93980426913606,223.09242284555026,4.834671407563172,3.4343604905929297
340.8500395194021,222.44190841062002,4.830747602596973,3.437856006477816
341.82315967057696,222.50526784189333,4.830780066398313,3.440888661674595
342.5378854262498,222.37622506688948,4.829150041903557,3.439370304982182
343.1204836449092,222.2466448526418,4.831724041068393,3.439026192036685
343.0544703206092,221.79362380236438,4.833965117389166,3.4365692866372313
344.8083945203034,221.01411243825737,4.830150535714999,3.4382436514227495
345.58701904915665,221.01254206703317,4.829887836197037,3.441384393871159
345.7186366243444,220.558591910129,4.82624590213889,3.4407084505685646
346.3037662455237,221.07904613222564,4.823559677200221,3.4376426885262896
346.8885131551406,220.17388557327814,4.820818489720258,3.4330152681376864
348.3779984859427,220.1760730921592,4.8208418050714785,3.4286402303755215
348.63725438829493,220.2415019261905,4.820129098182374,3.427232336766874
349.6081952959455,220.04889322207075,4.819484220268941,3.424202357528835
349.54215434167673,220.1151042934728,4.8222100059674435,3.4211363375636843
351.4810548436663,220.11605140278417,4.824814920974199,3.4192421189409212
352.12937595691284,219.59802291189777,4.821723399631262,3.420458536593581
352.1946640827577,219.08062294331583,4.820475479770076,3.4206318191296097
353.22927343102896,219.46824613811813,4.820253603644434,3.4212592371813653
353.68194758592836,218.49884931129677,4.82014025901714,3.420263679742269
354.07211084976495,218.69140100027448,4.815620706180491,3.4230637892051146
355.4316479930134,218.6250067421762,4.8114030625820385,3.4265734176446005
356.530534815847,218.23480473266088,4.811267774204615,3.4313403693965365
357.4377034649538,218.55660741690448,4.807820554139572,3.4344814573909783
357.9571111141831,218.03750839943052,4.803795661592993,3.437889086426867
358.217257479863,217.90870314763222,4.800878633540536,3.436811738369775
359.18754837160526,217.52097128038272,4.799526990304863,3.436583416769194
359.70581238026756,217.0049207449976,4.797061188634326,3.4346222718854436
360.3538084335863,217.39146731914784,4.792950594938379,3.4366580313498734
361.32405830209933,216.61672716518464,4.789841483084525,3.436225839138482
362.4871793448393,216.2309512458812,4.787492239863164,3.4331467303258445
363.52196032698004,216.74678940956827,4.782232773853636,3.4336216520876706
363.9731525524634,215.84566947358704,4.782477520581337,3.430603128661159
364.2330041170028,216.039702613482,4.778378709408104,3.429240087300425
364.8782688946258,216.10495614922795,4.776014667652448,3.427549567157528
365.1991571928927,216.04233086624512,4.7780026740035,3.4240472125462147
366.7455538950225,215.5920147539145,4.774619313638153,3.423601507738305
366.87263534183455,214.69317570957554,4.7777900724974245,3.4199440290325342
367.70991271213506,214.95059064256486,4.775746150918139,3.419732876599065
368.2245820646048,215.0799228955423,4.775369380107262,3.4183088541763325
369.2528565897497,214.63173892192245,4.776277934486928,3.414539099373122
370.28219119185974,213.92573449034066,4.774293837914581,3.412576951028924
370.7950707844408,213.99085079989337,4.776378429768764,3.410824804050573
371.31139142688653,214.3757239095803,4.771602753043763,3.4119777908015902
372.33886282712734,213.54178820670484,4.771537571463876,3.410261131194821
373.4964751932151,213.41381571305783,4.7675237918008575,3.4094049015430667
374.13979018916024,213.2205245741936,4.764151027991905,3.4110100108470642
374.59026651337666,213.66827703423826,4.761305731195114,3.4136124423937355
376.06459424637467,212.9000181340377,4.763567918288096,3.4105210324875523
376.06487949397217,212.90173450801646,4.762997423093078,3.4070882845300763
376.96490560797673,212.83835731187528,4.758011690856864,3.4056236414000542
377.5425096185141,212.32692433825602,4.755878362353547,3.403534306352925
378.9505670669665,211.49620987021044,4.756923108244996,3.400277998973551
379.1443219795824,211.5595277741842,4.753458107694171,3.4016571325863088
379.72147676539873,211.62404819600852,4.7510149490670095,3.400601445938291
380.7462815959883,210.92104023427999,4.748297692425785,3.399378841275441
380.87454532573196,211.1143313858156,4.747509221532172,3.3964050210946657
381.89773835023794,211.4987737474717,4.746060937567433,3.394371959675207
382.8573492230263,210.54151678711867,4.743137383544553,3.3925876888274167
383.68863794887625,210.35133871281835,4.740394267493762,3.3899051445858923
384.2642445931289,209.90562091938958,4.737525759622192,3.3881836798394
385.6040149684774,210.35141271001788,4.735948763943485,3.389254683588879
386.81655460050206,209.77870360741187,4.7336701400505685,3.387030480305796
386.81758861473656,209.77895891341825,4.731602111581547,3.386519868293026
387.4563116238031,209.39698524583764,4.72820583769584,3.3860373569057827
388.9211910208082,208.76147267992778,4.727395532869621,3.3836066238629994
388.92226483545886,208.88941915091254,4.725247903568268,3.3823003039822694
389.6222744135425,208.95369531258007,4.724860840433055,3.380987261831981
391.2775543743343,208.9538054458017,4.721807959989182,3.38076699538874
391.59520807416783,208.44676506813633,4.722310258492796,3.377552233646187
392.5475801047491,207.93997321334737,4.724315827331321,3.3742028072235675
393.4388209328947,208.19511128412762,4.7211205699569785,3.3722942082107314
394.00931024588675,208.5138854040371,4.723250633757529,3.3698063516055416
394.70894390250936,207.49918963091443,4.721020462372459,3.3671438733268606
395.15549489592735,207.05509173507713,4.71639886645065,3.366859274087473
396.48840733866734,207.56351427702725,4.714447088221633,3.364822992949461
397.12448905332735,207.05675752706912,4.710163862987658,3.3640323295969154
397.5055533347985,207.43789648233104,4.70829613853849,3.362015257566166
398.58186437474035,206.29993741399025,4.708701102705244,3.3582577005471745
399.84945195263896,207.18713441653173,4.705384335404629,3.356164567411809
399.5335270264342,206.74625324960317,4.704693020804812,3.352369267455852
400.92554429376827,205.92633343666168,4.70223449699712,3.348550341466736
401.49261315798327,205.6122396925118,4.705113228355063,3.3450620187731936
402.94685464324886,205.17179437974727,4.702019882767149,3.3417036280151753
402.6328805057641,205.67804539908002,4.698872437445642,3.338954741815272
404.2091314216036,204.79687967769857,4.699526128852314,3.335519091650136
404.3990065670484,205.11135245852253,4.698014380199011,3.336971100395895
405.34572807662414,205.1754091361418,4.695779696297568,3.3349383008406837
406.5441864870404,204.6729172602144,4.693114510163765,3.331816101243354
407.0488207029269,204.23388903993364,4.691217827085539,3.3284222616969834
407.55285126918363,204.61266267299948,4.689851470963996,3.3258960778592175
408.49593286063117,203.67061626909347,4.69030646516244,3.3233707085778033
409.5014999236376,203.42025137546736,4.691009387664105,3.3211412337013604
410.88662923113316,203.3569734263305,4.686452357894946,3.3219834235558987
410.8885378852039,203.23015472261758,4.6826350497534674,3.3243035627334523
411.3279353433829,203.66963844514092,4.683313791083228,3.324809775374588
412.7123759646435,203.10344578651726,4.678902091449749,3.326275734167851
412.7116516836397,203.1039063352453,4.6803506534574355,3.325354636711733
413.7818096890012,203.04109891790742,4.675605832054959,3.325347636721574
414.3487304738679,202.8521361767267,4.671713344367245,3.326623425067803
415.98116695315025,202.4134524431461,4.670151951037414,3.3254070092811263
416.42163328978756,201.91145122938306,4.667497461730756,3.3256629408438347
417.8653054134635,201.97439406240352,4.66509697890121,3.3252096123908568
417.92840616094446,201.97530532142767,4.664284011388344,3.323387094342563
418.74422912279977,201.53726821144485,4.662138787824582,3.3220378603829466
419.6211673318158,201.03708426749498,4.662343508734097,3.3200736688874546
420.5597133678302,201.41381203116984,4.664185393965549,3.318191724441825
421.49919074125194,200.78853908512548,4.664117945727351,3.3161460841271
422.43983180525544,200.78989562044836,4.661202388547926,3.313433013481348
422.9423319053281,200.79088832268093,4.657287111719735,3.311447609016239
423.06636651462367,200.22987155187656,4.659305185585738,3.308088334567781
424.06813481403583,200.6675177859985,4.656070235949232,3.3079278378435575
425.7836836897041,199.78423047342554,4.660018001331647,3.3049442894634944
425.78473169024426,199.9099605844385,4.65792200025129,3.3034397445355363
426.7853496850673,199.66080532033078,4.6554272645190835,3.3020649592725237
427.90779137366627,199.10034169571276,4.6580404865602265,3.2992439088889642
428.4081972398252,199.53826682048827,4.656060578164629,3.297371505269909
429.4058185981396,198.5415721023358,4.65750845004504,3.2940703530656354
430.34179192020065,198.41831412048148,4.656971661910066,3.2910650026426564
431.02855439796,198.35751991239366,4.655179642976868,3.2879504245832507
431.7136983582731,197.79809066543768,4.655761649275703,3.2851880691928583
432.21409829514135,198.23410590594796,4.651664147227137,3.28527216339928
433.14750987648415,198.42255592903024,4.652749067694026,3.2819537338651914
434.08131436434445,197.11690019270645,4.652473588443174,3.2789983114550694
434.952972752717,197.5533990753671,4.651260759691062,3.277052520130241
436.3963767650768,197.14110655218497,4.653728514396693,3.273857007651698
436.51954009063655,197.514611155575,4.656142209425927,3.2730688393178755
437.7625483780575,196.39659100635882,4.657998929992543,3.270023171882668
437.7630913981033,196.2735243188449,4.656912889900972,3.2674135797827697
438.38462521156777,196.8343313949929,4.656965313081838,3.264607472585607
439.4395557446223,196.15238459444808,4.659634551266811,3.2615697003085597
440.87065379241,196.46246018319272,4.655342309457465,3.2627019692901773
441.0564899447396,195.90444484108812,4.656301532267407,3.2608380710916536
442.1136784966627,195.5316732615523,4.653226545528816,3.2612157770665022
442.85807708444247,194.9740224721209,4.654277399476366,3.259131333799028
443.8507395853446,195.3476468925785,4.655120076128576,3.2566953723050656
444.4111537945274,195.78137800845798,4.651263684387508,3.2579891612540064
445.5265969119513,194.72837701189053,4.653656905223855,3.2547827795760513
446.518911327796,193.98468744325967,4.653897165612185,3.2535100977794547
447.45093580070005,194.10783048954409,4.650402278053689,3.25529787964386
448.31794079632533,194.23342143024905,4.652583235462741,3.2521432766138916
448.87739689947443,194.23274582800286,4.649621682875099,3.253494481106245
449.7434920940433,193.5520935127168,4.653040317275313,3.2511063074699997
449.7424060701764,192.74781128604107,4.655212365009073,3.2478748335413714
450.79737738542065,192.93416649594394,4.652653589354659,3.247055682235721
452.28246993499135,192.43968852976263,4.65634623020852,3.2447190345998695
453.2759437984575,192.6250782195863,4.652258709338227,3.245725943589174
453.95858774386016,192.00590843357355,4.649690937197596,3.245229044101143
454.8257185800449,192.37836022246455,4.649142354856698,3.243345362045727
455.3840944029213,191.63628159107,4.646565994295175,3.241935577913098
456.8090080948113,191.69798671817,4.642644779306439,3.242260374530156
456.80991079391333,191.69893743007032,4.640839381102454,3.2403589507294743
457.6121544058596,190.8351323754451,4.643444649527885,3.237254068252809
460.20973419618997,191.20714743407117,4.639929472325877,3.2348874372090566
460.14786686992,191.39375787840655,4.640145731510523,3.2322217286042356
460.63991797216255,190.4691254770556,4.643864563820746,3.2293220873149213
462.1237887692852,190.46926643464667,4.639784393454922,3.229040172132799
462.1247215127383,190.46985403991965,4.637918906548727,3.227864961586843
463.0516397627968,189.79133074503554,4.634662788126694,3.227819271445348
463.5469596116441,190.16087574196254,4.630599822839268,3.2286618268967846
464.41095242434056,190.22266291512173,4.628459117106123,3.228362117696945
465.89075102988477,189.8538001591112,4.626558286471692,3.2266635346044983
466.0131209271701,189.11596224877655,4.628179655026333,3.224172376521824
467.4925753382063,189.11582148927067,4.625205081681597,3.2244538955336037
468.1086321376611,189.11650466801902,4.624327938554861,3.2230875380368964
469.2778470368729,188.87102735534032,4.624566874198557,3.2216908509591016
470.26342894236245,188.38005565325156,4.622496941521708,3.219087315985462
470.44804887080693,188.50414852112817,4.622239372657396,3.2168897722487126
472.16973023805883,187.88961075781154,4.621585928251996,3.2164262667039716
472.601781328354,187.94991965954006,4.618038386397967,3.21874484020928
473.52498449885667,188.01119098529108,4.615448453623142,3.219123282589315
474.5082685282875,187.9491270530561,4.61509193072291,3.2203629260616666
475.4294373417351,187.21288074631923,4.616303918511014,3.218015847788708
476.4122335591043,187.39779981680846,4.616837136065945,3.216826266615286
476.5339580873426,186.60027808022954,4.619130597845816,3.2145433711057683
477.577334502582,186.60119303858167,4.621136962732567,3.212713454401519
478.6208818078131,186.60192250016405,4.622802690796914,3.211254531236774
479.8473923292144,186.1730227377445,4.6271676900576395,3.2089689413536435
480.2142602795884,186.29677235607085,4.630816401581594,3.207264575458294
481.2585755107306,186.481511136845,4.631899801756717,3.2065600484616463
482.2410512746647,185.49762678519252,4.633813099780689,3.207463925874505
483.2265881827722,185.06639269868802,4.630305289712414,3.209121971194265
484.1476890270239,185.43633327883495,4.63231359620572,3.2069248088990885
484.88712531098815,184.82090110767464,4.628736965063874,3.2083758705640437
485.01161495830434,184.9430841232486,4.625580318283068,3.2098324872676054
486.4840123499648,184.6372175288022,4.630091337153035,3.2071269673705873
487.53064305468087,184.14470151600045,4.626319050034464,3.208869994238345
488.39071875733526,184.63767593445522,4.626529470607912,3.205985057832927
489.3732875950354,183.71684591098304,4.626807457179481,3.2050679216788365
489.61932972849877,183.715883921423,4.626033248472789,3.2069919007989465
490.6629260769419,183.53250836904866,4.627250269217611,3.205200114200977
492.1390042604386,183.5936059406738,4.623167126589549,3.2058413552992704
492.2600745188732,183.22645788287963,4.6265972960168495,3.2034254119981487
493.5481249549098,183.35073581635353,4.629237392403059,3.2004639229988237
494.46868319233846,183.78166735039176,4.629942018936359,3.198117368904719
495.5105021739836,182.86229219779815,4.633222421836803,3.195469115688467
496.1250531382142,182.98548302937454,4.631776543519125,3.194618662564365
496.36920957761106,182.8025476932627,4.634382549589088,3.1923001711402588
497.96467250648516,182.74270791219604,4.63445455105763,3.189249046380594
498.02644146165517,182.37607787908541,4.633597933283441,3.1864213572066054
498.4546052303787,182.62255227362212,4.635621466405403,3.1839588941726467
500.2325431555057,181.82676665946423,4.63547481301224,3.1815825514818474
500.4763700012158,181.46051576791422,4.6381003557772305,3.1786654833039605
500.72018094534906,181.09429115971582,4.640722921190456,3.175748019181223
501.70027659117596,181.83056883451036,4.641369243335961,3.1738208799416605
502.80145928574774,180.97420052519018,4.644547130957996,3.171134949986509
504.21247433011524,181.09589815587083,4.640789863866435,3.172806890507227
505.31488051800045,180.97304878967628,4.641061285515925,3.173496312071873
506.2967027976144,180.48193833440266,4.637739357824861,3.175555906850644
506.54302258733657,179.6234299913487,4.635116525595935,3.17751397770488
508.0107030056002,179.99213001922817,4.639685054157083,3.1750962632180406
508.9910136923147,180.29907232039687,4.639478259607129,3.1738412167803105
509.17296038490446,179.87164289950522,4.643090907447591,3.1711859815172305
510.3350257936508,179.13793346776214,4.646697519022313,3.16845488980286
511.62149996518696,179.44543438008353,4.646703089324878,3.166061139773196
512.5390861074891,178.52820139197942,4.648761398601975,3.1632965221000724
513.5202702293856,178.58997878047796,4.6458690796422655,3.1622089904051136
514.4981744810935,178.52990002186024,4.648550852369977,3.1599608653815983
515.7853956250513,178.5904218351986,4.644693187940103,3.1613260302993815
515.846588251362,178.34487609285208,4.64468122751717,3.16292434619774
516.7028330317492,178.71322368008907,4.645786024309214,3.160626753537849
517.3148944855195,177.85794958898637,4.645444822251902,3.1578805480665113
519.1483740899492,177.85928914092568,4.648311111697008,3.1552014441878855
519.822694561988,177.55206901588474,4.645259348474935,3.1580102484264736
520.1302991980548,177.12294263019533,4.641684435711488,3.1599749166867377
521.535630158304,177.5508249617403,4.644050544121482,3.160349218916711
522.5159562116885,176.69406242868823,4.64095718642016,3.1610103795868083
523.0660070188162,176.75485934788833,4.641661460998566,3.1617283066125768
524.0440859919499,176.26684826802074,4.6428518978192885,3.15907627480368
524.59599114283,176.6343591253185,4.639815991413208,3.157904157110799
525.5728643236372,175.71873735138252,4.641959197230159,3.155501235515988
527.0414050425435,175.77951320297217,4.63853136879739,3.156185099394179
527.7118563606077,175.35283829643703,4.641776528010367,3.1541681336108613
528.2631785859401,176.20813119554288,4.639028553363748,3.154532409204961
529.3017887427867,175.78135548128597,4.638789290873551,3.1528563460469097
530.5216283681696,175.04987909977098,4.641989487911077,3.1500814403949575
531.5005909423302,175.47643508191123,4.638403297754876,3.1519927703116024
532.7814655007624,174.5618065971128,4.641254898854493,3.1493920842200467
533.1493667012329,174.2559219660108,4.638194645854944,3.1505428898059287
533.943860605629,174.8054071066463,4.636463522831022,3.1504426217590358
534.3704260145831,174.31717343518164,4.637815190221673,3.150358552917929
535.4085840403868,174.62326519516535,4.636993373027456,3.1486145136602413
536.3231828674445,173.40379873580133,4.638494813497133,3.146615306274721
537.6670862229374,173.95199035119472,4.635481889747373,3.1485568066299217
538.5824068176585,173.40327953089556,4.635183897903191,3.147772528669477
540.4113652498316,173.3419971230043,4.637428746410017,3.1483319540235275
540.4738099466355,173.4015877257881,4.634587833741117,3.151199229394696
541.2669005321403,173.4022247551747,4.635098361939702,3.149925170621483
542.1816704413617,173.28092670572005,4.636155287098633,3.148441703717219
542.3648261363426,173.2205531543262,4.635937246389759,3.147157690087218
544.132640352365,172.5509418241386,4.638498679856545,3.144308332509749
544.6828847138067,172.42888643446918,4.6359909737318175,3.1444233303466387
544.8035728164732,171.51534679523195,4.638538820116693,3.1420722209376706
547.4876188677514,171.5760257461185,4.636749097617332,3.1426757368932003
547.9156240054131,171.69743292242904,4.634350110627145,3.143750323795741
548.0375942654407,171.574635806325,4.6342618949883345,3.1454922515873287
549.1363461259951,171.45239028261705,4.631924797840391,3.1460758963409035
550.1116961147621,170.78244591469587,4.63207553322555,3.144754767051351
551.5758780675756,171.27022974417324,4.629516604276265,3.144455433655777
552.0039069031342,171.33075783761498,4.626514142591074,3.145264276691116
552.5518808241342,171.27063345024885,4.627065125049397,3.143679848705822
554.2590144565019,171.3305069281489,4.623624650661397,3.1457481354181245
555.2329536616724,170.96593359456597,4.624509219081781,3.144108685548492
555.6001407172013,170.5403271310618,4.620838168971265,3.142834708118491
556.5753396053188,169.93176621922927,4.617759099759749,3.142882339893608
557.4875846800159,169.9924476673388,4.6181961717522535,3.143181258433679
558.3403313085199,169.99170917064254,4.616129870845435,3.14465825182622
559.1910697763271,169.9305488295587,4.617986616846959,3.145312242449921
560.1664981208876,169.62571129852714,4.614418048814244,3.1464597666729595
560.7157538060554,169.13810085457467,4.610943353607787,3.1483147211296356
561.2021794113577,169.13747423813723,4.611284937940338,3.149567954004528
562.479860407892,169.07726297687066,4.611098073145267,3.1483154704293885
564.599103446174,168.6705667618263,4.613623462823165,3.1455689759919414
565.450806543586,168.24607135917333,4.613233391319863,3.143051719637394
565.14618705943,168.61235978274797,4.614490237826839,3.14005341865435
566.6032981220686,168.43133403311327,4.617844449735695,3.1374078757754997
568.0625314338776,167.8248088838879,4.617114731901598,3.134734463482992
568.9123983858558,168.2513484401269,4.618619716259757,3.132274795162193
570.0059603320444,167.09830547649617,4.618477046647666,3.129880542838086
570.0053512097138,166.7960673410877,4.619695291309051,3.1270712602607165
571.4624372421838,167.22105750242662,4.6198161849044395,3.127093050489054
571.5239889705438,166.79582669966345,4.618143783417035,3.127537269387783
572.4329828918113,167.1611734717707,4.621354475755945,3.125323139122858
573.3431073047198,166.06964473853628,4.622478645425314,3.1227330110079947
573.8889363380769,165.94883155413436,4.6234100543271035,3.1215617185638744
575.889495710484,165.4643758035228,4.628274280473539,3.1193258328874
576.3148226870527,165.95000080715073,4.6276271993943325,3.1195122508409483
576.8592443619851,164.97984946654051,4.631590003466418,3.1170484361730306
578.4979544318138,164.79906807712388,4.633094849718349,3.114286216571941
578.9853573333908,165.34565197264814,4.629636767307942,3.113884611359567
580.888216133618,164.91236533669237,4.631958284232808,3.1111244955843165
581.6159333089564,165.21724085600292,4.6327104367031495,3.1081178332745645
582.8885139479085,164.0661872811479,4.635064901072633,3.1053297875940244
583.7381825827564,163.9459644872829,4.633919202572144,3.103176579438996
584.1022381815606,164.85593699847044,4.633286420959814,3.101927597054225
585.7767388573818,163.9035561408964,4.630372952870554,3.101832784459891
585.5360113670915,164.32650025663418,4.627144981049696,3.1041397196869065
587.6760896070033,163.5180187959881,4.627888568704736,3.1031372193061624
588.1612156407642,163.1541943551441,4.62687669968327,3.103855952118877
588.7066895481556,162.85155524680152,4.626294504523794,3.1033754912354916
589.797772932044,163.51842951747895,4.624557705751665,3.1021119309390857
590.7075967655372,163.0936879271569,4.621228335540335,3.1039799064214386
591.0093501174887,162.61014190346157,4.623065657226125,3.1025215128702697
592.8271436310945,162.6697748399885,4.619645771303365,3.104327877859418
593.6761650450184,162.7293510413025,4.616313689258436,3.1062262427887277
594.3418820017076,162.42686897488943,4.616233239315423,3.1060297104168537
596.1821634533766,161.62807103094,4.615299142385661,3.106160700942468
597.218883555201,161.42906699315586,4.615009016299765,3.105901871463323
598.2684588135364,161.22309068650333,4.612619779156213,3.107607746534278
599.2992550909978,161.00684745952995,4.611655420942428,3.109570082282237
600.3390271694461,160.76984352484783,4.610415497750555,3.1111033574502516
599.6138364805506,161.7365160200151,4.608505490369271,3.1141468806790376
602.2729116626558,160.4321752028797,4.606529465807182,3.1163027821126428
603.3173793646262,160.2259071936181,4.603404865482407,3.118763491608435
604.3700125537268,160.0157795317323,4.601330301088209,3.1207305251932445
605.4102063181892,159.79218148326194,4.59962993587626,3.1216178037503344
606.433314636873,159.57676091760686,4.596005019378177,3.1229623653450242
603.8916235278849,157.15797342180616,4.597222754206562,3.1203807063293407
605.7685789741108,156.3116772328005,4.59367533269443,3.119260549077637
606.1925703327508,156.3732337323848,4.592044830715078,3.1170550092377467
605.709385627248,156.37447370032456,4.591643552409965,3.114575073358203
608.5499404365964,156.07267365849927,4.588095339658219,3.1141792627593285
608.1283795220589,155.89236648726356,4.586042982937632,3.1125760970326946
612.1618439492639,156.8727571646277,4.5843469595669655,3.114216840621597
613.2124524972774,156.57471870188735,4.581977354668497,3.1114057033628963
611.946481532816,155.3091496633201,4.581297647936976,3.1099221448433303
614.5383296579183,154.8281629230966,4.5819479259351015,3.1073660386479522
616.0050335148928,155.49384622016015,4.581109511727879,3.1079520821158226
616.997184103974,155.20957674976535,4.578736293743726,3.110557290240339
617.9870912145796,154.88244889965216,4.579327447258695,3.1103878043670523
618.9571536742307,154.5546548225093,4.580630630850937,3.1079390243272216
620.4031388184175,154.07390363653596,4.581218941354945,3.1052551966479394
621.0171686401724,153.87465917674004,4.583230842603414,3.1025949749282593
622.5242267056408,153.5736878509772,4.5809604181798464,3.102168485151315
623.0702579020691,153.14461292704206,4.577693263891909,3.1039523903207082
624.0701433411318,152.80411386004667,4.580448980883532,3.1014914110054095
625.1218056597222,152.44786537974556,4.577149393766866,3.1010826970294594
626.1673670598261,152.11304190953203,4.579427927558501,3.099636214420666
627.238463257981,151.72770256465537,4.576486960472895,3.101991875057546
627.7808409079262,152.38901938713255,4.574992006466492,3.1033430972946436
629.3164510503321,151.0979884407949,4.577464942227091,3.101098266711398
630.2792213260781,151.09897019377465,4.5777191605019,3.0991347607518716
631.4376918911804,150.42248064193802,4.58044460496935,3.097120037905393
632.5407387422252,150.05396405155136,4.581951267278999,3.096149800879843
633.6303312903175,149.67520617017698,4.585344850220101,3.0940457170566478
634.707523903896,149.28794920576,4.588421622631079,3.091494039462141
636.2712128942356,150.61331881119972,4.590607146052884,3.0888470243605846
636.9347676960789,148.737952858958,4.592302018002437,3.086298080570607
638.0041286577496,148.37724023625984,4.594795999243755,3.085824088361461
640.4118590786137,149.33914979488742,4.594121149727501,3.087919367991093
640.3560630940306,147.81836725543752,4.59454031611706,3.0883741519291843
641.8603807099294,149.38374878460252,4.596108468617659,3.0882226132691653
642.6740617130366,147.323282751376,4.5983560009239275,3.0858733579762645
645.3844146966069,148.22581675363708,4.596731574101838,3.087165866893525
644.9037460164814,148.10455647369736,4.594700526519959,3.088844324814776
645.5665949113466,147.8025221063704,4.593604598312057,3.090821304231193
648.0960096916056,148.4645214496855,4.593031292534044,3.091604017651928
648.803128136474,146.32943324543268,4.5932222115051475,3.093409045627855
650.6715476189945,147.47274829813895,4.591011053739777,3.0957443704809133
650.4307355573975,147.77282737525576,4.590725843428567,3.0979728831288535
652.29896201217,147.3498645995342,4.590083382667435,3.1003283332337115
653.143119767249,146.86826734081902,4.5893197272020245,3.0992075051253627
655.2435930665898,145.691754723133,4.588029908969241,3.099008630167652
655.6647406877235,146.83693092372022,4.589140927012226,3.097901792692453
656.5086659281018,146.77628796972456,4.588080083877418,3.0987027265678506
658.7387182471376,145.06062006714373,4.586809380251531,3.097902658175969
659.3426895761812,145.60264240410487,4.5833655771422475,3.097906953733973
660.0048437570813,145.36080116781346,4.583436366590479,3.099997007681069
