151.6999969482422,298.20001220703125,17.299999237060547,9.800000190734863
151.7558250897893,297.6105665076208,17.03367491358605,9.978891589555866
151.87760598041191,297.33778831867426,16.790113132340842,10.102695732691389
151.9886787477423,297.0573070701742,16.56796759768001,10.243435713864638
153.95752915146193,296.75101998859003,16.403784490863888,10.436730132519353
154.21658076064134,296.6892605047102,16.30574707334315,10.560249100278993
155.74736691438707,296.6227642868355,16.188800807178346,10.693241536028408
157.30367729702496,296.3414017762662,16.024033251448433,10.834844670088936
157.52612538223383,295.842801756651,16.000133364370708,10.990052142639394
159.0487910659476,294.2764209079279,15.917255337960494,11.160360499068172
159.10186713420163,294.19671221619006,15.81110320145248,11.31977788254379
159.33117347713807,294.336916271341,15.778282373281963,11.465161629944355
160.61338878624096,294.0506373880733,15.779957684945067,11.61003507483486
159.7638289641046,293.9979030952859,15.758729454609064,11.715503660409725
161.2657573899993,293.0850817029882,15.775318020788532,11.81517763473721
162.5569098141499,292.8084365438224,15.793266970090656,11.935092320134915
163.4212847591473,292.7823453523929,15.806953219314808,11.987274702993835
163.43836443186512,292.76360350209376,15.77279387387923,12.024758403592163
163.6900490962388,292.5210219438411,15.70618533791947,12.073160727309823
165.2340314226216,291.6259707176268,15.673956688582887,12.117128320636152
165.1928367938041,291.6289523839587,15.756345946217866,12.111164987972383
165.38128630138846,291.4033669448273,15.817365774317869,12.124417022966398
166.73376608601566,291.15906029984575,15.74680360749519,12.173964079191073
167.40370846194475,290.68369027550494,15.723307514313099,12.247111688755236
167.83582334165055,290.6677484405884,15.73833330665726,12.278995358588247
169.34806785738266,290.446392775504,15.796477437781817,12.281330522672999
169.5555174507468,289.99166961669204,15.82288132137749,12.308170699649033
169.99390284230324,289.77912985421057,15.830397376189142,12.29110680564978
171.5813300191198,289.79176064532606,15.749407249992576,12.265845223418765
171.36138779301638,289.80603054480986,15.748960134904575,12.237305424451135
171.6067085948726,289.80973928687496,15.698178876367802,12.229887940320978
173.11236234545675,289.6197880678514,15.759615122816566,12.170826985851367
173.95185626848817,288.76636010892554,15.836390552021172,12.12191962843564
174.3645574560877,288.7805865585619,15.88961983246431,12.093466729162948
174.80105289364496,288.7945668570344,15.895956189863881,12.065506132217939
176.3247992029737,288.5920328823149,15.923590400455346,12.031270248907
176.31186213366354,288.1575600888605,15.949464539075658,12.021884039591246
176.73986800398092,287.49967828720827,15.972266256938923,12.0194274551487
178.22993482916638,287.5058197520663,16.0701297973822,12.007144525432626
178.19637732812495,287.2771850614034,16.137244799465087,12.023410994078585
178.56935159107405,286.36783678172515,16.27587688579112,12.072946328986612
179.22556696715245,286.58638675629055,16.29907572399905,12.081056243310735
180.51536350887497,286.12029176900205,16.393655255073742,12.121855346381116
180.6550088465159,286.1140998243098,16.56216623852241,12.134239235765714
182.01670828957887,286.0766464855716,16.542156925444672,12.209145913242114
182.0814518735041,285.8046630864179,16.412669757594166,12.3016235781799
183.64821806115663,285.81221158760707,16.43637176167685,12.286526575801664
183.88243177312833,285.8060536101989,16.419091657554993,12.298842530618003
183.90806710803946,285.5624815500405,16.36782098773274,12.334900890352742
185.6528215990739,283.99736006837327,16.485468265041906,12.308882126731408
185.89617628166076,283.987600316878,16.451019127415243,12.32840162972199
185.89516296608824,283.77576426377,16.453045758560265,12.300018525906431
187.24891751084542,284.00692671517567,16.45526749118174,12.289315426784311
187.5006059533552,283.5489108367381,16.403371112549312,12.302386170885097
187.7640573875065,283.55421614550283,16.32737263558319,12.291775553355679
189.31521906228207,282.6624221472419,16.372064853325888,12.277068939995427
189.32013031039008,282.6804686310493,16.362242357109864,12.240975972380568
190.88862838418234,282.2293326211294,16.370163845339164,12.24470009627359
191.80737308846503,282.22718330417615,16.33049617108162,12.248998730180151
191.98428091367373,282.23678412673456,16.425602424432135,12.22979708506335
192.89323951065123,282.22137212902345,16.40790577255619,12.260621080485484
193.1381471499783,282.2090728361756,16.36838078524769,12.285219666181222
194.68421978921128,281.5354968148286,16.426872252186524,12.282098817987418
194.6701335498187,280.4218958809342,16.4550447309717,12.254649135588195
195.36634168105238,280.4242463565492,16.41535790277361,12.24994818435826
195.63238003074818,280.43093252107064,16.333510266826295,12.236575855315266
195.9040907393921,280.44159380017743,16.238853483123243,12.215253297101723
197.7360459824822,279.54832398763625,16.150741068452813,12.21389388642922
198.22108945317618,279.5465167591076,16.07187463324757,12.217508343486578
199.3615553410436,279.3352263233668,16.01327852846798,12.195622080777015
200.48006129097308,279.56811775537057,15.992348802645882,12.173055651576865
200.47132459237045,279.34881535397864,16.00982219985117,12.169131450052062
200.9508773860214,279.1394362709907,15.93617939827975,12.145158223162756
202.51414152077743,278.70579745154174,15.898171332042178,12.130001518267953
202.5386115718077,278.7208874339254,15.849231229981626,12.099821553500613
203.43958159591637,278.73211357084284,15.80389642578276,12.077369279665753
203.6961154881897,278.5192797441566,15.72892212891674,12.064943445357471
204.60637978800796,277.63882355960635,15.655380835892169,12.078868507845979
204.86902291410811,277.6379280243362,15.565945567535163,12.080659578386323
205.34246639555235,276.7727412547189,15.488086278621624,12.072977769671041
206.83206179791517,276.80449794023326,15.541286342436008,12.009464398642281
206.65998855485282,276.8202240985103,15.4524549073001,11.978012082088192
208.18269890685875,276.856109982631,15.424794945677984,11.906240313846887
208.19187075115767,276.8864662819209,15.40645125708019,11.845527715267016
208.4926111996554,276.47868406294486,15.233218471129181,11.804595931130091
208.76856920758996,276.303220459617,15.106238083540036,11.730587509505742
210.30527356189504,275.6937393877289,14.9853629616006,11.684178116137433
210.59955252874832,275.5246344424422,14.815992650555327,11.603200384049474
212.11765876970534,275.5293380551272,14.686743481092659,11.593793158679542
212.38311090053384,275.53531386518273,14.56898876440254,11.581841538568433
213.46557772089292,274.3141157455968,14.459814464015341,11.5573265693432
214.51690067477873,274.3275069486804,14.402572815161289,11.5305441631759
214.9491643711789,274.1578068312093,14.3535833024862,11.462175458055473
215.32120294484696,274.18561760863696,14.421324947693593,11.406553903200235
216.6862426987389,274.01575388439795,14.533560027854353,11.340236410543248
217.1102554992707,273.83723944561604,14.498904025582767,11.29058048871111
217.34682294219263,273.04804812624786,14.431116305009617,11.247574466364691
218.55326111687955,272.6557818551195,14.439906846846513,11.224884711551068
218.76066479745688,272.8705243893746,14.428475847211685,11.198776004560788
220.34326047774724,272.8830693642137,14.4854984054413,11.17368605488263
220.7205595059189,272.69156932580404,14.537378996644161,11.15344680792894
221.92711284020797,272.28990000121274,14.546481763530883,11.149382311956632
222.72873860662028,272.0929066038766,14.55832716254496,11.1395948736692
223.28129395006655,271.71681183110184,14.664602655601879,11.084193632585785
223.4863469298348,271.7164405640177,14.659008321890273,11.08493616675406
224.8455936193322,271.54174612721505,14.771584507557556,11.029886531121909
224.82526361593818,270.71408254740254,14.812244514345611,11.064202378007412
225.27233727291897,270.47991445412083,14.730963266793998,11.126105531365809
225.69462964223547,270.25613209747473,14.69879336246007,11.167462827508551
226.09633574183374,270.6546069639645,14.708166123510424,11.183298054775783
227.53032576714835,270.2530636097947,14.687743082850327,11.17279704598139
228.51772244086683,270.24717169812845,14.744505042405802,11.184580869313873
229.06815236549454,270.2450134229569,14.86575160058774,11.188897419656975
229.4620694895287,270.0213709016359,14.896490832516797,11.226895722300288
230.86276684151696,269.1843855186815,14.967727757631392,11.25936270015698
231.47972637186925,269.1691379762424,14.969783448500927,11.28985778503523
231.68403376559198,268.72412806805704,14.973689930060551,11.354835063395713
232.50540648511873,268.91163151251703,14.985512992928324,11.393470299956135
233.14466292318545,267.86880212438234,14.950359373478651,11.406863648419133
232.95060653816714,267.87198643932487,14.924336605893803,11.400495018534158
234.42553449344663,267.6878349922825,14.86992352041353,11.355163223321984
235.04995082927567,267.6915298672492,14.8572863555568,11.3477734733886
235.0579790908733,267.4920989230894,14.841229832361588,11.334883513241143
236.12189245343424,266.66934836910497,14.769886338273698,11.335198036382685
237.5699994262268,266.66670223491525,14.745164405291852,11.340490304762136
237.94324561013966,266.6909561272686,14.818516087921001,11.291982520055477
238.38238678752504,265.6696591128649,14.760734301112107,11.283325128958156
239.79782734053788,265.6814487821427,14.794446830818318,11.259745790402564
239.392337872589,265.8885551888275,14.786711416978312,11.254890151901762
240.39394812187507,265.8864591031939,14.829290790445818,11.259082323169052
241.59430128747297,265.69755319062733,14.88785012831405,11.227016536791536
240.98367841056785,265.4809869295103,14.878356992755846,11.249902762569432
242.4586471367457,264.87225811119083,14.80174843483346,11.235933730165417
243.69472929290464,264.87406679366154,14.784063077483406,11.232316365223996
243.25304314993716,265.0923074221095,14.849933055430844,11.204586262321905
244.71096435349236,265.08637084639076,14.79920580971547,11.216459413759365
244.9286139412064,265.07118843670025,14.772629740121065,11.246824233140389
245.14944656884538,265.05538416633897,14.739778092342156,11.278432773863017
246.61532656485488,264.8271553963146,14.669815074275641,11.326062174775657
248.03911273989394,264.37725816303237,14.681997340208461,11.408783893908456
248.23252156881153,262.7112082096175,14.705248983231096,11.46032939387533
248.4642077734007,262.9001967568945,14.653140001856645,11.493615727125244
249.49316029463694,263.11395137586845,14.650273402858286,11.477114177872117
250.10921997507063,263.10474060083845,14.650240849004382,11.4955357279321
250.31732032963953,263.11902520808786,14.645034675812452,11.466966513433256
251.9099028463735,262.9383286573387,14.7434735939525,11.417909120980642
252.14633458047464,262.52223564926226,14.681767403561086,11.427780581511772
252.7320272086126,261.7139590086467,14.741506856768927,11.4028342500979
253.14322655670043,261.71285618995165,14.740871703045396,11.405039887488103
253.55432508990205,261.7118722558535,14.740490605209486,11.407007755684337
254.81471994839032,261.5010258805523,14.685306121859222,11.417766300682526
255.1773835635961,261.285655271236,14.78051098883045,11.438241470623636
255.49969961039037,261.07108084312347,14.959987265022905,11.455336141958256
256.73185055658905,260.8635172576553,14.986123505368758,11.455390290770776
258.1606669632418,259.83695826416715,15.03679950502492,11.431144839917277
258.30485018998024,259.8647760656621,15.164283042462376,11.375509236927371
259.15238253222094,259.67154494281243,15.136751971255293,11.345088079308034
259.7693594876394,259.6620368569348,15.150698454761187,11.364104251063353
260.4351741890329,259.63505780284106,15.068539317060917,11.418062359250824
261.4852692012567,259.60889130378075,15.048950602211793,11.470395357371405
262.2725847451455,259.37979655368,15.141022836682406,11.511909027010875
262.8825604736149,258.72565916114274,15.177343430669524,11.563911761159442
263.7225034304749,258.28834350232563,15.178097008743675,11.598223332896588
263.9031675909831,257.84304049073353,15.23749981731432,11.647367096906526
264.48967740045,258.05951684321593,15.331797027999512,11.636853335148102
265.0986917473224,258.04421372125836,15.38488467837488,11.667459579063188
266.5736596637012,258.0255296931288,15.410049657165516,11.704827635322273
266.1518173118204,258.01717631754025,15.401718175829743,11.721534386499421
267.5911401570148,257.807198447974,15.506148716033547,11.715336378404434
268.8163406429821,256.51926006774386,15.621613941263192,11.72534694170054
268.56027225881473,256.9568927919534,15.704184057825909,11.709214796825316
270.01325590334346,256.3123807986872,15.812133282731354,11.70656027737371
270.4262985099807,256.2930924854746,15.850363718053984,11.74513690379892
271.0589942221863,256.2743397927389,15.885085166640039,11.782642289270246
271.2771722895164,255.5968977857587,15.883242201668633,11.833986794164167
271.4875966659524,255.34422094129238,15.897719193673234,11.904014738220164
272.7973809096532,254.87147248523874,15.898301526405252,11.976128043616253
273.01773017075385,255.34536896862897,15.895482665998879,11.90409440042561
274.7740273779969,255.15094028816762,15.8761607478394,11.856292699307495
274.58530896281957,254.94569174123947,15.818014559654205,11.831206774623897
275.89517823467696,254.74446883434527,15.804002247757131,11.799364883109362
275.93140634545387,254.10216625064695,15.731546026203342,11.783309500009452
276.1654483263078,254.09887621145026,15.69565017890595,11.789889578402848
277.45725182390674,254.11637901588858,15.702538434962921,11.75488396952619
278.93100820053655,253.91934256018698,15.773997191671562,11.71767523664824
278.94880446632817,252.41440260565977,15.738404660088337,11.70523537275955
279.15450048012536,253.74180956677574,15.758027584874258,11.63651116480942
280.827743933359,252.25957840629687,15.85304220458544,11.589659650361034
280.83346172469044,252.71880340969904,15.84160662192253,11.53293512207117
281.2463332281974,252.74894225721096,15.875379790277597,11.47265742704737
282.98194192733314,252.96121389771423,15.838404246393651,11.477394377839243
283.01022617698254,251.88333198728816,15.781835747094863,11.489171640858896
283.25881194176753,251.8673343809698,15.71279672044593,11.521166853495636
285.7962997558001,251.65296268526185,15.76913469211679,11.522300778266848
285.54629375943347,251.87263596956691,15.840663163917663,11.511437730589178
287.0387456466592,250.60425975310625,15.861494782921806,11.471845540548554
287.26016645293765,251.03118127742707,15.847709506097884,11.476115163372988
287.7003954893294,250.8252394258387,15.825086293629846,11.459081436391962
287.50644113679283,250.60885676886,15.78470056314131,11.46355231478767
289.41977853312835,250.61374480977423,15.807823175390798,11.453776232959163
289.67062391581874,250.39742485702013,15.734077848482276,11.458470699995186
290.10620584210756,249.33555788878567,15.716721371413794,11.447686197691265
291.78879624868677,249.35938597439295,15.763246377303384,11.400030026476696
291.5368113617026,249.18388545963893,15.840829896851861,11.324644801564826
291.76374102249406,249.62223635924363,15.813292805328693,11.300587462475075
293.06882790639025,248.9900273527209,15.75617412493926,11.28847793181911
293.7360762708636,249.0033232993484,15.695011469775492,11.261886038564064
294.97932563124425,249.0191421191122,15.74699588670943,11.23024839903648
295.7835844787802,249.00896657190842,15.831867124411952,11.25059949344403
295.53144257587815,248.99761073978675,15.911183656285068,11.273311157687399
296.1758138649222,248.57639600263175,15.902066623728015,11.26265693497671
296.405429242077,247.52259686027563,15.869064182478672,11.239113654387674
296.628622016023,247.5307350742551,15.848019582803673,11.222837226428748
298.3380493849706,247.55482763897896,15.827199072104344,11.17465209698098
299.12899380860165,247.3627454345899,15.939890227879514,11.135171504999779
299.53014154758495,247.35914960072213,15.986989110136923,11.14236317273533
300.8208166376993,247.35738087970051,15.958803784487372,11.14590061477857
301.90387276607623,247.34674723304408,15.918492032101657,11.167167908091422
302.5443347373976,247.13460831195647,15.912273998067523,11.166543780730393
302.78979769392623,246.0633101709142,15.846145763920582,11.185151668263645
304.2358165722949,246.0979718540108,15.922840903990025,11.115828302070467
303.78230930565775,246.1218185789784,15.981615066496543,11.068134852135255
305.336971990088,245.9008679131,15.841828001378586,11.085816426214544
305.58358577107515,245.26555358969821,15.771001020987548,11.08924332826792
306.02986713448627,245.46425064781025,15.721211388870854,11.113235759396604
307.31129071192737,244.4368286294224,15.684539486477318,11.062933752431771
307.2985252136817,245.50585514545816,15.710070482968575,11.023106493892177
308.9911850577822,244.04863137847258,15.679744407084268,11.0019346170862
309.03404043531464,244.044842523482,15.594033652019498,11.009512327067352
309.6820420501833,244.0449594731399,15.550216586439808,11.009278427751537
310.99696883664836,243.8351574186787,15.420735003465625,11.012153871681306
310.99215260669985,243.87005444973798,15.430367463362646,10.94235980956275
311.81648244702916,243.85493106033115,15.436957224978142,10.972606588376381
311.84822782456297,243.85580245514163,15.373466469910547,10.97086379875545
313.1235170885761,243.85328115101402,15.303410785338347,10.975906407010681
313.7571028131327,243.83267564831422,15.273566309511429,11.017117412410261
315.40590476291874,243.19820012807048,15.277304459300527,11.048065184387264
315.86772422098227,242.12746590758363,15.180131760869829,11.123368081120287
316.91612891435506,242.10025700654057,15.148296734435744,11.177785883206408
317.37513363042297,242.06070760801944,15.057094282804075,11.25688468024865
317.5993228351085,241.21758984091724,15.022027480002123,11.28987378817646
319.26185859520757,241.40055926064676,15.003493970367593,11.337252200037883
319.2658542297225,241.39709910867063,14.99550270133776,11.344172503990157
319.6891021777748,241.39609320414698,14.976607701330428,11.346184313037458
321.50962344789235,240.56324828805384,15.057473237593767,11.357692777891108
321.7245082071733,240.37578254808253,15.042669250166735,11.31765872669889
322.3407864591874,240.1691356990895,15.052370104630823,11.316866638520775
323.1324627966535,239.98677210628549,15.125899727643223,11.267373249642652
323.6908661989604,239.6268090048908,15.252683493382358,11.158239072196759
325.13993357441825,239.65144006272038,15.257229218019429,11.108976956537546
325.2932209078522,239.6851430817834,15.364583651632865,11.04157091841153
326.2890225586013,239.49081462477494,15.445227560947814,11.015778390265837
326.8792702414787,239.3306265445373,15.510472010098518,10.920907945772642
326.87524639337613,238.74866461053642,15.518519706303628,10.84082041455872
327.9271432477745,238.75676117079536,15.482078176098215,10.824627294040852
328.1626168824382,238.7550497982908,15.423783361763235,10.828050039049993
329.8259016257665,238.72736235348614,15.39183711669959,10.8834249286593
329.8860622136196,238.4990525824957,15.271515940993403,10.927786406289675
331.1298855907423,238.50095115818985,15.25087319369445,10.923989254901356
332.1815688257407,238.47328334913243,15.201467454677289,10.979324873016184
333.00382757350974,237.66230870491634,15.200763571265796,10.95746054932181
333.05253090842217,237.22463209830778,15.103356901440984,11.011647139760019
334.6626023834932,237.19262182385094,15.163181744655454,11.075667688673711
335.0485709865911,236.13986916342148,15.215154261812707,11.121398701150222
335.07466953878156,236.11374091796475,15.162957157431737,11.173655192063693
335.91907766814865,236.09297011764014,15.128375196021132,11.215196792712886
337.546904199113,236.0916430467091,15.18243068619752,11.217850934574999
337.55317854094875,236.0939587532048,15.169882002526048,11.2132195215836
337.74546200664537,235.6885882930542,15.199627269468504,11.195336045213404
338.9470217289201,235.70419391960644,15.283334824229946,11.164124792108945
338.76464497738584,235.27882120878223,15.232857753554052,11.184409066268584
340.40539860695134,235.05796692764335,15.269725235096892,11.211320785962128
340.1997357145761,234.6078247580533,15.26525284323021,11.280008771907868
341.03270469419624,234.58013349736075,15.266739627501476,11.335391293292995
341.4125351349935,234.32974756909573,15.342650654841151,11.418377195355978
342.2388903647336,232.63449455679435,15.371136939606735,11.446489731467155
343.9086803364621,232.62194448211343,15.401098520992559,11.47158988082903
344.17084810099897,232.3983761483513,15.298822317872133,11.496667222400006
345.4602674551549,232.18257018378586,15.245460707261648,11.507366301913962
345.6704559463126,232.57350625810912,15.24535865438557,11.566044012146055
347.09345546380206,232.58388717341006,15.347981679866026,11.545282181544177
347.51194037668677,232.3475938808592,15.355924203351023,11.595412592018684
348.1443639161326,231.71370742089306,15.361266207194566,11.592996429215775
348.98664374560485,231.9324518707409,15.370459642313708,11.578945803035976
349.60505973398483,231.91320121480797,15.40367384856096,11.617447114901841
350.66493400330944,231.68572049772365,15.406344455302424,11.64792471999232
351.88958776348477,231.266298224908,15.507171542507404,11.636724396438353
351.9078021132402,230.86174775982292,15.470742842996493,11.593075021500933
352.28929563820446,230.8809815693194,15.557969340896896,11.554607402507967
352.6957710386657,230.88714016100906,15.596627523436048,11.54229021912865
353.3471070962559,230.70129173051774,15.572527115813998,11.487796510925193
354.20296328555065,230.5082100216151,15.5605401084752,11.4490285859178
355.5101067940368,230.10217126030025,15.490935399059186,11.412878672695378
355.4931221573839,230.13534982141203,15.524904672364935,11.346521550471811
356.1733787660991,230.14624983635485,15.430064913296734,11.3247215205862
357.0694461121246,230.17435259774408,15.318303640184421,11.268515997807732
357.13086192691907,229.7611160929183,15.195472010595534,11.260041040526957
358.77406068391855,229.59752362823488,15.232820502166632,11.171757719197517
360.21690738515497,229.40899905113864,15.249248586778467,11.13421808952074
360.1807031101892,228.99415453359757,15.321657136709938,11.135462506089857
361.6206677435353,227.77099374044622,15.349119364411909,11.089734240054698
363.0278737380549,227.99193325521813,15.43975575981077,11.062862122573469
362.1550285308033,227.59968710126864,15.521691332348702,11.01547700948981
363.16860368268146,227.62094235211435,15.5765368264004,10.972966507798406
363.9741333207651,227.6298624389843,15.631590003868286,10.955126334058516
364.16425277042623,227.6294039914991,15.668417184385897,10.95604322902893
365.2098488473268,227.4154685489214,15.665413821738827,10.966276355953507
365.4443280180618,227.01146859794648,15.61421678565088,10.93875364713923
366.88620533476853,227.03027965846096,15.646195075528057,10.90113152611027
367.0897527447452,226.82620649313878,15.655495493482896,10.892882618846329
368.1089725765077,225.81713147652786,15.69905303978188,10.829035442244177
368.54126559138575,226.01072812004708,15.666470082996739,10.85784369169118
370.002402009926,226.01290312642988,15.65610010170488,10.853493678925608
369.7768423428878,226.0317090353151,15.691461769076893,10.815881861155153
370.01361526082735,226.02591789506457,15.633585350267428,10.827464141656188
371.50012163075957,225.62177922184216,15.56548514734083,10.805766477547339
372.7599013490487,225.18291929871054,15.527530202198472,10.856284826665268
372.5743998871634,224.55933988045751,15.484671214247905,10.861857928007815
374.23598537851103,224.57743467673507,15.46794965719924,10.825668335452693
374.4629486541403,224.5873839166646,15.426479249339934,10.805769855593606
375.0789158223318,224.60739526981988,15.429047796041138,10.76574714928307
376.50789697097906,224.63671610155697,15.44723846359467,10.707105485808873
376.7358929851689,224.4347844189471,15.401431264997994,10.7007840212456
377.1711777056493,224.21696503908305,15.349639296578546,10.727034044703052
378.82360802796677,223.38184879628633,15.317098697531629,10.761106507502465
378.8443025336553,223.37040494361807,15.275709686154475,10.783994212838996
379.08757263667394,223.3587971291061,15.19803165535292,10.807209841862903
380.73556269922767,223.37168450276633,15.166606547747888,10.781435094542466
381.1014442188682,222.96943507578158,15.249181774626432,10.771595682352322
382.1347022742304,222.36608573227718,15.223948118065142,10.753524896863304
382.70936387323155,222.3897860271959,15.297355510691558,10.706124307025892
383.7106071329088,222.1751675193589,15.334392762092538,10.727456568548801
383.69460995229406,221.96533920907015,15.366387123322035,10.738296589015041
384.90482499855904,220.75277304723943,15.402831111736607,10.706554831731955
385.8985238310208,220.77547127939502,15.462959595797182,10.661158367420782
386.09961364049525,220.60443078248983,15.470442312332523,10.593577025746816
386.761297410297,220.6191010930911,15.37304505192658,10.564236404544282
387.75758105864355,220.63858117274256,15.413989251975131,10.525276245241328
388.3906176791562,220.65994271792434,15.367939859661634,10.482553154877806
388.83511911645684,220.45206135767427,15.28948266689651,10.493043034459845
389.52309322490936,220.22550127537374,15.126325574805756,10.541899490789461
390.7355585373591,220.24214640487637,15.117048909514045,10.508609231784261
391.73762976646003,219.8654554733288,15.122501091735073,10.458153238710198
392.51978805393685,219.09016231434632,15.162853556185599,10.404070517271002
392.728261429505,219.11497183790092,15.14678812770007,10.354451470161804
393.3503060585555,219.11493225496113,15.10215153016156,10.35453063604138
393.93397372308283,218.9559142091654,15.132253812734714,10.273420857090207
394.35206560542605,218.96899652750082,15.092581906051887,10.247256220419397
395.52336308741684,218.60358788287832,15.133334404495482,10.183624355522685
396.89071532335316,217.4361521270439,15.176109099305938,10.137799438606086
397.29906121238804,217.44617424434617,15.152747958838322,10.117755204001545
397.73181056588373,217.43951174744106,15.079211190429373,10.131080197811716
398.3028873589491,217.45486173623706,15.122345738514838,10.10038022021971
399.81555303462693,217.50344179744758,15.258895025249862,10.00322009779869
399.9884821418348,217.52785337160222,15.308707138173872,9.954396949489428
400.9528418587392,217.33375907025507,15.358007646464944,9.946981563763764
400.9749189796739,217.32602978067024,15.313853404595484,9.962440142933415
402.56662446943704,217.10360588406152,15.296964833032595,10.011472635155428
403.14860196442805,217.09483029922345,15.322147455441982,10.029023804831596
403.359365727764,216.88282260925538,15.297669495953194,10.055989617584586
403.98573556708095,216.0740661157391,15.236323621549444,10.084977532310221
405.389716813976,216.0547809658345,15.205207365152503,10.12354783211939
406.213325612548,216.03262425759533,15.145453863691344,10.167861248597761
406.4379148996417,216.00287886986294,15.092978741525487,10.227352024062547
408.0043579335764,215.81791921443326,15.135297170823232,10.200370772776033
407.97392510785994,215.24176204489603,15.196162822256197,10.161414523516681
408.1740554254153,215.23882514259736,15.193261427299731,10.16728832811402
409.7420264227364,215.05360572897862,15.236624783041446,10.140313986553519
411.1529888088634,214.84568091314992,15.198019248491857,10.158546584253124
411.1737603261584,214.45781673430602,15.156476213901843,10.139595904971113
411.5903142139929,213.2691098136197,15.116168197161096,10.138610469559277
412.37153895492173,213.45527059053546,15.136827302591563,10.162066062549785
413.7574468003307,213.46550767153676,15.140353655239593,10.14159190054721
414.3626096490348,213.28053099001588,15.118599489974512,10.115354752874545
414.74145380318856,213.2830470986907,15.151766180071002,10.110322535524936
414.9523658082764,213.28648492150032,15.125784874955857,10.103446889905701
416.69880046075997,213.1005289701006,15.190955332639103,10.08002104129953
416.67016553148244,212.91412920099356,15.248225191194168,10.05689244400299
418.0579713975241,212.91585025580622,15.247439990950708,10.053450334377633
418.2400699199272,212.89834223906635,15.279577653309147,10.08846636785741
418.87314166842566,212.65018884359267,15.205634690213945,10.18737298083752
420.4556477524728,211.8044971618395,15.224085529432879,10.287024840687245
420.64443855289903,211.75208809038548,15.246368469552298,10.391842983595271
421.4162273343805,211.73883736443943,15.31054233547189,10.41834443548739
421.8298725345025,211.7216041477588,15.289939965494609,10.452810868848633
423.43355764294967,211.27885182337792,15.311405702535312,10.531106529126584
423.2108323063021,211.22416778156327,15.35163206879065,10.640474612755867
424.8083150638165,210.98240538069663,15.417787492570245,10.716359297138153
425.028821185106,210.73973229907156,15.38666833775394,10.791812372625674
425.2452256126702,210.5004717409184,15.364528372591751,10.859664598965688
425.8636504654835,210.68931206495247,15.362038431029871,10.893437205585847
426.4764274940547,210.46317312618712,15.37240099385934,10.933742876459238
427.5179328001,210.03848347705576,15.353355686662876,10.957536052764212
428.5648437962546,208.98905814463325,15.324016260725118,10.991904151237936
429.99781630450786,209.79395006461124,15.349195279733964,11.034191188719294
429.5650385326572,209.82160581566296,15.386561103545,10.978879686615864
430.77461055513857,209.60051959253704,15.449921476599465,11.007301396531478
431.60637058094915,209.40262999069338,15.447113801588383,10.987902506066279
432.8141387194489,209.01266566625014,15.520474167216848,10.938198940743398
432.01275163937834,209.02873753605274,15.462820728198858,10.90605520113822
433.18780730205293,209.06613396687635,15.594938746866655,10.83126233949099
433.57604660903763,209.08149752002564,15.64739375948317,10.800535233192429
434.8171417471441,208.90896044059906,15.65370729021845,10.730858757554198
435.5921934387556,207.90077043000483,15.758375663481836,10.678774083134604
437.04683597072136,207.927766406421,15.74994223369728,10.62478213030227
437.0540678495945,207.95300403507508,15.735478475951032,10.574306872994088
438.0586159152927,207.7852339069782,15.788029712403498,10.497517655618076
438.51695661264216,207.35860648712347,15.695036679245517,10.527084133786643
439.14458673939924,207.37792271703853,15.672587228748624,10.488451673956467
440.6024693680116,207.17870923014686,15.626525387753228,10.47692101684992
440.8286791213957,206.99639847713885,15.583179090865558,10.432469312985463
442.0389942101698,205.80802644825863,15.608646311163874,10.363115972899458
443.22011645257993,207.05084805102067,15.687881442868097,10.318952383899799
442.78472636409157,205.65682733585112,15.743924121609693,10.255412570416059
444.22716268689607,205.86275219474126,15.709109918219758,10.250714058667093
444.22310098721175,205.87069575986982,15.717233317588391,10.234826928409992
444.6563684239404,205.8701077209839,15.663513672523406,10.236003006181793
446.2172218965373,205.9146216987268,15.786776862025215,10.146975050696003
446.36075058375803,205.94397953513212,15.905703509609237,10.088259377885358
446.90234342455614,205.7675440095399,16.04286620706279,10.034347636053132
448.50928489006594,205.16800494740366,16.09242655003242,10.00963453257969
449.29297499345085,204.3663629972713,16.15807089474795,9.979893881359065
449.063204947464,204.3684620126848,16.208874254373775,9.975695850532086
449.2828178574005,204.3743642172054,16.179072595879752,9.963891441490908
450.9156729377819,204.38581394430264,16.183612350178308,9.940991987296425
451.1330516538643,204.39280103600396,16.157319019951554,9.92701780389375
452.57247201898434,203.9816160170679,16.133337746454757,9.933713711267789
453.1843897193814,203.9802099671465,16.132278027006723,9.936525811110602
453.60594075873456,203.97561061746012,16.104422623146093,9.945724510483329
455.23691041076705,203.97866836847152,16.101381489750665,9.939609008460552
455.23532728493745,203.79997862062731,16.104547741409917,9.889774333816419
456.2399530142847,203.40884142077175,16.127416262630355,9.859200741561565
457.4832581895318,202.18044569805272,16.07831117206501,9.878486927070792
458.5113560666784,202.17670679486514,16.05133026402569,9.885964733446002
458.78050092925866,202.1505700304003,15.918606727025512,9.938238262375675
460.0410132795613,201.94708387661385,15.824356659837544,9.94074813104569
461.0750019136815,201.934698998121,15.771860446375397,9.965517888031364
461.6397822661445,201.7561945078848,15.850478429884054,9.919800639025464
461.6273319385442,201.54998209721003,15.875379085084715,9.929089988020444
463.00926410420584,200.54807285760222,15.937157532598142,9.914592196638468
464.40762534523475,200.5575436323935,15.97083484081731,9.89565064705592
464.39408728468874,200.56730813852084,15.997910961909387,9.876121634801201
464.98815401284116,200.57325586808702,16.02358898393781,9.864226175668872
466.0336814579659,200.57006348103516,15.956469447643164,9.870610949772596
466.23640709785366,199.97450813298542,15.954911018500205,9.85004309397426
467.4369884748517,199.97201220364047,15.974893204176077,9.855034952664138
468.0459792163123,199.96936720454931,15.968630207690856,9.860324950846476
468.6559049415146,199.77016411924268,15.960483478233963,9.854829547810471
469.07479659016735,199.55762771766106,15.930075591001284,9.876214645937372
470.08717128844427,199.5467489396838,15.92329112282257,9.897972201891895
470.4895577393842,199.53466442175161,15.926231991582492,9.922141237756271
471.90775160706823,198.54293044755264,15.919988538031145,9.884077556285217
471.8717774734571,198.75727851490328,15.991936805253385,9.85895580768271
473.29613394636476,198.5320084588451,15.972808096614344,9.905269600202486
473.5105032003533,198.30827551886975,15.948788222571174,9.94801684621933
474.74637186395887,198.0889236401347,15.907514505960528,9.98164333525597
475.56238727302195,197.26758928420477,15.895581293228588,10.004214441721599
476.13353758185264,197.26738897537788,15.968953362474707,10.004615059375396
476.3323655328864,197.2498555211569,15.977625031814537,10.03968196781739
477.7411445247451,197.02951810140976,16.009381156355698,10.073311934703293
479.1743091910209,196.4092419248697,15.99963295445688,10.089615231789429
479.1233382838658,196.42000261921632,16.10157476876708,10.068093843096179
479.3002487963494,196.4056413790927,16.15712709609236,10.096816323343354
480.50946052957295,196.40024592514544,16.202813034617712,10.107607231237946
481.1301363577695,196.38084827667112,16.19610634247761,10.14640252818658
482.3898528363074,196.34987556539613,16.149265266218745,10.208347950736524
483.8285839194647,196.10797914021418,16.158856146042417,10.27970465165215
483.8551255202944,195.25825800306052,16.10577294438305,10.324051871265784
484.254409582563,195.2456788209265,16.134645757882943,10.349210235533782
485.69134918647643,195.22557361437856,16.162779414539582,10.389420648629695
485.6858593400792,195.20447771987386,16.173759107334067,10.4316124376391
486.0847465558977,195.18897236557166,16.209055680535833,10.462623146243514
487.7724368964081,194.98867205338658,16.17433239609375,10.445641596041288
487.99083030184335,194.8073715010131,16.154323878227657,10.39146440778393
488.64573658312304,194.37534652411,16.091232965738268,10.424366594876746
488.85652326734,193.56131977041946,16.084837169558185,10.391709813242459
489.8941186312685,193.5445654883307,16.082330017951517,10.425218377420004
490.1223183398994,193.55138271573222,16.04098890290191,10.411583922616945
491.6119197901183,193.36903096614958,15.961262776413498,10.362076454075163
491.61123792856887,193.18373040471675,15.962626499512329,10.320487941625172
493.04186374065415,192.99220320782166,15.981988162183784,10.29202615158076
493.2299513920189,193.0284895777014,16.017144059795484,10.219453411821279
493.85045025224713,193.05062819180694,16.008081505238412,10.175176183610219
495.4799344729676,192.65742010877312,16.027264181889773,10.14205457015482
496.27177336483135,192.65466065684376,16.081592830222785,10.14757347401356
496.4478373656074,192.65048776921415,16.139871346011855,10.155919249272769
497.2761182792812,192.6695817787514,16.12898008474248,10.117731230198292
497.87344384342583,192.50641179223933,16.16617383222732,10.03345624463097
499.53415439611075,191.68974632316872,16.122808879248094,10.02775910657693
499.96381630413,191.69904385675235,16.081512946599478,10.009164039409637
500.20987375808716,191.6807306323241,15.99748331224382,10.045790488266151
501.042327123034,191.7183420110527,15.96235276928962,9.97056773080898
501.6401579757793,191.7551818834151,15.98366536917333,9.896887986084133
503.0888185149925,191.58575640809858,15.919524162642663,9.830998955017805
503.34800088790223,190.58778738350637,15.803835660215201,9.813555787242162
504.8157579197995,191.1816924826695,15.672917975488717,9.827715465659365
504.8012045106372,191.00688770453095,15.702024793813425,9.778386412825279
505.2316645825436,190.83355608236204,15.638197129701775,9.726503417312461
506.47159452569673,190.64034170194853,15.538672708951838,9.716209600546792
507.4484897279919,190.43864379898955,15.560199350772702,9.72454199718256
507.48385966717996,190.05465658906374,15.489459472396522,9.70146696409356
508.8791985096873,190.04052032717883,15.457348352371142,9.729739487863428
510.08509196241283,190.0271665438102,15.410010178938961,9.756447054600658
510.44895257908024,190.05885389479036,15.469917181130565,9.69307235264037
510.65024026618903,190.07430230012034,15.460990010719106,9.662175541980375
512.0077801900997,189.91090318966837,15.496887866046315,9.5959769481488
512.810754319184,189.7147388380264,15.460627902682283,9.595883577731618
513.9733432566189,188.52553171550852,15.48672545817255,9.623022392407284
514.1729483203756,188.51068187605756,15.480239689497134,9.652722071309206
514.6028460744827,188.5009962463813,15.406695799178815,9.672093330661733
515.0520062808056,188.4860554330796,15.293078951828695,9.701974957265126
516.5897292969289,188.30019447970142,15.346858592707042,9.682543654880885
516.9879500031458,187.70848715045017,15.33368181566953,9.691061360289153
518.3124720229822,187.71152335882914,15.425683020975502,9.684988943531225
518.4988841733568,187.7339998240581,15.445710388611142,9.640036013073304
519.4672497727697,187.55576559120638,15.470965579464151,9.604107200840993
519.8716077319581,187.3727036527622,15.446592866815678,9.578059474865146
521.2506779841522,186.99068418165103,15.428046018112438,9.559357372606149
522.2297038253436,187.01139401628316,15.423892832426766,9.51793770334187
522.4266053760856,187.02404809408952,15.420111862444404,9.492629547729177
522.6225626124091,187.01444634575313,15.417737904209456,9.511833044401925
523.9867258266426,187.01530973394185,15.418205698889857,9.510106268024503
525.3427025218291,186.62636429612263,15.434892329178982,9.508385709187943
525.4735127186917,185.67845706899988,15.563297696169734,9.454071359854323
526.6198518455244,185.66185465776994,15.616778666031609,9.487276182314186
527.1492687152252,185.69009515431637,15.73509188110029,9.430795189221353
527.308220789852,185.70349827086895,15.810379791462186,9.40398895611615
528.6702398462185,185.51495872406008,15.843357994453143,9.387208576059031
529.259616914537,185.31953846784154,15.846802740762154,9.383982794180781
529.6788970663152,184.71414402658746,15.79636842101387,9.41258270097671
531.1003484624446,184.70196898449063,15.71003917188028,9.43693278517038
532.2796061691796,184.70349311625057,15.709060373029372,9.433884521650509
532.2893577311517,184.6925662967011,15.689557249085233,9.45573816074944
532.6675970510212,184.50179737814304,15.718948461977833,9.444341071549774
534.0643588132342,184.29770954267624,15.677686862721446,9.45933646745915
535.4954031036519,183.48059103407996,15.565330201842514,9.522298101819365
535.1311596682306,183.46051681560684,15.509407301594683,9.562446538765634
536.4847711535244,183.43465032186788,15.546504510669095,9.61417952624359
536.4422210518136,183.42290247200316,15.63160471409087,9.637675225973005
537.2457490419625,183.40147609736698,15.60507968554713,9.680527975245358
537.4607543982241,183.37990224906116,15.570525491685505,9.723675671857
539.0400083797135,182.79588856178808,15.577333184640725,9.704709675427873
540.3869985194658,182.79859866159023,15.651489025858973,9.69928947582356
540.5987640578544,182.59073232187205,15.624422203408626,9.718557900933119
542.2076253018141,182.58483018623787,15.577768215740626,9.730362172201454
543.1710527426591,182.39504986953986,15.63033725715427,9.714038020976767
542.9521334593976,182.40417423693688,15.671779786726088,9.69578928618271
543.9135162441535,182.2393306094006,15.732555905257353,9.628768203646645
544.3069625145282,182.05533267509938,15.738640602813152,9.60027545309647
545.7323577675686,180.88360111856892,15.660550260401553,9.567138425869427
545.9182728142973,181.10341079952303,15.683098751842143,9.521897648859236
547.3100578700462,181.31318188181083,15.657201209775316,9.49630870848807
547.3298481326907,180.5364249332727,15.617620684486385,9.477276301941885
547.7128248990244,180.5394703285175,15.63612014915428,9.471185511452264
548.9071129292279,180.54387554774374,15.601940998225597,9.46237507299982
550.1022145428841,180.53553622396444,15.562189868817752,9.479053720558385
551.3030537202814,180.32903038458244,15.509094748972217,9.500634860164228
551.3305719733094,179.7455354772324,15.454058242916313,9.494618238305035
551.4911798250623,179.74561589461175,15.52292281395595,9.494457403546356
552.6526235826454,179.75649718957484,15.54666181641197,9.47269481362016
553.0803944777712,179.5429325591609,15.47330427652501,9.508731949265785
554.63867951339,179.34551354947476,15.481570607979627,9.512965418301508
554.9927225762826,178.97356045840212,15.555082476580804,9.475273606060417
556.3350179044488,178.95861376672332,15.609318885533408,9.505166989417994
556.4991967499238,178.95857241138447,15.673533509007397,9.505249700095696
557.6344766600415,178.9562337187528,15.764156193775966,9.509927085359067
557.7856621881955,178.95852327330223,15.85674389625941,9.505347976260174
559.3267882897662,177.786395573195,15.94456853159981,9.472045747613263
560.4696385626928,177.80758388103823,16.040890480667635,9.429669131926829
560.6303543594419,177.8225476232644,16.117177704844206,9.399741647474478
560.6447719079362,177.65536695406186,16.088342607855473,9.3357580353735
561.425347221728,177.86187373697848,16.114525492017243,9.319577847476557
563.0412629210573,176.8685180461729,16.05827401160994,9.321551780180721
563.4363874241591,176.8789670488885,16.060318283472142,9.300653774749494
564.1895231886708,176.87684114384123,16.13733806810457,9.304905584844027
565.3961545145072,176.68053310798382,16.106297179339812,9.300484696074198
565.8268986156711,177.08970357521764,16.037812541776848,9.275147326371457
567.0170561819202,177.0884908494138,16.02783778121271,9.277572777979113
566.8415483302487,176.88079689362453,15.98390356564953,9.298010770651524
568.2121082474058,176.4952765881301,16.005295282573876,9.279762367000782
568.411102462261,175.52264527450254,16.00195954212378,9.251761547953814
569.2514252675267,175.51414097397924,15.89782844820073,9.268770149000444
569.883155876318,175.49860454299352,15.812983431130707,9.299843010971841
571.4539615182572,175.3055212316978,15.808478182153332,9.29387137920065
571.8848896012584,175.49599676072486,15.730562711454377,9.304890668798219
573.1025117873809,174.9116718615649,15.641313008280049,9.30054313258271
574.4831299125734,174.91435050566443,15.607270160845156,9.29518584438372
574.4838282091409,174.9313424716059,15.605873567710091,9.261201912500798
575.0500638915033,174.94372709204802,15.638625600079619,9.23643267161653
576.3923735031403,174.95540102233343,15.673338670536689,9.213084811045661
576.5882266303236,174.7568963135982,15.670229366413384,9.22149727827297
577.75452962086,174.55932101704983,15.669781621667319,9.22795483198188
578.1503303037387,174.34986370863734,15.65577142274193,9.258073865390905
579.6987626658708,174.53760662321795,15.671679168859615,9.271684595027427
579.8720013835468,173.56619031641077,15.714764686055187,9.266702445904558
581.2296896837161,173.57415355513473,15.730220569204716,9.250775968456631
581.0368205742536,173.37952349131433,15.725879575139928,9.24995688310798
582.451014176978,173.16940390754039,15.627498575030565,9.280195164178838
583.0138242805762,173.1686927691473,15.669028535550847,9.281617440964997
583.7836264542632,173.16142677005294,15.688189744072204,9.296149439153714
584.9378831108958,173.15429659228562,15.72100654606832,9.310409794688407
585.5287884593878,173.1499002228784,15.712046900516837,9.31920253350286
585.3332859412814,173.14692167426614,15.712086213929247,9.325159630727335
585.7533232155542,173.1448007642351,15.654145523098675,9.32940145078942
587.3092961646167,172.5597524488653,15.66441633712169,9.328666814473465
587.5081216942165,171.39437685941738,15.657182696887487,9.316913479578059
588.487665642293,171.38259948648593,15.648651929605913,9.340468225440953
589.0722121683532,171.3904496556494,15.650705418836138,9.324767887113977
590.6220726130315,171.20652604420783,15.672166239026755,9.302467396303696
590.8225302770737,171.39591721274834,15.66134114546207,9.313775293742303
591.9721906674913,170.24655126053216,15.702741969319465,9.271785593482107
592.548843533339,171.62743288749877,15.719514929358429,9.240205953595401
592.950551046348,170.26730236309632,15.695582797378751,9.232276873265995
594.3332304501894,170.46055104506797,15.654987324671154,9.235031414319183
594.3552736275911,170.46034426204966,15.61090096986755,9.235444980355778
595.6944738714583,170.45167266549086,15.648832122014978,9.25278817347338
597.0332268784395,169.2692934907958,15.693654934017234,9.28412181489381
597.4409352714798,170.621055608851,15.658437526056225,9.311295402202372
597.8066820591094,169.24002039603636,15.707014395160463,9.343119272559392
599.368996538511,169.42167938096915,15.712744025730684,9.371096126365495
599.357928611831,169.23156104265598,15.73487987909076,9.35948047706276
599.9263692487565,169.41922964290788,15.77395478833541,9.376128670924212
601.2878962773054,168.82600265414965,15.800833021050476,9.384040238520845
601.3031411297837,168.8179556567795,15.77034331609378,9.400134233261166
602.0916739782982,168.8042845536957,15.766073882506266,9.42747643942876
603.6815941248096,168.801695034785,15.73500960209256,9.432655477250142
603.8559845066595,168.81919570438964,15.779451051037011,9.397654138040883
605.4379492370078,168.62633314513207,15.761862682677494,9.39008662001393
605.4570242729218,168.2589598043877,15.723712610849665,9.339026619937819
605.8700064976689,168.26234569936702,15.680696097819215,9.332254829979181
607.4359231010749,168.25227509617815,15.674623425612902,9.352396036356936
608.1913868853983,168.2699803078106,15.727574897955526,9.316985613091996
608.4026772118452,168.29315322117128,15.696153315233346,9.270639786370664
609.7936496117836,168.09166541391477,15.643571298227277,9.283706431902216
610.9745285934583,167.90352698317514,15.617903067462484,9.270635004617377
611.2239648220595,167.1254319908319,15.507776556988695,9.271841202388858
612.2069571479367,166.93076580571127,15.477435323684377,9.274044888940185
612.6316681149307,166.73142688964148,15.401442335239192,9.286008248308441
613.981697301132,166.72852364159414,15.401880196403575,9.29181474440314
614.1576986021026,166.92672336235682,15.435767142584666,9.281304850999897
615.3303864558776,165.57802499210305,15.40769244658448,9.275183744699527
616.0775753152878,166.36585523178516,15.456097812619047,9.242306350190393
616.4526867055075,166.3565477856345,15.477598228203567,9.260921242491758
617.820014154615,166.17105622784584,15.448411888275228,9.245408849742347
617.852624182385,165.96416356469453,15.38319183273536,9.273394571998335
618.2732201567168,165.3935172067456,15.312601672524334,9.258784605217027
620.0009620420935,165.40995688055682,15.313151010663276,9.22590525759461
620.3636778152697,165.41160178009758,15.354635108630871,9.222615458513092
621.4928089875614,165.42381051442968,15.400491671778152,9.1981979898489
622.4556866234414,165.4292965130961,15.396187309163164,9.18722599251606
623.0318547027434,165.2340724220753,15.39597413035012,9.193633181293949
623.0573688141271,165.04146902558224,15.344945907582781,9.194694019681291
624.1788517576791,164.48772012822238,15.402408510045408,9.151977569617577
625.5305341632708,164.4665345472175,15.383812627754331,9.194348731627382
625.929578602985,164.45977279849862,15.353678017983384,9.207872229065142
625.9468793122368,164.26603360348497,15.31907659947984,9.211593671159218
627.0926063264501,164.26503835236085,15.327451206671768,9.213584173407474
628.4020536666507,163.50995955035938,15.392797346635373,9.189889880059152
629.5332182495448,163.5063241800536,15.434681373959743,9.197160620670651
629.7364714522545,163.48480263825692,15.412956124011922,9.240203704264031
631.0840269959848,163.29050484527474,15.414135040933182,9.243615003888129
631.2532347308836,163.11000023948657,15.460978934690367,9.219364851909882
632.5566656076986,162.37664331612243,15.552946466356309,9.143890535611751
632.9140347174655,162.39472942284073,15.609485518684583,9.107718322175156
633.1089618657497,162.38828219501605,15.605497175948777,9.120612777824546
634.6447837684796,162.38515592947374,15.622053720202974,9.126865308909137
635.7944548893961,162.36770587766526,15.640971299986901,9.1617654125261
635.7924309786474,162.16805965443473,15.645019121484262,9.173809723059911
636.3416073278196,161.97146276540636,15.709202507499334,9.17949147299681
637.5494771746012,161.96314180401245,15.624829024342704,9.196133395784619
639.1009590264792,161.576322390934,15.62258358640358,9.194592655487275
639.131691652879,161.56824850809576,15.56111833360404,9.210740421163734
639.8640258825044,161.590539712014,15.644010346115564,9.166158013327285
640.2435645930758,161.60337058038732,15.659668093434325,9.1404962765806
641.6055151003632,161.4122578105798,15.645926862734468,9.135556132784933
642.187484162236,161.06027590009472,15.642623041619652,9.065763752001212
642.3949923476684,160.68462821010223,15.613253618537039,9.04576523642136
643.9011922351181,160.68767775699467,15.679833274842705,9.039666142636438
644.075705411117,160.6911985789949,15.716563206479593,9.032624498636027
645.2188398719752,160.69339828117955,15.747381913560414,9.028225094266716
645.6249689276086,160.6968464627196,15.708250428067828,9.021328731186607
647.1834772510555,160.49776818944383,15.678165096904639,9.03361886327183
647.403296452188,160.31008751315392,15.62415568712025,9.023351223370895
648.7283128353251,159.36455289102165,15.66670199290236,8.991149701880865
648.9491327523026,159.3533600586721,15.609800749937856,9.013535366579953
649.9082989190648,159.34784796224545,15.612842819631496,9.024559559433262
650.2876134885181,159.34950436890745,15.62322746984559,9.021246746109286
651.5895021620527,159.1855169503769,15.711683081367582,8.964616874800221
652.9129588435269,159.018091745235,15.759451351924131,8.914512766011859
652.7284171129969,159.02677658537857,15.743724579170946,8.897143085724736
653.3167218494591,159.01552567496037,15.719961468783254,8.919644906561139
655.240992491951,158.9978614360832,15.71455014048573,8.954973384315476
655.4450821068427,158.99294381533724,15.691204091074257,8.964808625807418
656.5680027925822,159.00005760572196,15.753289422025688,8.950581045037975
657.1531072406528,158.9901532766994,15.739077009210824,8.970389703083057
657.8967391325417,158.79223195538663,15.793646316480954,8.980774072946641
658.3037698912168,158.39741356146544,15.752470268327732,8.997525391592124
659.673116841768,157.21669995387424,15.716598918989037,9.04224756240555
659.5079242705729,157.20170596108048,15.660639001303167,9.072235547993046
661.0606888366087,157.20874845824082,15.643300547341536,9.05815055367236
661.4429283004589,157.21839311676894,15.64987755817582,9.038861236616151
662.7976981482939,157.0407460088379,15.637427432438859,9.00885694248776
662.9963342015366,156.4927820215336,15.624760445328963,8.950969558970186
664.1549253892122,156.48827245562507,15.608189165834935,8.959988690787288
664.9298997042918,156.49971372053184,15.59161137229976,8.937106160973713
665.4949053835904,156.30315272163588,15.609726163125101,8.947519442291343
666.8493221275197,156.10525968877977,15.582969737179912,8.960151642015997
667.047396657218,155.73823268407352,15.569792398500105,8.92826220999497
667.9812191194742,155.95245292718025,15.61332405863044,8.882057040710112
669.1151624794069,155.94509809211752,15.638010181990635,8.896766710835529
669.8569435409663,155.9334777460713,15.685291753763341,8.920007402927961
670.0361381894863,155.92018902566122,15.710708341621803,8.946584843748177
671.382240680405,155.91646403727978,15.710939865528243,8.954034820511021
671.776683903248,155.9196403946453,15.691580965081993,8.947682105779949
672.5547524854732,155.72723377598896,15.67292048364517,8.948126172339272
674.0980798138124,155.53803317465525,15.659068540524263,8.942427035811997
674.4895938012473,154.37470016670727,15.6436373364891,8.96630273920387
675.4734195930197,154.37484570413866,15.595861418000268,8.966011664341043
676.0538490508511,154.37205722087353,15.584789128402258,8.971588630871356
676.293102721037,154.17301856611346,15.489474494601486,8.98647323382054
677.4913620785192,153.97977784820046,15.385146080023762,8.99092295291544
678.8300339163159,154.18789397033467,15.371715399999369,8.955249708014064
679.0309263950107,154.0066708232348,15.349686140164234,8.937940304659243
679.614236897892,153.83823690614156,15.320472156890665,8.895672464682693
680.5575185570804,153.65158345940716,15.32384017551111,8.890993090752081
680.7311390327525,153.2928269500626,15.354556169586186,8.85259221860252
682.0510774961707,153.30318511496878,15.359009627374745,8.831875888790139
683.166159760091,153.31155158309193,15.393701708236346,8.81514295254383
684.466097084369,153.3100226174551,15.437770593577348,8.818200883817468
684.0923971060133,153.31393136991207,15.428348614643953,8.810383378903552
685.6321715843384,153.11608776827865,15.373908905604884,8.827931926219065
686.0293755494401,152.7344161465786,15.334760966174391,8.836015178845996
687.5333872509735,151.99931720715892,15.34423265526099,8.797465511608545
687.4901146792582,152.01049480802234,15.430777798691658,8.77511030988169
688.2109385197722,152.02388690248446,15.499431912493607,8.74832612095747
689.7192547137633,152.01883407072071,15.507889489175458,8.75843178448495
689.8793924722181,152.04577704924196,15.56604724729497,8.70454582744247
690.8426357805456,152.05247547049564,15.531442052024161,8.691148984935134
691.6164962749359,151.88437007955324,15.494267140652292,8.649723247467756
692.7327665887368,150.98106889770625,15.520014642471263,8.57441883664432
692.9193728668878,150.99009589609216,15.522280006984507,8.5563648398725
694.2060039622235,150.99869065811865,15.57544092535183,8.539175315819527
695.3625452059557,151.00019445335744,15.516525554097601,8.536167725341956
695.3430256875575,150.8305170232548,15.555564590893997,8.50074897950577
695.73122111033,150.65881041653876,15.52866332586672,8.469417402678923
697.2248089888009,150.8584833879968,15.53198762387478,8.443883966631544
698.539944110845,149.94857296989184,15.515692500012756,8.39657971696553
