150.1199951171875,345.94000244140625,15.607999801635742,7.749000072479248
150.19188480956734,345.1867905217042,15.551972447547081,7.892839901659599
150.7593781017845,344.9367318285861,15.509738447695305,8.028706426368375
151.1439065132157,344.87372019944934,15.472629343691091,8.154729684641858
151.53785898741373,344.450551974098,15.41991576382782,8.265874766811706
152.95379454562496,343.1402444983717,15.537856606996233,8.305404253622278
152.74692024496815,344.37897296754755,15.580464498236047,8.425932285787175
155.55089091366028,343.1980662992115,15.580012353665504,8.544749945333864
155.75287118500552,343.34912055598664,15.551909002415531,8.618498623223974
157.0299626993668,343.3045552512894,15.634632037751885,8.707629232618546
157.9390845051161,343.0925415385514,15.71360117603299,8.752214108138588
157.54068946195738,343.07139627940325,15.747652534828164,8.794504626434845
158.90901226463725,343.03699930466667,15.689159349254108,8.863298575908118
159.09548897369206,343.0132393492988,15.699105026359383,8.910818486643867
159.0854024150734,342.99333948862073,15.719278143596728,8.950618207999891
159.27999847333248,342.96402117108096,15.714915236157886,9.009254843079423
160.4095205471581,342.7498970527212,15.770432742919247,9.05174280406356
162.31236002053222,341.97851851411014,15.837793812407075,9.045283874791279
162.84168404709754,340.8049982105997,15.943722757562913,9.063170485239157
164.32994432868645,340.80930284892014,16.08772100584051,9.054561208598283
164.1218756632662,340.7979811258479,16.111808879908345,9.077204654742836
164.27065867150247,340.78457130665555,16.207033934829532,9.104024293127544
164.65726314573521,340.7532729289184,16.2231369882343,9.166621048601804
165.83739724158107,340.5126501503296,16.238624339774592,9.251907348574049
166.07335249599836,340.4740367456283,16.16435198551255,9.329134157976602
166.31314271395573,340.2492789513325,16.082619871526713,9.380801424639353
167.74157008928884,339.63733513810104,16.008344888355573,9.412154865032939
169.15362115797208,339.5997403910039,15.96281743422728,9.487344359227233
170.14309846840789,339.58401053879845,15.971529849276497,9.51880406363808
171.1198209168067,339.1690412572005,16.00905549517332,9.552354409756308
171.7615553959291,338.5459318418562,15.923541980151889,9.600617797221526
172.54928142481455,338.5038326185239,15.943529998825523,9.684816243886067
172.34211207618034,338.4619855935744,15.957292740030336,9.768510293785049
173.737979877155,338.2529380893058,15.980882484200395,9.78441596716229
173.7181358008666,337.8388265830141,16.02057063677716,9.80702192396697
174.32361637988944,337.052912450988,16.02095072448951,9.763728527008459
175.32988974902636,337.04029651457705,16.023692868309347,9.788960399830302
176.5479512200315,336.80335520357704,16.0087089527504,9.85931985075517
177.1347470434303,336.7845577890929,16.048565265689266,9.896914679723432
177.52543582628243,336.7738542050929,16.078605525359645,9.918321847723393
177.9594191088218,336.55219948300027,16.023672451268972,9.955114546414663
179.20154756372767,335.9186568031717,15.977303335178435,10.00325600921121
179.24823960163528,335.8723404915927,15.883919259363218,10.095888632369245
179.87935408987474,335.8379330449729,15.841443776091946,10.164703525608829
181.48140193388744,335.62140127389216,15.89414055066392,10.190668009945668
181.49065904001512,335.40371557508615,15.875626338408551,10.217717263595034
182.72772596265045,334.5725966272928,15.852472397721046,10.245968556126375
183.79758257801578,334.5441815415442,15.75586582639111,10.302798727623596
184.02319662129162,334.5440826263574,15.712757938290352,10.30299655799719
185.61809349110248,334.332077951022,15.782776232366913,10.319529404455757
185.23442916644845,334.10709963184365,15.732499242448053,10.360683223198992
185.86099713793791,333.07624212803483,15.705563789569775,10.378730747315547
187.47951922245664,333.0868206375899,15.737553965225079,10.357573728205484
187.4501474334225,333.08332389806503,15.796297543293356,10.36456720725522
188.46886533111177,332.67983939846295,15.807642093508964,10.352024068221642
189.24935647948803,332.89352672663324,15.88552945246079,10.334366825807104
189.23601444984894,332.27828103315215,15.912213511738964,10.333083068389973
189.8267218733264,332.2758838828521,15.963710156387778,10.337877368990176
190.9965363088205,332.50256201083107,16.095016996409736,10.296343731533845
191.96347677744808,331.48028245000387,16.22661776932481,10.275421143017926
192.9674730626458,331.5141115537936,16.2922048725479,10.20776293543846
193.52671184003344,331.33143688001945,16.417416942778317,10.1585490746516
193.46076556521706,331.561767440535,16.54930949241104,10.113495366314213
194.46165256728804,331.1745004394973,16.631622856078355,10.054394421265766
195.84100194205848,331.18356614974056,16.79226673772348,10.036263000779254
196.03601058490239,331.1867873174876,16.821383572515956,10.029820665285213
197.2720277364284,330.76896613835487,16.866100028644258,10.026546103823911
197.308268183415,330.53142140593394,16.793619134671072,10.081567479881643
197.9458158282764,330.29707490124343,16.778279227359636,10.130342028458768
197.98055695262428,330.0659331756703,16.708796978663862,10.172113189582987
199.0802613441355,329.1911810000774,16.610291981763655,10.24089451187105
199.53899421281176,329.16398274900536,16.53256344682631,10.295291014015145
200.8593692697057,329.1345618605804,16.409543075969104,10.354132790865073
201.70725401625901,329.12211527241163,16.388851768068637,10.379025967202509
202.1573643059596,328.8838498689999,16.326384888962806,10.436679923878419
203.6230962720773,327.8341972676712,16.327265510654673,10.441453302302094
204.0151622851577,327.8297830392996,16.381132163578943,10.45028175904524
204.25295230712842,327.3792515879825,16.325505506673508,10.511437887607512
204.89419217734368,327.3599970463915,16.303452418876205,10.549946970789435
205.68931067283205,327.36557999504475,16.39503364873253,10.538781073482918
207.18699341790565,327.3580856603322,16.351152027153827,10.553769742908045
207.17622025658608,327.3529219576389,16.372698349792973,10.564097148294614
207.99265578700002,327.1164968759029,16.426741826988614,10.615218677260765
208.37227220241763,326.4842681107159,16.51429292269476,10.609500317822746
209.4279559340261,326.47318485784155,16.52596733677219,10.631666823571475
209.62752554167398,326.449342680525,16.551981632989555,10.679351178204529
210.68058805757687,326.43073011234554,16.577554289304327,10.716576314563433
212.43476372238104,326.21329748247945,16.487956431480864,10.724097390322525
212.9109637295606,325.1206288337223,16.387808894539234,10.778803494293106
212.51579156109034,325.0602530008971,16.32708345456172,10.899555159943567
214.04616065605006,324.8428218946661,16.25276092575794,10.907786563674762
214.08168258110962,324.4065851910902,16.18171707563886,10.928960859822821
214.70230396289142,324.4168717277363,16.21526933623477,10.908387786530662
216.2216119823559,324.4054519385043,16.15232081076012,10.931227364994541
216.451085654865,324.1904726562036,16.117900096343014,10.936659298994918
217.69082762342663,324.01628875458675,16.183005841951385,10.860928821773344
217.8800562254428,323.62565367700387,16.22837064269678,10.794554967383672
219.5373176122146,322.3761229253342,16.30106029028768,10.753207154872175
219.96372198218216,322.58729325333695,16.295863634702787,10.754672541041659
219.9464706439447,322.8194373737008,16.330366311177727,10.714136675463159
220.19797623451845,322.6187734173652,16.250950724721196,10.691868993443283
221.6843577375108,322.63034970431346,16.232414949440518,10.668716419546826
222.3698604768906,322.62219559466774,16.125515411541727,10.685024638838257
223.3944337639113,322.4230679503293,16.176540693086498,10.663245556397912
224.63989120104512,321.80591219975304,16.20825700605303,10.636241463933375
225.09357851137844,321.15790887814995,16.141812674448293,10.670852673546788
225.3240934494889,321.152945420156,16.100826276436816,10.68077958953465
226.78452775152365,321.1586663673277,16.117106942809357,10.66933769519117
226.80439967642985,320.931597719222,16.077363092996944,10.703827900033275
228.30598170482094,319.86552385334414,16.01156196143001,10.737859256635284
228.54412448536203,320.097120056277,15.954475436566277,10.693865886988016
228.5736516619713,320.11313212650265,15.895421083347715,10.661841746536656
229.40618149614588,320.13324840525195,15.895119032898652,10.621609189038018
230.88384848673203,320.1521049174425,15.848401516248947,10.583896164656966
230.9025981706804,319.7450780000438,15.810902148352227,10.569575037193589
231.31666324156885,318.95310410971354,15.809543179617876,10.499980471768978
232.5486226283234,318.99719372220824,15.818875396643428,10.411801246779584
233.21955486302963,318.36937739607345,15.709655694279636,10.434789132000333
234.46260530365683,318.3745838847898,15.681294034723155,10.424376154567646
234.6818174265001,318.38415356357643,15.651893559824789,10.405236796994378
235.51085303988026,318.17537749338476,15.626876877828987,10.414525301186574
235.9133676339674,317.7846298420365,15.6379315746774,10.37993671886035
236.49898875211815,318.0076937317564,15.689588686925998,10.341442055603927
237.35171774705842,316.5886720704535,15.615205817911068,10.325103916694841
238.79585389699875,316.7835909204012,15.571590613751862,10.34164580190258
239.0202735481905,316.7729123207444,15.528750633291045,10.363003001216104
240.08888801759124,316.7481080483347,15.420073044243328,10.412611546035562
241.09020794033773,316.7421956922468,15.441926600839722,10.424436258211367
241.70957834291164,316.7462586791078,15.419457390249455,10.416310284489304
241.5373473838952,316.7433276122398,15.358968539418191,10.422172418225363
241.5650373322268,316.7448863399787,15.30358864275498,10.419054962747605
243.18643750986985,315.3369206672285,15.286796371315006,10.412229234882625
243.78718205053175,314.94685747711077,15.293961894424017,10.386585878829525
245.4054695069248,314.95415631769464,15.277929758224452,10.371988197661816
245.24212781051384,314.95886321133463,15.202528797624904,10.362574410381908
245.49820268714492,314.9572266654294,15.091171307198007,10.36584750219228
246.73993273366708,314.7398475711036,15.002716809328815,10.401438091648103
247.1648099462739,314.5452867587895,14.94980539847419,10.392138209096911
247.5877082617727,313.73997593566196,14.898946575687551,10.412884238930015
249.16213142736186,313.74522662212,14.926446801898082,10.40238286601388
249.0057644673604,313.7311223948712,14.841895363557132,10.430591320511585
250.405586119622,313.5243985714201,14.817565070699269,10.44756568003305
251.00339734738913,312.33348201949764,14.811098723356402,10.45108656749509
252.2060055122259,312.32833010865886,14.783956169093361,10.461390389172621
252.20417195247575,312.13941642854434,14.787623288593617,10.44311284433341
253.39316881734248,312.1445694576523,14.784784021801675,10.432806786117483
254.75429776713864,311.94666199304066,14.832049553177475,10.43297551091674
255.1076127996429,311.9885144672968,14.918147005660703,10.34927056240452
256.06932818946296,311.81233129939477,14.976128599537933,10.305354423505118
255.84090022268464,311.63927777469905,15.036553261167235,10.25503020096929
258.0126923372296,310.4674819069495,15.05457002650643,10.219566848597895
257.9879562258661,310.2759808132606,15.104042249233464,10.206376079465509
258.1951738144568,310.67106094880904,15.08632636438786,10.209654393040323
258.96806143893133,310.27397463562653,15.126578717420706,10.210813218414405
259.9391740043626,310.26034606953556,15.170014632456498,10.238070350596358
259.94766585172795,310.26292425155265,15.15303093772582,10.232913986562178
260.3464067192027,310.2547803781938,15.151343412403783,10.249201733279858
261.769085978181,309.8255574911756,15.092977939220496,10.31136378023815
262.1827492287855,309.4120587864522,15.06223700896251,10.341775618733966
262.4102252944331,308.4077866444381,15.00561768219671,10.358655880115307
262.67975923774975,308.3989796070048,14.864307728563537,10.376269954981884
263.50856465460316,308.5837696943982,14.79035845705806,10.40260517074541
265.13283478864696,308.5837072473404,14.703677370458722,10.402730064861114
265.3706578883472,308.5849570269848,14.621954622227271,10.400230505572276
265.6053211079109,308.58848320114544,14.545273701100772,10.393178157250947
267.23568349723115,308.20349307928257,14.415495618498436,10.380421726967239
267.8659420255149,307.05532002526263,14.322555029717751,10.341614899433424
268.3230295655253,307.2385314004832,14.182670355040699,10.36233735166413
269.7107465197809,307.2610415859176,14.104779305872817,10.317316980795303
269.74768597466897,307.28943918871187,14.030900396096689,10.26052177520678
269.8237713850656,307.0763647961222,13.878729575303536,10.305282220892785
271.38501568478046,305.78004855534795,13.794719033699483,10.239246401843815
272.1710215439226,306.1765969669775,13.732510638654048,10.201051240204208
272.2033875169836,305.8302610526412,13.667778692532146,10.14196437590541
272.6234050859141,306.04307802346494,13.575598335843878,10.090257824844485
274.5392189735796,305.6856579902096,13.460759048491193,10.061740193759425
274.7873882400859,305.1365317226405,13.333885457400125,10.051597903133127
277.147880116001,305.1771461913808,13.388677165163905,9.970368965652463
277.26467792135577,305.22598135193124,13.521954527887946,9.872698644551637
277.3870480455487,305.2694851966423,13.64451176280178,9.785690955129542
277.6991875104225,305.3098623168698,13.75568564763813,9.704936714674595
277.44300952692095,305.33571363789605,13.899962358747562,9.653234072622004
278.47636967221445,305.1717604339888,14.049678783021989,9.611734361292806
278.2559988171837,304.9824987016948,14.119441980821966,9.619279313619344
280.49343959426704,303.81918704623354,14.110420597554638,9.712972539092178
280.8923725635335,303.80198411460304,14.059695229623303,9.747378402353252
281.8400370764624,303.97086711840046,14.03123495449299,9.782986144903788
282.60396063599296,303.94082705907454,13.997517008586854,9.84306626355562
282.4531741223719,303.7219665436982,13.925075598862309,9.906772857341595
282.84896061588853,303.3181235776921,13.881439820380677,9.96652158080214
285.45612637305703,301.9701171649175,13.90718500792256,10.0424960554119
285.830570197461,302.50603297039436,13.910158764101476,10.098456551938343
286.022785226325,302.2842110823998,13.902623992436913,10.16520504186398
287.4991487520725,301.50113475608964,13.97291084125644,10.219850744326958
286.71757069423455,301.665280873447,14.01670478080712,10.27139905364352
288.41367135177927,300.31790119826167,14.0566646501575,10.296699705005455
289.9280476894237,301.2535881821457,14.08689683869818,10.33719127713101
289.9477024175927,301.23188839754226,14.047587382360065,10.380590846337757
290.14498588900625,301.21756556429386,14.036631036208071,10.409236512834541
291.2800458490896,301.0039225228367,14.069990811283756,10.452609313208475
291.4553012902218,299.66185353005903,14.104610766790389,10.440831434366157
291.8138660760656,299.671076436329,14.158409932703535,10.422385621826225
293.29603915521903,299.4924679461784,14.281901656664774,10.393622866843934
294.05049291049716,299.27444988641,14.322525970096256,10.442276030383706
293.0723953117186,299.66053295101835,14.334729957746724,10.447706385129733
295.0183890428662,299.65555813101656,14.33346861258247,10.457656025133382
295.6273262193293,299.4420744895396,14.283244628120034,10.495406518599388
297.133354646804,298.3173539677626,14.383775577051136,10.410406709242999
297.1488162464938,298.3390956917449,14.352852377671415,10.366923261278437
297.74302541929774,297.37665215643364,14.328495732609497,10.351707497657653
297.9742579462845,297.1959655197421,14.253431843836738,10.325679605839916
298.9399192881847,298.1878104582991,14.25128465411527,10.271165222804717
298.9409362690877,298.21289895581793,14.249250692309257,10.220988227767076
300.48205493683577,297.8684343228785,14.239417395861706,10.141816483883762
301.0539837295645,296.7542195100169,14.243355044370947,10.07465564167343
302.1830684452628,296.2224283153586,14.274494489239842,9.993583592857204
302.7558402629913,296.43864131925795,14.271005934782421,9.941842612058483
303.35629595511466,296.246688451749,14.209428397219202,9.945970398182046
303.42364911887086,295.45698594184324,14.07472206970685,10.00971231706994
303.4681642361229,295.41786953993426,13.985691835202724,10.087945120887921
304.6632347920935,295.5678129913696,13.862759109106966,10.165926282324753
305.8500300842553,295.3344198434592,13.752867876873207,10.255429352797082
307.4405259511903,294.1291570618215,13.588509317350367,10.403480035312247
309.2969116670296,294.1383656615465,13.645671411632911,10.385062835862142
309.26011257970254,293.77804110248485,13.719269586286998,10.35058223633883
310.7435196981125,293.98516784292076,13.77744389408544,10.314452323544245
312.4331891507285,292.6834703425911,13.8038742110121,10.268915706969162
312.427837964766,293.2651275183991,13.814576582936933,10.239828885312146
312.2262191016435,293.10711929133714,13.840051982760707,10.178083013014678
312.4245286783286,292.3410232240612,13.82057050183851,10.201724457774375
312.82495041928195,292.32364438125927,13.774185374462522,10.236482143378257
313.5869136622823,292.32292595540497,13.758632038130429,10.237918995086863
314.35610382027386,292.11959434634406,13.727772677710432,10.267701974317925
314.53894558242047,291.9304881581122,13.738987216434138,10.26901628776465
315.50330918951835,291.16983624062516,13.695711212842541,10.281959154255484
316.4478462655013,291.1549579527133,13.68985283338306,10.311715730079133
316.470168310369,291.31641667627144,13.64520874364763,10.365838632090941
317.6320916122504,290.71186712048546,13.584826320258141,10.443205653476289
318.0422634115878,290.8534050225962,13.519652229035783,10.537714602981051
318.25600640832357,290.2598210867932,13.470294118510848,10.59049882574671
319.4280904955544,290.2045842938786,13.395512045743137,10.700972411575883
319.6528513257923,290.1676670461251,13.324868984628559,10.77480690708299
321.00379731311347,289.7562672193481,13.275913458868894,10.839624718099003
321.4067982488667,288.97785603536056,13.228486471129717,10.87929731853958
322.5450407661189,288.7553642573362,13.227196912555797,10.945081628599883
323.11196977255935,288.35980383414466,13.23406322650505,10.975719590429529
323.32388627988547,288.1489080232403,13.191071716592772,11.016669707498318
325.01805637384444,287.57997062591585,13.230288027688685,11.0120256691427
325.0173921026043,287.73542346951365,13.231616570168942,11.082488926713667
326.13513600573276,287.7395667276954,13.291279819727086,11.074202410350262
326.69829054146277,287.5389632804041,13.314903912477167,11.09209825019607
327.84593413904093,287.1355720298101,13.323397928481693,11.130953680997184
327.64156586768047,286.198217959976,13.347413700740962,11.082057968357194
329.360619603284,286.19762889846527,13.368027363468144,11.083236091378597
329.3495818293974,286.1880517561531,13.3901029112414,11.102390376002921
330.88201517658916,285.21159881592325,13.407537739487891,11.128857804818846
331.4488469188444,285.1908376647152,13.43182364803281,11.170380107234894
331.8500276059292,285.15387115169784,13.403516003929155,11.244313133269703
332.2162538494504,284.96942788702313,13.446628050231684,11.225417395946636
333.55342697354354,284.57516481075254,13.489277893671913,11.237658950880295
333.5371258755447,284.391960468803,13.521880089669606,11.215070868203282
334.1290090426744,284.5712557781704,13.50551752941918,11.245614840804874
335.90701589098546,283.3689561716601,13.453880797089909,11.313962744296708
335.7473122843912,283.33530191303714,13.383607350606452,11.381271261542716
337.29678252325334,282.7830496167518,13.402100984503472,11.316738062255457
337.5288138349085,282.765457245997,13.326964947693718,11.351922803764923
337.3910327912086,282.733800537919,13.214194403585026,11.415236219920954
338.39928748905334,283.2568727878015,13.135716537871668,11.53191063814167
340.1335911183255,281.8962754908735,13.161460543422871,11.535276471034376
340.1309944444227,282.28215899735216,13.166653891228552,11.540937761965957
340.50773504124226,281.3395350818205,13.190943307824426,11.481759067441688
341.80785006040713,280.63033672629143,13.308906707401675,11.34690238541013
342.7249802068737,281.26767745365436,13.414511404151227,11.236139924493843
342.6981485725803,280.76649175254886,13.468174672737986,11.07505100499967
343.67323491948105,281.1894714823825,13.448241363990487,11.001187299353944
343.88452994951007,280.0638082647316,13.410199254854666,10.945226029123015
343.8841344517181,280.10126516215894,13.410990250438587,10.870312234268326
345.38868409760465,279.57637930117795,13.456763296621942,10.774506829496659
346.13650466457955,279.8069184327229,13.485161718219839,10.69443845529364
346.7329684915532,278.69322604538587,13.43267365548736,10.640944047537895
347.3352283167594,278.49070699979904,13.363576774895543,10.667507882104644
347.94618809678656,279.6159727588513,13.275196375570498,10.68405468545871
349.12070292240156,279.04817913850275,13.186720782437913,10.689364897107135
350.08358274345176,278.8683379502037,13.138395114757346,10.673560478821242
350.29673930341136,278.6793786637593,13.086570838352213,10.676990208195981
351.06999497137105,278.4750640585072,13.035051661474766,10.711871378939733
351.8152370235651,278.6753568949361,13.038646058195015,10.684805331358971
352.0245772751832,276.46581814542014,12.993103191130032,10.626231196335572
352.41599782186137,277.21179054002386,12.953243766929452,10.62024974543939
354.08510240677106,276.8559984124336,12.952066601022285,10.590271333083802
354.0733907901988,276.7153780505602,12.975489834166734,10.501233284895378
354.41955608918875,276.3904639156947,13.021556232500568,10.412664558312791
355.5242128472338,275.69013170320994,13.023066703219865,10.339446325409357
355.8974708911417,275.70123135692455,13.011163157672197,10.317247017980096
357.70859788184555,275.37668230389096,13.056545669988715,10.232817825302394
358.26308183704884,275.7566308996414,13.045838953618228,10.205094763158955
358.0656256830936,275.2325059829558,13.075278682981422,10.156926860888177
358.59380356624945,275.41168653274275,13.114340368533053,10.16370491193525
360.26296374613764,274.6303656526946,13.068637670933034,10.262961044397612
360.11226201759973,274.0279049844311,13.003279129211045,10.367596384531153
360.1139888257437,272.76843490158024,12.999825512923008,10.31431869028084
361.9731689139439,272.9242569707144,12.946889723157232,10.369216990676042
362.912629044055,273.08946757719445,12.901076406311748,10.405417166391219
363.2935840031167,272.6923787848921,12.872176415808658,10.466584823375547
363.6829291285183,272.4724655206752,12.827588424773658,10.539360221925305
364.25111610410715,271.180038132274,12.793840721818636,10.551420419541644
364.24619281257014,271.5529106755989,12.803687304892563,10.540110647607232
365.90577608688454,271.71260955058875,12.789199617308642,10.587899437743708
367.0086637819106,271.6901133304025,12.789834373907922,10.632891878116208
367.88294609077053,270.2459446737742,12.883622876132007,10.573464199462313
368.7895987237434,270.05669327885056,12.915091663100716,10.583012178726799
369.18186536044044,271.31155733912914,12.869744373332463,10.660435000860119
369.2113768015518,269.24995606651413,12.810721491109735,10.712037721615562
370.54648156721265,269.0217924999847,12.730990624586921,10.798296473988882
371.4809368984005,269.55720910601696,12.713216560773363,10.838145221061733
371.8743513041545,268.60166781644955,12.667574949650223,10.89625979923427
373.7256826485516,268.9456497561896,12.67313036209049,10.949939540001079
373.7318230555586,269.0885716016298,12.660849548076374,11.035865177457012
373.89754913549956,268.72831093685187,12.702354579051194,11.01047212529952
375.00787974028015,268.53312144335234,12.720849212429247,11.027658471808719
376.2948739000802,267.0687715045898,12.763142642901306,10.96632206353701
376.85472984194473,267.42878810040645,12.763704056457922,10.99313773676076
377.58235421240636,268.3722237156006,12.80390988650807,10.975584720089305
378.33548152538197,268.3560100163551,12.794468891411476,11.00801211858031
379.0809587910003,267.9733070188964,12.801827125640111,11.024261730765113
378.1180267957191,267.61951892887106,12.852926864984596,10.981932210328592
380.15728339313165,266.32235532241947,12.900105418484745,10.950819219752276
381.4322958933139,266.53176513793846,12.97712005632528,10.907290965600753
382.182649504291,266.5076114825788,12.979529621708652,10.95559827632007
382.18268533437396,266.4855714674966,12.979457961542835,10.999678306484547
382.1819790806234,266.10974862606093,12.980870469043957,10.996719403899368
383.49294011723924,265.35773735042835,12.999883864099111,10.99163597328636
383.8580354935703,265.5522401741185,13.024669416439222,10.980118478407183
383.8476480459687,264.25426266158155,13.045444311642473,10.932277065586462
384.96589115297445,264.63739260599016,13.072368879002632,10.920487437226498
384.9545252361605,264.07795434267376,13.095100712630494,10.906983523608018
385.69272617808366,264.088368043805,13.12906964340883,10.886156121345536
387.57988757640334,263.905694239189,13.132546331193694,10.87372378213498
387.0459102179033,263.8840221877973,13.067602404150097,10.917067884918412
388.5499057139879,262.941943960742,13.07826404533932,10.914566443180082
388.92557644704186,262.9265728790407,13.081833682381868,10.94530860658265
390.0753820316138,262.7257505909476,13.050258675209497,10.968947155773662
390.83159466492856,262.14647035954613,13.049433504549368,10.993807546599715
390.83982293571626,262.14688821777264,13.032976962973944,10.992971830146656
391.0403766956161,261.9594714117055,13.009889716072262,10.989785169382962
392.3780159088941,261.0164057466956,12.977900679431722,10.987852649463145
393.9282722031246,261.1758849145454,12.894092144908536,11.045982320505818
394.3418964169377,260.77286392399935,12.820299911774054,11.098568107106143
394.9379068449673,260.39194177265114,12.757572185722605,11.107550323130786
395.1530402189108,260.5854476172811,12.70290950148459,11.096142697519875
396.0772083059878,259.3217581335254,12.727446433423301,11.001499316501379
396.4592862707114,259.88291897962233,12.710164464920934,10.999488565724688
398.1229101036824,259.33379296862324,12.741152651903052,10.978328636748147
398.12816790758336,259.3320453434405,12.730637044101089,10.981823887113752
399.0610503922007,259.31583092891555,12.730725098398622,11.014252716163545
399.43905483497326,259.12254025570684,12.722100866164842,11.027141735925275
400.7539382383714,258.742200222083,12.708693396955248,11.040290563862571
400.94914023310577,257.8273047535838,12.69205835951987,11.001236740694399
402.4294607541319,257.8407202984119,12.714498584908265,10.974405651038236
402.79486956004024,257.85032728929957,12.729284793676626,10.955191669262833
403.16464254441576,257.29132418091694,12.735183218897992,10.955031295069377
404.6436011236169,257.269587541305,12.759752722796573,10.9985045742933
404.2712555270607,257.0477176617874,12.756666559305959,11.068355655026982
405.78026650477216,256.6426240628152,12.73833754063532,11.12861961878334
406.5300242671698,256.0633560270816,12.741397277449163,11.160224244043501
407.62845508629204,256.0842277022794,12.801720799918312,11.118480893647952
407.5968265571524,255.52467664242036,12.864977858197584,11.108194456204226
408.15236603550784,254.78187117130304,12.885729193058943,11.084698343009041
408.69790029811924,254.99157582514255,12.926322386906197,11.042509608353399
409.0506585228197,254.99182112642654,12.97514665354428,11.042019005785413
410.57400594926486,254.9540900385171,12.951785121992064,11.117481181604235
410.20312771611685,254.74773195416344,12.93600501948158,11.151429065908356
411.9248808064127,253.77084946743017,12.90412268519927,11.209847458091932
412.8625678106616,253.557359412993,12.926314451032018,11.257314412100142
413.2396159352197,253.7210309339835,12.933453685553,11.310589111937796
413.4693233149092,253.46978246854488,12.855620972442804,11.431503996546265
414.23369247194074,252.68681733039057,12.856122629032775,11.468194302201848
414.03113869373146,252.875873458102,12.878326002145458,11.472986230084796
415.77739387748903,251.31933782686093,12.835745548061329,11.51945312507269
417.1407373023023,251.69996846223964,12.792903296152321,11.52500459652023
416.2300310021893,252.24333462334786,12.70017076254085,11.586759354606185
416.99874862935616,250.92077163524453,12.69221890139317,11.555289392737473
419.30736525148865,250.74662097765574,12.655932509802597,11.521845136858856
418.91334266468067,250.2139442174521,12.682682336405863,11.445255636747094
419.31384027970967,250.81747294207614,12.641372266261556,11.37772592736956
420.4299909317954,250.67010340787675,12.677806712415176,11.294342370714169
420.78348071790606,250.53279663702983,12.725541055494004,11.191598954757998
420.95056806752757,249.4481891508957,12.767820518363157,11.102088954353096
422.4177959207442,250.0657751888676,12.8387663773172,10.993942465429592
422.76764828073567,249.92405288111993,12.88913573024529,10.902350044469474
422.97061418750246,249.0215920058928,12.857546241114514,10.835560172909448
424.6570884800003,248.86415377201737,12.839617213317359,10.777656689860473
424.6663971053605,249.0767759199737,12.820999962597078,10.723983419859142
425.2287005748319,248.56308567159198,12.807650928043476,10.64010601223332
426.34668372075396,247.84402348906943,12.784852872880638,10.602784886157606
426.3806826343734,247.66879540997536,12.716855045641712,10.585332768525875
426.95448870403413,246.96320142488753,12.668981628309925,10.530202442715327
428.9831014513593,247.16814071340607,12.626240549416387,10.48527699438339
429.01035791583126,246.80846202702227,12.57172762047239,10.477493803770988
429.21989190760115,245.92551092706978,12.515264740684737,10.43037048491566
429.7758957362438,245.9379128314703,12.486183533615772,10.405566676114617
430.1628147296578,245.94643474919206,12.432600656928775,10.38852284067109
431.26832146127344,245.59943147083902,12.37575029153481,10.364475031431352
432.6909639697271,245.45935968663065,12.392572784357126,10.286855161131916
433.22958645974916,244.41443388633405,12.385641633896507,10.236079102557886
434.31412000664835,244.61324014032158,12.351646130245186,10.194311859607357
435.3494411618214,244.47599295073647,12.408891049878617,10.11415836711432
435.69660416401354,243.44328292375158,12.423031374210028,10.054179434936977
436.36452989891745,244.55204882887404,12.501100076603436,9.957527882993855
437.54696837658565,243.17661500109696,12.608004665695953,9.883502344914918
437.7090683269076,243.1889172806868,12.637351460013099,9.858897785735238
438.56732835829683,243.22763292985303,12.688808823788342,9.781466487402756
438.75542631793405,243.395119913945,12.66573423966352,9.799613854368419
439.3252550952676,243.2128135535039,12.585270111112255,9.811162099878626
439.5230737457791,243.04064863895198,12.541655479199925,9.803469259871893
440.4333548006665,242.845716000051,12.477246354460584,9.842103940666716
440.6336452657562,241.96421203330058,12.427538282085857,9.850747585144742
441.8738766912992,241.80138933164864,12.398839155035228,9.826141027872158
442.77750867467455,241.44156989680513,12.338639988404319,9.846953977511252
443.13710102161974,241.44834614824453,12.31711154270231,9.833401474632485
443.66679815789456,241.26121209624822,12.302552247892569,9.85939125271182
444.90707660222694,240.90234797493198,12.261330086470837,9.880166716131962
444.89226176836536,241.08485948795342,12.290959754194008,9.86332422464724
445.60257950897017,239.86440419816557,12.263773524789439,9.865698613563918
446.84110153813896,240.3882643257956,12.222615332280585,9.861929443658981
448.07197766659823,239.16714600796251,12.191900194763068,9.87312895992414
447.40791803790563,239.50817915594072,12.132016384182084,9.885064197950825
448.6200408963353,239.5183034659668,12.131688537589344,9.864815577898717
450.221300611822,238.2922744497488,12.042642263996752,9.895283376816241
450.5972400536237,238.61953898090457,11.980893649315755,9.93088458342702
451.29924815005944,238.6175769065692,11.955635939119935,9.93480873209776
451.3225712451858,237.9360326573734,11.908989748867139,9.92044129161086
451.9796793889935,238.13800987414916,11.968428640613972,9.859900652899826
453.83449588800056,236.9736302397825,12.03566816636189,9.785195588329996
454.65346723065426,237.35521890413446,12.113617757976302,9.708375170394802
454.0985254654986,237.20834877143653,12.194107783336449,9.65898426747361
455.1147211766495,236.5356503364506,12.223098981205277,9.63012605733186
455.65370395303495,236.69654370519044,12.175750726400775,9.651878419174327
456.6925409822869,236.53170011545998,12.157080133345268,9.638398354393852
458.10176386493947,235.85203709594364,12.079933992173988,9.627074581359636
457.78893109982573,235.85843977819866,12.023006303474528,9.614269216849596
458.1604133399036,235.18696810281793,11.960474292285483,9.59634762967762
459.5272571463637,235.37929651505786,11.938520655882694,9.550657552262386
460.553525243008,235.38832964161776,11.913321661397156,9.532591299142611
460.58885330621234,234.8720995689456,11.842665534988434,9.553420660452277
461.1314676903169,233.68352164569316,11.766827984027268,9.575330333378542
461.8345405191647,234.67586930059684,11.703297179541785,9.604557303386313
463.00962034403005,233.68983978597146,11.69918467393237,9.565718780533143
463.4946104055679,233.88093486871034,11.73258080897997,9.517987367763196
463.9810942795354,232.90173390341513,11.762213050934498,9.471189318574421
464.0991845937334,232.60956189475618,11.85992975302324,9.387738674922842
465.24558061809256,233.1309258883439,11.905433431055636,9.347137427783377
465.8976565947446,232.62899168105545,11.93759904028551,9.34876767045976
466.05853886215453,232.80130867904563,11.950432518108872,9.338731687122735
467.70630566170814,232.81886308529158,12.001210234971987,9.30362287463086
467.7261283670006,232.48163939144777,11.961564824387004,9.308397989484389
469.5444959873337,231.00198129141395,12.002216848411763,9.258942791168515
470.20049816352906,230.01290013832835,12.026708167578684,9.232361590003192
470.5558796861611,229.9885897752519,11.984074510174917,9.280982316156068
470.7241728794294,229.65997691389177,11.981693842770541,9.269796600611928
472.3679842559661,229.5083580699275,12.033943257111028,9.23904707179907
473.8827567195874,228.67913899259796,12.012955277748004,9.226064699858371
473.558317089639,229.0218004251951,11.99433027794228,9.208246094366723
474.9142638917032,228.84304281821343,11.947855806882625,9.232583916696466
475.2705703179091,228.82886578091183,11.900971574181325,9.260937991299674
475.11317773692133,228.8285909103202,11.883147285981757,9.26148773248294
476.0921298794752,228.50089685274236,11.919318381648711,9.252184054047069
476.9272556462438,227.1627255062952,11.9128039195471,9.266547432644604
477.92495145730953,227.999885534207,11.914701873342086,9.256635356759734
479.40346657461345,227.35969050269654,11.952415394040116,9.206028195200263
478.4314337107648,227.51431380852983,11.901472987199549,9.229282939289966
479.9032114342675,226.54842138307015,11.946834982136863,9.168456162247512
481.4041374715101,226.38260265557378,11.93121745174165,9.16828977900802
481.25297193064046,226.71801752049382,11.901985795671159,9.16058552478751
481.0909999587949,226.72406564212753,11.894938824277759,9.148489281520092
483.3087179780566,225.4105647602786,11.916415822657278,9.105812371609407
482.990100501578,225.91501924875192,11.893014412287293,9.08785793965378
483.98781313952696,225.10786941331975,11.875599068472113,9.053816000449135
485.65072920787594,225.11193801431045,11.838240236095357,9.045678798467764
485.0040088904703,225.2834929662373,11.819101992464734,9.030713614224481
486.7997976728619,225.14568459017576,11.831219634463608,8.978721711185596
488.0762918711014,224.04946905912342,11.893791360242231,8.882537666315
487.23804383552687,224.0908164023842,11.938657349153942,8.799842979793425
488.2014205316719,224.12245002241298,11.965828223251684,8.736575739735857
489.63979190326546,224.3218317672302,12.0143468041657,8.662841286112686
489.48255413399716,223.19718828223444,12.004268456955643,8.640251055877478
490.9110150535049,223.22689995753902,12.063613745801014,8.580827705268291
491.37699985516224,221.95546158677266,12.103496062482606,8.532099326811267
493.1386807503473,222.30263152594364,12.141395120474606,8.485261420898775
492.16801983690675,222.3213713014446,12.141410869253914,8.447781869896835
494.777349697721,221.50825250337715,12.089667040509832,8.459358249505394
494.5085009032176,221.81184801837833,11.982681184029932,8.496850664989667
496.1189991847454,221.79821372621447,11.975106898976968,8.524119249317403
496.11995805593045,221.63203022620513,11.973189156606809,8.534809453469022
496.59204702640807,220.99909040367874,11.994482626928612,8.513393883485765
496.7442247938697,221.0053569255598,12.01192049802474,8.500860839723664
498.0294715639806,220.83671591784176,12.016232902884218,8.51629211202461
498.5290162062231,220.80909122587434,11.983654554654326,8.571541495959442
498.7021145007929,220.62100652653373,11.960044947835126,8.625123912320266
499.99458562259923,220.42933770845877,11.959987498892117,8.68535094913646
500.3028448202552,219.9211044795903,11.991667865778737,8.729519263575714
501.2804992483745,220.22077539111183,11.988191337249752,8.780788216435818
501.58897510041896,219.70781201361422,12.023427699964483,8.828432871225655
502.8674301000929,218.7051390028405,12.085802989829753,8.869314925863184
504.13936749941814,218.37123705875464,12.174156570111569,8.879061719301836
503.1497972817665,218.68244886408573,12.170117119956572,8.917698070459075
503.97892739991164,217.66128604140866,12.167370131087155,8.973407818908212
504.3305788634231,217.4604761872081,12.12801597319172,9.043053142745574
506.34224215658105,217.59223812023913,12.094888436579765,9.112045864158814
506.35624519389614,216.72912198348124,12.066882361949645,9.172575329840774
507.85595192741044,216.89598346411591,12.070790060227779,9.17255472027217
508.2028837154075,216.87800601283513,12.04444967377293,9.208509622833741
508.86890301608906,216.70197920194542,12.048197149464466,9.226616725349436
509.20299385799433,216.5314434466944,12.048613440090827,9.233389248633118
510.387391063611,215.85027042247793,12.020729403865374,9.25807222563287
511.5766535773178,215.65525894137863,11.982951389216726,9.313702757436488
510.9268773957822,215.47012246675638,11.943619108956245,9.349254545848073
511.9536367964111,215.12509997531026,11.898288414543535,9.369903493125289
512.136633104095,214.93858234543237,11.866635744543423,9.40859880751343
513.6402452864166,213.91202432022533,11.869763437696527,9.454813486063198
514.1265971828558,213.39417504836504,11.902903597686354,9.48466807691558
515.4505557517857,213.5405734810194,11.945174352046907,9.52814469813438
516.4522314815437,213.52680778928837,11.96758206465484,9.55567608159647
516.955318043689,213.50078057844092,11.976658389812819,9.607730503291329
516.9460353434041,213.489123940708,11.995223790382529,9.631043778757178
517.0947754259195,213.3231628777574,12.037805624268819,9.622903905741294
518.272679859183,212.99065938138324,12.066078736544224,9.606744618831852
519.4245489588625,211.96858152568404,12.147622061365825,9.606373309503851
519.8902257394162,211.9655511895539,12.242261690328066,9.61243398176412
520.064107192234,211.7586542156047,12.238043715838737,9.682682998516455
520.7617062636293,211.05448394007462,12.221331200622473,9.712537922002415
522.1375150200035,211.04104607809523,12.228513097186275,9.739413645961186
521.9776344567,210.87000866930774,12.202878245042816,9.73609248478541
522.491465210317,210.6675822856852,12.210064284382586,9.795996069839234
524.0520461801766,209.61818954117382,12.203176236908533,9.818598964031807
524.0769493055226,209.60777050523762,12.153369986216573,9.83943703590424
524.6097930579119,209.41543154415638,12.125274004765982,9.878251116957347
525.9966456419778,208.70369670211517,12.12005045704781,9.917479990832964
526.1788352448591,208.69923347673702,12.102285359788784,9.926406441589268
526.5370859828406,208.68822668154937,12.078754282491827,9.94842003196461
527.9333334946207,208.5093525458878,12.058089825289318,9.959689482493074
529.4790812697886,207.65735898809368,12.083679311076008,9.931962689124395
529.6406716714224,207.6653613695757,12.106787308064225,9.915957926160392
530.4767771531937,207.6715958949291,12.166504322195339,9.903488875453554
531.6751372794774,206.9888068522046,12.199497126613714,9.880659499767695
532.5358339856754,207.15381411441766,12.214300197814202,9.897884272060871
532.6924418907413,206.11709026185176,12.248829756346078,9.884859765209832
533.7051490753291,205.59932780661927,12.311803427648774,9.876190655435677
533.8492317939782,205.95795853926253,12.372528521392056,9.856710252232027
534.0500232896537,205.76793189716366,12.320451339910514,9.887257726560327
535.4296783965059,204.73473920156394,12.354761263180103,9.858428015029286
535.4320312970247,204.7254769696945,12.350055462142524,9.876952478768152
536.1049163654592,204.55852171158332,12.402243426187612,9.861373469762006
537.3118656387849,204.7422004825054,12.438602804469827,9.844052774336864
537.2897869704105,203.88405105937852,12.482760141218566,9.808787804322026
538.1385392392666,203.9009466358701,12.53733571636935,9.774996651338874
539.5186838680872,203.7414816320511,12.58265817803745,9.74322519406321
539.5140828290985,203.22378920443091,12.591860256014977,9.72597867947137
540.1999159729312,203.22382710533364,12.62314134962174,9.725902877665956
540.6835908201024,203.05623754586713,12.709431649623681,9.709868665150927
542.0936141412867,202.1560410566339,12.707536655042148,9.748916863750475
542.9555344926988,202.1372194287757,12.748079894766043,9.78656011946694
543.7986792341986,201.95915072503263,12.832336611155073,9.78858828707531
543.8050959994737,201.76366730078755,12.819503080604964,9.82412721327318
545.2071918367144,200.68417723296548,12.861805415715924,9.84823684172312
544.1972793472039,200.65246375286821,12.74052798990162,9.911663801917681
544.9293090016229,200.6372186091875,12.700593983827066,9.9421540892791
546.3621407999117,200.43227370003848,12.682263094780417,9.996127319135745
546.5488356387244,200.59690660582726,12.66538657706096,10.023374667464124
547.8091740246263,199.32721143966828,12.64159020366177,10.065884601377556
548.1882341639844,199.29441482998047,12.597514811578606,10.131477820753187
549.9379193504162,198.93100455011952,12.672242574024729,10.143478753413076
550.9802348030496,197.68305651049616,12.740114992519747,10.128120954937819
550.9551675882249,198.78119411731595,12.790249422169156,10.089097360700759
551.6618023100207,198.59303949010445,12.81568545907588,10.105730244999139
551.8372484519722,198.05628123966952,12.82512910511556,10.098238956040829
553.0823755509456,197.15222478914407,12.857386570658695,10.104557811741742
553.9386520751912,197.14939982813186,12.949609416495173,10.110207733766199
555.013445652938,196.4096114402661,12.974769316495719,10.139953139168275
555.1889801933262,196.58962553380132,12.987026588249893,10.143251304628405
555.7517513657161,196.57230217560166,12.952186574553995,10.177898021027726
555.7664311600217,196.55982577153634,12.922826985942711,10.202850829158386
556.8587638493259,196.18530353580115,12.919483216943158,10.224788097425817
557.9447203994391,195.4476575524274,12.930721612832917,10.244645733429293
558.9958366760267,195.43490676683024,13.014607424228966,10.27014730462358
559.1349061199206,194.3579141019638,13.10252026949847,10.227822236012358
560.0490106554417,194.916717183522,13.107856387698423,10.210343186441126
560.4223997184774,194.55359642610438,13.094090876812523,10.203572086090942
561.5136285012718,193.8266047439684,13.10874749363527,10.192812662088622
562.6006134779137,193.82993938724834,13.132185722941005,10.186143375528726
562.9701165929786,193.82725043855876,13.126148221754173,10.191521272907917
562.9768516644343,193.63421502535553,13.112678078842622,10.211112464588918
564.0782977523094,192.71007863565907,13.109341128096588,10.226422556478584
564.255142010103,192.70792106870059,13.12244318547219,10.230737690395586
565.3332718834,192.71136795091718,13.168550030003185,10.22384392596239
566.2396229156742,191.9835147166097,13.194116618738843,10.208935471950003
567.1497059053712,191.9794096125498,13.212959038251679,10.217145680069812
567.4810020120002,191.9822254452491,13.286813264823149,10.211514014671181
568.7536919488974,191.61130033916749,13.32624832679019,10.214845673759713
568.744037426973,191.4243738953383,13.345557370638918,10.21878306714131
570.0154098389543,190.14808028759762,13.394733017819954,10.179449811478982
570.0202338107991,191.09960730119207,13.385085074130387,10.128309357691043
570.7169650423657,190.37661050935148,13.469225179726376,10.09670037264298
571.8097846323969,190.57291478771492,13.504579805930227,10.074257450293837
571.8025214528788,189.26937829578225,13.51910616496652,10.088974380229544
572.3547022279378,189.82185856105025,13.527139918051681,10.09640915289661
573.8143272433018,189.2559300341725,13.576228565985756,10.115139202153852
574.5248874147644,189.26554078155164,13.643491158324537,10.095917707395557
574.7030484952302,189.08485865489672,13.65997290700815,10.08447805109045
576.1908657867854,187.77536415402707,13.66727432559876,10.093398051341296
576.1968092409736,188.50247348812923,13.655387417222219,10.131675957927284
576.2122661726938,188.2979610602445,13.624473553781819,10.167130337463233
577.5436128997027,187.14536986804524,13.577544410145302,10.230229027249383
578.1221657224357,187.1190325304753,13.542432742008833,10.282903702389275
579.6616970374753,186.88589601734824,13.457956483495032,10.374853432197726
579.8978523198904,186.10798322614525,13.360179814993867,10.432543429287803
580.8527812912444,186.10032888848994,13.320215631354882,10.447852104598466
581.0447519141331,186.10376016468382,13.309890724603855,10.440989552210652
582.3582255566629,185.5316016481517,13.296371215173103,10.465266110005391
582.527884978681,185.55198057910326,13.330586788096625,10.424508248102295
583.0808004733749,185.5575448411444,13.344942287696286,10.413379724020057
584.3786353779645,185.36420131472815,13.363310903665873,10.42663271611693
584.5611025622185,184.62494889747748,13.372307034431826,10.409415553523413
585.8539920473656,184.62917514487364,13.403043793880498,10.400963058731051
586.9594559073198,184.63487396697283,13.436837319336277,10.389565414532699
587.1328442254239,184.27237451939078,13.46451165269,10.365662370572911
588.4390191525462,183.16562301836453,13.473551486195072,10.332259925982997
588.4485540079352,183.18239377062181,13.454481775417001,10.298718421468454
588.6377550036001,183.2146474122683,13.449319695202988,10.234211138175432
590.0897748174931,183.24208377958186,13.522150656424909,10.179338403548327
590.2492143910331,183.26503399832743,13.575594070550784,10.133437966057214
591.5137037877773,183.09350318989397,13.65331403236894,10.104114046451725
591.4988066728409,181.9878135839044,13.683108262241515,10.076968183560279
592.587356937022,181.25367118039273,13.74458064320961,10.052871051030138
593.4758197577613,181.264459366865,13.83582481436272,10.031294678085615
593.4487871590427,181.28859740910247,13.889890011800016,9.983018593610643
593.9873263993228,181.30958534044103,13.936883326846145,9.94104273093355
595.617041561145,181.15027974263205,14.04985844962052,9.884942210282707
595.796448735264,180.012691934327,14.06654073065666,9.90713805124911
596.8991014699994,181.14137694575098,14.11792521839726,9.906457985612656
597.4550372064111,179.8244783948902,14.136695713693236,9.902090495055536
597.613282351068,180.41563448606433,14.197297709988124,9.851055169533803
599.096719106382,179.30861230452837,14.247742615776767,9.802110720293324
599.118978803084,179.31175153148226,14.203223222372731,9.795832266385572
599.1477724536545,179.31277235449184,14.145635921231861,9.79379062036641
599.5578911007336,179.32304379332263,14.076275274307658,9.773247742704806
600.7139815171552,179.31077581163206,14.00840422638844,9.797783706085989
601.1578369719956,179.29556671246678,13.867556724683869,9.828201904416531
601.5978030994811,179.08708613176995,13.731231696029209,9.873359452652116
604.0563907413817,177.9314614670183,13.630330000607001,9.961713279826606
603.9385642984064,177.7007111026615,13.49557933702587,10.052810459008292
604.3502851015994,177.3071311759268,13.411835022727912,10.100273020389592
605.4650416613952,177.29210519408946,13.3984227039059,10.130324984064249
606.4245783712488,177.0927382746616,13.327533342811584,10.15942201119737
606.6472027456178,177.09029529626375,13.251315726298492,10.16430796799308
607.95274537638,176.3789576454531,13.21586626693748,10.115191382663953
607.7944905659137,176.56361732045747,13.165769729156576,10.112478191368595
609.4213304137079,175.32693176302757,13.204266413945522,10.025267677046228
610.1523712764,175.36359777806013,13.202032808680267,9.951935646981115
610.3359837245314,175.21418322219623,13.19853817201066,9.88703449911587
611.7939469348325,174.1555419264199,13.183540116251136,9.828620817036454
612.6559855376788,174.028155043796,13.26662359719083,9.721962444957725
612.8160808508624,174.24654442291072,13.307380440460907,9.646131156365723
613.5039750993207,173.19782128160622,13.372876712952902,9.58165028486216
614.7241331202629,173.9506935748898,13.454337905383694,9.516921260760842
615.069379167097,173.7805211018727,13.48468806281132,9.496845081247113
616.1118800581477,173.42649964658804,13.562981229179472,9.483789675659924
616.9636473020868,172.3578228561441,13.667032828773248,9.452039951581519
617.1276365635161,172.36085718976014,13.701618312927746,9.445971284349445
618.3545089802728,172.015177883935,13.78877238032275,9.4113587814545
618.1441618460317,172.0220310070298,13.845739738314432,9.397652535264921
618.1405197774237,172.0270152436491,13.853023875530354,9.387684062026308
618.8787816072978,171.84367245775627,13.833710683399428,9.390067016907683
620.3557297008265,171.6597405530992,13.792224247221526,9.393879607361885
620.2087055668516,171.29020077337555,13.722783162633274,9.405980461732966
621.1449744049162,171.27224389449697,13.66346054269314,9.44189421949009
622.8090662724046,171.25571283691832,13.59635774953217,9.474956334647388
623.0097982605022,170.8903918433121,13.556769367093915,9.48184713434616
624.2984135828812,169.78363930659583,13.509277695577122,9.527004516429193
624.1293705359442,169.7851978393895,13.485945377899629,9.523887450841851
625.4037014148172,169.42015004442612,13.464382389613302,9.531954820923039
625.4396104641038,168.8645453730129,13.392564291040062,9.560701507136239
626.0286412948979,168.84338944078752,13.295124536596497,9.603013371587007
627.151711623925,168.82781908728901,13.205544677141674,9.634154078584011
628.0905205574315,168.63254705383596,13.120823305905322,9.666118846334786
629.0273367225553,168.07226583177078,13.036275803321674,9.713230393866924
629.0658196738725,168.2380125200537,12.959309900687245,9.739040166197682
629.2709287721319,167.89673473853986,12.90564555634977,9.70848802486255
630.7001664641977,166.67592827702845,12.889067691659314,9.663440618374423
631.0679167667072,166.69310980704876,12.862063629889745,9.629077558333815
632.297743736536,166.53114038242182,12.875336104704012,9.599741205520226
632.4923254489067,166.72130261985046,12.839169897626423,9.572413948326918
632.8479090024097,165.8597887013308,12.832002271281965,9.535443083712478
634.2362948391825,165.71760950945736,12.865514816850837,9.468515940070041
634.4387237803522,165.91455831584582,12.81135538802535,9.425316780806991
635.4803406825482,164.8954092294719,12.823125835499491,9.368610701688818
636.3701350373848,165.26193818718036,12.785617069759185,9.332384763845031
637.4145395919801,165.4495474455263,12.780320310487378,9.304418305472982
637.4350097958882,164.93556729904523,12.739379902671342,9.292240865405248
638.6483763220343,164.94550927069926,12.733886052255345,9.2723569220972
638.4891706271222,164.77600226819573,12.706815928371633,9.265889413396454
639.8861804422099,163.91227386120036,12.672512283380762,9.26852373664701
640.0760614289416,163.9068361428491,12.637237293807624,9.279399173349534
641.1230077078791,163.7248270345489,12.608122868496583,9.299287701189275
641.327400009804,163.36890083859242,12.543351675274412,9.323113271846754
642.7071483831885,162.17235492181035,12.531206672972617,9.312272329002235
643.2365371561525,163.351243716487,12.501599398284299,9.355892039208632
643.744978185154,162.14125264211896,12.514677676796524,9.372633402742533
643.766473310484,162.47334110221968,12.47168742613642,9.39604249976412
644.7986028988558,161.25383929932002,12.468554875468817,9.430398375141458
644.9553656320907,161.94389405635863,12.499064090820209,9.42642758834907
646.1337785741129,161.44550386013822,12.553280789574213,9.389904016733405
647.3005653068404,160.58572295300547,12.632348893772413,9.386150424103622
647.7819459168231,160.5721715228529,12.707001575004155,9.413253284408764
647.9624269192032,160.38308341092358,12.693423255149249,9.444045823362085
649.0136089426791,159.68590357195455,12.677147702730894,9.447679838277832
649.2026831503299,159.85023329256956,12.646492592773384,9.46651370239198
650.4053658778149,159.64969807471238,12.672471838925293,9.520249180803237
651.4587727161378,158.7396937323897,12.657313259768545,9.597211950874636
651.1297600177471,158.527639782279,12.616067298200244,9.671684171921175
652.5509568929446,158.6812513205137,12.57544694819702,9.714682770500747
652.9274236079528,157.62605410613486,12.523117857682761,9.7232641807514
654.3341919309798,157.98843281291613,12.506720215385497,9.697791518128021
654.361442631971,157.9921456229382,12.452218813402968,9.690365898083908
655.4138466141518,157.81703514793364,12.435550870181261,9.692563511236406
656.1301888403419,156.95733376474956,12.394083495467171,9.672944930521961
655.9963350664224,157.126379260458,12.314939945402495,9.681705037008857
657.198367715906,157.1442969648945,12.331354082237747,9.64586962813587
658.3843969738369,156.8208869730277,12.377455664577862,9.601786726668882
659.5573798592397,155.82146440598854,12.449563570664615,9.527997280553675
659.874370905474,155.85952477144983,12.506257388656088,9.451876549631068
659.8630098863894,155.71247148733028,12.528979426825572,9.401023095269826
660.5266673696058,155.56839434581687,12.579564457282304,9.34470237907423
661.876055526317,154.73488753024077,12.63537379681903,9.290099977126813
662.0328670354959,154.75039172996563,12.666027630974185,9.259091577677118
663.0408554006414,154.77720072658545,12.715453457380033,9.205473584437483
663.3781383956346,154.62008166125307,12.729094139499411,9.17560837904938
664.7551825215514,153.40482716020807,12.725560302877453,9.199382267829039
664.5758652257982,153.40889011029856,12.740038384056211,9.191256367648068
666.1218831247861,153.40890005417728,12.746184801844933,9.191236479890602
666.3075993412725,153.40422374525954,12.71908769175113,9.200589097726114
667.1719681213931,153.0527645410372,12.710741078004492,9.215351127573062
668.2106811899076,153.04538915151102,12.698479808742919,9.230101906625404
668.5597916224807,153.0343178546053,12.688759771859418,9.252244500436879
669.2414035057951,152.86284521589067,12.703401842470065,9.250723318556226
669.9248634175098,152.15850903672066,12.71513685295457,9.280740842982345
670.268910592724,152.14447986233753,12.717711643100072,9.308799191748616
