164.41200256347656,254.4530029296875,4.540999889373779,6.611999988555908
163.29018912945043,253.43505657788359,4.5604727824787545,6.59861785649466
163.89197786073163,254.14192926386892,4.581891048363938,6.584867602749813
163.2708914144539,253.4488635661676,4.598043279866677,6.569832528377868
163.5263961257255,253.45608165181858,4.612590087698701,6.555396357075916
163.95707951924462,253.55077764141754,4.627259474227784,6.541211612591389
163.42424553593045,253.4700695949203,4.641519938512336,6.527393121861886
164.03050717807182,253.30227539532422,4.65581975435868,6.512460635302895
163.40936599779803,253.13485908515406,4.671213550124122,6.496753665705431
163.75196873597073,253.0549975863932,4.687148475164668,6.48119156288066
163.0425720477652,252.18661798262517,4.7034526356182695,6.464839250469855
163.21019948878836,252.19490683736836,4.718859596228003,6.448261540983509
163.20262913784157,251.9397200832768,4.734000298121615,6.432638542992751
162.93049814672767,251.15850190750416,4.752232691015355,6.4169861265359005
163.01052918091173,251.7807022459637,4.767574709930637,6.400414060600506
163.08925374109745,252.05181721851073,4.785528852617573,6.384393904681627
163.07836489529782,250.56711494960922,4.807306544216809,6.371094017127092
163.06790216498845,250.92589871173206,4.828232004835593,6.355953046325782
163.58502319014974,250.5814515257248,4.848295723017729,6.341976906003899
162.43302145514238,250.3246731093345,4.866485100200237,6.328038178900113
163.04018123323317,249.98083107344323,4.883575265471522,6.312059552709563
162.94238782184703,249.28426845487562,4.903212032807203,6.297584346351927
162.66978508985088,249.46823376869756,4.920272108932452,6.281750643952713
162.0443051404765,249.56402058191557,4.938645596026912,6.266260790610122
162.7392710960307,249.92408179719587,4.957876049057073,6.250719542118849
162.29126027627245,249.13959522587768,4.972800061866217,6.233716956682013
162.90139515821144,249.14856200295236,4.985937875211722,6.215783402532699
162.63190703754293,249.33316235022346,4.996496935459993,6.198860828716305
162.45083236928434,249.430273808393,5.006545339346734,6.180688378692397
163.2353225037927,249.26282234042338,5.020972522693649,6.163722991884204
163.05294528728658,249.18376012229442,5.033913050226875,6.145940475402584
162.69374951803533,248.13708920217698,5.048933332044368,6.129168545582457
162.33471102917684,248.14538258920234,5.063700375227686,6.112581771531705
162.3265661601381,246.9230150435573,5.079990113305181,6.095968964429727
162.49246754631952,247.6339939931897,5.099822241486245,6.0805506673405505
161.60344173408464,247.37802247398125,5.1188795041582855,6.064795397218155
161.6803937647231,247.03339731182413,5.1409387456069915,6.050192510629716
161.84727324806917,246.4241387225949,5.159365388211906,6.036060056548688
162.01341813796114,247.1345034710318,5.179417044499214,6.0246963039600345
162.6232251944602,246.5243351328794,5.194022994307573,6.010812917458365
161.64504342905624,246.44361736478635,5.2106810272744575,5.995911590204364
161.54807861658233,245.83233131317525,5.228237219114468,5.983869661672028
161.45109865732564,246.10377541628515,5.245728800543839,5.970386466704356
161.71038874356756,246.10921503800748,5.256767274452586,5.959507223259717
161.8789211162232,245.8511937891179,5.272797631457118,5.945907067565126
161.25425611204764,245.32636494207827,5.285976657636236,5.93600677692553
161.42312863508187,245.332768994191,5.301531638229386,5.923198672700053
161.23940092042213,244.81041386350998,5.315587832638711,5.907711229331637
161.1440264480671,244.37660939191656,5.329653415988054,5.891903365715085
160.6964723036073,244.73797674446337,5.341451876102304,5.875816523665764
161.21983539406037,244.0391355714493,5.354324368750631,5.860700638288022
160.5982138395001,244.04565654890357,5.361580599678266,5.84765868337945
160.68027944028665,243.78789900390353,5.373931353753159,5.83372790643547
160.5822351878397,243.79445703897912,5.393558423907698,5.820611836284289
160.83803355285906,243.27063523732951,5.4116689639581566,5.808840899405155
160.21340432422684,243.451351452948,5.42421455923887,5.800755000163495
160.29620271185422,243.3655685288749,5.435364092205939,5.795574540087905
160.37808738817972,243.1901848464458,5.448437171184937,5.792657041686057
160.5476087679162,242.75124134086033,5.463403122479149,5.785522275939206
160.71506399513584,242.22299212726065,5.482753213928783,5.7792390654717325
160.79640662746797,242.49294053967046,5.497406792849123,5.771358771405936
159.99191077215315,242.76276391484714,5.509368624255506,5.764055314126961
160.07290844113743,242.05817491108857,5.52489619474828,5.7530500539531815
160.0663963936737,242.05994520724548,5.537920289675738,5.749509461639379
160.14512384123273,241.97439558728237,5.558212385829871,5.742861710293409
160.22404050888605,241.88854359099648,5.5783427822471685,5.73660197114126
160.30222002010262,241.3585966117369,5.600167508770512,5.727393435920989
160.47111579587735,241.45162392821754,5.619143904478834,5.719722776588621
160.73091057169717,241.36554877230446,5.635243573007611,5.713310015025342
160.09874460380541,241.36825123385452,5.648561253283671,5.707905091925207
160.54006415540434,241.1015142583808,5.660129046312731,5.704854905136525
161.07178850092268,240.56507869858297,5.670535027680133,5.703871352328037
160.62109543262952,241.01280027449374,5.6762995763010515,5.704049788471954
160.794571810288,239.84983374238865,5.687782755043704,5.700149281294531
160.16474080485216,239.49041685214402,5.692082364280686,5.701633117992559
160.2515284301885,240.2971860515827,5.697935688120365,5.70295188972663
160.42666339863715,239.75747596509842,5.706748815851966,5.7051228688086475
160.5091666192279,239.12766270682232,5.721456888933448,5.706747785519639
160.68491423899263,239.57605437412872,5.729905029182443,5.709822900352807
160.0491507219392,239.48520489764837,5.740360178882661,5.711368726969711
159.9568445011003,239.4833267754923,5.7446305775459106,5.715124971281891
159.68185312968768,238.94343463504515,5.753207995044083,5.71209860152194
159.31600032082497,238.31441236010616,5.762690735818722,5.706253116735934
159.9429367064244,238.58730203765074,5.773107160820136,5.702311988589722
159.4883809956316,238.7703461303744,5.778646570216819,5.697652608017951
159.84514257104445,237.5958253277111,5.788035402141865,5.697230269404604
159.48451637612743,237.86659365779803,5.785812142814826,5.698300346101557
159.84782276422553,237.3250511514206,5.782602776439384,5.696280244125401
159.21836093875575,237.59681107548334,5.776146693033767,5.695065996433521
159.30616882961604,237.50967051750118,5.781178801904291,5.688699221806763
159.49089623410134,237.59958091003074,5.772977058052937,5.689504969307261
159.48975664245108,237.42366230040972,5.775256241353455,5.680321525728798
159.48937545352678,237.24741708630015,5.7760186192020955,5.672009452412983
159.57716488667495,237.51900559606938,5.780721799382058,5.669678572303363
159.6653958721699,237.79316740367625,5.7845789742517,5.662312394668351
158.85401385213592,237.07501014692903,5.784972099181554,5.656519428040056
158.94424585220867,236.98628904480975,5.784686229112846,5.653783502201859
159.03187182387845,236.7185578504746,5.789564718405926,5.648854592974199
159.11959204906543,236.4507343732149,5.794253448197377,5.644114006997433
159.20479175949808,237.0826966690437,5.8039819188626165,5.6410846560536045
159.74988788071894,236.80988410238317,5.795185905458254,5.646011674856005
159.5720096170142,235.54860778396446,5.790597410673147,5.64614915633133
160.3879385596638,236.80663339717495,5.7796634092001336,5.651535082528828
160.12232525736948,235.6362107927464,5.77084187337505,5.652171682926544
159.492977849476,236.44735418530456,5.770323836215648,5.648872851598423
160.21552633787863,236.6278873166783,5.763845470101808,5.647461241523787
159.68063772124248,236.53811367514334,5.75540301818475,5.647305243728865
159.14981617360147,236.44589892026218,5.739636963997841,5.65216656191303
159.78379196458147,236.4431829692562,5.727465492327681,5.657598463924937
158.16898654466854,234.83226368942624,5.729829300471443,5.652189991902866
158.07589271632827,234.1194292452431,5.736773601360098,5.643912033933617
158.07701020891227,234.38971963447463,5.734538616192093,5.640996968274909
157.99025537486585,234.47985820064144,5.728907505791962,5.639860614434293
157.98896873154118,234.39625354254665,5.731480792441304,5.628035585168314
157.9007961267879,234.39913194668975,5.728937834636291,5.62227877688215
157.81078832069625,234.2257298346666,5.730196102942265,5.6115683131737875
157.6336983056748,234.23141027581264,5.7271600914588925,5.6002074308816825
158.34618029941336,233.87858871214576,5.729243621025584,5.5923267996935255
157.8118528871872,233.25689579962466,5.728163316885248,5.587688308044303
157.18686320314788,233.34921527308717,5.730750000163046,5.5812483160908135
157.54143497144028,233.44239046920816,5.734157728646072,5.573035740115731
157.89228573498175,233.3572947033581,5.7447022788170745,5.565165752502403
157.2662930510751,233.27150829822736,5.749969813380649,5.5586360151567575
157.97558109685852,233.45070694280747,5.756048986927033,5.556402542274847
157.6185307334653,233.18135890473698,5.757582085928593,5.560672897577146
158.3300824143285,233.09025680390585,5.760346662443025,5.564643606959281
157.88254334756616,232.37655670860653,5.763726565470978,5.56532662876309
157.25555971732086,232.55659997404553,5.768869697867394,5.562046991626268
157.34151833430423,232.9163990853998,5.775384665302067,5.556177574523226
157.42807644978893,232.2049950740941,5.780709885703848,5.551453986165222
157.5114195265353,232.0306660113766,5.792473875682653,5.543211824657098
157.59544048189952,231.76269555794286,5.802935910578993,5.543640894650374
157.67985627947616,231.49402298776755,5.81277889961699,5.544962282427085
156.96205703926543,232.02903244149184,5.817580307667213,5.5480411792570115
157.04814317424484,231.75695891100207,5.824381619340765,5.555267495339238
157.13269950868198,231.57461080629068,5.8344634947395,5.561574616216035
157.03899799973905,231.75131824628073,5.8424142093341525,5.567064342818272
157.03617129269685,231.12664196466798,5.848067623418564,5.558770683076116
156.94456195955382,231.21486633122998,5.851665484406369,5.561942755250314
156.76456453511923,231.21417008719686,5.852205564350488,5.563335243316539
156.49456007383654,231.2139509595849,5.852940768586654,5.563773498540473
156.85316691744634,230.9452202026174,5.854832512035454,5.561905939474147
156.22104023256406,230.40726927762904,5.860651353283136,5.5591496221507635
156.2207212959221,230.49438273912966,5.861289226567093,5.564746414326113
156.3977618711188,230.76467638613607,5.867052912992538,5.5639263755417225
156.48380253720111,230.04491503007554,5.874971178564115,5.5634523057733185
156.47892159198653,230.22533326531155,5.884733068993256,5.562847738625585
156.47375617522465,230.40626562357883,5.895063902517067,5.5615011133452725
156.46784749949435,230.58954006364016,5.906881253977644,5.555750689085058
156.73702035976146,230.7686994799656,5.910013676322624,5.5584172850203695
155.91928905216722,229.50766706121405,5.920220364147649,5.552306235513622
156.3720612434393,230.40940900854406,5.91790839643578,5.555287170518213
156.73137803547291,230.4075989948437,5.9219055433314045,5.558907197918929
155.92203236941313,230.13177368913918,5.9135984188624615,5.568224990465168
155.92821936715455,229.85326663966427,5.901224423379609,5.582852094244209
155.93424780503807,229.57484260452077,5.889167547612589,5.597197494249863
155.85050619286423,230.2028061955206,5.8757777434254645,5.6073815119935775
155.40572510597417,229.38041884190136,5.861215895592982,5.624732980329292
156.0436264768833,229.55399686045186,5.851513653197534,5.639319943063377
155.5041673688073,229.547222590404,5.844730094813196,5.652868483159078
156.04958681010837,229.631319804044,5.8402406644187215,5.665732297913659
155.4170676853883,228.90328886671298,5.836940412806006,5.672264457086758
155.60039093005435,228.35473034131203,5.832779288486488,5.681925412851002
154.87643212882156,228.530757102408,5.830056556205291,5.692531974345796
155.06101643084392,228.98093855446876,5.82379766414573,5.699443350187044
155.15305548091533,227.88567862814133,5.821185284714989,5.71237455429702
155.15210031462837,227.60953799521948,5.823095617288891,5.719769291657711
155.15236859758394,227.87849449328243,5.82255905137774,5.72718303374847
155.15267380324366,227.69481869972049,5.821948640058311,5.730766317419754
155.24393591870535,227.32929022780715,5.821355511459116,5.734098851949951
155.33470806907786,227.9657555256044,5.821785572956469,5.73498879205227
155.5170943809056,227.32822447183722,5.821003276203969,5.736084755426311
155.608747928069,227.59969770298824,5.819696339931123,5.739138767286108
154.79208350204874,227.59224415509306,5.814775044730071,5.754045863076479
154.7924990763431,227.8623632880754,5.813943896141354,5.760364182571207
154.7933397542087,226.94710384988804,5.81226254041017,5.768162259762926
154.69841247555036,226.94810780195,5.819748533829892,5.76615435563901
154.69858261535362,226.94387509179015,5.819408254223411,5.774619775958682
154.6086848161855,226.9415038542129,5.816621074566456,5.779362251113162
154.78915193150468,226.94364256471346,5.820914193887865,5.775084830112063
154.7902242254602,226.94245919594525,5.818769605976781,5.777451567648486
154.79166340345932,226.94072447501,5.815891249978579,5.780921009518964
154.79397964874246,226.9381379750572,5.811258759412288,5.786094009424561
154.70378221486894,226.93206055410138,5.809018257973446,5.7982488513361945
154.3359486624535,226.47369984410867,5.813519009399242,5.801012329565238
155.06265532973802,227.1147765776345,5.823353505449995,5.799200714305918
154.5995021893295,226.47890413733785,5.834498530694193,5.789719837097288
154.04275887647898,226.94193100057146,5.8496358519131375,5.778957197698522
154.58502437788044,226.48777830268165,5.863864472857992,5.771629573688348
153.93780765107772,227.0422075643901,5.875655114366131,5.762179174926227
154.38814711806154,226.40720992982,5.891330194656003,5.7492788241059625
154.83965577924826,226.50466126893576,5.904879197761459,5.737689410970183
154.19281301912193,226.6005408723133,5.9151650414323225,5.729273015155358
154.3703077959282,226.60600737505462,5.926917758771196,5.718340009672705
154.5475650815628,226.7028651702662,5.939168251458177,5.708006951227686
153.81306626990354,225.78973955289635,5.940877470778301,5.7001476809693346
153.99129852549433,225.79453111187516,5.95103982150838,5.690564563011695
154.1693344405544,225.799534804025,5.961609750782248,5.680557178712029
154.43924486846836,225.8021448234523,5.971772459849895,5.675337139857458
154.7084385196346,225.71588356056228,5.9835977468661286,5.664455469187928
153.97324439589238,225.71906644509795,5.986652431929551,5.6580897001165855
154.15176145597684,225.63365201025235,5.996345343331047,5.645555054022592
154.23966951876642,226.37209088889568,6.003845423795248,5.635206945082887
154.60458646772923,226.2829172785851,6.007088238451668,5.630284987558512
153.7804376149933,226.1913487834022,6.006210626179525,5.630180275952782
153.96411413304136,226.09822685184702,6.005310247527876,5.633197810340879
154.69591526471075,226.00609950427875,6.007789343719973,5.634192335536067
153.9648992894385,225.81757267686078,6.003303754930974,5.644616605538584
154.05732383322965,225.54036606665028,6.001864739756952,5.648799608734753
154.1518554362707,226.17781794652396,5.996255499787141,5.658073611773196
154.1530260838018,225.80814076559778,5.993914204724946,5.663374279817577
154.24861423540523,225.80897891076043,5.986298797219601,5.661697989492277
154.25005655357973,225.43960537253017,5.9834141608705895,5.666784215288136
154.24340267917634,226.17600070011656,5.996721909677395,5.661599563581343
154.33210906416107,225.7183415842528,6.002885789480937,5.659034546443496
154.42092987552002,225.2604503931302,6.008876496874598,5.656655278131043
154.51292166178487,225.71977209250522,6.00858115045419,5.656453009927375
153.78065164776612,225.3510403989676,6.003677979852452,5.659194797682986
153.86835088640765,225.9947272072274,6.011926759964957,5.657351982932642
154.2331324547021,225.9039165495071,6.017351461589442,5.655226338819935
154.60057919750082,225.81073869932058,6.017650002059453,5.657784032676126
153.8671442399813,225.6264110378469,6.013773780825661,5.658752821555308
154.0503650101994,226.36096408764826,6.0149283592864995,5.660031197541071
154.23077155439174,226.17768103680058,6.021788056786324,5.65892451335196
154.22958432295243,225.71692304249754,6.02416251966489,5.6608103104563225
154.31655739153197,225.62724734405234,6.034209459814917,5.656168630037638
154.31017663936493,226.37005505503407,6.046970964149029,5.643164214688061
154.30804088281076,226.28182375510346,6.051242477257337,5.635557657291573
154.39769528441064,226.19420776286773,6.055948663269263,5.626774652551385
154.48703907896967,226.10633384748417,6.061209930750416,5.618573626719305
153.65964956263554,226.01901535161025,6.060883788778544,5.609310043507119
153.9319436364517,225.9325706159792,6.067540181779249,5.598451334558217
154.1139804168675,225.84545918658384,6.070825157123747,5.588994925260852
154.0191980240071,225.75800123215507,6.076809928300891,5.580330819574771
154.1089241849729,225.76330470975344,6.080892997071657,5.569723864378053
154.29081843456865,225.67623280258232,6.083964752686197,5.560437551317274
154.5699166874438,226.31775199435552,6.075758470785288,5.560709690086009
153.84168570721366,226.13331066208198,6.066567744501591,5.56317918294704
154.02364363046084,226.04394860228075,6.068857346477985,5.558800578314096
154.39350798124877,225.85993724497743,6.06140334291562,5.560685943913983
154.76122556022366,225.8591157734176,6.057898415341013,5.562328887033604
153.94265305247487,225.85653262221624,6.048456555817901,5.567495189436359
154.30990479885696,225.85508543052055,6.045509736305332,5.570389572827766
154.39512813832215,225.85619172011363,6.057952346358554,5.568176993641591
154.48124251230652,225.85665292580683,6.068771629109471,5.567254582255182
153.6537298058611,225.8556558819392,6.074979474107958,5.569248669990433
153.73922434165033,225.8562639814861,6.087320831110918,5.5680324708966396
153.82340450635348,225.85727855736778,6.1024638232808925,5.5660033191333165
153.90782020693996,225.85818004510156,6.117339252783308,5.5642003436657514
153.89945912285015,225.8582549775261,6.134061420962931,5.564050478816699
153.98580629239999,225.95040392238448,6.145534633627618,5.563920140864239
153.9859467626095,226.59627962441925,6.14525369320859,5.562576635602152
153.98578669280732,226.41166961391022,6.145573832812963,5.563160281105768
153.98700755105293,226.0423268132825,6.143132116321731,5.564515975829446
153.89784500350197,226.68550336090115,6.137141101254132,5.568375651778597
154.08197159871884,226.77776571021442,6.137456784460127,5.568135389971866
154.35869094070142,225.94868083195192,6.136874655921724,5.567735480216631
154.5398932379393,225.95371302944986,6.143010228705385,5.557671085220778
153.80560275105137,225.95307934681512,6.137950829082298,5.558938450490262
154.36198861027506,226.04486212974655,6.13005841681364,5.559519435657202
154.91778315578924,226.13690650158756,6.122667421403076,5.559463707911434
154.46384788422046,226.4110520363355,6.110952407020734,5.562923972927539
154.2138063888485,226.1715203777303,6.098022218364781,5.566268752906267
154.20436560016435,226.1562680110469,6.088294966068406,5.561561523151185
154.57567275851872,226.3375127439184,6.079342328788708,5.565902897122654
154.24059718762933,226.18423789897182,6.067932267187026,5.572467054419759
154.33566723253688,226.27201634830672,6.061064033798021,5.5801820121760315
154.43057219792362,226.35996092577886,6.054541704894522,5.5875804591017335
154.71081988288373,226.3552868808215,6.043957235274751,5.596928549016467
154.07561715832023,226.6242126686626,6.031352002290272,5.608938694239192
154.16930066997546,226.61998734772374,6.027266465982612,5.617389336116945
154.35746260968378,226.7069850822083,6.0176465950062035,5.626745871367992
154.4490798333251,225.87788735588677,6.017762573551773,5.634787491557341
155.8313965037909,226.69915908209504,6.005328427521804,5.643563556081828
155.10620026218953,226.6023626011041,5.98832090570868,5.653731517436703
155.57117331796704,227.42294804771728,5.974977184720683,5.662444927230869
154.8457738423837,227.1425938440307,5.959776400232956,5.673403433733614
154.76575345173802,226.6583744976446,5.95201083038215,5.678272326673852
154.79646420905792,226.68669435837492,5.9436302283620535,5.683097638193695
154.8211138480773,226.71236859595794,5.939222447271408,5.684160929627304
154.85108047367842,226.73668744659327,5.933076236964296,5.686547624340406
154.89039933387383,226.75485786001911,5.927634831803215,5.690286602905247
154.94545994097166,226.80414577015827,5.922139677929621,5.693177873945258
154.96603320469677,226.848213081312,5.919641313446892,5.694143996493383
154.99515793076873,226.88873360144743,5.915558963993089,5.69648091946009
155.04002626851323,226.92321489483126,5.9164568748580075,5.6945433394398615
155.67883236454753,226.92420568286454,5.918739018013807,5.692561763373324
154.7700511783665,226.829285195071,5.90783681506658,5.699556281429432
154.86170802689207,226.64677247010778,5.90730935296858,5.6990092614494925
154.5887073632799,227.37671376921787,5.905002744455324,5.7012811585297145
154.22479049924993,227.1925993476219,5.901760131635512,5.703971831281752
154.95901246642222,227.00430029483272,5.895402573286401,5.715048342861238
154.78066938098996,226.9084392756243,5.8864162807518206,5.723934149578547
155.14963848075365,227.11126839046435,5.881378217812899,5.7291702887439335
155.17263961183036,227.12651242089038,5.869115874953154,5.742555956689162
155.19298476827714,227.1398219166334,5.858155107809512,5.755391437760332
155.21485971043484,227.15563715025144,5.84895099779238,5.767553214970699
155.23441632539988,227.20237270971194,5.840828790013734,5.778938580723116
155.2506976713534,227.24454873256943,5.8352668508634675,5.786263942988543
155.26317907611852,227.2748464360071,5.832850272756969,5.7828390976639765
155.26727349078672,227.33509443481483,5.832950012076362,5.781619298423774
155.28336873559846,227.39760598750553,5.820751127839759,5.7917225269478685
155.30646406336183,227.4272944777585,5.817775991145402,5.791908979332629
155.31430007322584,226.87025093780386,5.802103971417382,5.809018632501445
155.3432678651249,227.41092518045173,5.787816907645431,5.8242174301153735
155.36728269256966,227.4273485147792,5.773817805554844,5.839139968568023
155.41300573070856,227.45080906407935,5.770169907955288,5.844191163428782
155.43961808102898,227.48430817858664,5.764618837961575,5.852756610719646
155.16829618781102,226.83904371307673,5.758414189886923,5.862639194548213
155.43541168485854,227.46284845160136,5.7569408354282965,5.869159053646674
155.4586240249545,227.48545470544778,5.754111829304955,5.874791329348695
154.6345051961843,226.66104022387282,5.754180675562848,5.875451481216064
153.81032830288035,225.8365805820332,5.754262544878473,5.876098847603036
153.8980664534896,226.02168739226536,5.7619390287175145,5.872190797253799
153.89551119809536,226.11460994741574,5.767049539506004,5.869558273158044
153.89017216548805,226.20715773799418,5.7777276047206145,5.867714580743555
154.16143475186925,226.30304466904653,5.785376696513229,5.859332140157215
154.52542009919935,226.49037916161637,5.790927269583786,5.8514237888829115
154.9812900293978,226.67544442389476,5.795904870923198,5.847980249020705
154.70137313524194,226.84490835444166,5.7999248902104314,5.841426402714937
153.96549678362834,226.20600638913496,5.805052988869867,5.8359338043315585
154.4211639423096,226.57758152445038,5.810330998534853,5.826073395322676
154.69153321355006,226.8582536413754,5.819343718969144,5.814480424387826
153.9568464840815,226.3108579081185,5.823038577688185,5.810012940738071
154.04613253954406,226.40646135830454,5.8276640997600495,5.802003673363026
154.13549006259885,226.50272764971578,5.83209331657603,5.7926153534660685
154.22210520682012,226.6926562695715,5.841929042486947,5.778890142461476
154.4026636052178,225.87415683551646,5.8468209524429415,5.7688498301901
154.58251009381917,226.062469535035,5.852973813319666,5.758070269232482
153.8528683374433,226.519446795548,5.849460838551074,5.7583635529067
154.03318221967413,226.70733746022037,5.854431027650988,5.74818017712352
154.21300085608243,226.070849660074,5.860226497517469,5.742141178025564
154.3003357454709,226.44076366899637,5.8682688044897695,5.733161503177702
154.38526052910055,226.53770383709227,5.881115829795095,5.721977759550471
154.37834497531324,226.63357603341288,5.894946937369695,5.712954953696559
154.3715799289629,226.72931055558567,5.908477030070417,5.704281897072729
154.45854427585783,226.00021010765147,5.917419361564332,5.699514590670402
154.45508538779245,226.09104599335703,5.924337137695063,5.700778614882815
154.4524770048527,226.18075309784692,5.929553903574548,5.704428631780465
154.44893242634566,226.27127846917085,5.936643060588676,5.7065816368839535
154.44645317404814,226.36153986297393,5.9416015651837,5.709407769803276
154.44565414623065,226.4510410221282,5.943199620818701,5.713876804168522
154.44345383573565,226.5420064361499,5.947600241808689,5.715513102026138
154.4440804840216,226.63235667595004,5.946346945236771,5.718474607224557
154.53613359450577,226.72276584445333,5.9459299384936735,5.721345484443215
153.8022111559517,225.98531597395143,5.943949929985491,5.726420339830673
153.89113282967105,225.98931966949618,5.949883959383103,5.7184129487411886
153.89134454158713,226.26596703580137,5.9494605355509655,5.716349220004679
153.98242098160753,226.26796714786926,5.951012025187018,5.71234899586894
154.16438817085037,226.2699722812937,5.954408372558058,5.708338729020044
154.346779006651,226.2716301401762,5.956936877731806,5.7050230112550215
154.43759564981198,226.18018780992827,5.958945790776253,5.704265472384444
154.43543352310292,225.63194910132216,5.963270044194345,5.698772865735754
154.34188062515102,226.09201406623203,5.966733430168705,5.696854985563402
154.34043324439548,225.44947818618118,5.969628191679764,5.69626289200398
154.15476737000554,225.8194679836778,5.973555520316642,5.6910921372965815
153.96807672501487,225.17885722060015,5.979573262802051,5.686541247215922
153.78237037858793,225.64035239235037,5.983578257436937,5.682070149262979
153.50683251477818,225.82434443077634,5.9835670113896855,5.681477388188853
154.14845016763306,225.8740165292838,5.98292522635136,5.683666803450574
153.96215693385173,225.14069540336578,5.988090199114757,5.680623076089657
154.32793030636344,225.60204068047233,5.99151671537346,5.67664909847921
154.69361453186718,226.06347774241678,5.995083928642176,5.672444554935625
154.1310738209498,225.67174328691502,5.989151653344442,5.681395395341505
154.15369588890226,225.6442151146107,5.992714459833426,5.685912720341937
154.15166368371416,225.54856982176096,5.99677887020964,5.693303783794139
154.23936685980738,225.26983003253474,6.0054527988753525,5.6985425196901645
153.87005209346412,224.62502062319822,6.006886156849168,5.698068032616051
154.42349236466643,224.62402004139412,6.005889300814179,5.700069196224276
154.33456311844026,224.44063647441013,5.999417718395365,5.698176180449842
154.43016383600605,224.71651315405805,5.992415088708185,5.69901923748724
154.8939378010991,223.70419183428288,5.9853800676584035,5.698533476937626
154.16158206411555,223.88628689641544,5.978213339298619,5.702312903254237
154.52797116565603,223.70577564309502,5.9811650007337915,5.695470477636986
154.26797957914388,224.55572006111566,5.988941879452035,5.685576272422926
154.45084980601604,224.37491832743797,5.990871747922208,5.679509417563844
154.7255368563205,223.7333019405391,5.992805178213292,5.676357952594864
154.2662181644204,222.90761974053166,5.992695286830584,5.673977257280452
154.72460281634747,223.0927162838406,5.994475914006139,5.671204143074496
154.0829831924907,222.54525132178676,5.991858130025151,5.663970897158238
154.08384443020532,222.63992418849014,5.990135654595907,5.658163368568159
154.17716159358014,222.64442321638666,5.986920482601315,5.649165312775151
153.81430082220535,222.55707789669614,5.979737442777525,5.640629806512812
153.17415794328718,222.47080163997558,5.979174202631848,5.630203891670809
153.53709379222033,222.47736288398923,5.9845193106136065,5.617081403643522
152.9900993719906,222.297863762518,5.982431366694027,5.610720718459594
153.44590354157572,222.02897120630345,5.983552336339478,5.600868245599343
153.6292454090493,221.39452858875032,5.981682467784095,5.592904948334446
152.99452479892358,221.85137944393136,5.97536487184581,5.59045953525072
153.363484900134,221.21365390064014,5.965899668611806,5.591114373256051
153.72879764429825,221.3095630176369,5.963179357684973,5.581272433612994
153.0963561640331,221.3143213006061,5.955619688128482,5.5717558676745504
153.55166587118651,221.3204657966455,5.952541817339445,5.559466875595787
152.82227135035902,221.9584290685335,5.961210432063954,5.552395705383949
153.0017165057966,221.2320626416983,5.964896231942996,5.554824116037713
153.2727593225458,221.40967776176257,5.966963142493461,5.562362238608423
153.90897897714729,221.4066277977703,5.965277420911594,5.5684621665929335
153.27821146363533,221.4021710893701,5.955564724385454,5.577375583393344
153.6444576709428,221.3979515863671,5.9494590815717485,5.5858145893993765
153.01037309058745,221.39358032953515,5.946181245339954,5.594557103063284
153.1934388708932,221.11875151366934,5.94349532588192,5.5990462730646575
153.64829209801312,220.84529808748434,5.942549238516401,5.600696905310064
153.10501424997074,220.2989977801167,5.938524092095778,5.602716677539988
153.28792297061491,220.75129926106496,5.9361718275257775,5.606776657439322
153.29057933772026,220.29143449030042,5.930859093315085,5.617705139705517
153.2936449471735,220.650037526856,5.9247278744085765,5.627900813898318
153.38394520329925,220.6473586473255,5.9260435091572345,5.633258572959354
153.47670422269132,220.64240953543725,5.92254712475446,5.643156796735812
153.47704160021053,220.54691708064266,5.921872369716111,5.65201792295667
153.4778911136487,220.5414699432695,5.920173342839732,5.662912197702934
153.39274228373492,220.3518194304754,5.908071454714527,5.677414127385516
153.21343686267994,220.34626691814253,5.901803193089915,5.688519152051231
153.21786623608864,219.97564541254906,5.8929444462725105,5.699694022727667
152.93643281732668,219.55234270931246,5.890778775371953,5.698942922865358
153.1195498035555,219.64172511398445,5.889562906136727,5.7026871651325255
152.89315650815763,219.39570713423157,5.883952064962617,5.7054541994749925
152.87007436286504,219.32956480542072,5.875667176391868,5.7127987954535095
152.87173905956698,219.2261097059067,5.869444574582725,5.714650810776126
152.78312811315197,218.49829050316978,5.86424384022593,5.710908198755646
152.82714804252421,218.99001520626615,5.8588416256367495,5.708390167474209
152.19211599497544,218.08326405308335,5.853804771648548,5.700319689431509
152.7424063051429,218.82834243814415,5.854750216862674,5.696094606704902
151.92525198002627,217.740547028653,5.851969862638551,5.688900086410699
152.66690592721372,218.571038791926,5.846878832906005,5.693790985493378
152.68078044199225,218.4793155483045,5.845172640524741,5.696416051921031
152.67007274921988,218.36576839194203,5.843558807256017,5.698951170056178
151.9383012883722,217.54900812200603,5.8529557743410825,5.696557510991561
152.59118530396466,218.09662742266332,5.854906292458099,5.693397059152111
152.57370703895623,217.99679920235076,5.85684607458466,5.6825672413549855
152.52655543187583,217.89660235188472,5.858542515676629,5.6719548838401925
152.4355707164042,215.99624017723994,5.85893525416424,5.659568691560413
152.4340971358857,216.00367746757314,5.861882415201197,5.644694110894045
152.43262321300432,216.0109928252108,5.864830260963952,5.630063395618698
152.4297609480568,216.01818715884093,5.870554790859013,5.615674728358454
152.33596013641844,215.84260861805936,5.877282043708349,5.605083069066753
152.2421145204643,215.57813881301092,5.884161330787096,5.59158684467498
152.06192331874186,216.03207427273094,5.883132214913781,5.587244723530357
151.69960678244905,214.86043986593904,5.885281960436096,5.582442724158393
151.43012106643496,215.12919330310174,5.882518354504794,5.586670887792486
152.15301385864748,215.12736654038628,5.8815498132694035,5.5903244132234065
151.88272312152026,215.21562475954568,5.880196639161945,5.594452857691895
151.5225487390394,215.2119617599754,5.877788868248953,5.601778856832483
151.8817495406786,214.58463431559542,5.882457385360325,5.591061034910188
151.24616601385335,214.68136767693275,5.8889291148185015,5.5782650728344185
151.6043270886985,214.68917888392383,5.894883632414013,5.5626426588522575
150.97113922704864,214.60569038201896,5.898357723060452,5.549205143711522
151.33061067245094,214.07128723106817,5.900437297633483,5.53647774754661
151.6890631640717,213.80855772755103,5.903876702271108,5.521678463671486
151.05745743389835,213.36502869656343,5.907754327630886,5.509212357798845
151.239518126547,213.5511531790099,5.903167667424569,5.4964981179969294
151.41837484518058,213.64689404859493,5.90444170132153,5.484510114408893
151.68848655735502,213.56052327301765,5.902187546030714,5.477928575877434
151.15695290183035,213.28870486633838,5.890155121810896,5.484015521601387
151.34022573365303,212.21281904570066,5.8817939537961665,5.486680189093153
151.6115296878487,211.67408096391313,5.876198209828031,5.490132023821688
150.99017098816512,212.1180233350982,5.866115028070475,5.4971048393977355
151.52804390489362,211.40252471653392,5.863917716828924,5.4967040469056965
151.97879828797832,211.4904104082371,5.8568292631446015,5.499816725996292
151.44791948914755,211.84441868437992,5.845650514159335,5.507091071475186
151.81115291948217,211.0360074454171,5.834237477618151,5.515042445112734
151.28035057838088,210.7643007900867,5.823575289641659,5.522322320683973
151.55290017186786,210.04655934667215,5.814455522445496,5.52852675477237
151.7357608096869,210.04517724458933,5.8059651537696295,5.5312909589380395
151.1170540562419,210.39614717177733,5.793694098101109,5.543456568881122
151.21152650225295,210.39336514573722,5.783276138830917,5.549020620961384
151.304984411197,210.38992238751962,5.774812154677448,5.5559061373965735
151.4858788299866,210.2947877624976,5.7698796833994965,5.567747204289946
151.4836235701057,209.31634523312133,5.774390203161343,5.560711939223595
151.48137358438078,209.3198431572802,5.77889017461115,5.553716090905852
151.47969907189477,208.87698436438683,5.782239199583168,5.547146512321375
151.47935019575823,208.43380527461562,5.7829369518562235,5.541475093182157
151.30083575488487,208.43517324682003,5.783311708777287,5.538739148773325
151.12320528740102,208.43617012647348,5.781993417021488,5.536745389466413
150.59216003779235,208.4318386804494,5.7746595493038955,5.545408281514603
151.30586160390033,208.43084671974418,5.773333579079603,5.547392202925043
151.04302936997428,208.33721819241782,5.764187239298207,5.556378988366606
150.78007253505024,207.79453662970076,5.755293536703291,5.572127368914654
150.51604079244493,207.16337071401173,5.748220769723209,5.585807945181106
151.1401654689552,207.16333064469342,5.74935983516132,5.5858880838177525
150.78030274074754,206.71972591941628,5.755072489950617,5.580581532339599
150.24563073334332,206.54020482965387,5.753362809717151,5.582605813517073
150.95826508483393,207.25837856948044,5.75620712700429,5.574371354132312
150.9020620690464,206.20860445940448,5.753072557303027,5.575073396956274
150.09588900334015,206.3014116250443,5.75990424735617,5.567849559161012
150.1818365691895,206.30486173971138,5.766392529499009,5.560949329826847
150.26789590459987,206.30819867789137,5.772649860034952,5.554275453466858
150.44549113468398,206.22178562451498,5.7741963775031415,5.548733071401452
150.5327445787136,206.04681812927532,5.777994501318018,5.542058038132626
150.71169167215805,205.41919341129838,5.776618041643454,5.549495428836229
150.08755286702075,205.7767466257028,5.77641047060126,5.54780910363701
150.44633158875288,204.7917342131401,5.772153355591794,5.556258025511653
150.80933258108104,204.34002837921093,5.759719689450862,5.5677092952257
150.19132095827112,204.68994248109558,5.7470948259038375,5.581394296694612
150.37141204681402,204.5084954068603,5.743705913642794,5.58749518034043
150.64250049348314,204.05800743246726,5.736848637755656,5.596271766707947
150.1095229493526,204.14276426656298,5.731978298934748,5.605229003030222
150.29070496023186,203.42531556164266,5.726686093535024,5.611839147435543
150.47119888622714,203.95644189866735,5.722812566920342,5.620929449513837
151.09962675013904,203.14740994227236,5.716435475887143,5.631235115001679
150.92728095347027,203.41041392663723,5.70372263999177,5.641333790121275
150.66378922181,203.58560884501082,5.694721211476583,5.648267214597903
150.31166950102562,203.76077299211244,5.684443195084565,5.655197649375047
150.40084781731065,202.15368520710268,5.684663435210931,5.654989510858151
150.48710404235084,202.33360651571735,5.690728044022215,5.652301011412133
150.57356141459678,202.5133007956719,5.696443422095776,5.650172696634019
150.57115794184546,202.422759518519,5.701250367598467,5.652568754363479
150.75239706102752,202.33010945792884,5.696371909722422,5.659068985299779
150.1309662434314,202.32664326110486,5.687454347408789,5.6660013789477155
150.13090525123926,201.7887474626739,5.687576331793074,5.669025984380866
150.13294819840618,201.15818288729298,5.683490437459233,5.678246635931444
150.31463215600576,201.69110708108047,5.677972499295328,5.685948179462137
150.13768853283884,200.96366317065568,5.68293908714398,5.680797085128072
150.1303257663531,200.79672567437092,5.6777230009399755,5.681999832060372
149.41466852100035,198.47197979233783,5.67789133331767,5.680266581561215
149.95103302133668,199.1838763544724,5.678374098262887,5.6874224781159315
149.4129289197758,198.7364099982691,5.680648851689138,5.687410649109561
150.57920046370688,198.90931862860216,5.675424928782796,5.699642490744288
150.66830731156244,199.1744318175196,5.676346051569489,5.706820568403039
150.0444156432171,199.61685128776335,5.669293247270254,5.718293157194064
150.06161027643893,198.81672097753005,5.662237351442034,5.721908999998188
149.96951430737016,198.81792563131935,5.667152009986241,5.71949969241956
149.7884764950311,198.46142730714956,5.670593882846631,5.715228837123558
149.6082853929498,199.0907200523963,5.672368186297941,5.711770999119436
150.14443383526364,198.1990916019307,5.67573638555352,5.702252760245253
149.9646145361346,197.80558576018754,5.6804427965668065,5.689746037940456
149.60544213702457,197.72210773554545,5.682555287196185,5.67764401032698
149.87473414168315,197.3187289688376,5.699281972430026,5.661945575276198
149.86876095120311,197.1024409450859,5.700917402295012,5.656647666322806
149.95453029125252,198.08914325108742,5.708237674939041,5.65069153449069
149.81994585989233,196.7147575552126,5.72045686898814,5.635971392226299
149.77331501034942,196.48335176962678,5.732170084683503,5.622244528808509
149.72824183928117,196.26077404808544,5.7447255938896085,5.607532950818731
149.68899011532636,196.04360817200518,5.759789147650043,5.59269765314895
149.65404944684954,195.82817156833408,5.774042060803395,5.577973921079468
148.93215561606578,196.01357085285377,5.787707811031806,5.564705829874843
149.10396749420897,196.02060885396165,5.801623143192706,5.550629827659142
149.4282071453439,195.23041884199068,5.81458546312753,5.53567536538092
149.39975557599539,194.9723826806229,5.827789367150762,5.521371453320222
149.34209044367444,194.73831410891015,5.8409072219335165,5.50419797774246
149.28905770851858,194.5035273526305,5.858149115325175,5.4875403094946105
149.24953938885326,194.2540877468323,5.873447821168464,5.4725489494551
149.18387304614114,194.0166689521727,5.8892859022452235,5.456130189443286
153.37305094152012,194.02511533284795,5.906794523053559,5.439237428092796
153.99114501537719,193.67640489779228,5.921084529802198,5.42209935279679
153.54036204006104,194.30986533287154,5.929702467514816,5.405305700725878
153.00057405816204,193.87225083241097,5.93854061610391,5.388253188972961
153.53355152263572,193.256746907266,5.942518112214742,5.37100654336166
153.08744082658768,193.26557287249355,5.944194993645646,5.353354612906552
153.70959624154312,193.27375054742535,5.9448574751002266,5.336999263042962
153.443054459313,192.83823538209202,5.945133380089843,5.320016827925276
154.15719671707345,192.57097874865153,5.935534006716415,5.322523166500978
154.0762693360683,191.67684388762473,5.9201622485817,5.338527687104385
154.08443757035968,191.7569862571357,5.9038257799988685,5.35548599272938
153.82540032569406,191.3070433872016,5.8901220083623125,5.369074630984592
153.47436391428877,190.5071980486302,5.883143987702024,5.3734009103179305
153.92111140832785,190.59291565824037,5.875763890790099,5.379188669330787
153.21548570936082,190.5931065391718,5.869413578177141,5.378806907467969
153.65889256206037,190.58961501944543,5.863394937985934,5.3788237507700245
150.29496319928936,190.1503089845485,5.865189280032338,5.372427349051302
150.3003843166822,189.53075068754356,5.854347045246644,5.373049332641244
150.3974428520543,190.05544169815525,5.8369987467667555,5.384279945003764
150.31790547369042,189.34190132349465,5.819396411202439,5.39794395598805
150.23857066534,189.42408629005612,5.801446171734708,5.410193879033698
149.71796896713994,188.71260370532167,5.783443278610992,5.420883995804104
149.72658337930721,188.0900263218765,5.766214454276437,5.431077743106141
149.82187413845767,187.5557792630872,5.751948499603656,5.441678478916088
149.82934724334376,186.8430552595837,5.73700228983146,5.457041207021853
150.27845266624325,187.0998203886429,5.720143273983762,5.472322046874206
149.4930057645265,187.53412533165277,5.704800627148992,5.4849546332257075
149.58769621732313,186.5599685487228,5.691627837003334,5.494978929161509
149.595217853619,186.55375003118567,5.676584564411599,5.507415964235752
149.68771476606238,186.54810619567456,5.667711694952594,5.518703635257987
149.8717536992709,186.98103552536892,5.651954055959232,5.533645544428426
149.70029739509266,186.18694424693697,5.6425692412373865,5.536489697440027
149.6170975548445,186.27357180201946,5.632922730983375,5.53928077802541
149.70856675729533,185.5699998615871,5.625922993780008,5.538915317303528
150.33163682266175,185.48111025077822,5.61054309738166,5.540871648302054
150.59756798508005,184.83880301542945,5.599974856085217,5.545651742033453
149.63747702551132,184.21997778546984,5.5894240425719195,5.554654099356692
149.55633420100182,184.56590652973276,5.576212611567671,5.56478493092402
149.5629801979734,183.24388594165418,5.562920617624541,5.57709475024476
149.5705542422519,182.97612736298154,5.547772529067523,5.586312075454331
149.57756663285082,183.40920258141492,5.533747747869636,5.596859900745036
149.67211520708773,182.61638626535657,5.5199350547761314,5.6049324344393305
149.49989593550214,182.4425276519521,5.513986627453363,5.602262690754343
149.5930740775334,182.35341141907435,5.502688007814799,5.60543749208593
149.5976150861562,181.82814938987045,5.493605990569248,5.606386114655303
149.86532835347413,182.3512930110751,5.48258176466736,5.608903489714065
149.77738029393538,181.04587692502162,5.483811656705189,5.599742256225863
149.6924848189423,181.21871695041926,5.479060837604057,5.603145743605317
149.60711811924313,180.16902623921723,5.475274033678062,5.608284726117107
149.34823402328112,180.95212077410608,5.469418954894377,5.612965468462368
149.34934723052584,180.42759300552024,5.467192540404957,5.614888532529971
149.87848442262086,179.89989852566814,5.456020677662151,5.623174970786914
150.40768926071976,180.4195713792212,5.444434347027154,5.630652609243588
149.97816609929276,179.37148354296053,5.431457397326463,5.633972427633803
150.68181449922582,178.93230123859342,5.418172127755574,5.64107982993354
150.51566572359832,179.4524924065436,5.402164471641318,5.6456131161409395
150.43604993036777,178.3192611101645,5.387425869304897,5.650463254531752
150.44192182672458,178.0504092696965,5.375682076591277,5.666728877512811
150.35960334589316,178.30767021876227,5.366437904145576,5.673850381706889
150.27640273425266,177.5230652364933,5.358993170551277,5.678446734366804
151.0633101455932,177.34630009426803,5.349376096085712,5.684377519213848
150.05380453465503,176.8803721060892,5.357441568198563,5.681326119101367
150.83178238098697,177.1404414079673,5.36586725752708,5.682647976009258
150.6526626545612,177.22639974023573,5.376157738996482,5.6847057971634465
150.65159669707998,176.26583284878188,5.378289653958935,5.689970862490469
150.38797702137504,175.56959754377863,5.382670894450881,5.688153176715843
150.1255948617402,175.91816416310672,5.384453937007991,5.688328307009676
151.17607580475658,176.52509452145236,5.375789331886978,5.69497433751689
151.177971985264,175.30200675987555,5.371996970872163,5.70060519764417
151.27048626149434,175.20809876496824,5.3613209076017405,5.714068698268523
151.35849866824805,174.68442242422682,5.359689561072092,5.715060577884554
150.22073614875782,174.86200852543956,5.368234753255304,5.708654505735574
151.09072294209494,174.95279685864634,5.372447220265906,5.70149644469051
151.1744157457389,175.04525436735787,5.3794351788617165,5.690954993151231
150.73276305440754,174.96493566635806,5.391142581191799,5.677272799084322
150.554467882243,174.62431873836107,5.399150539831294,5.661341883699123
150.1149841506372,174.10955663394572,5.407274264185258,5.6458536059006725
150.80826343268504,174.29071211888458,5.413154646986384,5.63165237274711
150.72215646647172,173.42425551460747,5.411443119678548,5.625310983957109
150.72386304661987,173.33686201560806,5.408029959382229,5.626298988951956
150.72764363684612,172.72506918397596,5.400468778929724,5.633561428884152
150.90471616469526,172.54791711193937,5.39383284712553,5.640356449063278
151.08040090861402,172.1080649148262,5.3899751955783115,5.651281252563754
151.4330945752285,172.10194770959293,5.380051383706524,5.663515663030284
151.0050020015784,171.83566573669302,5.366735938836737,5.6743792535281115
151.53173803888933,171.3095872062485,5.3564175940457925,5.683382584586197
151.01411829349874,169.91454293478077,5.3486407399589,5.692094207873367
151.7144681820973,170.77996300376876,5.33873143267133,5.699742157284418
151.19487573401753,170.42836371423112,5.335050409641456,5.707696790233319
151.89345999819935,169.9035393490093,5.328896077375304,5.714084873603878
151.8980736172583,170.51011787983288,5.319668839257424,5.718079142776479
151.5461219975191,170.0827585877849,5.328394110511713,5.703825266592418
151.19406642911838,170.52249966738773,5.337662900787642,5.692896040543658
151.8854048957675,169.83261035396777,5.3444825139353025,5.683178120937655
151.44656749512808,169.92300686785543,5.3539399725638335,5.676028561692426
151.01148385634752,169.48608565606924,5.355698368318891,5.681462103458808
151.79497161283604,168.52605125233998,5.352874458668301,5.689790062407227
151.53743964303604,168.5210528614639,5.346298420968251,5.699786844159423
151.45443630530806,168.34431356815992,5.3383732670361885,5.705401771991294
151.7202347034508,167.81706584196624,5.328457582887656,5.7165350001046855
151.89915922516502,168.5063591936679,5.318428634356656,5.729228676291004
152.07740642638916,168.1517920942977,5.309831798164992,5.7425677425183315
152.25199826866174,167.45244923378002,5.308688474795966,5.749092018848969
152.51769961167258,167.70532806201055,5.299597021329719,5.7656455949432805
151.91340323657786,167.35321935986383,5.288669757256714,5.772994419658228
152.26761985789355,166.65403229690793,5.276867263993322,5.778107046834084
152.62119233424895,166.82656559292715,5.2659196736877245,5.7811391359982425
152.10148946637383,166.47925904728416,5.261792676084705,5.780063738382079
152.79574496313666,165.87312113794948,5.263998562911355,5.775462286743244
152.2729842631541,166.04754839199632,5.2667012158519135,5.774214027657751
152.96532578779951,166.13468331148093,5.272632186280093,5.7737709411534235
152.61372300569056,165.09334391081285,5.280180371857806,5.769477606569043
152.17499764920458,165.87946158869698,5.2877925584914385,5.762951598209806
153.2142773816716,164.92667815693304,5.297080023653494,5.754658775816266
153.73617568301503,164.8370516897022,5.297318418009465,5.759905877437484
153.0367312814054,164.31627436917276,5.303475889812143,5.756912019933929
153.20983006688388,163.7078227475136,5.305563799461982,5.754816081128368
153.64383153996815,163.7955999106867,5.308277284017671,5.753405040927038
153.12126244198114,163.96866332342947,5.308428732538994,5.755607131259
153.46835664434306,163.88110696617326,5.31104514138663,5.756518642378559
152.68166593013586,163.79513845055524,5.316113180348832,5.7541986303421355
153.3837577439915,163.70367358866795,5.306341464965694,5.762826865075713
152.94730064498418,163.17940296684773,5.307852912252964,5.765684807843342
153.55633563718922,162.6562167010858,5.310227013999094,5.765962408376128
153.1186384566537,162.74331952083455,5.313665056841017,5.76614803252451
153.72957332172462,162.56664259017938,5.312937390534437,5.770604161310498
153.20318627470573,162.04222588708623,5.318670946652854,5.77239702957738
153.8129882799363,162.6535165702726,5.321448554813796,5.77219728182675
153.37527790150378,162.03810676711169,5.323534170757517,5.780347690858692
153.0233845551394,162.21380042998942,5.328011732748477,5.77861493047219
153.72057765310225,161.33648130374772,5.332597665242052,5.784538022431445
153.80333201606237,160.19745939234815,5.342125772111905,5.787103018960169
153.88075963538674,159.50324358944385,5.362498953017581,5.773707268333805
154.4910928465461,159.85694825679786,5.3692365686102415,5.767671669575187
154.05062596316907,160.2968173252785,5.373388737800428,5.764715130177767
154.74969715941174,159.68501317417824,5.3782554951205,5.760690426298541
154.48466515058738,159.95091173736841,5.382147645364617,5.755065167322828
153.95357891726465,159.60488428146672,5.392132534609049,5.745661694192195
154.65038787453756,159.434355715145,5.40152456673953,5.735966340166621
154.2930520521595,158.73625951273448,5.414701062553965,5.72916844710429
153.935122792616,158.82869307997396,5.428653426350362,5.719777851447968
154.7193865570351,158.91978339848754,5.440083827862228,5.713148095570829
154.71355382868566,158.92452908023145,5.451749284561103,5.703656732083017
155.06278282064926,159.01508139919807,5.455949249190073,5.698216581288798
155.67670027748727,159.01762888942554,5.457634908880872,5.693121600833881
155.06263375977355,158.84509461442312,5.456619220339038,5.687004801133202
155.67683813953994,158.31998616024637,5.456575821118695,5.684337114933135
155.50395410471722,157.35286928853245,5.451467327429239,5.688749760019158
155.4183434124614,157.35059664019107,5.447262171527999,5.693295056701896
155.24685782928458,157.25740622614668,5.4393710380252,5.704244734862458
155.9502508028052,156.63764525864366,5.436406038257738,5.715423341003992
155.77955226847226,156.54043039871058,5.426591871550489,5.734247443183645
155.61019223310552,156.4414013011928,5.413822834428516,5.756561084291418
155.44058450619343,156.3423053130775,5.40125657733061,5.778862205060977
155.27057284179713,155.89013613503886,5.389200395032425,5.803001783411276
155.98180024953177,155.8809721695022,5.376545846235616,5.821329714484611
155.98691212396696,155.60953287075006,5.366322097365253,5.835279163804406
155.99188753806874,155.33806452315193,5.3563712691616585,5.849122306053826
155.99503548464097,154.805207048721,5.350075376017243,5.856306415713723
156.25954471886834,155.33398128049066,5.350357202102998,5.857358541255511
156.61508514445146,154.62246294034173,5.345093578401964,5.868760766622921
156.7084100235215,154.0887614359735,5.334991806666722,5.876875856930192
157.06353979461693,154.3505264991293,5.330785394615953,5.882885578223636
156.36347175522081,154.43298225970275,5.318603658411273,5.894513783951344
156.80793326782933,154.0749632971775,5.31231208683525,5.9044465460890425
157.33897825589997,153.6289195851136,5.309704056505616,5.913632348707147
156.8991859761105,152.83425668564547,5.305881254401854,5.9128248966145325
156.54690687244988,152.8350040861847,5.304007911184867,5.911330095536099
157.25242083060152,152.83562929231815,5.3054179617819495,5.9100796832692
156.9868905447933,152.74995743596045,5.306805052631011,5.904865569062174
156.98521589299756,152.13489331219284,5.310154356222568,5.899501296820387
157.24825934808655,151.60923806595665,5.313474463709711,5.891997753962532
157.86201023705385,151.96006637724872,5.320809951035277,5.895962425812712
157.15743600908024,151.4250006540615,5.3172862403006915,5.906589747175832
157.51542481448138,152.4817964040453,5.308080767346717,5.913314660753118
157.69209637382562,151.7748769761218,5.308038883971887,5.9139485753454455
157.959879979686,150.62726535281058,5.302451074494153,5.912594412247984
157.25721898328894,150.4528624930382,5.295376791495581,5.90830106284454
157.96315230824032,150.367006750905,5.294468961382777,5.903642694637178
157.9633820244594,150.10164993220536,5.294009528944603,5.905507425000298
158.0509878265902,149.48130031415945,5.295102533718374,5.91207439784514
