166.1999969482422,215.8000030517578,13.100000381469727,4.0
166.61400791490223,216.32612845369817,13.089063003430052,4.02441725929689
167.5188679142753,216.31434830723643,13.098505377497784,4.0479775522203925
168.2949459631226,216.30024361052918,13.109047566840447,4.076186945634911
168.80981098707687,216.2877110454106,13.123798662521724,4.101252075872108
170.1006314068563,216.2689126390577,13.160079365926485,4.138848888577882
170.50754442613896,216.24727373708566,13.13525413172135,4.182126692521905
171.44753287093417,216.23514012477628,13.099394642012495,4.206393917140706
173.2893477955411,216.22597449963814,13.103122386092908,4.224725167416979
174.35882784718083,216.2070858846435,13.074343282140878,4.262502397406277
175.43071829453947,216.19018275528452,13.043022217356114,4.296308656124232
176.63210828537373,216.17228725654292,13.018331494655783,4.3320996536074405
177.03358890404277,216.16760781827531,13.008979370599828,4.341458530142617
178.10257841048823,216.15829043442332,12.987596592184612,4.360093297846628
179.1764003751168,216.1618976499894,12.956840114895826,4.352878866714433
180.2497684142571,216.14956810787416,12.92243331777457,4.377537950944945
181.43302691916486,216.1600105178021,12.931931106318153,4.356653131089042
183.01747255514098,216.28568761698915,12.928105310503222,4.369054389059751
183.00462169790472,216.4073043560673,12.95380702497573,4.389748426331943
185.1173549366057,217.2114141696166,12.963084429730715,4.369557755042202
185.4991486911164,217.05989054266144,12.99280153208139,4.408170138495188
186.82147090391663,217.04481343694079,13.003790018339503,4.438324349936487
186.94820446745427,217.03441129432306,13.016592977774161,4.459128635171902
188.0176131376628,217.0203883293627,13.012431094777835,4.487174565092643
189.2261110784066,217.01456823567466,13.000988241052442,4.4988147524687365
190.15278667629437,217.0089203576493,13.01896423394914,4.510110508519483
191.22281906790664,217.01567385065994,13.021255315097337,4.49660352249816
192.70780851335573,217.0043942098718,12.994669988948985,4.5191628040744405
192.84743458327526,216.99908380115528,12.983030512419885,4.529783621507487
194.8658093027971,217.0013633688147,12.960877803706046,4.525224486188592
195.4035137784723,216.9944334085135,12.95443188860669,4.539084406791056
197.11891980986857,217.00970706881904,12.99982941135697,4.508537086179971
197.3774877600634,217.00010454645889,13.017679323307448,4.5277421309002435
198.3108855705803,216.98185574930022,13.027562860728855,4.564239725217614
200.1759232413495,216.98111442921052,13.062112123207688,4.5657223653969945
200.14566922644536,217.09933957290434,13.122620153015907,4.598693876784603
201.06952439975512,218.03943400059794,13.171103030300138,4.614698245301086
202.3022170355499,217.89307421606844,13.152526494680885,4.635550177030065
202.45018402648208,217.88371644589392,13.128573805586885,4.654265717379049
204.4981245008814,217.87125950212038,13.1123777593485,4.67917960492618
205.464080053756,217.8770606394229,13.085863310349396,4.667577330321161
206.28057301596849,217.87816310560845,13.08253917936725,4.665372397950012
207.25824454008105,217.88529099876993,13.027855885141799,4.6511166116270415
208.7023749300661,217.6399494093441,13.114907959952134,4.600833816882284
209.65551317022266,217.79570725678218,13.104326369069852,4.560131677639116
209.6542728168011,217.66496274516902,13.106807075912947,4.5516982179564405
211.43222705309887,218.61928243890486,13.058356164329938,4.5316898248761
213.30444527575912,218.36241577254603,13.07640777881136,4.5079248633363225
213.32274805209113,218.23175425944834,13.039802226147351,4.500673982375656
214.52607511049396,217.9787477536124,13.044426780170898,4.470847289418806
214.66485578554682,217.8534022146097,13.034307744190867,4.454096053298556
215.8569854491148,217.72900581815398,13.052982329457029,4.43589618927641
217.45423033900747,218.80786580743978,13.061613326943927,4.413590062219689
218.6608847842083,217.7532328893348,13.048086300301849,4.389716463976612
219.33580649549566,218.8140907917442,13.028311034605547,4.39610971016337
220.81498761127273,217.74747739059595,12.994286054144876,4.402545784391946
220.9617043575554,218.8078233085553,12.966334321586105,4.4057080285255985
222.41319781729624,217.87648537458756,12.979901531591048,4.412394904969571
223.35168849322946,218.01018425661323,12.961116509029173,4.410453759390302
224.79613350748912,218.14550969331387,12.988915496310993,4.404956432880022
224.91956054990297,218.1381718179657,13.007510677142406,4.419632183576309
226.6466407143081,218.27532468120404,13.011117103190855,4.411308515165757
226.6631238831569,218.26438356475808,12.978150765493224,4.433190748057634
227.59942687233647,218.38912113949038,12.966222236182666,4.449526662742827
229.22419123116381,219.0556609409868,12.907960077243892,4.446141459214945
230.42268513181162,218.6484286925398,12.896391225583042,4.4654663062307
231.4758868476676,219.04299512407601,12.911855741546868,4.472033923536708
232.67600302126846,218.77120788141687,12.901786015471778,4.484461159715669
232.64293757897124,218.36805360593252,12.967916900066186,4.493801252429534
233.8615753736237,219.29023738109535,12.93156670578364,4.516820120454622
234.79884863796389,219.2769816979879,12.923707789737964,4.543331486669519
235.73256178333784,219.1371593340536,12.925556879360794,4.555936874485163
237.22527598753615,219.13289651979375,12.880370243885846,4.5644625030048225
239.26370511068657,219.13457839303763,12.805574893787785,4.561098756517091
239.2954132586665,219.14021368250206,12.742158597827899,4.5498281775881955
240.34731110123386,219.0040733596167,12.754876737901817,4.557544595207847
242.31836179557493,218.87799533285633,12.786063163599769,4.544814794436584
243.25064224907763,218.7333848457177,12.777206451887526,4.568935169386283
243.3828009444398,218.58491027720657,12.77830048976558,4.600472877806154
244.88222987269128,219.50380719947995,12.705425540354437,4.6246681559542475
245.0346897596683,219.50162491168098,12.665899808872128,4.629032731552164
246.23246023548188,219.50548572108474,12.654525404218997,4.621311112744653
247.54662454750616,219.500172209973,12.672247532561888,4.631938134968179
248.7233843689257,219.49383792403657,12.704184529130865,4.644606706840987
249.66009698430975,219.49216712228574,12.69091625707858,4.647948310342653
250.04657989141518,219.47964539777917,12.714772050802903,4.672991759355789
251.24422840190698,219.47544524563153,12.717084178145903,4.681392063651059
253.3959282422118,219.4741948754728,12.679057229904684,4.683892803968558
254.48699595440024,219.47990613270977,12.625613444193046,4.672470289494572
254.63404937592372,219.48275238390752,12.596621603079582,4.666777787099081
255.67425224762124,219.49203587660045,12.632992571722557,4.648210801713201
257.5266413110402,219.4938003856751,12.635173874825705,4.644681783563977
258.32714129766237,219.48242156041897,12.622675827887823,4.667439434076167
258.46504788058706,219.47243133384652,12.611844825523981,4.687419887221075
259.6641357072227,219.5990739033126,12.60035595303846,4.69932216837629
260.7223432851619,219.5921428708955,12.605839810628119,4.713184233210458
260.85694296465516,219.71748427586886,12.602206194109549,4.728067165731537
262.57661153517944,218.91644745981037,12.61803159571862,4.73545039354495
263.7504671757913,219.05172704544674,12.665594083280162,4.731032752137248
264.25939442658745,219.18899981230365,12.714714093311565,4.7232308463293755
265.5712714128822,219.32381233459162,12.764027723864123,4.720912562067683
266.8961162031306,219.47002933134826,12.794050740846236,4.696449828302245
267.1622029707237,220.16010772669665,12.797796230180442,4.656090598906443
268.4898184666248,219.51379876068248,12.815402512410927,4.612289893918386
269.42214542824803,219.802073960768,12.81794874245775,4.569225251831061
270.4703556494604,219.14628952612063,12.849519270190779,4.550799764777277
272.3154449740083,219.56542121731925,12.88495902845121,4.510883183956379
272.294111845764,219.98140467614087,12.927625284939829,4.476605961160215
273.1972594565714,219.4675819153337,12.98250251180412,4.44072436935796
274.50771187180555,220.1509538636047,13.021702382538175,4.4040328234171335
274.4920774594804,220.02820032979312,13.05297120718846,4.383640457791577
275.53298909473193,219.90584605146472,13.098924991001173,4.362376882658931
276.7343546574917,219.51894551042966,13.09232994732327,4.337465937448503
277.65255105260815,220.32145267022096,13.115749527766143,4.3265765070165685
278.6962931202122,219.80279062550653,13.1548345860463,4.300615999701345
279.60195228204145,220.3402690797436,13.204822963633998,4.2892629205107955
280.6421274986244,220.09104826630627,13.255697290310957,4.254898357424705
281.71263143927564,220.09394276015587,13.246644357194032,4.249109369725463
282.66486145638476,220.09344866974484,13.20599974306049,4.25009755054755
283.7443260180137,219.97153476427582,13.172672822221209,4.228225086183271
284.78093980277004,219.84397321728756,13.218043653753487,4.218523380029188
285.8196560621241,220.78677009710722,13.262935534143056,4.189963469600345
286.8796745694907,220.65996004707583,13.266112497486139,4.178181822403575
287.25864445231025,220.5383337877466,13.30386172550898,4.1562046765080165
289.35684570019805,220.42454696563925,13.35321458868772,4.118418610788105
289.0796043340261,220.42647653106604,13.376974545015498,4.1145594799345355
290.5444545307734,220.43445255826472,13.36916797239418,4.098607425537196
291.48134323359216,220.43721585361834,13.351937905511368,4.093080834829945
292.27633368992576,220.44096486127896,13.351205272674147,4.085582819508723
294.14144520124347,220.43871990376402,13.32714063320385,4.090072734538553
295.06953765674774,220.4219366757381,13.32223008573224,4.123639190590432
295.7126592105978,220.42107976195723,13.361080746842621,4.125353018152188
296.7678386129957,220.4115842269984,13.375530292580281,4.144344088069808
297.4354324143685,220.4023802224542,13.371126591700918,4.162752097158206
297.9775842721508,220.39817995722274,13.352560222150577,4.1711526276211695
299.4581782525709,220.37757688903704,13.32095990007191,4.2123587639925555
300.3968556968281,220.36846808257178,13.310069309794448,4.230576376923072
301.20330832493227,220.34953521812915,13.298076614397564,4.268442105808354
302.26952476785345,220.33167282365517,13.304405930782563,4.304166894756272
303.47515770143673,220.45086052040364,13.305966252128343,4.333883299982929
303.6190001283398,220.43307081706868,13.286941026721841,4.369462706652839
304.70190873370933,220.54600676351632,13.273457883225104,4.412632572162881
305.79453301955584,220.94063447788884,13.245335054857797,4.4322992971650095
306.89816751030355,220.25397631584735,13.194868473546709,4.457614121132751
308.26433182998005,220.36719213247898,13.155983804351628,4.500526884885317
309.6099196987767,220.345133491789,13.160543274304793,4.544644166265218
310.29176697635717,220.33493614930893,13.149061018015573,4.565038851225393
311.395450538961,220.3169554174205,13.106893624004652,4.601000315002261
312.3408063572019,220.1805151164684,13.111097254308664,4.6031787359370595
313.2912542502268,220.98910082085646,13.105813862692672,4.61081795096129
314.2633391904014,220.8395625229301,13.057699937077098,4.639029410423528
315.35935885223114,220.70551628011694,13.031181951534638,4.636431728785154
316.5622548569565,219.75534054044542,13.057767890040024,4.644933693051296
317.1107627754371,220.70297907845986,13.043945021295984,4.6452443114022826
317.80131644604035,220.70220030433836,13.015869642619016,4.646801859645267
318.87263318576163,220.01628613959014,13.035104051059815,4.667462759214628
320.6385150523162,220.9531755947252,13.024817473932437,4.689863856011722
321.74134232858677,220.93719903716115,12.988295921415645,4.721816971139766
322.2960893351927,220.93005566598126,12.963592216148012,4.736103713499574
323.2726899943493,220.91475093531895,12.908107815033611,4.766713174824207
324.08879258727114,220.90706638542815,12.901068496917771,4.78208227460576
324.7742576372056,220.90600699008786,12.885325676274945,4.7842010652863936
326.82931417254116,220.91676818449548,12.837965209879044,4.76267867647113
326.82356039443675,219.98188235955095,12.849472766087803,4.743964866249872
327.88862084382913,220.13167337844266,12.876238441230164,4.713993650207409
328.9410167323077,220.2762008540077,12.92706889545072,4.694391477974511
330.5515565259916,220.42626661645838,12.943897692972111,4.664085651813956
330.68129993227205,220.55216541386145,12.953928792007662,4.68180596860431
331.60885651147964,220.68520239913084,12.98869061002694,4.685714137556155
332.68496421608296,219.86925729049395,13.000874854692665,4.694304614425696
334.3288646801622,220.8161894197243,12.963630226194732,4.696598197433538
335.3925277835123,220.00824929410535,12.99941258452501,4.690147024898611
336.21480741939854,220.95861938514642,12.979554424583164,4.684891473285521
337.1179848464577,220.0168608418939,13.066030561307237,4.675577568948089
337.6629897693166,220.97556673186182,13.06190838086565,4.658469203245675
339.5696126978584,220.82482265573762,13.044102697532862,4.688854485940428
340.5118865247407,220.8256467777175,13.059348385318371,4.687206241980677
341.4713015519016,220.80899766241052,13.041628200374966,4.720504472594668
342.2986625161065,220.65743598519768,13.018526289334089,4.75169115745885
342.8539926708531,220.52271346510557,12.996546862462298,4.748965976987756
344.6181168285737,220.37350048632726,13.001782419000921,4.775585482853544
345.42624410727353,220.24120313729995,13.019701651331049,4.767817882619891
346.1137386999198,220.2322231247146,13.007104822006125,4.785777907790615
346.2604642910113,220.0923259892627,12.986276182631286,4.792949635886192
347.73750297975295,221.06017882176863,13.029190485416299,4.7644204946814055
348.81475317390607,220.78389677786598,13.055113147268939,4.7718788199470055
349.9001770704783,220.5157473976657,13.068734377600883,4.7620603244784405
351.112587943728,220.11755228477844,13.101597143850485,4.739222379336652
351.2348921906253,220.66512738577296,13.130121680848536,4.736604300518269
352.44632170418424,220.39137145125744,13.168704470877874,4.737129099072138
353.5400088917154,219.97596174872487,13.17376743463152,4.745784502081328
354.61571181561703,220.64838958016753,13.216631938256107,4.772347808838462
356.53661820109585,220.11300692344312,13.230105629529298,4.741602704507042
357.2269867637116,220.39593365602735,13.224435516269084,4.725776044127167
357.65784321180996,220.00320977556092,13.186659210574415,4.6872872145579665
359.3137196616798,220.2834474287875,13.155800362360344,4.673627583359054
360.2553044661402,219.75236379850935,13.181665218965504,4.6449180064718645
361.21435179186983,219.89779711334552,13.171542868216667,4.626618848329605
361.77525721491514,220.04270804279162,13.13809419731799,4.608887533235429
363.2820748231355,220.1918476580627,13.108658627012769,4.581899179614629
364.21575407640324,220.1797394855007,13.133961417067729,4.606115524738644
364.487033275659,220.31931129200444,13.133766038126726,4.598153421516358
365.9879390777816,219.37411691597245,13.113328503450836,4.591304129308941
366.25874979555493,219.64210161125865,13.11294268696506,4.596570357797351
367.75158148702474,219.77892550904087,13.105067539978299,4.593630583683203
368.5835074783203,219.76699169766712,13.064468676783555,4.617498206430696
369.40457138565034,219.7526700746747,13.044717444527766,4.646141452415507
370.65443988360755,220.2909746399111,12.98068373499968,4.652067115892252
371.3451640489449,220.28313709834367,12.948365776570705,4.66774219902706
373.3701312177209,220.28444949654184,12.943151466388086,4.6651174026307425
374.3061627415096,220.26885413506182,12.957769885286329,4.69630812559083
375.23365524354074,220.26489325142578,12.99488141438368,4.7042298928628625
375.9233184340012,219.31639288747303,12.97042311812517,4.704415302241111
377.13994706272746,219.31332813199614,12.972810272994096,4.710544813194852
377.4205881286346,219.31296059449792,12.95307250473378,4.711279888191314
379.1833694484012,220.11984866029343,12.944050498861682,4.7205225105977435
379.84084516858917,219.8476828758819,12.98180486009124,4.723771758778604
381.05740512117336,219.8523393250171,12.988945561282158,4.714458860508175
381.20963795487023,219.85542916781998,12.955553676955237,4.708279174902425
383.10647782869194,219.3211390605976,12.948654861015392,4.694921980289001
383.92416505064233,219.4511438922002,12.934144749714415,4.705056372517078
384.8451371040103,219.5903289336972,12.983039259567944,4.696806091893079
386.0578811793544,219.59706231106773,12.993580339908346,4.68333933715199
386.85769102369795,219.88159348525974,13.017421900503036,4.655430738528525
387.1189361606886,219.34760498772235,13.035755802537775,4.6417593815712
389.1428597731946,219.4721307975633,13.044301422004501,4.663133951521225
389.8243378652527,219.4756616364707,13.036024453864405,4.656072273706399
391.18344560920366,219.47901537766958,13.02470450360855,4.649364791308647
392.09341808851883,219.4731491332678,13.097602913935862,4.6610972801121715
392.9078518150605,219.33155261229905,13.09869855721306,4.672629805989626
394.1491146459034,219.1897753936826,13.063140659522636,4.684298936111913
394.2969211190975,219.0407796496087,13.039116369104828,4.710701768289381
395.5473826004986,219.71440442067606,12.983703444622462,4.722068914110273
396.641502101256,219.57822862479864,12.964555924338566,4.723284070711235
398.019821973438,219.17819444541593,12.91676090573086,4.710699011749822
398.8316388399741,219.1658099976355,12.912965840827393,4.735467907310633
399.36947007614737,219.1597817392935,12.91876892164087,4.747524423994662
400.99375663296456,218.1965960780832,12.918202318761725,4.779225281808073
402.06819419023384,218.19122690302555,12.939177668201705,4.789963631923319
402.3590101708495,218.316678962953,12.900996587302888,4.810784952234654
403.46621248267655,218.29614065563783,12.859023447742972,4.851861566865016
404.7156012972692,218.28069997906604,12.805473952837822,4.882742920008585
406.0947006754795,218.27511342557233,12.762066828378165,4.893916026995984
407.1845290780096,218.25881888119898,12.750865011939654,4.926505115742688
407.88938903493187,218.2331389595843,12.698549280252324,4.977864958972094
408.9775632630095,218.2108533835235,12.695395862105261,5.022436111093671
410.2084884124661,218.19150579079874,12.685157629569071,5.061131296543156
411.39695499087566,218.17664544405824,12.764732916644906,5.090851990024196
412.4880143312224,218.14279808128603,12.779585260516125,5.158546715568598
413.56213867313085,218.13556534565006,12.839681039287953,5.173012186840516
414.6246671044628,218.12317153587202,12.931956547524564,5.197799806396608
414.8811338353337,218.40576001897722,12.976898092047435,5.190497846450988
415.9760006229243,217.43067036909514,13.022798528428957,5.184497386097675
416.6773190892057,217.42328158708924,13.020200308473353,5.199274950109494
417.50038197185876,217.4312398187385,13.055480012677904,5.183358486810977
418.0554191057792,217.57492281708994,13.067236362156812,5.176450144438042
420.27124685648334,217.5817421060638,13.123634138577568,5.1628115664903
421.24523743806634,217.57783280394494,13.143146933854014,5.170630170728026
421.5069619450597,217.57837299843203,13.182679959049416,5.169549781753874
422.6048070058679,217.59299858218765,13.243310363745762,5.140298614242612
423.695933569619,217.45097501885073,13.32015680238982,5.141958295148171
424.5056578713777,217.45507657781596,13.401834047530695,5.133755177217711
425.7620601684768,217.4581158453318,13.449947038671123,5.127676642186053
426.7465777402972,217.46544400777324,13.476805734264408,5.113020317303163
428.002990945474,217.3250312725983,13.53122561542262,5.108596199707272
429.11994267850224,218.33887905807083,13.584926232547915,5.082554201546302
430.09309262868993,218.2046423284595,13.642386819283718,5.064776162610186
430.8034730163355,217.20451308010786,13.655397819646288,5.057754173398373
431.3668240413479,217.20748176054772,13.675952025283065,5.051816812518663
433.2364820359362,217.21747446432883,13.667652877009427,5.031831404956445
433.66398891668865,217.21192911488143,13.672204303046314,5.0429221038512395
434.6449511132554,217.22522103740016,13.717789625314715,5.016338258813786
434.9078733174726,217.2339671416561,13.765864272588752,4.998846050301902
436.0272393007321,217.23610959760916,13.825781190042587,4.994561138395769
437.46982938547643,217.0990088792657,13.821706173672846,4.980652059770792
439.0389757526547,217.09012955011468,13.849218299994195,4.9984107180728925
439.5786566699366,216.94549000151113,13.923917807736373,4.999174479703473
440.5870766005588,217.95069350375897,13.934257783008494,5.0159473117243465
440.8739347331199,217.80276619078543,13.94063898476703,5.021753204231122
442.34146723960947,217.49864341741534,13.908024983788142,5.049508548571242
443.65174315442954,217.35558323912468,13.900002268626519,5.045347892432675
444.086442047552,217.2089361678385,13.90087746461912,5.048551040925886
445.55280739351326,216.492639990541,13.869761297831506,5.0303361329534395
447.1031559245311,216.51364712522894,13.95231986679304,4.988321863577529
447.6561845416062,216.52429597601667,14.005488217690006,4.967024162002054
448.23502053281163,216.50830527491684,14.008535287190323,4.999005564201731
450.1164655313885,216.5057629216432,14.026089265760785,5.00409027074905
451.1537007567193,216.48706038462458,13.989643618072964,5.041495344786281
451.44096377299036,216.46854052216327,13.997724017367164,5.07853506970889
453.6152585738445,216.46923099160043,14.030471336996808,5.0771541308345824
453.33695618694315,216.4543407551628,14.002011091897845,5.106934603709793
454.91310349196334,216.42916623097253,14.06902075024579,5.157283652090377
456.24992073321465,215.69496775798916,14.046181701527644,5.153016468176819
456.260885819194,215.8184570431593,14.02425152956895,5.200166742299188
457.459095729965,215.79727835614236,13.985158795433852,5.242524116333051
458.7732743126126,215.80220865766742,14.01062415170725,5.23266351328292
459.9535288759288,215.7922488044666,14.010566983854025,5.252583219684587
461.31284966152276,215.78758176482023,13.950656025734434,5.2619172989773055
461.47855471002885,215.79192349410508,13.913969582362299,5.253233840407621
463.5587753588913,216.08951185010983,13.870107148843882,5.246139823284805
464.4431383847629,215.64049708592577,13.861089350140004,5.26431522513326
465.59369705827345,215.94350795107417,13.907829641503646,5.245257904432663
465.46243452953297,215.06553215324132,13.87654490929965,5.238350761988999
466.7827907682989,215.20465598260836,13.874964569032617,5.253340007395458
467.65725504865,215.20980060019755,13.886939287726022,5.24305077221708
468.670076185541,215.21173141629708,13.915590664526889,5.239189140018011
469.6651045783573,215.21618018382728,13.982216818412777,5.230291604957665
471.5886665255549,215.5247114357142,13.964979601164655,5.202442436129489
471.5472837647517,215.5148853680303,14.047745122771046,5.22209457149731
473.184554671598,215.23050694101124,14.022579679143595,5.200055721887223
473.33207532330846,215.5396266794503,14.022178312841765,5.171096119247397
475.0861115479856,215.54407813023738,14.043445866579457,5.162193217673254
476.1493577899047,214.66172358062752,13.976741308140166,5.161369809408065
476.8694406512168,215.69886186469031,14.003003163820097,5.140091850908284
477.9173487053592,215.5539566579513,13.960128497206602,5.13662491557612
478.9286606959236,215.26349001222223,13.985711401446514,5.132356239786034
480.39813508550503,214.6845389713561,13.975663789614408,5.118697854586055
481.53800787080763,214.83193741063008,14.035914814467578,5.116400550470416
481.4016780944815,215.11502938383987,14.015254122142407,5.136857094005697
483.78600648614685,214.6514197753788,13.940905682738249,5.183893496441628
483.9366978574672,214.75527764957937,13.932701478978368,5.269356286921287
485.13067473070697,214.56556743837285,13.901547882530881,5.354176690580276
486.3435367784919,213.7966840442403,13.841238224520257,5.413559455370903
486.791059639721,213.91336335869966,13.833816871946379,5.476075616413646
489.03742592743475,213.88616784827389,13.794382086318677,5.530466637265175
490.1027237258522,214.3156793482315,13.74481949329761,5.5633149246987035
491.1625944112518,213.41223183211272,13.705214865366338,5.587235605906611
491.32448164817055,213.38794000593106,13.678458138532925,5.635819258269913
492.35504410343617,213.38510760999372,13.69980689531347,5.6414840501446
493.5842904789524,213.3783081085059,13.624553259424488,5.655083053120229
494.6093708417185,213.3714386618119,13.65381778860572,5.668821946508212
495.77521915617956,213.22256722751249,13.703937881033305,5.668837724938355
496.82997696431835,212.91423305661039,13.6835767176598,5.688604794484225
497.7217789821116,213.6391558090889,13.691019975925787,5.731298701070924
499.21138862039334,213.0188883477784,13.705530779522675,5.774341591627761
499.64769946145196,213.13886043969,13.733946365764513,5.834743163924174
500.8485012053321,212.35662509188123,13.746952782197114,5.890082669421164
501.8888312910729,212.654686081843,13.787245970394979,5.899947363691736
502.505576022993,212.34443841897442,13.768758866995038,5.912941509208785
504.64327732965825,212.94259782674874,13.745336690199412,5.931474246955799
504.6291037866815,212.76809223037623,13.77368377615294,5.97678401858719
504.9219998192892,212.4560198332257,13.797715247618353,5.991105276207412
506.181467057504,212.469949977992,13.722880545232258,5.963244986674822
507.52074718041604,212.49901151941734,13.779755398798946,5.905121903824133
508.7197432838947,212.52088884800747,13.81163309398134,5.861367246643853
509.0502709529338,212.51795536689426,13.757418917220257,5.867234208870295
511.46817256874385,212.5309366125847,13.765465287217456,5.841271717489399
512.3649034109114,212.3821819608433,13.786388248631866,5.836383580013895
512.8338883462387,212.22833051632207,13.756258285024531,5.841473166707344
514.3584486020367,212.07352002920575,13.729816933282587,5.848826224954566
515.5812105128332,211.7528065437371,13.70041935963405,5.8862216339057225
516.653799871884,211.28369710891377,13.671003946887295,5.917684801257405
517.8838260885758,211.41784323767115,13.630007405401054,5.951774530229793
517.5920517320272,211.5605989833916,13.608776455050284,5.9686528705128366
519.1314393318017,210.80247789559593,13.553799096932334,5.972996125388566
520.2093506564928,211.86718750672193,13.509593155675596,5.955193611262089
521.3742024538122,211.70153476330714,13.585531342071178,5.985793875462356
522.6023007740775,210.640846033797,13.548093780184056,5.990757140669574
522.6260729955319,210.78439687627016,13.500549337275354,6.005544998125227
523.996709978374,210.92786425129654,13.472417583775949,6.020070493870801
525.376206991408,210.90082947804075,13.425191163960363,6.074140040382385
526.2952622286118,210.87672012057385,13.396509597388361,6.122358755316148
527.5290128419917,210.2590252413284,13.345010259872153,6.149747569185166
527.6872602770408,210.23499645861665,13.330246453304879,6.197805134608723
530.1353654954569,210.25036654670174,13.271745130069332,6.167064958438493
530.6051703201795,210.08235237666645,13.235039491076876,6.202125295024861
531.1834596093734,209.93679401181083,13.282645493548463,6.192195879521256
532.7123242979345,209.47261985358963,13.240575034843701,6.215846520438316
533.0413659213451,209.58484583249108,13.185224430690948,6.292760883969752
534.5712966251388,209.7127090077116,13.144369500600048,6.3389351812784005
536.0573558405865,209.10560058594953,13.19333217584322,6.3447195823471345
536.1607926954558,209.42284089158227,13.289381826976951,6.316085692826621
538.4560325011646,208.8271716068652,13.256290278810976,6.292120778727041
539.3603785106313,208.98297471642402,13.26515283673423,6.283440322418876
539.6649812083878,208.99385279336494,13.261754720611446,6.26168416853702
541.1930894918706,208.98026099576208,13.230285398042643,6.288867763742747
542.2410353739117,209.00401813986514,13.251823170838707,6.241353475536664
543.2922196006824,208.99846700694036,13.263282073984724,6.252455741386208
543.7512940651881,208.9835110376559,13.252141139858521,6.2823676799551444
546.0151046340364,208.85613283677336,13.26494908678981,6.234428809411687
546.0282487262341,208.67698641045573,13.238660902394592,6.290675943291848
546.9528957317791,208.50234514388325,13.205228246349034,6.33731491726267
548.0380157618152,208.180566589339,13.15576499976489,6.374935793925936
548.9540617271825,208.77443403700065,13.141075122685706,6.398802267706241
550.1692402335353,208.0073971415812,13.135521424384594,6.417373987042208
550.7662808266684,208.4578002105299,13.154807157249945,6.426593038493292
552.5710927774702,208.01969634796714,13.190586164025303,6.391450036524146
553.7943529128654,208.02259379875102,13.17363251782898,6.385655134956383
554.8711650656975,208.19286144163652,13.143441043261841,6.34846739648495
556.2631308817862,208.18097855345457,13.079852186830218,6.372233172848901
556.5609086603563,208.03807751499292,13.087785842797114,6.35629064321869
557.6156755443976,207.7362434847903,13.08933715612466,6.356791537506707
558.5311171643473,208.18687613593468,13.068143574034677,6.360371064122497
558.6595805541147,207.75473170470607,13.112584346497684,6.320557270585994
560.7462548042608,207.90923141169975,13.15777932039841,6.312882390469602
561.6448223147785,207.4454853661639,13.17174778974141,6.334822736352256
562.8550883392226,207.29836356956693,13.170705194843345,6.3266301477973945
564.3740078052451,207.58931216375294,13.155650532605454,6.349289813386857
564.5169109887634,207.31199084408274,13.172297015064526,6.299026753736235
565.7071755714909,207.1718207968225,13.206337429969894,6.277545650711699
566.3152425988718,207.03412581734543,13.197977249891842,6.250992140994862
568.429078050756,206.7219770467117,13.189328982551988,6.272572162772593
568.8488922688967,207.18921460172274,13.254526981131008,6.242923487610913
569.9105322228655,207.19590886860203,13.245541942978424,6.22953495385235
571.1156816317455,206.46033649700288,13.24866386579945,6.192291734187615
572.1163170517264,206.92620706770973,13.35490273634383,6.163769040133672
573.325390286771,206.7868166556671,13.353718900956208,6.140429534881139
573.5885168585734,206.79223436744707,13.430854980015619,6.129594111321263
574.9245469356042,206.64526218428108,13.482430843474114,6.1209122534842955
575.2408696584755,206.180981322088,13.456232314264627,6.1398036030709315
576.4468115451369,206.3397792926968,13.469740385527508,6.1253816424266425
577.641610582369,206.49998281881025,13.505081963087573,6.108092046702807
579.7990881720281,205.4251174390886,13.436712908677046,6.1345297436922515
579.500717155401,206.47154617700176,13.427859220221501,6.161257293849111
580.8419142317214,205.26868053923835,13.473701485942613,6.141889530832208
581.2982268769239,206.3334887012709,13.47146946029308,6.136524157862833
583.4369275484331,205.8721648935531,13.440799198554604,6.149157970166965
584.6492553457255,205.2609224683682,13.441052191551139,6.159188526746194
585.2493789206404,205.5627418960026,13.453976889543348,6.162135595388525
586.647979605155,204.48635139323625,13.388567877575609,6.190189212095665
587.8428631212084,204.48703485178774,13.42337936264964,6.188822294992694
588.2835788157794,204.50082702726323,13.452612361922359,6.161237944041738
589.5266996502057,204.48834765155277,13.394346076053708,6.186196695462626
590.5844992680288,204.49374365246177,13.400352523469154,6.175404693644638
591.6465943265611,204.35418479322468,13.397057735381228,6.1515373651221745
592.734257251336,205.09389800318363,13.339367038662424,6.184707482940749
593.7866067852915,204.64781224877171,13.350491909192645,6.170097303861081
595.1658623586678,204.18893401125806,13.311482728692928,6.18135312347081
595.606003996259,204.03633238196713,13.33658782751609,6.184760257384123
596.9604760161576,204.0419390380179,13.347633174915451,6.173546945282634
597.2617856475541,203.88562108952289,13.349385195976305,6.183997200345686
598.7771736645228,203.5762242212481,13.342548333232266,6.198003102656499
600.3222282701479,203.1280013541711,13.277832381009889,6.186830859102285
600.6242415182439,203.14139572591407,13.276610036956189,6.160042115616294
601.6941102323862,203.00749964949006,13.243284765220439,6.126918246100235
602.4504322073507,202.7349432999418,13.229899930461645,6.072327299128706
604.1211358633601,203.04379438178603,13.1742113638465,6.052028543695424
605.3138180349208,202.162238143328,13.16913910950303,6.029921954028093
606.0467052649584,202.173360795682,13.188742656097567,6.007676649320162
607.6767307357345,202.1822684441399,13.195369512261445,5.989861352404333
608.0966648105128,202.18475890801255,13.245765206201686,5.984880424659031
609.4323321696775,202.17641218986685,13.251023626052397,6.001573860950423
610.6301820031449,202.16182845566684,13.237472225921966,6.03074132935048
610.9232454332846,202.1490452837631,13.247511687567789,6.056307673157972
612.5798135139684,201.9798811724164,13.219824035090348,6.095958758679517
613.3416558460221,201.66864282347876,13.190983675311518,6.120497734823301
615.1434043120001,202.40777633788406,13.175228892264364,6.137123268058064
615.8956246245817,201.6570956592026,13.165987382106957,6.143285510415065
616.9299715695021,201.6576586637765,13.190384215331516,6.1421595012673125
618.1414229573292,201.63161182146922,13.162269021058204,6.194253185881849
618.8815468975051,201.47086481394606,13.181264839471085,6.215898461175151
620.2446085192495,201.29050545872943,13.159670113694363,6.276114002973794
621.4264109868956,201.12802708631074,13.205969286229688,6.299832734332737
621.4129038054274,201.12753446834898,13.232983649166014,6.300817970256224
623.2441118093373,201.25259835835587,13.20341758004703,6.3534276851341795
623.5390325815441,201.22098832525174,13.220020117997349,6.416647751342438
624.4333219109152,201.0482887481616,13.258822651369298,6.457483373503726
626.2838552811454,201.01289736271158,13.22783174118818,6.5282661444038155
626.5965900500179,200.67859030109696,13.215591729883819,6.583650741192402
628.0170591621305,200.33800725040024,13.141209381101902,6.6500266480428545
628.1779168308369,200.16068719477923,13.12694755366335,6.697213249310575
629.2720325225519,199.82223668713482,13.095129324093307,6.757996220639418
631.438023143297,199.79811569217838,13.084108589120724,6.806238210552285
631.5806435562298,199.77990745567286,13.108176493818117,6.842654683563361
632.8542069052048,199.74237670490564,13.043359920642656,6.917716185097786
633.9560140478847,199.56359276495058,13.01412170981035,6.964658911503962
635.2336668667155,199.20576044095463,12.946814231131304,7.0583240197502395
636.5189798139238,199.80715821482104,12.869075684952895,7.101972146136473
637.635137760963,198.99830481846317,12.815223537932727,7.163633405239103
638.9152371531844,199.89999929997225,12.746742317660521,7.229032615349038
639.7176949448982,198.6389601068057,12.699649169218981,7.258595105704642
640.6779885344097,198.30441124531404,12.64727831266183,7.304954054532629
641.9234484914084,198.78045373429424,12.647397035761774,7.287008565483689
643.0057772612323,198.01193627840732,12.660280418074507,7.268657104428497
643.8069811699216,198.63505695911286,12.612657076591962,7.266243323734253
644.4363889966049,197.56421555786258,12.594681813920731,7.236455442517617
645.9909683225924,198.1780490211806,12.579906592369417,7.246541888051063
647.2281419802385,197.87406456412688,12.58068291986342,7.235729891461956
647.0855801529426,198.7976024707861,12.556588016542543,7.243965425620898
649.3901654072682,197.73580435427206,12.582433547642253,7.204554173431894
649.3830297399414,198.0458380168359,12.596704882295816,7.20191772944271
655.3651666799237,200.3982243550417,12.678832988785288,7.130376586282559
652.7035932201047,196.85364187636054,12.750991564128627,7.1152631954815275
653.1470957591355,197.78380965637638,12.79306021647345,7.113075096262348
655.3574361711799,197.61053597265985,12.84620026078099,7.123126867082332
656.7085973850999,196.37910367830082,12.944966889255712,7.096134516853773
657.4489254170982,197.77841488250257,13.025459375114929,7.107579498190627
659.1485969460784,196.97128074910032,13.075857515316383,7.153783584012366
659.2801285957777,196.95753149376978,13.12794008235058,7.1812820946734375
660.9369148670037,196.8855398623341,13.233711550323266,7.193481076244097
660.7558689494571,198.13633737399786,13.27765062356025,7.237108147766048
662.4609205923279,196.05788704385134,13.382560460099212,7.239902390818431
662.7967595763383,196.94962547440076,13.353165073000541,7.3832732724867105
664.0997948687642,196.399209102013,13.332351423579711,7.514634666475613
664.3929853611455,196.3970688280785,13.396145134149725,7.518915214344626
664.8775284514873,196.50403955957682,13.40537030105004,7.63107753387592
666.3405823587401,197.14177520722515,13.432592336694363,7.668197283090448
666.4835883209225,199.4464796015064,13.475761835255526,7.667328415491269
667.1193205377161,198.12654481601817,13.523521256067324,7.668750277669794
671.1531494505757,196.28942483456444,13.566128203784306,7.642394129082974
669.6582532234711,198.60855659417587,13.579445643163984,7.634202855150388
669.9760065756637,199.27038785986096,13.605493033867052,7.633648513957072
670.9856260466684,198.75855125851587,13.573171091697715,7.663863216727417
671.1314312186992,198.9302554803129,13.612749617710833,7.651643643207834
672.6019165532575,198.77357254478252,13.655877118285707,7.63344305096953
672.4421839461036,199.26384799537945,13.643448047965935,7.648575003658433
672.7612621834961,197.93762641122632,13.669227998292605,7.645272471517266
673.9192204049442,199.1168867160354,13.679363516053197,7.612803822555855
675.0825924731747,197.6089726803941,13.675847669418182,7.641624092633671
679.2719404910875,197.5812131504319,13.72672657030088,7.597812373065057
676.2694417206313,198.60057387441313,13.749714571069065,7.553094105150659
676.5865280546572,198.45287080814174,13.779362158403668,7.51659011000031
677.8907097891835,198.30287075985228,13.824790508994019,7.484866229123819
678.5336645753183,197.82807008813782,13.866286328980575,7.43891352836062
679.1799743587113,198.17510685260586,13.900370905051313,7.40819207085283
679.182755856991,198.5193991199069,13.894807908491881,7.382910255571653
680.3197349534565,198.0343670082116,13.938800769660146,7.359566884348088
680.8313910034594,198.032425389355,13.909636087390982,7.36345012206127
681.853741185642,198.1848719407638,13.851056461023314,7.389577142243326
683.0353905790266,198.82058503544914,13.802001230180405,7.440575841973397
684.0401023071585,197.6791007956965,13.777122515926138,7.408242122467756
684.2098460902341,197.8388269131781,13.76747220271647,7.418627140446101
684.3986780008141,196.7076108734395,13.719681283870802,7.371948903722089
684.8991612436131,196.89349949119392,13.703823205050554,7.328541137139189
686.240553342652,197.0623326618804,13.640176445415293,7.31826697557157
686.4126224734671,197.23614922625057,13.622316994670381,7.296912657716555
687.7248285739361,197.40935419383464,13.603104028345268,7.276152626875051
687.8932539238056,197.25130911000784,13.591264535637672,7.267231587497306
688.5455063545502,197.25852244478207,13.585495563535341,7.252804917948805
690.5142866584637,196.92961239725642,13.540155783578248,7.261921541688488
690.9803254940568,196.13651519612603,13.579599087884667,7.228914318128215
691.1323507197109,196.30370177151832,13.599403920043308,7.218396450810508
691.2831545762729,195.990686053064,13.621762534586443,7.196495232385321
692.709725382351,195.8425751214957,13.683895311783138,7.168797718927048
692.8618989545565,196.65861329598192,13.703905315694971,7.158507111569047
694.8005932523172,197.13682120972533,13.71911766446846,7.135934359828875
694.3052049516775,195.6712098018569,13.73696569101793,7.148371451376344
696.1307316674345,196.81185381603544,13.771908381943584,7.1569258226679064
695.7917865019062,195.67541863339267,13.798906373899095,7.1516730011006056
697.0723558083444,195.52240781123064,13.843785886517033,7.13194237973793
698.3876131544238,195.18673455369017,13.82184188143146,7.151146223050569
698.555377865668,195.0214137448729,13.812392434575873,7.15570786505214
699.221247268158,195.32748241462872,13.784732693425076,7.195610057455017
699.547684291412,195.48746070704382,13.78445878042807,7.201953539380515
700.67370327102,194.51297571493618,13.817256725154062,7.192492748788381
701.8108161683207,194.67434356115854,13.830100971854584,7.196481347958165
702.6233854140943,194.83837131929607,13.839870475740842,7.195407430769829
702.7805616010066,194.86315563482776,13.852624730078398,7.145838799706438
703.5609730968384,194.2392675057497,13.924004155644955,7.087853124078334
704.3710666637147,194.75344356829012,13.936256223703468,7.038964520083966
705.0139790569856,193.94528188165242,13.953724255386508,7.026171870578249
706.3063426749628,194.12767605055325,13.975861431849097,6.98724158432873
706.4938105008093,194.29641648963627,13.92643476696851,6.975269692975144
707.7562707083015,194.08751102600849,13.884664354352557,6.955403990157016
708.5574833022107,193.91603677736367,13.85487121682864,6.951898440612279
709.3765631085896,193.92171760827074,13.8323416462901,6.940536778798184
710.2024461341136,194.0831731372749,13.793573505130556,6.940225302767485
710.3727309990227,192.96287314557205,13.775030156482492,6.926640617983386
711.1826734922815,193.933345843403,13.762744734402215,6.914814699646506
711.3465073521132,193.93422259727626,13.756212519359279,6.913061191900001
712.3158587190944,193.7655725124019,13.743566855904852,6.929351849897385
712.9497440887291,193.60215874059196,13.760219600789258,6.9350735224788345
713.2568451172795,192.96912869704903,13.788914995326707,6.915338706288114
714.5461488704832,193.30240123790773,13.782530181496119,6.8918492977149945
715.3445938696324,192.99479713090946,13.790780254564313,6.865001483164903
715.8422493729882,193.79363690593894,13.75752156340993,6.870742459034602
716.1856154575262,193.3155434134493,13.711382727839233,6.866039443755963
717.4787337771643,192.52046951241584,13.681464422191256,6.858488287305152
718.5915980284057,192.6883830427043,13.688533506200203,6.841632310512736
719.2306987290507,192.70825194587545,13.685464044578902,6.801894504170432
719.5454330306391,192.72486953751604,13.692095826030632,6.7686593208892445
720.4821310051558,192.56462350889348,13.72412866969594,6.771579912684582
721.7339672411007,192.58574945783283,13.765180872888386,6.729328014805873
721.7182339725377,192.59722407150184,13.796647410014234,6.706378787467825
722.3618793148629,192.59683581793854,13.781432927815274,6.7071552945944255
723.6389286993074,192.43469088021956,13.769816527623071,6.71363487394527
723.33464515493,192.26844417966817,13.742877385627446,6.728375159672802
724.6028994158121,192.11974301812052,13.747291551318938,6.7081621468361226
725.5449395622838,191.8020970257908,13.767185194370514,6.708796152830519
726.1781804164443,191.6447340687948,13.771226087964424,6.70589141634384
726.1948534230263,191.798067341158,13.737880074800321,6.716864112390305
726.6855219511294,191.14996486070194,13.708570597477275,6.74369896812472
728.1006617213875,191.16706798055165,13.734708134930589,6.709492728425294
729.217202309723,191.15721771034524,13.721804515444932,6.729193268838111
728.9071120049465,191.14500231463302,13.707342068118065,6.753624060262532
730.3497583346075,191.11670918442576,13.679853735401377,6.810210320677095
731.3133518400401,190.78147241065295,13.661339192409637,6.844459712264808
731.808597980942,190.93266166597147,13.626148117367272,6.860514937214815
731.8227443628848,191.08596655182546,13.597855353481531,6.872101113665719
732.9499991589227,189.97428803791783,13.569217266808746,6.869586636078091
734.5489454876626,189.97166649258048,13.546509884785225,6.87482972675279
734.5441177199472,189.97951293682894,13.556165420216294,6.859136838255893
735.9529981205152,189.8290993267033,13.59272537871213,6.842817307436997
736.4260037638463,189.83509148110255,13.598915376734734,6.830832998638473
737.5144195721558,189.68408366718864,13.643071097060032,6.815564721188549
738.478337784367,189.83613234793913,13.621232819318571,6.82913371746768
738.1669872197083,189.5246703844876,13.608771236342118,6.816894932076992
740.0665211685393,189.53303683670427,13.615949570500035,6.800162027643664
740.3816061563941,189.53647139355365,13.619785151370355,6.793292913944891
740.2279096665744,189.5247605802688,13.610238088341704,6.816714540514563
740.5439330618234,189.51303018618498,13.612602386084324,6.840175328682224
742.143947905582,189.3683723610015,13.589031749088418,6.811845073997053
743.4012232924823,189.36007266150835,13.608967298354703,6.82844447298331
742.9297879129685,189.1933665006981,13.599668608515403,6.844466978314977
744.1966795053115,189.03836654026398,13.606130650704149,6.836936245823832
745.465363910429,188.2517226328792,13.608722736076883,6.822748500838573
745.3100997157023,188.5571750022678,13.601963401431897,6.846419210258044
746.1072958998617,188.55777778773708,13.595561111001617,6.845213639319462
747.52527731533,188.55599254446685,13.616948795419825,6.848784125859943
748.0087651336964,188.37946519609253,13.603548377020584,6.883980416497382
748.3258146208891,187.573794891237,13.605989968929098,6.903969610473973
749.2836955702347,187.56387341677262,13.602135747112772,6.923812559402697
750.5822250982768,187.70692127039175,13.556575234457897,6.956654170093076
750.7659282619295,187.8538879438116,13.508004457087422,6.981556373188602
750.6213897946701,187.85855210192227,13.478529631331737,6.972228056967262
752.2169007973102,187.86475130358045,13.467091343936923,6.959829653650886
753.4879126951638,186.9048304893416,13.46568294046539,6.974209737952084
753.6444811272903,187.37177596659384,13.470349938430058,6.993730370100622
754.434742990424,187.04780085745202,13.480868337641324,7.0052637381927845
754.924449968515,186.2480988715311,13.457138590073718,7.011860695677212
755.0789365819453,186.40159865799447,13.46649168335852,7.0231874428959395
755.8766501907761,186.55876947960314,13.464357316589586,7.02750436985715
756.5166992652878,186.54139507897622,13.45906499429509,7.062253171110974
757.778563276077,186.54232193461684,13.489105502544955,7.060399459829729
757.960890505629,186.51128722879398,13.444081809111507,7.122468871475478
758.440833500716,186.4939288598666,13.444300333092745,7.157185609330204
759.7128863675556,186.17658390008162,13.465263887943244,7.15060820676779
760.8511451013252,185.84184677559432,13.434551967478665,7.1784237280067735
760.3894845548576,185.98644292109344,13.395310162405014,7.2100857363447295
762.3020743488727,185.04132384172,13.419955981691611,7.175411191433269
762.4720386782969,185.18298910382634,13.400615072837416,7.21266841721495
763.7778074104042,185.3125970080428,13.356606945652167,7.274393775910713
765.0800462029665,185.29099880662147,13.322917780416136,7.31759017875333
764.2992761736011,185.264684628666,13.276510215546145,7.370218534664296
765.9249099390545,184.61446009678508,13.243264730404576,7.383458780119973
766.097671760711,185.38346241524803,13.219277709924611,7.453137257359411
766.738545472582,184.7244430318158,13.227003333356611,7.481702977049765
768.1967467938938,185.0199620711723,13.217316624069523,7.536601772411591
768.3285458471912,183.88908907922578,13.277476558713602,7.532041467632109
769.4479810449823,183.87341172298918,13.310605246294894,7.5633961801053085
769.4303415613798,184.03812516717073,13.345884213499822,7.559563920833092
769.9134715229859,184.2120620615948,13.357779451431332,7.537741852366213
772.1621601817014,184.22651352936145,13.422395171693417,7.508838916832865
772.7899699535836,184.24583187796614,13.47205702788072,7.470202219623497
773.1082472264284,184.2535764025961,13.488294124387973,7.454713170363583
774.2382748329378,183.93827324916083,13.512839115455314,7.4325765617809285
775.0442280810691,183.62927233265881,13.532712987878348,7.39786624731072
775.3797575142806,183.30645590953714,13.513767202908983,7.391386012100468
775.5154813867875,183.15279294347016,13.567985757658443,7.373045644471402
776.8125215097859,183.3164596287707,13.58312567602865,7.371864794416244
777.2633991569054,182.68640558626143,13.660437059023014,7.326550643123878
777.4064070416697,182.69642385238492,13.70114042900965,7.306514110876875
778.3785732327623,182.54991369450426,13.718658507247573,7.272559349901078
778.5692233674317,182.53304334733528,13.664008695858499,7.306300044239065
780.1936493781244,182.37123004594753,13.679403893911479,7.303501925070673
780.1989429566532,182.04208907798997,13.66881673685381,7.308576999381757
781.1947051044893,182.2075644368556,13.636499709311654,7.30416082633888
782.1981301188165,182.2121947084319,13.585547511835024,7.294900283186257
783.1903639891794,181.87951461185068,13.551522992777377,7.310112735792683
783.6853172788153,181.71558084585047,13.536115673243575,7.313147181213777
784.8409543691447,182.8327681995134,13.497447275109698,7.351378256412821
784.5154689585898,181.3648141722424,13.498934463841545,7.364609965254905
786.1445514191886,181.6732272662331,13.490668798059552,7.3977636283565085
786.4744783147155,181.68272563178118,13.481683824244962,7.3787668972604035
787.7683021553486,181.68747358896468,13.493854827080247,7.369270982893376
787.7642985040371,181.67700605367983,13.501862129703103,7.390206053463089
788.102598504897,181.66377609141085,13.476203102263105,7.416665978001021
789.5599213809894,180.83799321680343,13.491450188418778,7.440513483693314
789.7010470969889,180.85228752025904,13.535374532033734,7.411924876782133
790.8495584381443,180.8406965389271,13.522703807978298,7.435106839445993
791.1735545171492,180.82843110080597,13.52780142176829,7.45963771568823
792.4805132823345,180.65121514229222,13.53019478699716,7.487030770765836
792.9376958652231,180.33175336253,13.598454330958091,7.470871190464887
794.0620918476864,179.53192819580735,13.647577721026273,7.429153413199613
794.3650487377919,179.8618426390348,13.698235160179353,7.425895746108852
794.8295011704147,180.0262921283395,13.756260837875837,7.425973615146718
796.1301451178281,180.03789320257806,13.793640610745925,7.402771466669602
795.7994593172672,180.03154494664346,13.795038471996865,7.415467978538821
797.0922336216466,179.8864455612486,13.851289369708644,7.375441811019717
797.2599320568104,179.71895272964193,13.846259764568268,7.38006020904599
798.0548214920855,178.91788458928565,13.908343041741915,7.33033434203473
798.3657415634186,179.41786340776883,13.94736796090373,7.321674297810304
799.8308132401494,178.7600629216137,13.994942656062005,7.313845026289533
800.8245729634597,178.74664662828076,13.995956646809812,7.3406776129554085
801.8120178815873,178.72660871760593,14.01245729219476,7.380753434305058
801.9759496883884,178.70317585933086,14.017423244830487,7.4276191508552
802.4985081518124,178.85349128429343,13.973428036761211,7.460695540522966
803.8356592021245,178.0059438399804,13.968142477056674,7.487655091074067
803.8486647738755,177.98780170567755,13.942131333554691,7.5239393596798
804.3725511203102,177.80991304544207,13.89710705495152,7.5454672087287005
805.7187132527501,177.63869760318664,13.876415896024115,7.553943954995559
805.9050391728344,177.95123504907454,13.837558029193474,7.59645700989525
806.9045386747816,177.2933983928885,13.842241539198028,7.5763419796678555
807.2252497575706,177.4732722448757,13.868164646748257,7.550266912257546
808.5592720332714,177.48413492615717,13.868995456524654,7.528541549694598
808.7172215952168,177.15507795223422,13.886346503464283,7.5201551558797615
809.2063071428846,177.16709833269792,13.908262940661407,7.4961143949523805
809.537716483813,177.66833156477074,13.91199237994817,7.493470112522064
810.8832280560388,177.00063409422458,13.887239140443686,7.495730101140877
812.190186885292,177.01710354871022,13.936982917811214,7.462791192169564
812.1655016091892,177.1877835749211,13.986353470016933,7.4545574888181925
813.3497663668954,177.16674932743942,13.95380872969827,7.496625983781566
814.6909264909427,176.99902627505742,13.943119176345304,7.49811825170281
814.6893437156397,176.81985306520417,13.946284726951431,7.522642747516072
814.6863710292511,176.64124684342704,13.952230099728732,7.545566709963976
815.8457246289869,176.7999904412612,13.976902098222766,7.562847971147886
816.6881138514086,175.78272624034065,13.96926278012822,7.584809420890245
816.8486524181543,175.7792505629672,13.983876545024604,7.5917607756371055
817.6776527423683,175.78517374912244,14.006002187191749,7.57991440332663
817.858701113953,175.77309643769306,13.980054229092971,7.604069026185405
819.0348566066037,175.6117886037757,13.98099888613691,7.590505316542229
820.2120649472815,175.78456580594806,13.978311702190398,7.5809122689702155
820.5520375857404,174.95315448450793,13.969881736014235,7.564946634996538
820.7363038573715,175.1219062594157,13.936709443084837,7.562803335513525
821.9430634726955,175.1194741727542,13.867032047617219,7.56766750883659
822.6257488657725,174.7995819300741,13.837221865501846,7.5396716921773965
823.4681450594794,174.79222480090058,13.817289131038006,7.554385950524459
824.4831192546492,174.80143399292396,13.784916942174643,7.535967566477749
824.8355781614125,174.6363899884984,13.74427325465583,7.533918512325023
825.5093273774179,174.3087097319471,13.722784238855338,7.526274317322506
826.0182888060638,173.81744366148288,13.698025411883568,7.515642427931198
827.5044206271417,173.99977979023816,13.700331203555487,7.481477885290337
827.5180414320661,174.1631198722293,13.673089593706658,7.484755812999123
828.5038481237576,174.15619637417657,13.679149339055263,7.498602809104581
829.4938959571025,174.1495993654739,13.678682475962978,7.511796826509918
829.829362348926,173.99549306815746,13.668062826438458,7.489852854081526
830.9937175220157,173.9801723912244,13.646728049494788,7.52049420794763
831.6696308842543,173.9665646081607,13.614234693417629,7.547709774075018
831.8499502476565,173.79711917102549,13.583413743966885,7.556782870991729
832.8493087147546,173.78322652033603,13.56179943739721,7.584568172370663
833.3260471264018,173.47364491116986,13.597335773205659,7.5443892846343745
833.6537232804112,173.16225423730538,13.601006501780116,7.508147595770032
