150.8000030517578,257.0,7.800000190734863,5.099999904632568
149.9852054684734,255.99106373228952,7.823493023246347,5.107701883291225
150.68030617821202,256.69622659335835,7.850896487801416,5.114981045185921
150.88828415031062,255.9877325196108,7.841035434392456,5.110637074922337
152.60457889544764,255.986750136413,7.856506588646324,5.112601841317912
151.78366239876092,255.98531454890858,7.873604152667643,5.1154730163267885
153.5267982194345,255.16946208180073,7.845068576752248,5.12000803739815
154.5441186336572,255.26337524231306,7.840865871633439,5.135225528706134
155.5632662122387,255.25769221785652,7.8349139768296245,5.146591577619262
157.1907841715801,254.644096937687,7.833226818068491,5.1537763529875775
157.49342901213643,253.62808210823687,7.838222934077776,5.151520021481494
158.3022061037558,253.5230251798177,7.84839712853594,5.158167831107658
158.40059102228574,253.3219928669919,7.85535679319826,5.152773453314884
159.31769542085584,253.4240994618903,7.854845329950707,5.152304411728322
159.21058595417722,252.71263436864717,7.865335605228534,5.1491339916588075
160.02833035226303,252.70670888625116,7.86051321330933,5.160984956450846
162.46804363052635,252.39974931246593,7.876086315817946,5.163029146641878
163.0793216259595,253.10402748315593,7.8788871795455915,5.18405580228812
163.183196781232,252.27965047448743,7.875755224516113,5.195862975500654
164.11193189437523,252.269783411879,7.861195750643502,5.215597100717475
164.1163071082928,252.26522663020825,7.85244532280835,5.224710664058973
164.94471039604232,251.85208118766553,7.834818108421544,5.231411868588281
166.38611783859918,251.4361156088943,7.8184157406168255,5.24436802118531
166.50028387123874,250.81258973338512,7.794795903438159,5.2631464036011675
167.33000611086956,250.80748192979496,7.772698643307428,5.273362010781493
168.14322112694146,250.4009963772471,7.782308992310738,5.268312925303678
168.849659046515,249.7788262929148,7.801395667418328,5.285256653178572
170.78625758124363,249.77961076063056,7.825754011302889,5.283687717747044
170.8774160380679,249.77562746309073,7.848912363471354,5.2916543128266955
171.9966117854027,249.6771987296785,7.876037717918407,5.282555702458757
172.9151808127968,249.47679737193528,7.894819074080103,5.270931882178537
173.72649251156435,248.75862966216758,7.9226172775270305,5.263148400854687
173.70248289304445,249.07306243117225,7.970636514566824,5.254056642249872
174.64066035814957,248.96165663632453,7.958734932730279,5.269706748792639
175.58354725531294,248.74803853022104,7.9381491099268535,5.282456745105629
176.42185035087786,248.3243181291197,7.91870877417919,5.3013146196172105
177.15278229422265,248.41652743913548,7.907012027550937,5.324062733880082
177.87038188505005,247.48350998479305,7.9233917128076845,5.323781956535781
179.31970844660268,247.17312365014163,7.9312822056922805,5.3217238509836555
179.42898540679164,247.68242432054933,7.920423102394065,5.3415965955666005
180.27370799073017,247.67177377339988,7.893867837989514,5.362897689865494
180.37980383345842,246.93599017318914,7.889490734699866,5.379762815118978
182.03978145933863,246.2094737108806,7.897985117638538,5.376599024555202
182.03450630166057,246.52100103063296,7.908535432994679,5.377855452498426
183.2837923282424,246.5218561900878,7.90936510802696,5.376145133588741
184.11952294687197,246.41104205970402,7.9040449196418985,5.389505763247023
185.46855513132965,245.77840544749597,7.9152957044543975,5.404325839788654
186.1962488654939,245.8790320991359,7.9216757501404915,5.411896467082295
186.4079375161241,245.0384866153006,7.916389437134063,5.42062348173714
187.9682454778804,244.62436293193772,7.932428297066754,5.412429572877488
187.9740596931847,244.93750898032096,7.920799866458143,5.413786665656449
188.49515065561022,244.1043964858069,7.923935924006525,5.407502882845501
190.0458110380616,244.00613853792603,7.957716964604651,5.395011991573814
190.03506111910662,243.89976682021526,7.979216802514608,5.3984466665404645
190.97246426135987,243.3737462899619,7.991616115083748,5.40204017311628
191.71596478884348,243.89028928968796,7.974165812460818,5.418633282481562
191.92897198413144,243.15909971506488,7.968047669245472,5.411375565965636
193.62218713983123,243.14958709487087,7.937387804097266,5.430400806353664
193.63354701138638,243.1447927946867,7.914668060986986,5.439989406721987
194.55975576123737,242.8326180570479,7.946894890991014,5.436124105430922
195.8166210678963,242.1033846520613,7.951087161303546,5.425802566619801
196.6436564932844,242.11103132227302,7.974769521333707,5.410509226196317
196.52897896861847,242.11789528091123,7.994302022423967,5.396781308919924
197.4823603207785,242.0134056171434,7.976540547464679,5.395871610971005
199.156237431171,241.6949887905506,7.982490369178866,5.403885756188008
199.47703799523714,241.79458322964607,7.970376274057983,5.4145258890008785
200.62363046253822,240.958936042785,7.985243814558198,5.407236644466723
200.61390855666093,240.75477826313315,8.004687626312785,5.395700111797726
201.45939984192555,241.17207869784556,7.993924522213402,5.401208975587764
203.34751017481778,240.33557811449325,7.9969261136185725,5.3945558057636935
204.0923094622188,240.2192964147427,7.976568792946385,5.417227597531905
204.19411929251507,240.11249579505574,7.982910157177991,5.420867812081736
205.7712779403383,239.68772211289533,7.980346300371756,5.429947592711833
205.8628011715255,240.0027594610708,8.007528596546674,5.430559172008645
206.38751179920212,239.15695964653062,8.011349327050203,5.4369716237181445
207.34488374495547,239.15206923554177,7.993915759930052,5.446752445695836
208.59898625841024,239.04856362819046,8.01425104967122,5.443051967344205
208.38538025023232,238.40636352454536,8.019549538835607,5.4617115930602225
209.8667277353761,238.50847272492567,8.015696318766608,5.468839031600905
210.60604417177424,238.50779675794243,8.016904430749024,5.4701909655673555
210.7134897681355,238.50481074745346,8.013459697029097,5.476162986545321
211.7680542030573,238.29107948133952,8.019265375344322,5.480638609141417
212.61362383235294,237.5456349010381,8.021366888763191,5.489942094235341
212.51004738398368,238.16930141027612,8.016678940742406,5.513654144315129
213.66944762692583,237.2173830556364,8.031667611032281,5.508026998543012
214.73616262790378,237.1014112667522,8.021193396849268,5.527674997534109
215.58002054374862,236.892399583739,8.03317941185881,5.520772901885673
215.90286105969577,236.25892862111456,8.025086407019213,5.512538773025207
217.18380199629235,236.2591201470948,8.010456602702947,5.512155721064715
218.13246012507327,236.26716179350726,8.021536291314009,5.4960724282397955
218.9850903147461,236.27011554497162,8.011835113650951,5.490164925311077
220.44596720864075,235.53646369260352,8.053892767020345,5.475562909467907
221.28704979133693,235.64739970565685,8.0684704142333,5.465783734936895
221.81884560162484,235.65106215440858,8.065630415803474,5.458458837433436
222.44398599113086,235.55317826074545,8.08726614522158,5.4422405400213405
223.40315352446225,235.3439434885914,8.07731567645682,5.43662461812991
224.14745961649845,235.03164792381773,8.071301850963836,5.425816451143216
224.88414505816212,234.19132669078897,8.078640008525158,5.4142200133279585
225.31224155026015,234.18752426086073,8.068237981641973,5.421824873184464
226.3722107327548,234.18496372438426,8.062474576648555,5.426945946137399
227.2159956575833,233.55297497525814,8.0662308202899,5.422428874415832
228.07384598924915,233.76372668972687,8.041708697704308,5.423720080664957
228.82840625932445,233.7591612621052,8.00993574450273,5.432850935908253
228.8439237643749,233.86451494340258,7.978900734401859,5.432866224007491
230.22200846065508,232.69948783373363,7.956050779763882,5.450111688180314
231.28756059342038,232.90334248441152,7.926912087330907,5.4627955014440035
232.2320066952926,232.3765673936248,7.927722667098803,5.466510803288365
233.09042314771168,232.36818415851286,7.89121508048613,5.48327727351229
233.41996872101484,232.25646425532832,7.8614243250443465,5.496950282826478
234.37319755440123,231.8282318112444,7.8408503068147555,5.515244660530727
235.32973533153074,231.5002954824792,7.8135767777460865,5.542516642997679
235.97059176389212,232.01249843792152,7.7892876645031395,5.56596385834623
235.98229313288164,231.16652284490186,7.765884926524107,5.581202609343806
237.0401834514206,230.9546942188101,7.744956761960962,5.585889367024391
238.30222882518893,230.21189235307594,7.731807212694368,5.60677739950184
238.7353762404146,230.3067943349992,7.703068209797519,5.626362392543932
238.8468250708275,230.5068420955097,7.689444967761184,5.644815709101856
239.67993611859734,230.50717095038758,7.6981851869725375,5.644157999346129
239.78197919597085,230.513345019321,7.703591280863349,5.63180986147928
241.02146935967485,230.10402132398895,7.737072004552829,5.612970235110877
242.17874325761068,229.57276892404346,7.727800258435963,5.627622285113297
243.63420156246198,229.47344503235655,7.7522705223188515,5.616599577516743
243.10429931530936,229.4772108674971,7.7627714494868405,5.609067907235676
244.05355798888903,229.3619405317179,7.7533199000453425,5.629712379047621
245.84054656174408,228.52298171402896,7.750907361259555,5.6268937288140535
245.9506714944894,228.52429960453287,7.74066663529047,5.624257947806263
246.88888679781135,228.4245852952096,7.7525303672500305,5.613876084385789
247.8288524622955,228.3279994387099,7.760978205082993,5.597227889962833
248.1424356766286,228.2282132892496,7.762834944468621,5.587125799532843
249.81274358151128,228.12848302955555,7.7748021040122515,5.577049883339126
249.91849596878055,227.4965986346507,7.77284938666983,5.5835063299721055
250.85899368265936,227.5038327554764,7.778512070623924,5.569038088320735
251.59033662994082,227.51053429636596,7.78216122931616,5.5556350065416
252.4281984274802,227.51470832954098,7.780926425642291,5.5472869401915545
253.25903081118912,227.30833913741753,7.792501310024809,5.541715411488326
254.20455080395527,226.88780643820456,7.784607278185741,5.545827052717283
255.0370991384197,226.36609234818863,7.7930037977062145,5.543321989968321
255.66446217913756,226.4740282374282,7.79391276373201,5.536722719399422
255.8798668737476,226.57799509234496,7.7814584973164695,5.537966570968202
257.4443680774328,226.36607152249022,7.787598994546094,5.54379465673107
258.4953292728282,226.16151950040341,7.777661326351535,5.53450175638539
259.22530996689756,225.43445569214,7.779964786440838,5.526364524684256
259.84788658291035,225.44012516037486,7.787586411192623,5.515025588214543
259.9513112216492,225.4459486090266,7.789461446228696,5.503378690911057
260.9982376969818,225.34032323201998,7.781215474709227,5.506068747009683
261.8452486543907,225.22971004122985,7.755035920558567,5.518814833506564
262.2751569913164,224.80776441709165,7.728395651087059,5.5295296774030085
264.1467723640049,224.40182307507231,7.730372645152499,5.509143974898895
264.14850078315516,224.3025173135586,7.726915806851901,5.499994053740462
264.25413519476507,224.09929658129343,7.723205411060319,5.491318663414371
266.3761221807667,223.8369006084941,7.6947031377255755,5.492447868285866
266.6898776199685,224.24753544472026,7.688031558176219,5.498963927639356
268.0847024591925,223.46983329857486,7.656334029081268,5.516003815058994
268.9806167922861,223.26699115785408,7.640381443190861,5.516603403501601
269.86355593311345,223.06607906073742,7.624600219984344,5.521737607760148
267.9125878721484,219.1384490602724,7.605587384602723,5.535099694066615
268.6393671616689,219.0253337179549,7.596106156883074,5.55503361422713
269.15300068811,218.29770714818278,7.601239329828482,5.56492643761254
272.642763715235,221.19866522279702,7.598187920612188,5.5827511674075785
273.4930099536721,220.9238784662172,7.607397618558985,5.588997309527154
272.3565388550812,217.92493404852365,7.601044743664689,5.577835500350474
275.0745706299606,220.07325911297477,7.592721412869086,5.597119673248483
275.48633018667516,221.62816975027687,7.5976776076452825,5.5940808044144585
275.59243551957144,221.41748153236415,7.592611264798822,5.60116859434774
276.83301168696306,220.6922271366694,7.597661102162419,5.601392785318311
278.1924285986998,219.36487737343018,7.593045074530118,5.6189246148982335
279.1309581125459,220.5016255102313,7.583315498390547,5.627719893193646
279.1340416330827,220.50459140994653,7.5771484573170005,5.621788093763221
279.9673027027275,220.39322530711908,7.568916342079772,5.6372340464115345
280.7940932910134,219.97399308336227,7.574646572824777,5.646042790266788
281.11511637047045,219.9734942096354,7.555536237318227,5.647040537720552
282.16012734925727,220.06727085492346,7.539222365558736,5.666858055725797
282.98805782695916,219.96855885473204,7.542933761596226,5.656835512178539
283.8206204843309,219.6606116574967,7.536521946443399,5.650712344302762
284.6493937732337,218.93218716815198,7.536106911542242,5.657571222950737
285.176937106216,219.03591711105156,7.5172566293714755,5.657358613910398
286.4166748293594,219.14312000478245,7.521262134993501,5.64990957244105
286.30715794920013,219.14938783575172,7.53339991764544,5.637373910502482
286.7163606755348,219.05557062991866,7.542497534508381,5.618132554785555
288.05465401020797,218.33675234605778,7.553002688159327,5.6088735255088125
289.3923141480547,217.71625606460003,7.564880973005426,5.609620598944481
290.1118857951187,217.824077300716,7.574040806299016,5.60087857348706
291.04268507050665,217.82119808959783,7.574510824568571,5.606636995723396
291.8724254585415,217.50947012789453,7.571013973957615,5.609098947082978
292.8042679644938,216.89174992180614,7.570195353562522,5.6026284315867505
293.3270486309349,217.30538671504155,7.558967608294183,5.602821715207021
293.74057187445806,216.47578091173924,7.558717842895512,5.608439878516375
294.55680750384346,216.4810980895755,7.580545726808424,5.597805522843849
295.1838850227477,216.4813231235937,7.568060864677845,5.597355454807405
296.73060204988144,216.37524005938238,7.575845075675252,5.602773698879084
297.4426752662406,215.6599177887636,7.600383527796919,5.584733355276697
297.74270912806304,215.87632351984973,7.621412329164607,5.565986243112805
298.6676111932968,215.98800023885818,7.6350039156208505,5.549676773642992
299.0723023637551,215.99476324365872,7.653551550074473,5.536150764041914
300.40753763248784,215.89748762632235,7.674622344870968,5.523660357771477
300.50449833943867,215.18188115184444,7.687856697353045,5.504782942041546
301.33391196216934,215.28674888044094,7.68539557827822,5.502093250646856
302.05318766268834,214.2560069066517,7.695593731223357,5.493934978249422
303.5032125606014,214.24969088845498,7.69332555983718,5.506567014642801
304.33782513665426,213.62993004562057,7.681364155351614,5.5031408895965
304.5502194404304,214.03449462352523,7.670416328277484,5.521693294743381
305.4785785309922,214.13041059429986,7.677235170827565,5.536921022491159
306.41302050613194,214.12535793863893,7.6750718661116375,5.547026333813077
307.02849497447204,214.1251126066915,7.689403188522579,5.54751699770791
308.5912784724351,213.81160875159583,7.6804172143804,5.551208503542434
308.6987516074539,213.18870182626762,7.673167442576776,5.550843364794885
309.63478318297837,213.49639128803656,7.669329325798742,5.558206119347317
310.46124206377976,212.56518638322007,7.677558159586716,5.5518260091656
311.183350999655,212.56829435548786,7.68698332946124,5.545610064630014
311.69299474592117,212.36853950239856,7.706216003836074,5.529711704045703
313.04528227574826,211.64085507738417,7.702183975451494,5.530941998775486
314.69324138294274,211.85553195307222,7.729357322223375,5.516974692544492
313.96829327020754,211.6533857380299,7.724128536768109,5.505517119507471
315.6259048184047,211.65540655803827,7.730620333579985,5.501475479490773
317.37292397301536,211.45803371214527,7.766443456853164,5.480943355689218
316.53406235240703,210.8449396712022,7.781425702080322,5.460075690583214
318.0802026884843,211.267101766925,7.805019252024083,5.446651291697178
319.1115852913046,211.17277271365032,7.820852808815563,5.427449522003293
318.4895850181244,211.27589493427456,7.818162641054246,5.428986866441762
320.24863955686845,211.18016041082961,7.8320853078958725,5.4126893401358185
320.3529025684106,210.87658761992853,7.8312666185251265,5.396712920797482
321.9028157208576,210.26108987501712,7.842901368074992,5.3831239888428
323.2412666766681,210.78581976269965,7.861957369514647,5.370571103116527
323.13742925121795,209.9602447999015,7.862171369740835,5.362034223319636
323.8472402232583,209.86621811529454,7.89380808388233,5.342764927073246
324.8793598752615,209.66959265300636,7.9043676549623205,5.32105607663229
326.2150385090714,209.05743622244157,7.927633615583119,5.301696678573914
326.22472415283164,209.1606569206181,7.908262328062589,5.302562606797554
327.0544044172191,209.26917086183357,7.905144258692536,5.292565031792227
327.7754941455446,209.16000160312396,7.910686378971548,5.304086181078545
328.71512710952305,208.74491864324872,7.8952491405214404,5.305883794381604
330.0772675680986,207.90866914736444,7.86053360424201,5.323265628690654
330.1892739728403,208.1095752528323,7.843176212441668,5.334764253120878
330.92223011715345,208.20948758434335,7.823355934084333,5.3415241629943
332.5760584369145,208.20830422543366,7.818065408441358,5.343890880813669
332.68774507705723,207.99880195306397,7.801049461113249,5.350180759638377
333.72829499985767,207.37709403494864,7.781998849886012,5.356367055244837
334.5631741071237,206.65418122204733,7.760400384504891,5.360052900540381
335.8952771614705,206.7634701433766,7.77100997836346,5.347230111924339
336.1955470123865,206.77120936178372,7.787579333342579,5.331751675110078
336.5181294101054,206.66232213823469,7.759504656268953,5.343829416086771
338.1639869612106,206.14691648873273,7.755360542248744,5.347274781281272
338.06679431647524,206.66045818551694,7.7442781723215,5.347529684702144
339.51990719371935,205.9312464477169,7.7123174959558645,5.368820621240981
340.3415995798189,205.82583102581873,7.710325163712805,5.374477410042754
340.9556270224078,205.62466177716263,7.7136946919041725,5.366341102898549
341.7883377965485,205.1059204488376,7.68950427823798,5.378054300414064
342.70883446031866,205.3110972673805,7.693348065466954,5.377664466610308
343.22003584076504,205.30771138032532,7.696113038177496,5.384436240720702
344.0369929128088,205.20611193210723,7.703695895690703,5.382448011956744
344.96056635531176,205.1047300756962,7.703968920920491,5.379942845863714
346.0899936878515,204.49572413574947,7.702662280906457,5.366564893903271
347.00922190202726,203.78521626541317,7.709124491184479,5.352643915641743
347.20673318281916,204.3038679042652,7.723819035814479,5.339633403472003
348.026069736801,204.30484397160112,7.724068395692078,5.337681268800163
349.362295431336,204.30357210833864,7.714495293960272,5.340224995325091
349.98136718101466,204.20477432293987,7.704757966266096,5.333086204178828
350.90219921144273,203.59730244843962,7.7033181356798766,5.321213799666088
351.10573790085397,202.9900858858828,7.7047433908780105,5.310139022717857
352.8447262016161,203.40586650810218,7.69629078664924,5.294936365878029
353.0501304757118,202.598107295445,7.6929034532856395,5.280769931880958
353.9637082874941,202.6045316140844,7.69657349222355,5.267921294602157
355.3903751562021,202.40648583119776,7.68898762363645,5.257477450542778
355.38972645748686,201.804059296139,7.690285021066916,5.244448147344112
356.3032683164814,201.91089670271978,7.688258549334814,5.2335574726555665
357.01391497324903,201.9134671815448,7.684977321762584,5.228416515005496
358.6329999356538,201.8188805614029,7.685823731029034,5.215151234409598
358.83277424016035,201.7286635272838,7.6907379185715135,5.1933539043699835
359.637501189165,201.3353877150764,7.696835403347323,5.172129837392229
360.5282651325697,201.8507759255909,7.730458942266093,5.1497708751010105
360.93098331826934,201.0519246062342,7.732293964159944,5.132930727228185
362.635420359328,201.06287980068956,7.750032931311882,5.111020338317482
363.03246962490164,200.8706625423939,7.761804350705659,5.092519879638276
363.83400794289696,200.67910715594468,7.769417439075079,5.0729582214466795
365.13259848597556,199.88276103798424,7.786855531758037,5.056654039619716
364.64066820766277,199.87796548645827,7.765144659623149,5.066245142671673
366.14345258689355,199.7824120007415,7.773804200288724,5.056403560830051
366.3373562772324,199.1869597967947,7.787825567027372,5.041821726474394
367.2308042677155,199.49407508759188,7.8088620350887705,5.03023529455581
368.11803936389504,198.69875486505273,7.843421249145419,5.012849600597816
368.92754163295695,198.69600493280612,7.834260155919224,5.018349465091027
370.542176949791,198.59484360403292,7.823952353799719,5.019486945665613
371.2401783039134,197.99436980010415,7.835298289593785,5.014135715775525
371.33974038108204,198.2002781564351,7.837304436678932,5.004579605958379
372.54361545599005,198.20637298367086,7.841561475334538,4.992389951486876
373.2369055328742,198.1126709070358,7.861004728492026,4.978933618053311
374.13883992496886,197.71652523075292,7.865472334392278,4.967519908357007
374.8434743122796,197.31318576246272,7.861817639641957,4.97099079929675
375.64487204123486,197.71687197653793,7.8654659114059955,4.966840235983622
376.7506374409381,197.01191825304625,7.86263099374183,4.971213940040119
377.7559643489701,197.0142158569713,7.860190844424898,4.966618732189975
378.65795478284247,196.91352006762392,7.862581418427665,4.96730237291288
379.3691266283826,196.70828892939943,7.8455236782474325,4.976254377676051
379.87981870213974,196.40501507405534,7.827388688130428,4.9808525939259045
381.07841737264937,196.50808109925862,7.8356561612190525,4.975175944695
382.0943772519845,196.60028163168303,7.808577913553941,4.991259030946718
382.79923156820274,195.69443950385008,7.801304097757387,4.999812808075506
383.3027860687675,195.78835975726054,7.796104445237469,5.012354170976515
384.01136704545297,195.28493348800046,7.782537027983107,5.016639183699036
385.31268843650054,195.78542119362785,7.784857412354476,5.0175726826236815
385.61223167310914,194.98402485388135,7.787067356417316,5.016908249369846
387.11517795175234,194.9855635749105,7.787987195260313,5.013830807311597
386.72150911866396,194.9842830607175,7.773658648794603,5.016391835697583
387.9251154057084,194.88391219141525,7.76938130992881,5.016888971366823
389.4181486978456,194.29192054334686,7.786146678608859,4.999739486321843
389.52699402792354,194.88219056679463,7.76860963839524,5.0201211590797925
390.2252925298182,194.08057367301825,7.773630905260011,5.021505494456395
390.7290296701203,194.0782279954132,7.767804367871305,5.026196849666501
392.03182024113585,193.87815398503636,7.7663898510910965,5.025703851150787
393.2344894553046,193.67537613318268,7.764544358791642,5.03067739885182
393.241602170211,192.9743388470451,7.750318928978807,5.030327169883619
394.1476928688814,193.2717635294894,7.7392828881179785,5.035859590488339
394.7528436003648,193.3719149601593,7.729305546424533,5.035610749360716
395.4596782530421,193.0753726226004,7.714937716546006,5.028994792131581
396.95850050758776,192.3785277459415,7.710908865363707,5.025663905091864
397.4693741664715,192.4679050612226,7.686453593199266,5.0463676836502485
399.2663771075852,192.0645025007089,7.682302618669088,5.055427269633872
399.3767854354851,191.85855047936704,7.66101087704708,5.068281483962055
400.1833076776255,192.44711146611215,7.6433186731032015,5.087673720724608
401.0753631373395,191.64981416600162,7.654488338081642,5.086463357028954
401.77647447473635,191.64607100321564,7.649629499278492,5.0939496826009085
402.0796935325733,191.54126100271736,7.642215828657902,5.103894868579753
403.3785932006684,191.2376090170993,7.640888402513962,5.112013014420578
404.17802132899516,190.9348943638808,7.640780205223783,5.117911798596257
404.96783488167733,191.23870875043454,7.660671933326215,5.110102588038768
405.6746600091143,191.13626062985216,7.647786746952458,5.114889533703515
406.88602798821574,190.2324376924398,7.6249913703557795,5.122579972323499
406.98190665390524,190.23418794970837,7.633013854183336,5.119079457786293
407.8729124529057,190.03940252496773,7.649583913075006,5.10896549462476
408.6576050167485,189.74030389853215,7.679588079225978,5.107391762307254
409.5613363268887,189.73756617655303,7.6752631822884885,5.112867206265483
410.6609369547477,189.54348774949048,7.680182883162536,5.100274795555659
411.66562822171136,188.84613536694278,7.673192848672458,5.093304811044995
412.16520821662175,189.35285371605528,7.674124326315514,5.079959580283939
412.85958812155377,189.26034012419493,7.684036858155722,5.065176429475433
413.6549454659774,188.56181032866672,7.691028166766645,5.064243272756024
414.15495735981716,188.76850274269054,7.690017934884862,5.0504638670274495
415.53955531515726,188.77546610096547,7.714635582839638,5.036537150477618
416.8326671489845,188.77961327457695,7.72445428255673,5.028242803254692
416.6287654469123,188.58949111559468,7.73284849579336,5.009077930311481
418.22161527378756,187.99857481448106,7.739321872954554,4.993845645946855
418.6196563603486,188.50561394521557,7.740654196590471,4.976535505425434
419.80095125776165,187.81760630909966,7.767078822124884,4.958959032446997
419.69367625184077,187.9218660441005,7.78244228356243,4.949626112849476
420.4865638959178,187.92535575877375,7.790750439116913,4.942646683503042
421.97415541829304,187.9283136997501,7.804587028049547,4.936730801550292
423.26188633528,187.2340881380173,7.821012464297876,4.929550317973183
423.7567648460199,186.5334362359538,7.8287621396362965,4.934344746554585
423.7551793425565,186.73102996820384,7.83193314656306,4.938552303974781
425.14236596958347,186.73704110209857,7.854975400413462,4.926530036185327
426.1456137693274,186.63559503654713,7.848063942469886,4.929463753133806
426.84637853825564,186.032972918582,7.845864395393811,4.935282282680823
427.0468321239531,185.32663021647474,7.844895018588911,4.948185405830665
428.35274386954444,186.1215406144044,7.83528849796777,4.959728899547681
428.55981836291676,185.9166989399511,7.821579791515838,4.9689719681615365
429.5693198887627,185.3135901139108,7.8042740261296455,4.9741712484587355
431.08135896059025,185.20936598100994,7.780161408991776,4.982621812492631
431.7877330738917,185.00884388189667,7.765858937708506,4.984110080627902
432.0926307452984,184.3082116490675,7.754829474843262,4.988254159740414
432.7930091394947,184.80579640515236,7.7505210740351576,4.990547781559603
433.69869606181794,184.903343879737,7.734344649124692,4.994919212360946
434.48531690866884,185.0057483209568,7.7554785644406214,4.989407281048591
435.8886252836543,183.7089454595534,7.742164354911154,4.989232073445392
435.90062722848324,184.40106686643782,7.718160465253255,5.000223613503681
436.88967088086014,183.90459769877958,7.731501866656079,4.997447595741857
437.79715106694243,184.00131523612993,7.710210390767704,5.003309065071852
438.60536878147843,183.20148503043447,7.686376111103782,5.010368327054747
440.5016969073539,183.20021052936733,7.671592214549014,5.012917329189006
440.70953370824606,183.0967101896448,7.65323073551954,5.021261947256701
440.9147192882141,182.49854958710284,7.6398985881771715,5.026466114559454
441.91634239460774,182.68803970403715,7.620712405221756,5.044297886657231
442.32059564750756,182.9786007112669,7.605864210372865,5.058419605410715
443.90976899972924,181.88172150256653,7.6023378139733735,5.0694890610312555
443.82166349110634,182.66562889558236,7.579991591283521,5.090132194484583
444.50944033857326,182.1658316604203,7.594385880202265,5.096906676342464
446.00941117862976,181.4596406499507,7.57784008987044,5.117037282050492
446.80784493924557,181.8497212053975,7.572797546056657,5.132788659865894
447.60988209085485,181.83864135079443,7.5620306418972625,5.154948369071946
448.81277846501735,181.82739683597552,7.548659760857527,5.177437398709813
448.721913952896,181.8191338547734,7.530849433987868,5.1939633611139895
450.43048337286456,181.80724805362442,7.505961187443659,5.217734963412016
450.7391592339504,181.19866231708235,7.487293835244392,5.2375376965513025
452.2342318876503,180.59299551992098,7.491246387803338,5.251232146890595
452.13477969325737,180.78265239992155,7.490258472981382,5.271702994105231
453.33671610316344,180.37383582881316,7.488967165537092,5.288475632199371
453.2287438962915,179.76290547944942,7.5044393834622385,5.3075031560144454
454.93173337763574,180.35789785982746,7.515799228297572,5.3236379743844
455.6464051183789,179.3409553950848,7.496659916211144,5.342945519012896
455.85713447614165,179.2316731869726,7.478173413510285,5.360023828824907
456.76119032682993,179.92802838756333,7.483446765549105,5.377724024744443
457.88443341693954,179.4120747928083,7.457402023704505,5.4003396513569415
459.29962507280555,178.79536943486204,7.452712114469013,5.422738909036682
459.61412080691167,178.88435037647233,7.430116664971846,5.446909032054468
460.3330728023851,179.0747927996781,7.407512290413306,5.470395504610998
461.1351736808418,179.1703442599789,7.421128875604812,5.481519876772549
462.3629826758197,179.2662632827117,7.396909371342556,5.492298371781435
462.36969071752054,178.35464789304888,7.383493287940873,5.493705276728252
463.0735879588632,178.15455416106232,7.391405801184705,5.489405027578672
464.28749417424234,178.9579058884536,7.39111897111023,5.501051973251963
465.1865942757908,178.45083822022593,7.41523982291385,5.502786723651475
466.1037387267271,178.0426214791465,7.40682935404597,5.507718680030442
466.81742672551144,178.6506807221115,7.399250923321506,5.508569537109758
467.52549745071036,177.9440690960751,7.402197598480536,5.502704663625702
467.6328729468177,178.450121300889,7.390122293503651,5.50397869018689
468.5372740458942,177.53833690179937,7.403935848342211,5.504931735374549
469.14525326074084,177.33250782294363,7.40440894013851,5.511112719256161
470.8656700602367,176.72696347459822,7.411973798200075,5.505119607575244
471.0583949945302,177.0369966531289,7.432251756890128,5.493644991429437
471.76100437945104,177.3459649780019,7.447922953735672,5.484661184549454
472.8732492661135,176.3372070461625,7.4572604530623945,5.471424982181337
473.6961141892069,176.33513757849607,7.4355307593610895,5.4755639175141955
474.0059751269868,176.2398195157078,7.4240222410541845,5.463462257339744
475.6250051274921,176.9497044596654,7.423794848267725,5.460244135522581
475.7320678908372,176.74645948169942,7.411977643510436,5.462117447588786
476.6468198333063,176.04298582635812,7.401909115106804,5.453948369855512
477.6613507397084,176.13777452587175,7.391573165665882,5.466243557164598
478.37256432943883,176.1396792318792,7.382564900148961,5.462434145149707
478.6619099490756,176.15026069905605,7.4090265755147025,5.441271210795988
480.1750683383385,176.1592095152826,7.409302867674159,5.423373578342904
480.8720403893867,175.96969175841593,7.425743243040932,5.3994420985152995
481.6797198868859,175.57278169913337,7.4211061136747904,5.3879012842643474
482.7703283266927,174.8759405101749,7.451772997712902,5.37402126713018
483.8844633889007,174.67611126405322,7.437993615124495,5.371045079041199
484.09206473021277,174.48074442995159,7.424909943963068,5.359659735781882
485.2883208919779,174.28464501188427,7.44048547907457,5.350510595476192
485.2976737098379,174.6814860277219,7.421779843354539,5.35986720199112
486.0052788357558,173.98169132520667,7.410979171239402,5.35504702730087
487.50450178796075,174.18144783140642,7.418337472755358,5.356307909024861
487.60391645079284,174.28915967437825,7.420027389452362,5.341403465442316
488.5033377146167,174.29569460963762,7.423883275038136,5.328333594923579
489.80780328758584,174.1007781233466,7.416814961535048,5.317879977900229
489.9059071957071,173.1086578252845,7.420471364303988,5.30347838390967
490.7006221653143,173.01670805736808,7.428502277825306,5.287695313150555
492.2001060286307,172.82145197419055,7.422699785154358,5.279118781644024
492.7896527745354,173.32785125991666,7.439497803227625,5.262896468427255
493.1910041395986,172.63228074597308,7.434003724046788,5.258922357159671
494.68089835397916,172.8331124217646,7.441518339376795,5.255566078122117
495.7719083563171,172.83402148998923,7.450829083628814,5.2537479416728985
496.57825141089194,172.83045265774905,7.432724840444583,5.260885606153209
497.27835957399157,172.73267250575552,7.426674343772247,5.25727936306502
497.88126048361164,172.43370938868864,7.414965916401906,5.258158901263845
498.07095316418577,171.94486222437612,7.433286343180669,5.2415887600714015
499.56475050479287,171.24779201097456,7.428545269047702,5.243730836903243
500.4531138088766,171.3457515339268,7.441203351624409,5.246632312192584
501.2403082170625,171.3515691684085,7.459293047319393,5.2349970432291775
502.04060250419707,171.15594762899565,7.451835628786473,5.227957333120825
502.1288507432128,170.86749972118318,7.474251651299069,5.2081156471137025
503.3278316538161,171.361393271961,7.46337341039405,5.214946704017066
504.02286556061586,170.66704231815777,7.465410320840291,5.2115438875776885
504.3104739483489,170.76925108299727,7.486733615064116,5.20597304779532
506.00272982841915,170.77031470940312,7.486526690812827,5.2038457949836125
506.49916678162924,170.66877919144218,7.488845195356155,5.207878348712853
507.59510657128277,170.36516072417368,7.487506972678224,5.217694913260071
508.39499177363024,169.8630000656734,7.48199319890244,5.225605835936295
509.2781268765193,169.86565649866475,7.509687871198316,5.2202929699535385
509.48433972603243,169.96228791975756,7.49658217196658,5.226690127665165
510.2780017499585,169.0677082905327,7.505800015635387,5.219739758153833
511.3668904728096,168.47650245905598,7.523536187082995,5.204598539025588
512.2626934690859,169.08034715882818,7.5284171941467255,5.194567139225347
513.0576978725372,168.28997168493862,7.534547899214395,5.179178575034058
513.666767529108,168.4826680165569,7.512540611383536,5.192496586901098
515.1583570824923,168.486170591793,7.518015595032373,5.185491436428843
515.2536935845718,168.39276922804467,7.526552963187391,5.17308379161169
515.649437622201,168.19845310629378,7.531600431636835,5.163448263259496
517.234655972558,167.80794450950273,7.5459721143331375,5.148263360989084
517.6345012484526,168.00995071269122,7.5423444455994915,5.142282396139829
519.1252587857234,167.3154942704077,7.543758827753163,5.139161534248979
519.4258959042627,167.41356170356937,7.538979305682395,5.141858239594843
520.2280385317698,167.4125408262045,7.525127817589991,5.143899994324607
521.4202226156715,167.3090085188126,7.524310728213004,5.152335352572865
522.3215830965224,166.91134070740108,7.510399362402776,5.152644488332948
522.8179134312231,167.6060000396349,7.510498544113293,5.153189615421989
523.4160107639258,166.90918745687765,7.505678814781543,5.156877355517295
524.2139166575386,167.30570487531352,7.498273716930625,5.1580458633329
524.906857489019,166.6165152324108,7.501601390147434,5.147215812960843
525.7139364754314,166.71144279448782,7.474078871873979,5.155690120625634
526.9027843955365,166.71154989925515,7.473036792800698,5.1554759110909965
527.7961322570859,166.6119260421752,7.468657986167629,5.1566884123102525
527.806978584802,166.11401793970285,7.4469653307356545,5.1625586594974475
528.4073131306337,165.81913198171824,7.432849206035425,5.159054091984979
530.6962568473326,165.43109367082047,7.406440646257338,5.180671427177436
531.5907439758067,165.52616054303456,7.394479952773452,5.1879836342453105
532.3922439388178,165.42231829263687,7.370567030002745,5.198282259634241
532.7970404779834,165.3210701049066,7.349750746796006,5.20358443631372
533.9913616526626,165.21681242085322,7.324708993604395,5.215133088073286
533.8054535607753,165.01286926916998,7.3029692206382135,5.229463434698872
535.2862831376588,164.71483838687126,7.29157999706702,5.235471213257221
535.1962426917531,165.30060523817647,7.275049937688684,5.243603217784548
537.4820844730234,164.3249745204412,7.252930368708209,5.258284421214522
536.9969272294314,164.42222128951795,7.24124477872138,5.260190898495121
537.7935786615255,164.31332061417223,7.21797437531746,5.281738191588548
539.1744350205055,163.6198170842587,7.203825639728118,5.2949632602302446
539.0803748686686,164.30171913423507,7.195689336556212,5.304955408197815
539.8664416265059,163.61566754214314,7.193930193542403,5.3029810163035975
541.7366739534085,163.61599159747857,7.181981901667366,5.30233290563273
542.53159225858,163.41314157608744,7.160509304287917,5.3159419451741154
543.2121813798952,163.21975057986404,7.170924956518887,5.310839967660434
544.0070780396262,162.5280464573319,7.149266060626722,5.322130592100981
544.1164253555564,162.91425295969532,7.126443725406735,5.333206773935164
544.5151948582014,162.13119343902912,7.111729759458634,5.333675736583348
546.0839806662183,162.32611268894587,7.101997245915267,5.334817124561153
546.1905960121738,162.3287791396454,7.084126975183656,5.329484223162064
547.6584684269033,162.23303750399535,7.073398780185645,5.325966385498145
548.5408910780238,161.84211473168793,7.061575438353312,5.32869105882024
549.609161679741,161.2633322423519,7.066125257383674,5.318388207056938
550.3864985857114,161.26990548583652,7.06781608197308,5.305241720087749
551.2673328545824,161.17590890769733,7.0553552973389015,5.298878459354122
552.0463767280187,161.1799598187779,7.049768727096667,5.290776637192996
552.2395983771793,161.09163128442881,7.0510156695989314,5.273588585479438
553.2007698276029,160.8108079283746,7.064502756206572,5.254486301351395
554.1679274098385,161.58615654037933,7.064943670411359,5.251593940282729
555.0301095922523,160.723990640683,7.0814939655050475,5.235011079753902
556.0005640370509,161.20254445029846,7.0747352101325625,5.244978527635322
556.2930826503773,160.23335349725198,7.0701246007600576,5.248605042794346
558.0235987059624,160.14633651324388,7.091459212853759,5.229174192851403
558.7951619704152,160.05404442944098,7.096099243826831,5.220287540472445
560.0494469518086,159.5757094844102,7.101672695454708,5.209979194220662
560.1447086660029,159.86768119217354,7.104460536759172,5.205969587773317
560.9125543466258,159.870033144177,7.115071897640529,5.201265683766405
562.646923536764,159.87327383524106,7.127025717236556,5.194784301638239
563.0398170884288,159.77554691034592,7.115026087027105,5.196791283148515
563.131449354788,159.78238337058954,7.125059221232121,5.183118362661297
564.5831189202711,159.6930887517437,7.12010246930877,5.168482108416826
565.3485026331729,159.12358787691713,7.132614389760979,5.150024348378118
566.1188100882889,158.35765105057592,7.134370649014269,5.139526831574967
566.7976097048403,158.4526386145671,7.125324532308509,5.142202148792219
568.3377396005003,158.3590685164325,7.1259814021171195,5.136785053740828
569.296278546628,158.07821415290263,7.133685460373741,5.121059195646935
569.3907521278193,157.60345315540786,7.137074635955457,5.108899500814118
570.8200065549128,157.9010132403963,7.161380035481609,5.09034218157984
571.6840473174169,158.57795845949815,7.163549589151482,5.082202582347972
571.7716709957193,157.42964814494093,7.180451091973122,5.073036898346645
573.3087248969124,157.433163830364,7.182399607615912,5.066005527500458
573.6035817279435,157.34107100131854,7.169187121316226,5.058024127003876
574.5579130184016,157.4424714820347,7.178880695290426,5.047058781060558
575.2286003140528,157.63402508173365,7.180115523542818,5.0475542729640726
576.5624968682711,156.4930421520858,7.197917067041729,5.027581859172023
577.1385705764299,156.5966859067652,7.196375242681328,5.012061948472738
578.5792506621469,156.60015220076687,7.187334916671813,5.00512936046941
578.5758682793695,156.41411191126323,7.194099682226537,4.994736088069187
579.5334454067981,156.99269666352134,7.1906190553787175,4.984570760358557
580.9556321970123,156.23647227975792,7.210447534510405,4.969445096120031
581.7235170954036,156.23446449140772,7.2026452727491135,4.973460672820418
581.8195236424723,156.2326680802072,7.20157681048265,4.9770534952214565
583.247347369346,156.04391556508753,7.210748199090832,4.972582679813386
584.3980417573825,155.56634946889253,7.201987981720036,4.972452972744071
585.166963642268,154.99251038768253,7.191488590219362,4.974622851461566
585.7370602364098,154.9927802418688,7.1960682406672865,4.974083143089036
585.7295512061379,154.99263708784852,7.211086301210976,4.974369451129557
586.9619357090338,154.9987303031534,7.230448765798437,4.9621830205198485
588.1168053836797,154.42227157819354,7.214839155776605,4.968035600804485
589.0688302473461,154.80625108965472,7.221178227232301,4.964232097397523
590.0160383915273,154.14377280718026,7.2374776372506044,4.951687673479946
590.7753948703977,154.24307901304078,7.247642322121135,4.9441849670853175
591.4355988035209,154.43691971954848,7.265205090519986,4.938780878254268
592.1090600973863,154.72295033799617,7.257478873919985,4.940660943272162
593.5385129064916,153.48352060641585,7.26700092962326,4.933549755707408
593.6355269184818,154.25163887454207,7.264227019028536,4.927346126540119
594.6896370403981,154.05993390095358,7.258211111783549,4.928537103428409
595.4507405850441,153.48715077097737,7.264312885967481,4.927871715774075
595.9350218713074,153.86921166489063,7.251347774563156,4.928227896845423
596.8929536135339,153.0120119276553,7.2447851499933265,4.924256597421163
598.2300275942166,152.53900779146517,7.241352685255136,4.916437906720243
599.272679480409,153.21267920252723,7.252473827196679,4.903183666440152
600.2211518973362,152.45808856032647,7.2608469898481784,4.888110553636835
600.9841262371392,152.54802369222085,7.258160453337357,4.898648057735016
601.4587111095327,152.5482562148817,7.261701609057638,4.898183012413327
602.3257300817277,152.5423074756787,7.242953638064445,4.9100804908192455
603.6639379110092,152.44279222550549,7.233577198265547,4.91860818982543
603.7494888128823,152.1581140061463,7.252978309815189,4.91645588265543
604.9956589896793,152.05585633975159,7.240511419589336,4.930211718262667
606.3310351429005,151.19610675125148,7.240954753852731,4.932513697666393
607.0873202263966,151.19538942359972,7.255140685851169,4.933948352969896
607.4734293680344,151.18988451833715,7.247250564998951,4.944958163495037
