164.9949951171875,248.0749969482422,8.579999923706055,5.900000095367432
165.8515561695021,246.66364190526326,8.591513525519188,5.906286377030429
166.75925820025248,246.54895019899647,8.594754830271258,5.908339118782408
166.75925382498798,246.42765935524042,8.594763580800274,5.923507275324637
167.4316353220842,247.22469356170774,8.6159883515792,5.923091254856607
167.6465890278736,246.88655907052961,8.642036806947473,5.915426436792109
168.89636877314973,245.9784233534733,8.653159922399032,5.905746884720199
169.8004492285305,245.9840558158106,8.671008943811866,5.894481960045578
170.59726076344216,245.7620356864842,8.67572078766592,5.88185510050483
171.72925545567284,244.95914188070483,8.693683627725758,5.890276154898767
172.74688806554903,244.95261210685155,8.715866984089663,5.903335702605324
172.9757811582315,244.95094446201492,8.716392893491054,5.906670992278567
173.89110479158217,244.9465558923885,8.71949981116067,5.9154481315314555
175.49274847713173,244.1394060709433,8.727974754704633,5.923866617100303
175.14975605948152,244.359706961699,8.724923138225087,5.942622470108841
175.61797453902724,244.24201237543065,8.708260945376022,5.948067951084941
176.88876418081972,243.89651592535316,8.694292255911076,5.949712507389026
177.79141153613054,243.4422078286918,8.725793051240826,5.939930947736032
178.5935692993439,243.5529016149398,8.730862932093986,5.948455576280097
179.16278809392227,242.6319933349225,8.743074595319584,5.9492333325029305
179.16222586567753,242.63122065173923,8.74419905180904,5.950778698869518
180.08833755503383,242.63122246107451,8.734930100148,5.950775080198951
181.70704536829965,242.16796273853447,8.720728490338828,5.9563762347869
181.9373737220167,242.7367524465148,8.72028842745892,5.969338430211758
183.3138702521471,241.81810868056203,8.731091568210648,5.964095161442227
183.64774958551553,241.82197303398317,8.754510041102078,5.956366454599963
185.0274072630534,241.4810044372053,8.762601861579247,5.9464518542675
185.83338136878763,242.1718368599268,8.764677512144692,5.948236033425032
186.40459333550015,241.2541553229749,8.775431987987949,5.938513652499595
187.2063660390011,241.2577377489992,8.786341737862148,5.931348800450968
187.31385285148227,241.1504690881572,8.802049989613979,5.9152042454207825
188.35030551349217,240.34532120468316,8.804998203777062,5.9109472604488476
189.27537135584188,240.34292633083572,8.799859190476209,5.91573700814373
189.73687542733896,240.347963919446,8.799356121609401,5.905661830923161
191.46726940209624,239.8846079270106,8.795339714346975,5.910568071193381
191.4579819252855,239.19135553588484,8.813914667968469,5.914238136954554
192.2569316301179,239.53664433601625,8.831705442254014,5.916099186956133
192.82218016453965,239.6515354007295,8.856765593734835,5.917428501594526
193.39327595069727,239.30575233216052,8.872126339955528,5.914463247610892
195.12418366029712,238.73508613354804,8.885693644512436,5.897334736916976
195.35941513695911,238.7339539301763,8.878453469330442,5.89959914366045
196.16758637099505,238.73757032346455,8.88289254567721,5.892366357083979
196.87050161149884,238.61100098233067,8.865982082560322,5.914018369703259
197.90930378505138,237.68615318268363,8.87270934483182,5.910974760662633
197.90688895834234,237.68643229577128,8.877538998249907,5.910416534487268
198.61263819620748,237.68154910197507,8.856278339266863,5.920182922079731
199.65548247796008,237.10537618650048,8.854529830775956,5.9147842780209094
200.35702974400013,236.28805861547463,8.840032750674172,5.929389059431235
201.52581304676272,236.3979316048817,8.817040321100825,5.9411004982122515
201.64831964478168,237.2027375630973,8.803332935242677,5.95062925303946
202.80012531713308,236.39176434391703,8.812296936088632,5.953772949515816
203.26731451459997,236.26806020304954,8.80369714603604,5.969736580030543
204.42731643189143,235.67966610735257,8.799492136278566,5.988625359011812
205.470695487447,235.79371884990513,8.799200652523504,5.99234949916851
206.0540936668773,235.90494996929738,8.79183901555561,6.001774204762531
207.680546864628,235.4402013236724,8.7859825632046,6.003542940826671
207.54946293249833,235.09621120052833,8.8162772694572,5.995903713094596
208.70430564819492,234.51503241193024,8.82862334854819,5.997245535048683
208.93075832816209,234.6333140372138,8.840540780104082,5.99309368022673
209.52104914121546,234.62874619602854,8.822569571623847,6.002229362597255
211.02757681072586,234.62866076341513,8.830750502155569,6.002400227824085
211.72607229961446,234.16950579824572,8.828932810593303,5.990594634019613
211.9492246312705,233.59039670278355,8.847239758937816,5.987283795802463
212.76174635531962,233.70466361733708,8.849882735757184,5.991276598826511
213.80946812915715,233.7070490352662,8.848133037440943,5.986505762968267
214.39426646260276,233.59222085877204,8.841172273841917,5.983634935298131
216.0158102832089,232.7785559110915,8.851331094077144,5.984341599935398
216.0193244112601,233.12737594973407,8.844302837974753,5.9843198536998825
216.71418444745902,232.31805603236123,8.84918226313047,5.975926941299816
217.51287652635565,232.315136607773,8.878370665241437,5.981765790476229
219.1355134516922,232.2030501817466,8.893749869279398,5.973034852906847
218.66161514188434,232.0904783719911,8.90958518272695,5.965188145875725
219.5763981675384,231.39692585605746,8.944805298992138,5.953703552063093
220.52547211760364,231.39664706692804,8.914154112065873,5.954261130321932
222.27426270484338,231.27631277335786,8.911355078493127,5.961944241401827
222.50944439288568,231.0366403064589,8.90713372899669,5.975147148611518
224.60384357028835,230.11254109940458,8.916417357580793,5.957531347880513
223.8998624404728,230.1017680051163,8.925936549158104,5.979077536457066
224.83555594042573,230.09020300745044,8.923148935903495,6.002207531788764
225.5355890885387,229.97004322957642,8.926584674527499,6.008610081728492
226.5666620803367,230.6810384008324,8.971113513667138,5.991069621040288
227.14510812532055,229.7445457149247,8.986489589569642,5.988425927463389
228.3056497462642,229.7512410691943,9.01181547002295,5.975035218924154
229.34959695851023,229.5279249784535,9.03711177223271,5.9520694611386755
230.2748921112503,229.17750515810343,9.064896313721299,5.948518534225544
230.38463347395998,228.82327432520597,9.080568493513805,5.951515484384831
231.54244681279522,228.83255084062463,9.119342602386913,5.932962453547556
231.5254006062605,228.84192561471684,9.15343501545638,5.914212905363124
232.45539422268635,228.73601375467683,9.18073592016943,5.890125608247565
233.28684727129445,228.27116378095724,9.169254642809353,5.87615423005467
234.9352671453752,227.45093366060607,9.169588914319355,5.8680274609212475
235.05170763009644,227.5696232240183,9.172089567908182,5.866029957128119
236.10090672197845,227.57361804708341,9.192162508523916,5.85804031099788
236.9327586184694,227.45897184017608,9.17732695461035,5.851780119231358
237.7569892418097,227.11193048181292,9.1754466975949,5.840185268958292
238.23116463225838,226.28475589569052,9.167111123554696,5.849507829203052
239.77510836706932,226.39412535667935,9.134677832040786,5.865803844002908
239.5502397715021,226.38828472619323,9.114771793877043,5.877485104975156
239.79898390994546,226.3823732873991,9.086720434266235,5.889307982563432
241.33247497179303,225.55597004110373,9.068177335562066,5.900647307851311
243.20847027338678,225.5592597788479,9.06668860778455,5.894067832363035
243.2139886192049,225.67524436839537,9.055651916148278,5.896372973707803
243.90888521096545,225.56150887949434,9.070742056511703,5.889696730862473
244.83864699702735,224.8653006710016,9.085316136781055,5.876539908553061
245.40434163948666,224.9876095469786,9.125232879141077,5.8661833620547466
246.44889571699053,225.11033741566493,9.14830293551451,5.855414092613347
246.44695284498255,224.1729324085708,9.152188679530449,5.851407540096886
247.27396180712574,224.05865642445534,9.142073768045169,5.845116220784787
248.33600882107626,224.8820834601857,9.129259826362498,5.84036888304947
249.26395730655,224.30470836528542,9.147886527630304,5.823541777715426
250.20432631819614,223.59765188019978,9.141652133272467,5.83177702618585
250.91047685325384,223.71360398101254,9.135495207250525,5.834230181909288
251.48739090888512,223.7164689073716,9.15319810551634,5.828500329191197
251.59246526831058,223.60411442343545,9.177524769658415,5.8187339140704495
252.640651619395,223.02545286990926,9.193236100763567,5.80267700263726
254.16451412429453,223.03014718771115,9.195859704338702,5.793288367033511
254.86386412497276,223.02719422949139,9.204304851666233,5.799194283472998
255.56320850196576,223.02173884473632,9.214112367088958,5.8101050529831415
256.02627651544975,222.91184062300493,9.228291377525037,5.794822737094898
256.973895857556,222.9055768526741,9.213330326673677,5.807350277756558
257.67657204718694,222.6718214337671,9.218103518339186,5.804819258594825
258.3862889067542,221.72909016427343,9.208969188925881,5.809882611287083
259.32002366116797,221.7257966609871,9.221484718775448,5.816469617859772
260.2489472230667,221.7325748534284,9.24600227494439,5.8029132329771675
261.0576890694662,221.62322617616218,9.276563507162612,5.786175598221432
261.7560034359415,220.80428103566013,9.293600630888054,5.774789046436801
262.34444512741385,220.80516619240973,9.29508904887094,5.773018732937593
263.5105381676346,220.8100080342522,9.31957169031866,5.763335049252659
263.51165470688454,220.80872420528124,9.317338611818746,5.765902707194569
264.8067343480005,220.81071682431974,9.321854281459407,5.761917469117571
265.5186924153911,220.8038050355494,9.313218194848778,5.775741046658257
265.5234364425031,220.5645763686245,9.303730140624833,5.782231947046732
266.5834947167074,219.73581743436557,9.307168178950665,5.788096248104516
267.52300715158515,219.73573864316776,9.316945337678765,5.788253830500114
267.5290850382537,219.73191127922743,9.304789564341736,5.79590855838078
268.96599003351486,219.71923301038427,9.265329305238206,5.821265096067106
270.39740474248185,219.4714832325693,9.234876529154526,5.844701878055342
271.123995118449,218.74985322258885,9.197507141041266,5.872150534195258
272.32866560882513,218.7316870626948,9.146851640134946,5.9084828539834255
273.5323645435627,218.71550899388583,9.096620780127155,5.940838991601299
273.19119447436515,218.697359989861,9.072451656239025,5.9771369996509245
274.1500175448688,218.67988521935817,9.04076441661531,6.012086540656649
274.8795552871971,218.42505287097308,8.996789866012744,6.050050926075444
275.71804630723443,217.7005071992797,8.97054360607387,6.084225886488593
276.32923206576675,217.80127512702938,8.928127902531457,6.118681193693724
277.6330766073095,217.67256585470244,8.915589185728368,6.140176977776498
277.5279865231012,217.54179677036487,8.889679959257833,6.16562575156463
279.5459883562244,216.8178652650846,8.867702647118653,6.19677357832256
280.4931785466961,216.81465003124347,8.863736761698362,6.203204046004849
281.2214207962821,216.68240540281334,8.82534054943417,6.23134525504715
281.47720591296417,216.0693421715823,8.786233921319722,6.276312704384782
282.54298677232146,215.47692483237347,8.782098727822197,6.279243757681843
283.3824850749406,215.58484776389332,8.757666514407616,6.299764236331187
283.73705140149445,215.58027849758258,8.75753519695964,6.308902768952675
283.9708059529394,215.5788412069831,8.762990216764823,6.311777350151665
284.93061323927543,215.57204061599415,8.736271761265998,6.325378532129563
285.7540641735646,214.9804017405324,8.744383127074832,6.326503972776597
285.99864578818455,214.26708482288018,8.728363839972012,6.333705981669624
286.9391749286432,214.38422835998256,8.738884113384918,6.335866226756175
288.11115911351555,214.39133025608453,8.76133966107906,6.321662434552256
289.0385176788381,214.40808129656577,8.80061861410156,6.288160353589792
289.2563795331528,214.30473388145808,8.83848211239918,6.258061580341621
291.02178039840794,214.07605962065992,8.860745598176022,6.241668073099655
291.362173341699,213.3787027833149,8.890772205836452,6.214756759304271
292.53829317555056,213.50786294232157,8.908005559061165,6.19338374338375
293.35842410965023,213.5194430457174,8.925726006388306,6.170223536592095
293.816630862614,213.53407775302398,8.956269788937808,6.1409541219789245
294.64107405557206,213.30820122154577,8.964394299780347,6.119275500147207
294.9831503741547,212.49366030426717,8.989679692802953,6.093001930932539
295.91428715693627,212.62675422339007,9.018805312297076,6.063238990818896
296.7350211148273,212.63404919773998,9.031924741999934,6.048649042119025
297.66844587762284,212.6484812896892,9.055673340603725,6.019784858220621
298.01703367025954,212.53980388577958,9.067104501544476,6.000937417301843
299.0881521407114,212.42089359673116,9.049412942013593,6.002697397468377
300.1562722881947,211.83117913870524,9.035588897571222,6.003006174340084
300.9836558772366,211.94571745872653,9.030171475716754,6.009550928044513
301.58407409961404,211.9485993453783,9.007578849635406,6.0037871547409445
302.2831540301969,211.9469464121828,9.020698761207516,6.007093021131994
302.76257313719054,211.93889499078034,9.003722537001124,6.023195863936895
303.70009336286273,211.697690566983,9.01250431200395,6.034649154944791
304.5283240688154,210.9767131343191,9.006643670307579,6.0618033600934975
304.6516079136825,210.25566727118277,8.99623874244487,6.086918515136653
305.48475179885855,210.36684583009884,8.984910563812752,6.100984196121663
307.0212831340229,210.35954335665704,8.986158044911605,6.115589143005244
308.68144025138014,209.87781754007827,8.980291352281093,6.13205576413876
308.45545350805503,210.0976216784936,8.958403536888465,6.166308789351074
310.0066150237625,209.26164937733398,8.939259846162162,6.1780799005302915
310.13491255648177,209.25221251513562,8.919738270656428,6.196953624927007
311.0899134026342,209.12216539475338,8.906462796347618,6.219957088441998
312.0519299297789,208.9980935686384,8.880591660024931,6.230830500926121
311.93786323846825,208.75508994591505,8.871666282745936,6.2427202265722705
312.77575957383436,209.47028497168563,8.855713529712833,6.235050104487425
313.25706898791964,208.62910943305516,8.840103704363973,6.260135426810445
314.90617229131954,208.6333561211473,8.858913307906802,6.251642050626186
315.043866895171,208.5066819364767,8.82059836688288,6.267916153288356
315.9852778867548,208.39055012087286,8.83187838082904,6.263417034856868
317.0369259866528,208.15707124086208,8.86031627305085,6.25665610776333
318.1051046607559,207.6791015192937,8.858562361822948,6.263882912243127
318.9419542845513,207.79206403330141,8.845758488794111,6.27522865202222
319.771693987635,207.7953762990108,8.847127211711198,6.26860412060345
319.6540047609789,207.7901618954798,8.845330095408235,6.279032927665454
320.6002851557702,207.67597520785773,8.851331026876588,6.270086087778237
321.18558462720375,207.44636156518294,8.86705009353261,6.254786169318526
322.7233235208452,206.6196664718683,8.875811620925479,6.247432109583987
323.1928440857295,206.62424999256788,8.885812056755857,6.238265068184814
324.1363077946461,206.63259690779765,8.896967462387874,6.221571237725286
325.0844583772981,206.51808037134606,8.897893663159037,6.213450889869092
325.91646957344096,206.3996645865507,8.893104646938866,6.213249120021869
326.1597561683911,206.27813277975622,8.88044676041142,6.219355081924464
327.47035499039714,205.56495198530274,8.86478809142913,6.224513593542477
328.78083439551943,205.68441428225555,8.847701206591477,6.222304629219388
328.88919549903864,205.69358344252623,8.867399858965006,6.203966308677969
329.71199775970035,205.70384444007362,8.876707243771964,6.183444313583196
330.54098053348406,205.46993803205504,8.872265706797508,6.178821698022398
332.0681569339236,204.65179859998736,8.886878425276402,6.162580667118772
332.1858024300554,204.77752571461664,8.887614004037246,6.147153008884539
333.3652072704348,204.78653649454415,8.886630646207236,6.129131449029487
334.06177297893765,204.79878245644815,8.906317775277977,6.1046395252214944
334.5313575399179,204.57119869557462,8.908594350259445,6.08908419849755
335.936428217013,204.4657205539716,8.920111133122658,6.064902303615851
336.05243991333487,203.89134318265764,8.92299884824807,6.039101507397888
336.74810902371576,204.02112466860885,8.93882177793256,6.014065393903175
337.5510699229492,203.09580029566845,8.973347858245688,5.989916564035469
338.1363070038501,202.98625989509003,8.975214074354373,5.974529289610171
339.3011647797308,203.8128655066465,8.987902671687452,5.961000970863398
339.9996708563466,203.34387641776868,8.996127768063383,5.9621543155473375
340.9430200773508,202.5214670464673,8.984221269231591,5.9665301078705
341.40657589987694,202.52311017845417,8.9940809234136,5.963243843896722
343.03799069548,202.52736724400683,9.01196030584337,5.954729712791439
343.2592360746887,202.41906113675333,9.038396262393755,5.93687856981452
344.3067330526694,201.71826898622027,9.054471261140305,5.931083567742067
345.1254735264941,201.8390975018203,9.05994632012128,5.924134537489168
345.8318891443724,201.83751111908222,9.05516142037099,5.927307302965355
345.9557535909186,201.83406933393366,9.042087973463305,5.934190873262501
347.47747926163356,201.83807716772313,9.048097058931884,5.926175205683541
347.24368904440956,201.7217998019252,9.046616374728654,5.924199377953825
349.1120306317631,201.14500527701793,9.061539904666354,5.905411332566831
349.9327191098054,200.32227286151357,9.060866588252994,5.910172523904279
350.39650566589165,200.32470781554792,9.071115487403407,5.905302615835554
352.1614514860315,200.20321579810428,9.059144768590183,5.9137585892917945
352.2822919360128,200.0828682634079,9.051953311631568,5.919964215680505
353.2209551381778,199.7343970148138,9.05050650933025,5.913451862108018
353.91708605571256,200.21288452487295,9.064372975800769,5.893895709682995
354.03343212500806,199.51533486637618,9.065917557705095,5.883574703704165
355.4337349920812,199.52557845367556,9.074364746672563,5.8630875291053925
356.25422303397,199.53117286713845,9.070496396556962,5.851898702179577
357.2995860993879,199.4233463217872,9.082420318206491,5.833924009272608
357.99727081532507,199.08292899548022,9.088088495233634,5.814239857435842
357.99482512946645,199.67383614349077,9.092979866950815,5.798736801613738
359.7420924975281,199.10123282323897,9.09458964993502,5.778561935748147
359.7487447704147,199.10385287011954,9.081285104161887,5.773321841987005
360.5634150443269,199.11108988559133,9.079277959521686,5.758847811043432
361.3815910450958,199.00427959323167,9.068353934913532,5.740264399058542
362.76417596425057,198.31648985490256,9.083938794552449,5.725466526742528
363.5680167949737,197.50925281574794,9.098261103698704,5.717936634459201
363.6819090940111,197.63082432973775,9.102279327199158,5.706596428054835
364.5038444329363,197.636751065412,9.080118471434114,5.69474295670632
365.64681909999797,197.75815212723245,9.105598971236425,5.683083816457939
366.4522054695327,196.9572882747425,9.114123654298485,5.665514099306311
367.26342163693647,196.96162921890365,9.109816598110758,5.656832210984022
367.38328699360613,196.6199746003638,9.101036628074297,5.647289218155094
369.10658126624384,196.8567144563143,9.114340421548956,5.635128484754114
369.1045631410763,196.0561132415526,9.118376671884024,5.621753695729631
369.5633947183087,196.0604254233571,9.122671339440299,5.613129332120622
371.41066773763214,195.94692541658966,9.114663041800407,5.609720736842581
372.1031998037698,195.831546428645,9.110990129978802,5.610246842656312
372.1006769009014,195.14050297379103,9.11603593571561,5.611218226512048
373.01923079682695,195.8361955510308,9.12114825648999,5.601498156501578
373.9254539281967,194.92380588619355,9.150225199928618,5.584754279997989
374.84535057013284,194.92857842757272,9.15317060493417,5.575209197239635
376.1110212975821,194.82126274397834,9.154310978960826,5.559614943617016
376.56501727089346,194.14245024699702,9.166239520284922,5.537359205659497
377.3723487552835,194.83529460150015,9.160057199176947,5.530368194657868
377.9584073932765,194.03428087450874,9.135805441809735,5.525383922574334
378.63469713655263,194.0394958627213,9.157993996668672,5.51495394614919
379.6667924889476,194.15203667333572,9.157346811179451,5.519154938176002
380.5846465566125,194.0404130188018,9.15638896779731,5.513058460750387
381.515670692588,193.5830585392437,9.128154863678228,5.51086033595061
382.32731802947467,193.9250605792548,9.106245950812266,5.513164439174408
383.25172401433974,193.22936713942556,9.085289652775632,5.53365956506278
384.0534358612607,193.34178444131786,9.081469705902942,5.537339782273821
383.4832100064426,193.33685035946124,9.079322296807485,5.5472079459870445
385.3143021733869,193.2228769165125,9.07559941724838,5.546500990988943
385.6534573300813,192.76313759665777,9.08304846444314,5.551633816586939
387.13979766599414,192.0722133290703,9.084557644741794,5.560779343089107
387.15002597886246,192.5250857336249,9.064101019005143,5.570875149704039
388.74601799407645,192.52816782998227,9.07566478705966,5.564710956989311
389.77929623763384,192.40909348623802,9.069151339676951,5.573965973396409
390.58608331370556,192.1732348084408,9.058242013642298,5.587779092959787
390.8197138290076,191.37028831824603,9.049023957433086,5.590521662967231
391.9654724519879,191.3686765565955,9.046806810965847,5.593745186268282
393.33512738915226,191.2584395821041,9.0549096772934,5.585268073529689
393.34036739111747,191.26280859839093,9.04442967336299,5.576530040956037
394.04381304323067,191.1393449554774,9.00929692990251,5.59483089998871
394.7381841059853,190.7922746593106,8.991011136084794,5.603743326476527
395.76960689932145,190.10662823708873,8.98273846551362,5.605320893519554
396.6874202589512,190.10556954734764,8.972621985729095,5.607438273001747
397.6102723228121,190.09850323370713,8.95150320968697,5.621570900282744
398.5263187184804,190.09328593406477,8.94336644219112,5.632005499567452
399.2111471582638,189.86139224786925,8.941995729890962,5.639697482869561
399.33540746739754,189.62927294883798,8.92163114600362,5.647624012171908
400.4750551261194,189.9769338213402,8.922177729212116,5.636254837363057
401.26563265938825,189.18643934086845,8.935636884399216,5.622629576581761
401.8334732253341,189.1919496758672,8.93883113007688,5.611608906584265
402.9710282253585,189.07846934788165,8.940102777818016,5.610931397776392
403.76981962516396,188.95975628235792,8.936040692018002,5.620711712565129
404.5634322823628,188.38754200616373,8.943058248717408,5.626395357027009
405.46859407311484,188.6178912462441,8.95632751453657,5.621595088697079
406.03530638508386,188.7339689133083,8.963237950229297,5.617506766494869
406.8310049114808,187.93962092206274,8.968553235430425,5.609490410990851
407.85279740995315,187.94438312500577,8.977389372517836,5.599966005104828
408.87505533110493,187.83987484816885,8.98504512627214,5.580963492550018
409.78461869973705,187.61282475529921,8.988434917433448,5.579434546182923
410.57615931320106,188.07100379806965,9.000230282957087,5.574434513471577
410.81408633300913,187.2732901305194,8.98023955148202,5.574340270078459
411.7197875968533,187.39212778922538,8.989890278511286,5.564296609506204
412.61541264641676,187.28231948970296,9.019496997264074,5.556306106316099
413.53959031977377,187.16442769170456,8.994458996408245,5.564175034080634
414.32737108150263,186.48450597530785,9.012610205787643,5.557978981585192
415.2488106647016,186.71082089754745,8.992451282242884,5.561029197819277
416.0485395465899,186.8261489672738,8.98612671198769,5.5579635145838795
416.3908721846755,185.9199516812,8.983795193748513,5.550801398912694
417.18206067891714,185.92128031138154,8.992444772495212,5.54814413854964
417.6329713497808,185.69675920616632,9.000119190766124,5.542438468980953
419.21834963723785,186.1557298643421,9.01285865459907,5.53406744941424
419.2225674558394,185.70423943862744,9.004423017395967,5.527280692372585
420.6970820680898,185.7104518176313,9.00901992526315,5.514855934364846
421.6063401345774,185.71135354140583,9.006996948001348,5.513052486815831
422.4039438599003,185.4857764104204,9.000797578412246,5.510204439913275
423.09455135335674,184.80146140086464,8.980747576389238,5.51766947413509
423.10195400990875,184.0084940654869,8.965942263285196,5.51679263688858
424.12045296399305,184.12528682860625,8.967010493700677,5.50965890382586
424.79322250892903,184.12830003120402,8.97955838724295,5.503632498630322
426.0376263581659,184.12229957901823,8.981520737874797,5.515633403001937
426.8278620755649,183.89879391700723,8.987701953950424,5.509315398202876
427.7343321201488,183.4447795185531,8.987966850719186,5.5107417021428935
428.65137726130376,183.778212296495,8.967305007028529,5.523911810741243
429.56347312588184,182.87210054991058,8.955847290037054,5.5234012917454605
430.3505645707957,182.87502062948667,8.966550052299363,5.517561132593288
431.0278002101186,182.87994787289077,8.970921417629123,5.507706645785093
431.1372776135781,182.77294622167975,8.978339952099516,5.495336606817767
431.92825355444825,182.54861795854586,8.980319861846585,5.4914411926605595
433.7494265518472,183.00314490599217,8.957813408309756,5.487347183083243
434.54506130353104,182.2126567808123,8.947392921351968,5.4874744170331455
435.1047778841157,182.21876926784265,8.956371427179196,5.475249442972427
434.97947972865506,182.22561401325277,8.981357123020619,5.46155995215217
436.7813672258463,182.0027586177013,8.989624329396838,5.455765468160347
437.46660203465035,181.54359151125615,8.97382422484539,5.470986672346136
438.3645722430841,181.76892601506245,8.984276107582646,5.471915739634775
439.15177440191644,180.97952895657525,8.991664811292408,5.468916835234815
439.3648149954044,180.98072450041965,9.017643735453207,5.4665257475460125
440.84086720268533,180.86507654940826,9.008437972727776,5.4714448301967975
441.7512813624557,180.7488537072236,8.998189760144937,5.4775680011963965
442.2118891351401,181.533576290879,8.98206578367073,5.492033079451134
443.0092254342815,181.19120213809197,8.971324864763186,5.497953522435762
444.4877509092588,180.39880770464583,8.955073892158406,5.499234709216604
445.1755601731656,180.50964635771481,8.935422871597277,5.503551987620722
445.1812081202028,180.5035537098953,8.924126977522805,5.5157372832597344
446.0830775824194,180.50079403450889,8.926869559295397,5.521256634032586
446.87908450694164,180.38414715667403,8.916462370722373,5.528606581063537
448.2370933141475,180.26541689835236,8.91138730632031,5.540155218539397
448.79797089553085,179.92376786104703,8.919781863661175,5.545363461085432
449.8148216771382,179.2472612569806,8.922264484163705,5.54092054674023
450.6069162986068,179.58417533945172,8.921511587297555,5.545707958685571
450.7259946124202,179.69575405262174,8.909629255066049,5.5488248277407894
452.19240889457916,179.69835286167307,8.916739746279584,5.543627209638124
452.7583051884282,179.24207654073103,8.915787796520096,5.551507341171368
453.7856834713557,178.66586769718097,8.897606439018318,5.572494356964196
454.5907463586474,178.88011358538847,8.872046192675796,5.596735588617995
455.4922239306711,177.97381744004554,8.880215921263364,5.598203006668798
456.3989046715392,177.86547970719573,8.879153175667525,5.588341130350916
456.7353134278874,177.5352531408919,8.885404453580014,5.569725472349713
457.7591586692807,178.3268167274045,8.872953779544831,5.569562595020107
458.8887036400457,177.65523774311762,8.873353403582104,5.55702682425341
458.77611311183387,177.99904221452874,8.87278964568762,5.5466523243858195
460.2471401789089,177.20981355211836,8.863047396915535,5.546172480156812
461.037335731275,177.21745363703417,8.860518276658322,5.53089231032524
462.05515722525024,177.21955076272502,8.85090889020438,5.526698058943533
462.9584654008889,177.10476104939903,8.843500221959623,5.531376525216446
464.1879036671297,176.54448280996186,8.8581797557135,5.527589337620112
464.0736337429382,176.77419973186755,8.861695087539099,5.5182045269234585
464.8623820680619,175.98867872164448,8.858635579904822,5.514809404756647
465.98365659806626,175.98676723241445,8.864255923416986,5.518632383216718
466.6555684121958,175.99303405819396,8.870222373111357,5.506098731657677
467.55928692707886,175.8788754282068,8.861535517278906,5.509572219890273
468.46302279713404,175.20825212089636,8.85224271688576,5.502184629723357
469.3578647716333,175.4355591855711,8.85863589091577,5.496589781131
469.69283036402146,175.43745921172015,8.862238272399567,5.492789728832844
471.3684526073144,175.44290309190495,8.878511391442224,5.4819019684632435
471.70397757404913,175.33054563957637,8.881145071917521,5.4820556684721415
472.7075498758693,175.22437977547898,8.895428228545585,5.46978431219267
473.8282373904166,174.5551289702535,8.900152992976945,5.46062604652807
474.6184752914962,174.66525834836222,8.891362689259195,5.4648937900880155
475.0565658661355,174.78434686788913,8.913050117185566,5.451183895335423
475.8427164937444,173.77688870764425,8.912669008612625,5.445060027281794
476.97339668408455,174.67001741049486,8.895821947357339,5.454413277120611
477.996060753353,174.2257572144079,8.86971096600863,5.4455038216553895
478.89753153523293,173.66440073577522,8.85731579450307,5.449125283761802
479.68533421353777,173.7790881434618,8.847570514674803,5.443444765071741
480.2429035632939,173.77308303257357,8.849699157694705,5.455454986848149
480.6938715125032,173.20918185604322,8.842511389913106,5.464822176612632
481.4851762752045,173.31937089399707,8.82606179015736,5.468181232940196
482.38912403972176,173.20502160604724,8.806550517769601,5.47333177675906
483.73201425126274,173.20344889129495,8.800888568913228,5.476477206263626
483.84851426475467,173.0890693163873,8.791199985170218,5.48192491283809
484.63086846441854,172.86516328241592,8.789298586515587,5.483220694874328
485.4108393629095,172.19723264115748,8.792117134527299,5.479573110253802
486.9618319608632,172.53310748594538,8.81538540726061,5.477520592529572
487.8527390299519,172.52997047335867,8.821934595509187,5.483794617702972
488.7425556491233,171.9639057114021,8.832289287635032,5.49718168507324
488.95331915617703,171.18106005118096,8.859017759296695,5.493978805323809
490.0778668396392,171.1744974457112,8.854653003102957,5.507104016263338
490.40079534666205,171.17251799925,8.882680532298705,5.511062909185754
491.17494560556,171.0629454783997,8.910171597737781,5.505094867567033
491.95327616821424,170.7246414484252,8.931472834972336,5.505433343569082
493.5436698409274,171.39713121947514,8.911139461804655,5.514934075294325
493.5506197901025,170.7158922655442,8.897239563454505,5.5237947367412366
494.8984942252499,170.82651833561158,8.908020365267436,5.528086735948832
496.2607184832269,169.4660609855553,8.892897388573491,5.539675896801373
496.25680797646834,170.25800379297155,8.900718402090613,5.536010826459651
497.05383527263297,169.7975899191821,8.887271458233954,5.5536342034827655
498.76006019700526,169.00076035390708,8.863259760067505,5.566022197096331
499.33207455629935,169.4458424586791,8.847954744735885,5.57883695015751
499.34159169838404,169.43997779522516,8.828920460566431,5.590566277065363
500.4766987242355,169.4313732625829,8.81512986054231,5.607775342349905
501.3799414907977,169.31596505900288,8.814436049808274,5.612867784211191
502.28634692356667,169.09158981094052,8.808015251874979,5.610020763434681
502.8523674397925,168.75340246865568,8.804249435047062,5.609430318630125
503.75960331562595,167.96203760378182,8.79448811685535,5.6130384190869345
504.7686487597902,168.41936514391114,8.805924422060345,5.6003954248431596
505.5598759363492,168.53734527593892,8.801709365632535,5.589897917457637
505.57140270449906,168.5374058101135,8.778655829332834,5.589776849108429
506.46816940446763,168.4258152290904,8.784138818168119,5.588080962558059
507.8092422188426,168.0975404324708,8.801162086053505,5.569838331638437
508.24728944308606,167.77242424192275,8.824588336505744,5.545430188530251
509.0232475850909,166.88401672728082,8.846423782657302,5.523671811915571
510.7079085113696,166.7784079245531,8.848850077120897,5.510106207569609
511.37679638652355,166.67633571076396,8.858625719116892,5.4896587364306315
511.934640218798,167.24508411711082,8.864911479918842,5.4741353490879385
512.9496981507439,166.4674654978391,8.852845961222844,5.459777874701417
513.8450084250869,166.5857388169475,8.85267827251337,5.447037843981736
514.7404192292461,166.59217604767068,8.85057699334946,5.43416338253534
514.8421244245003,165.81509566264447,8.870508912689482,5.4249279836485975
515.9545169093637,165.9311155127043,8.880566088179627,5.416372498050614
516.730868491125,166.1588019620491,8.892294312444543,5.40797999587176
517.3973005010904,166.16174164715477,8.900572672746872,5.402100625660411
518.6227623198653,165.27588906751092,8.908677959628243,5.385421112634697
519.1757073402906,165.8389269224538,8.91972734566492,5.376284829636373
520.2939469631281,165.06383357761567,8.917232608732307,5.36268236319306
521.7499154615061,165.396073868133,8.906011955956615,5.367597861538568
521.4216481752358,164.614745299609,8.893402942617225,5.368919964866028
522.5435195058077,164.72385457690518,8.878484468054754,5.373583828931817
524.096439542653,164.72618777240442,8.890988148024036,5.368917437933337
524.0919587460811,164.72488026611887,8.899949741167841,5.371532450504428
525.0918298261562,164.6112561822008,8.907422820548096,5.3757567028371875
525.8721575433166,164.1617324555454,8.9092119238252,5.381978706092042
526.3241263210853,164.7147722608579,8.89862572766964,5.392588294694144
527.6664323469663,163.81857231625492,8.894320503445229,5.398116965541717
527.7792650148904,163.9266258380893,8.89204303933329,5.405397793609131
529.352997103739,163.8142413889143,8.873250134181736,5.406690172491582
530.3517342990076,163.26466800681564,8.884739924414466,5.389745725150154
530.5681562026601,163.7174150768417,8.898104515836602,5.376668382552442
530.6718303165921,163.05395202796407,8.913839265367267,5.365096615940054
531.5518567905065,163.06238770058155,8.938764065936791,5.348225270705097
532.901669859968,163.06616581449717,8.917641084268798,5.3406690428738814
533.5809375144395,162.95364040073997,8.895707005945669,5.3429529986182445
534.3673368170554,162.17413361653303,8.880261504111285,5.344613463634812
536.1481991199851,162.4002956857054,8.874970945191068,5.336843581157411
536.5833002180541,161.51862243073248,8.893038328955711,5.323650931297784
536.8008675022804,161.52238167155963,8.90213127386155,5.3161324496434545
537.5824727354855,161.52421459204038,8.893775934785562,5.312466608681976
538.4680473645261,161.4164640112529,8.898114846472142,5.3060317490359274
540.1273374562219,161.195897684829,8.907913939520554,5.303380498358438
541.1277401728111,161.64078162129118,8.905044738706263,5.3015842842625736
541.9023369739662,160.9759733263009,8.909290616573358,5.299681319805338
542.2266264809718,161.08777412416026,8.926564385713831,5.298030651803955
543.3497570420427,161.19630734103794,8.902101827293796,5.303144074420794
544.461745837912,161.19535339543805,8.897149211372179,5.305051965620572
545.9121026729473,160.8668150484203,8.880629231917602,5.296545500283143
545.7997078070756,160.20098448254578,8.883947173819811,5.299375892985035
546.0089355370968,160.76269501700537,8.908629528931497,5.2837993619511225
547.3377992693488,159.88113545655995,8.910976611392817,5.273535451531671
548.3301358371549,159.99839324242646,8.920112709633106,5.260554239115565
549.1080707189185,159.99396249019037,8.914397923069417,5.2694157435877464
549.6622086048161,159.8849612260849,8.913700072180355,5.26590268761745
549.8820264215606,159.668425214759,8.916956123043361,5.256083025917216
551.4390651314892,159.0010784782959,8.901473881622534,5.262807136656336
552.6532849990308,159.4402506416492,8.906364552093113,5.269310230151229
552.771911276851,158.66093057645924,8.890506421012326,5.278189388612304
553.6566003677086,158.65937362667353,8.891598036030402,5.281303288183706
554.3151239509225,158.65703919988343,8.90281612824772,5.285972141763917
555.647856890463,158.54803934299304,8.896828200482823,5.282348692935018
556.4260153286006,158.43411531117317,8.890821975739856,5.288723806355893
558.0979238371501,157.7694439753057,8.869374656892878,5.289118598789926
558.6482334886007,157.88021241295854,8.874650628444098,5.288760778374722
558.6416927618882,157.98885934935345,8.887732081869022,5.292718381412107
560.0794197128641,157.99233075790346,8.891944738352938,5.285775564312075
560.9593370660565,157.7776273875878,8.903775816210768,5.27226585888277
561.6305888832949,157.66840281176212,8.889707540560682,5.2693091173963404
562.1835315746008,157.12050097300923,8.889556403059904,5.25937854979101
563.3983058235872,157.45610229143367,8.89075292960034,5.251106374172938
564.8407457221979,156.56723330141853,8.876985560822213,5.2620059366996355
564.7268937834516,156.67355089408136,8.88385505534882,5.270205134339843
565.3881189179954,156.67034709727415,8.887854750576683,5.276612727954271
567.1620389324029,156.5565955753956,8.879897552154754,5.2828730948118015
567.2652129959604,156.11923687797724,8.894779521486143,5.2726701038631045
568.9328573458079,156.33405748066272,8.878676028559507,5.285586926061307
569.0387974315078,156.55782285503966,8.888053610798657,5.280571684585048
569.7083679003136,155.78204006526437,8.87678764206787,5.282949800440885
570.3863162998624,155.89107971750516,8.848001749477389,5.2860556470438
572.0429194865484,155.88918770370455,8.846937576056842,5.2898396746450285
572.7105290506703,155.77985412817623,8.836863453884556,5.287649324689788
573.2604880948527,155.2339381447462,8.840298775342418,5.276127881727071
574.3645618417472,155.57095850239477,8.837424964676725,5.2636692713668785
575.36166601368,154.6886833428831,8.825685637510235,5.266024908879924
576.1287378687381,154.8023489932479,8.832518553663256,5.25883312618876
577.0198321159606,154.79686021839348,8.811287915935832,5.269810675897593
577.5752586492605,154.7911530311885,8.800381083466249,5.281225050307583
578.7952333514429,154.67660630873192,8.780646292378048,5.290298984922808
578.7005086808715,154.11565042202193,8.750216865941496,5.312816920445084
579.0457828567788,154.21445221107447,8.71908335064729,5.335018287846747
580.2700389599356,154.20660879151023,8.687431273540641,5.350705126975219
581.596366474337,153.97606532443254,8.668850984085456,5.372779604572722
582.6980465096361,153.75042259963348,8.661488083352646,5.384865620197754
582.8024427869711,153.40733619603625,8.672388181542997,5.411960468811199
583.6779140081686,153.06425714976402,8.683925708925674,5.4371885726890214
584.4585201073653,153.6093712502765,8.669051255470746,5.451487332334425
585.9059226936446,152.70807568075978,8.64624156627135,5.48669663545455
586.0231759065998,152.5850501969263,8.632906283604743,5.511576459877588
587.0249972763975,152.02016691313207,8.621752887871597,5.534404503098125
588.0335169652669,152.78095400898866,8.599133329678379,5.564045726587065
589.1484848011828,151.99926751636755,8.586779412762297,5.575111483388166
589.9346220712073,152.0980294262274,8.566807858313151,5.599345233039884
590.2813488845903,151.97727545933867,8.538940253397007,5.618991159534021
591.7328896224576,151.9702599164419,8.518880751393995,5.633022245327538
592.6250774794573,151.858540061802,8.508130261883002,5.634758801546275
