150.75999450683594,196.0,16.600000381469727,5.159999847412109
151.8102467603894,195.10467820986295,16.475128650279775,5.289391699704629
151.69665290131434,195.37284633253492,16.37107788459678,5.415532422026935
153.24352387835273,195.14301367324995,16.26600703824872,5.543123173071494
154.63034448461127,195.93842130708003,16.155653546749182,5.616862731047236
155.86044181159804,195.89095254533694,16.02422595583354,5.711800254533457
156.41507709563288,195.84752526071014,15.912542499702987,5.798654823787042
156.47766282730385,195.79898595618027,15.787371036361055,5.895733432846807
157.3596459335513,195.75292358508764,15.685728522974518,5.987858175032068
157.5758615968821,195.7128787966357,15.585961898324062,6.067947751935947
157.94919553431507,195.50867699950814,15.504631975877466,6.14368236998135
159.1162546350636,195.48169541544212,15.500498276275954,6.1976455381134485
160.13769617345397,195.28119635549433,15.460171219977974,6.264884321261887
160.8346815548918,196.25204633816216,15.403711413687615,6.329450790804242
161.50654836414125,195.8856180540716,15.398830626389584,6.392880943384897
162.84998227742503,195.6912356179642,15.398122876551026,6.445875806008648
162.8489652399158,195.49235478029743,15.400156951569524,6.506937129877668
163.0359824309084,195.28310460225987,15.363934705570898,6.587625349966157
163.5628411612857,194.91533751427573,15.326366318616383,6.645726810067724
164.93396139013802,195.40052771463834,15.29771815254882,6.692943518706462
164.94318044342697,195.02642909391972,15.27928004597095,6.761906663885389
165.64188637170824,195.67972256264585,15.24412661882085,6.817578155845592
167.02029691252508,194.96600103355672,15.215576289572212,6.880885837831327
167.56233854134652,194.22333137529478,15.156686477603309,6.999300560123205
168.26630259585065,195.0500290599497,15.12055857282194,7.060655446096975
169.63584966152354,194.67225166181248,15.129439881556147,7.129216382351452
169.6225488606987,194.65188881562986,15.156041483205778,7.169942074716681
169.94979934250836,194.98373502044555,15.19338299617559,7.198092141674391
171.15724635509736,194.97329502294426,15.207183274160958,7.218972136676984
171.32628170691171,194.78857410483405,15.216634043555327,7.2408924998743425
172.73330221539587,194.57805568417217,15.186923050521386,7.313888088206339
173.60346212315793,194.55794051170662,15.190996007380804,7.354118433137443
173.94708591079944,194.7472227042845,15.20302346840176,7.325191566133707
173.96179952005187,194.929901365987,15.173596249896914,7.3091444009701485
175.34272718841143,194.03149121695813,15.200553158778318,7.3629570455275175
175.33526889308135,193.47494210118683,15.215469749438434,7.426263204057372
176.40721208171894,194.14412706191663,15.179072765153858,7.492886211258172
176.94279891871,193.94883039633245,15.163514818349855,7.531607633367155
176.92718486958307,193.76229994054896,15.194742916603749,7.55235333889129
177.97426440431258,193.57039146142435,15.219372422416802,7.5830388679285265
179.03998826046822,194.432360288512,15.212063674350874,7.62921701729101
179.18404033313112,194.44169182897767,15.27867470549026,7.610553936359679
180.38943050860786,194.46071882030077,15.355466373659265,7.5724999537135
181.59502562548343,194.29189983718982,15.435097627722516,7.554306278818994
182.2991144565419,194.10024261332455,15.453640826715919,7.580940511271979
182.31165765804244,194.0760249772354,15.42855442371485,7.629375783450323
182.65693519642846,194.0732959063828,15.45377213382812,7.634833925155462
183.7272904162069,194.23151790923487,15.463160689954217,7.676739752065188
183.89692877207472,193.10196610305206,15.483097199629812,7.780564035963504
185.33331124988624,194.34515389166816,15.500746189927414,7.823300661411906
185.49646602586046,193.03474380788276,15.53673562231187,7.90802793865249
186.57320221827374,194.2980252766993,15.56900123490874,7.931492664680038
187.85009147698355,194.11573023322626,15.57139680172321,7.930915025306922
187.84783254639777,193.9290429346707,15.57591466289476,7.93909673765321
188.7361337494363,193.38196031563695,15.626313861544608,7.937061012884533
189.06870258978154,193.58546369846582,15.693384445983053,7.896158379791241
190.33347501526944,193.22507438894633,15.728502137627824,7.8841762723672275
191.6604891766702,193.93139755601243,15.64128632179298,7.938279942215944
192.43931478701325,193.53308115988685,15.549013751283173,8.002223409379011
192.64419147657077,192.97726605853796,15.505354606893285,8.015570907901223
194.130497358566,193.1401596150973,15.458209271697896,8.055467098381918
194.49105472579674,193.3387427639582,15.468449687384648,8.023978375734176
195.4302058536831,193.51134928349754,15.416578193355441,8.044051489004211
195.78596013260687,192.60723011487926,15.434808747635515,8.027942045921664
195.9876842913044,192.78351233527718,15.396220690871436,8.040237865756733
197.45931369684945,193.67335193611143,15.36900059558779,8.083082861467318
197.8146531398868,192.75849863572287,15.388004038673436,8.088583639343632
197.9686584486673,192.96416413681305,15.44520849926598,8.04246771531685
199.20491265546116,192.98506344099795,15.529540739555234,8.000669106947026
200.30302983820914,193.1627760665012,15.527996291448616,8.01102550883879
200.48271417862577,193.14470819986073,15.5345650135548,8.047161242119701
201.7809074211266,193.12911518274709,15.5047715677567,8.07834727634699
201.60620277632924,193.29801947908737,15.487425618243838,8.107293922774016
203.26140782494807,193.65680487655308,15.479998747506833,8.123719400398343
203.4671093974635,193.27103804926864,15.435766891888022,8.160910476143126
204.5743586612051,193.62474182740323,15.424226191990538,8.187822195735833
205.1389820387346,193.6129035443032,15.397334553926271,8.211498761935907
204.97615944744604,193.60485566673415,15.355517735698212,8.227594517074007
205.35536632437973,193.57710670911,15.331348320259302,8.283092432322267
207.0267254554012,193.55641417751568,15.298078374197175,8.324477495510939
207.0382177423515,193.5256577656439,15.275093800296611,8.38599031925453
207.23822530723666,193.69109386133644,15.243724569899083,8.423764027242274
208.90359279317678,193.90254883404455,15.232437292870692,8.369681603476224
209.10715367258024,193.88252750118775,15.19305336834018,8.40972426918984
210.21313742502795,193.87432237139967,15.188123910246311,8.426134528766012
210.7963829308941,193.8445374756208,15.12577304951668,8.485704320323773
211.9272404415208,193.8286388438393,15.072898532157327,8.517501583886743
213.0729256688288,193.81428635092848,14.988921969451,8.546206569708398
212.9489843405187,193.79479646738912,14.86966091877083,8.585186336787112
213.88144466483007,193.80282166541124,14.83493019680602,8.56913594074284
215.17859023335183,193.78691254010633,14.797395294313201,8.60095419135266
215.17696388956557,193.8075217467895,14.800647981885719,8.559735777986349
216.43814003473315,193.4700586182434,14.830377960360515,8.505495672561356
216.7899549908628,194.4189350827325,14.854955799421088,8.428262121882812
216.9734496934579,194.07106341891912,14.851122501439901,8.397693235091653
218.05331204020996,193.92520726631992,14.866875751780377,8.326825882982611
218.4095863073011,193.95301660072388,14.877540699681086,8.271207214174694
219.8796649968149,193.6094305605583,14.823917663434283,8.236745708810632
219.8805144934646,194.56010313371374,14.82221867013487,8.132585771801637
220.07272431568364,194.39989594174466,14.79543375244689,8.095365428989654
221.5108673411337,194.78905581108683,14.771977448849833,8.030253127131125
221.68442656430452,194.6650516444517,14.78000382666276,7.923116636246794
222.8995991463785,194.17851743341873,14.823663645030468,7.835897208663161
223.94657153841206,194.22661063631935,14.845175162365969,7.739710802861905
225.03219720191157,194.25138408472284,14.781360340594182,7.690163906054925
225.40357980153337,194.4598812349722,14.737494223541464,7.622619146651669
225.92639075993065,194.49142290535255,14.734800334489048,7.559535805890937
225.9359544437782,194.50453819267995,14.715672966793912,7.533305231236159
226.46606043553982,194.52426899825556,14.692810948495648,7.493843620084954
227.84897564085844,194.5476407075809,14.685118977737673,7.447100201434219
227.85875086807562,194.57255345171814,14.665568523303296,7.39727471315976
228.2128688835821,194.59136546822242,14.642733448865739,7.35965068015124
229.56941021369303,194.61531365507054,14.663375764404885,7.311754306454985
230.75697166037932,194.63911416396937,14.67657791102707,7.2641532886573135
230.90788715781972,195.17798254185655,14.71530503391506,7.208090886189245
231.3948726766517,195.04310818168724,14.761790823127173,7.1376873309024935
231.53874732033736,194.90705883322266,14.813650091425508,7.0701774721619755
232.915303820408,194.9345667912286,14.77406231032945,7.015161556150103
234.09306081858082,195.14424162499603,14.782132527052616,6.933466776196522
234.4271034619301,194.85284314891314,14.786742144974548,6.843568823741821
234.79455315759486,194.8676797456136,14.721529974776267,6.813895630340865
236.14318942419771,195.0651342670056,14.691263672658586,6.752362366442948
236.13465618517907,194.91889438131577,14.708330150695879,6.712983410430416
236.9691888869177,194.94586610627096,14.696349971998544,6.65903996052002
238.09841280765903,194.98748109771634,14.74998194199572,6.575809977629241
238.5546048409653,195.03101687236278,14.826439603836679,6.488738428336354
239.65736035977497,195.0649417433278,14.925254530914161,6.42088868640632
239.46821951647078,195.10628841118893,14.974113607248547,6.338195350684062
240.5944732472105,195.13219623493714,15.022269982996033,6.286379703187647
240.75296011186364,195.15927995856055,15.033739792540368,6.232212255940836
241.42448697663593,195.1782490570592,15.001276558382282,6.19427405894356
242.7197567989472,195.20477693671083,15.022778295418638,6.141218299640299
242.89896635297953,195.22742814323433,14.990230910822724,6.0959158865932945
244.1983712555257,195.24551853103776,14.988189659794115,6.059735110986413
244.23238779970035,195.40603208370825,14.920156571444796,6.062630050629605
245.05817168149125,195.41687273261132,14.883555753897266,6.040948752823465
246.84554520020538,195.5934428410886,14.851686124157826,6.009888300204245
247.0186610020733,194.95563286416225,14.826521677502937,6.001239625733331
247.9999609155772,195.12666711603634,14.78722479429622,5.9797216126186585
249.31097835515106,195.4508009810163,14.721996885951373,5.970655625359485
248.71947983276624,195.5972853809441,14.630995703047486,5.996186382422234
249.52045303186742,195.59061799148586,14.61726123122926,6.009521161338742
250.6454355301001,195.27766181919128,14.591066716472925,6.0000705111539325
251.61468399705677,195.25986097741819,14.555383687162845,6.0356721947001
252.25204629591272,195.24362358570244,14.549673281426667,6.0681469781315815
251.77861403272166,196.03336920529748,14.543294753938026,6.077394162059559
252.89988998470568,195.87022906624617,14.52548059816105,6.085854761849131
253.64984031440855,195.70617465197475,14.6141425146286,6.096251075217288
254.2918729004353,195.54183014543082,14.60678614997575,6.105762886455002
254.11247782956383,195.22223633411286,14.646336526393505,6.106470978440642
255.54199337849755,195.70365145597358,14.665715709963099,6.103110828531533
256.02067757922117,195.54519908027268,14.668477738458032,6.099972103285943
257.130517418294,195.22781661269983,14.68899141732147,6.094681793571901
257.5982552345084,195.55645487481283,14.714205055544184,6.077864783113586
258.2170359554902,195.40515918638872,14.757822893715346,6.060161339928076
258.51172574682425,195.7454610526467,14.809661800831318,6.020776097196214
259.3039511005513,195.43597296199147,14.828489121132993,5.998441067404428
259.90332110044153,195.7832960663008,14.911864961921589,5.944852779070308
261.0033990000666,194.8294839261517,14.95712342051807,5.927836266928409
261.95076754566423,195.00486055046025,14.989110406281675,5.898203697804481
262.28451826810107,195.00493459374803,14.963710681482219,5.898055611228948
262.3023181053417,195.1598326870472,14.928111007000915,5.9089423895468105
263.270383261153,195.153510735481,14.91417434801438,5.921586292679232
263.5860244406859,195.1637644783559,14.92367415521464,5.901078806929515
264.86266531174766,195.17907739423245,14.931682091425364,5.870452975176374
265.5268514219803,195.18552704080295,14.882224338820267,5.857553682035352
266.4737425485793,195.21070471191214,14.901162231681848,5.807198339816965
266.64424437970143,195.21185686038382,14.87831602782648,5.804894042873633
267.58444096017456,195.23323317921208,14.904650113733977,5.7621414052171005
267.7261555423305,195.09714711270797,14.938620914771768,5.716913572875703
268.20349244460806,195.7270060421359,14.93517516878539,5.725499792111385
269.46681972991786,195.5780745715795,14.945966535655637,5.706181991038045
270.69941612560535,195.27704129930353,15.016683191692984,5.674271173736873
270.3603796860341,195.11844872378936,15.059897134023583,5.674026856359251
271.4690010835382,195.1219698409295,15.068967438581799,5.666984622078958
272.42977748426745,195.1214278805383,15.055702713905967,5.668068542861357
272.747653394666,195.11997661003693,15.055705596141687,5.670971083864093
274.024424838583,195.1157728847395,15.045599783886166,5.679378534459002
273.87127546641796,195.1014618850077,15.033962503114644,5.708000533922606
275.16745051130556,195.09383402972236,14.987883614268327,5.723256244493263
275.3399448698348,195.076119638153,14.960791833640508,5.758685027632006
276.61567862556365,195.0585728134257,14.954477590593363,5.793778677086541
276.77331049803377,195.04293758607986,14.9578967857275,5.825049131778245
278.0618545751554,195.0302488062099,14.93514862798741,5.850426691518202
278.0669273279709,195.02313768687114,14.925003122356307,5.864648930195716
279.03979450280286,194.86277345868905,14.896441177403817,5.865848652441286
280.31805874327443,194.85829914366022,14.893028801024984,5.87479728249893
280.6410870233485,194.86637678764285,14.885473240773955,5.85864199453369
281.4534037253317,194.8639572838832,14.855104225317717,5.863481002052966
281.6035636514446,194.86654725138513,14.873287074695233,5.858301067049116
282.8343591252633,194.8682174959376,14.961068492428488,5.854960577944169
283.930854190133,194.73049321497817,15.007194904264747,5.810535348209393
284.09405635195077,194.72743352206544,15.000531181719039,5.816654734034857
284.2202086070779,194.72449654724468,15.067981263332179,5.822528683676348
284.85851004068496,194.71804811481442,15.074693291977935,5.835425548536876
286.1353836221638,194.70670154378843,15.090197355427437,5.858118690588892
286.27771679961137,194.707844266251,15.127316939242496,5.855833245663765
287.391748127138,194.70104117635108,15.155201541441494,5.869439425463556
287.52807959762026,194.70706592318064,15.205461263058414,5.857389931804441
288.66854326869776,194.70604463353482,15.188532264952649,5.859432511096092
289.0169733235303,194.54330148334003,15.138115935575794,5.861696921341544
289.01933643036665,195.34668577756048,15.13338972190307,5.867620475757594
290.000946049121,194.7067848102784,15.105630921154033,5.857115452481946
290.65877355673507,194.38735504802725,15.077934572255073,5.851995643819662
291.9644727765188,194.54952760994647,15.038536314763915,5.849150542740769
293.0855016589939,194.5590546080928,15.042659578269184,5.830096546448093
292.91005132891144,194.5772782454364,15.072959510048321,5.793649271760917
294.49498237131786,194.7538097699092,15.106918081445798,5.760968288436285
294.45071575287074,194.2905395682086,15.195451318340034,5.726660919396661
294.745852167587,194.46196092741567,15.24704961640907,5.704753764733262
296.0031647884633,194.4579269873127,15.302670509059336,5.712821644939169
296.1244480967118,194.47238387768363,15.382327093118633,5.683907864197371
296.78461902441506,194.46288089703617,15.353356731653069,5.702913825492282
298.0406381381771,194.46282996901775,15.423484822585483,5.703015681529106
298.16400902675656,194.47660079438003,15.500520100270805,5.675474030804541
298.63556410268677,194.46090954214995,15.530557844564505,5.706856535264683
299.9026344270579,194.46882868428378,15.599452739858684,5.691018250997033
300.8501213877557,194.31573437795345,15.660954568972866,5.671127571906111
301.16955096046297,194.14431970691763,15.675294131765524,5.6873575598741075
301.14988958399664,194.9632994790006,15.714616884698271,5.684888459462904
301.9470215909073,194.79121183328306,15.758431976173648,5.70144792983863
303.1134591043211,194.6109694252571,15.725351663926553,5.733390643807632
304.2529132151431,194.28376084984575,15.746970097756524,5.730514464494943
304.12135652111925,193.77535850737934,15.681179524630629,5.760607265906743
305.4645472363763,193.92527956384507,15.62284825911232,5.789271423599738
305.46577237485326,194.08352034902927,15.620397982158376,5.800978248111139
306.5982825701155,194.07338250101503,15.65392864101899,5.821253944139644
306.58322450668277,194.0618933128185,15.684044767884433,5.8442323205327025
307.5836513610227,194.03689300572137,15.663527436869462,5.894232934726999
308.74170471286243,194.02286837069522,15.662059171324763,5.922282204779244
309.06588673409675,193.9934841559795,15.67598774714011,5.981050634210686
310.0731563572609,193.977633032526,15.655864225246651,6.012752881117683
310.58839934452567,193.9550638393016,15.623427574365579,6.057891267566532
310.6014472317548,193.92652860014033,15.597331799907394,6.114961745889021
311.9638446891741,193.4092135667944,15.541931385467377,6.148568874931422
311.97239328694377,193.7294276855445,15.52483418992797,6.175098300633302
312.66584901732875,193.22014637379652,15.472750522155032,6.192540079381528
313.8321803630948,193.22127960200206,15.472969227910804,6.190273622970412
314.9867820241613,193.22530686246162,15.496386162939071,6.18221910205133
314.8070240491874,193.399611817888,15.522477383521828,6.167033920563492
314.97308050426574,193.56984635593142,15.52389343739435,6.160093808505818
316.28837994464783,193.06813317683037,15.5606972047549,6.163244173661072
316.7644209059962,193.23520843087044,15.610648602462737,6.163104772382507
316.9423989290503,193.3918024958457,15.589419666379264,6.1846437524566324
318.26972712362624,193.39268985414373,15.613217467097792,6.182869035860566
319.6105202431535,193.3769975644422,15.612570541757405,6.214253615263602
320.45273223948584,193.36686610954894,15.606491043318067,6.234516525050122
320.9705917176785,193.35129794192298,15.57860183683167,6.265652860302056
320.9777520001548,193.34409679651282,15.564281271879093,6.280055151122358
322.0085005949204,193.3422432891239,15.519671649240717,6.2837621659002
322.357212014854,193.34117868288814,15.493391571563018,6.2858913783717085
323.52224863516955,193.35303812180658,15.50993302160206,6.26217250053485
324.38905840428936,193.3501737991357,15.451544910975034,6.267901145876638
325.2188893426556,193.36363059006246,15.463419017319467,6.240987564023099
325.06215937356865,193.3678757826661,15.442880338963697,6.232497178815825
325.38702616001956,193.37816818821213,15.460249589840222,6.211912367723767
326.86713964983534,193.39918450461772,15.500932764342881,6.169879734912579
327.16809454079186,192.7413932237404,15.565562560740533,6.152383140045748
327.4904726425228,192.74779237621013,15.58858022107876,6.139584835106298
328.838705330192,192.74046346560982,15.564027516233626,6.154242656306919
328.68338954814215,192.57798056307516,15.540760981940437,6.145310362983398
330.02506733582646,192.40790429364898,15.524635340476744,6.152059160097659
331.3548996225145,192.41491738815137,15.53131008465317,6.13803297109294
331.0324605610893,192.40622039077022,15.509912824150298,6.155426965855241
332.35536442061124,192.39867884144795,15.529231449236688,6.170510064499775
332.73324422549683,192.88511441098896,15.440848342748607,6.19870368034233
333.4071302581275,192.8712611827592,15.424754108998462,6.226410136801817
333.7038704592208,192.8759768097208,15.497637311820338,6.216978882878591
334.9942973872853,192.54045091340032,15.58928897326096,6.21990429612722
334.97050828853145,192.0345207913106,15.636867170768738,6.225460260897787
335.64831303214174,192.35302647542653,15.626132515407194,6.260886308595447
337.341190349321,192.337165900321,15.607344704912462,6.2926074588065175
337.51776354175786,192.49723084841247,15.591190306669153,6.30946954925404
338.54340847038736,191.31035845850596,15.562259650609713,6.323795261001085
339.5274053954926,192.49340327246716,15.61565525891971,6.315993334685872
339.69115140911083,191.30074573007383,15.625691816844984,6.338608323340588
339.67800442163315,192.3096565507693,15.651985791800424,6.34924366682123
340.66410743902736,192.15048793669965,15.711646805935615,6.32893638680654
340.6110827085968,192.17303186677557,15.817696266796709,6.28384852665469
341.768110142052,192.0237818342221,15.882687987473671,6.242484793534932
342.0987614930378,192.01593521913426,15.90150328789292,6.25817802371056
343.284753439914,191.85331828733493,15.91379160509323,6.2428015714587906
344.4585954226969,191.6774511959042,15.949690578954378,6.25402390583069
345.2851931556985,191.67204477190907,16.00263907077043,6.264836753820994
345.0843982655244,191.6638134487437,16.06204536832936,6.281299400151711
345.7364751563114,191.65948992747792,16.131220063231446,6.289946442683286
347.26816515461576,191.65514810979693,16.168170322101844,6.298630078045282
347.2592614795986,191.64205341758597,16.18597767213609,6.324819462467203
347.4699909830083,191.61209359311678,16.11041132621068,6.384739111405578
348.8568715810962,191.42808079722957,16.103674519695105,6.406886654472469
349.8879054682274,191.23566678577146,16.118667858277057,6.4455378252479605
350.2572210223798,191.04426253956706,16.074202416485505,6.481263484400195
350.44329663936435,190.86046844687075,16.049131123957096,6.501771728352066
351.1170960515921,190.69246494256532,16.08986961258436,6.490694408692213
351.98872469148745,190.87831483895766,16.083981086166485,6.466468366582044
352.33315989328344,190.70429949282047,16.089024514951113,6.4675421426680915
353.52666210846695,190.8807221575436,16.131360953638683,6.4617455088010844
353.87160230623914,190.52944861789607,16.1365902440533,6.46918290213709
355.24280023398455,190.52700189792026,16.176297206399457,6.474076342088749
354.86924321524646,190.5269038034709,16.226567594663432,6.474272530987442
355.61795175005875,190.50766449069582,16.12574623214466,6.512751156537602
356.8472414010495,190.5102271655649,16.105853115330348,6.507625806799384
357.15705369670366,190.51911613043993,16.18224016362481,6.489847877049399
357.33605418948935,190.50693005379136,16.173028021274384,6.5142200303465
358.91340245291786,190.34283170199348,16.160149999245558,6.493325788961387
359.4252482540294,190.33587489164125,16.182056871331895,6.50723940966584
359.26506809544935,190.15569510720303,16.15332071604331,6.5185025060935535
360.6344022545505,190.1681178393204,16.205720088561883,6.493657041858836
360.65874681890887,190.33731370757283,16.157030959845144,6.504460168578654
362.03798652943334,190.33962441130168,16.188043595515296,6.499838761120949
363.08205013337425,189.1131908820007,16.194220351682894,6.5093511949985094
363.08594293184973,190.49787850969295,16.186434754731927,6.534450317550592
363.7971732104328,189.26628708367224,16.16255320247766,6.55011991099636
365.0324793042032,189.26763545926838,16.139000882655456,6.54742315980412
365.0328928195531,189.26767987616327,16.1381738519556,6.547334326014297
365.92616785573745,189.2442758363258,16.097519173348317,6.594142405689248
367.1433647191617,189.24565903548535,16.109110346016724,6.591376007370156
367.5013379933986,189.237320597458,16.092252432326273,6.608052883424855
367.5165308574127,189.2356917739224,16.061866704297984,6.611310530496067
368.7185121585638,189.2512570982625,16.102427307615702,6.580179881815848
369.3891271527625,189.24282101638767,16.158192217904247,6.597052045565556
370.41105215552574,189.24066675884256,16.21645977643248,6.601360560655706
370.2114657858788,189.23666912141533,16.2643630124629,6.609355835510226
371.2781131560729,189.22271907354212,16.243681813063084,6.637255931256594
371.6712600480646,189.21399732305156,16.16198984483885,6.654699432237748
371.8937791033029,189.0168591459438,16.06838491489842,6.697542605917139
372.9772868395667,189.88605503960883,16.00643033328868,6.71336822768541
373.5310273709209,189.88553394394668,15.949638171530161,6.714410419009683
374.06846493096145,189.53676178146335,15.923046316041331,6.713099234248237
374.9716186717916,189.1920672545918,15.861840486417634,6.704447627176728
376.2076466512241,189.00081098241856,15.825663039776426,6.738977526919761
376.2429060096831,188.81525318533036,15.75514432285826,6.762022064627264
376.43886102853116,188.63809711680614,15.710693007960135,6.768875478877868
377.6836358478844,188.4608875267054,15.649700032362999,6.776357992920912
378.7256012229016,188.63116617131854,15.642885388397975,6.781986721372849
378.88806351795796,187.948690227479,15.664147524829694,6.7621917028744685
379.92362107490715,188.11907625388028,15.66990233580779,6.76756463755137
381.10798680127607,188.14595293308622,15.725433101112614,6.713811279139444
381.64623532463366,188.1521797303232,15.68746544567695,6.701357684665497
382.0080179632,188.15462490518237,15.654714360272614,6.696467334947162
383.21468769838214,188.17501246567852,15.655303410967981,6.6556922139548576
383.0200013804749,188.1981935596913,15.700542001469417,6.609330025929306
384.3680753121003,188.22153531580818,15.756127438489548,6.56264651369554
384.1598263205147,188.07101718162724,15.828684070180424,6.519741430577063
384.3116454708946,187.91918350890242,15.869271953374058,6.479182592073313
385.6734260343425,187.06783376828423,15.898430625925313,6.461432198655217
387.03808611374495,187.43068385800598,15.922664053645418,6.424120415842938
387.5556153053314,188.134603436621,15.919241020789908,6.3917950590358625
387.54980937319385,187.97061492083193,15.930852885064894,6.376519449436557
388.7492013898503,187.64107881637003,15.934099498687225,6.349297187807432
389.0908260104696,187.99204121927735,15.936266143878552,6.3327882684226795
389.089986904585,187.81963310408878,15.937944355647744,6.335160272306124
390.30116374779675,187.9835645047592,15.913165931187175,6.349808222674252
390.6660982243914,187.46000353687222,15.868128562385468,6.369682781866834
392.03768543847724,187.60804084307813,15.861931593001021,6.415730351803488
393.2759911950023,187.75523446553973,15.785298409284561,6.46419715392787
393.1355157823649,187.89781839802677,15.72363658696492,6.5216419365481295
394.5172037318829,187.53927199714775,15.702215360260132,6.553246070223386
394.5068705890848,187.70990963144777,15.722881645856237,6.554966996083853
394.64225417687373,187.72474611529927,15.795439571068723,6.525294028380893
395.9992765764325,187.73315733770525,15.832157123498245,6.508471583568895
397.37882715107156,187.7385567256184,15.825663153799038,6.497672807742624
397.2051804772511,187.56981923009633,15.829166305538555,6.491357602885391
397.36578555761344,187.407123893685,15.851684528839833,6.473019891681974
398.7187106829702,187.2509687859127,15.895648277175093,6.441603357345458
399.4116983778778,187.09238862046655,15.884876363628857,6.414962819170479
399.7582439648113,186.5776564106751,15.878126977778956,6.414914556727857
401.1148079552202,186.7543422572508,15.909581478261135,6.4046156737389195
401.09679676607595,186.94149303440764,15.945603856549557,6.373656348646615
401.76891323843296,186.43908496528925,15.97460479369062,6.348547075492033
403.1392727929139,186.43661516477104,15.980105027434112,6.353486676528461
403.1414277023279,186.6024643679206,15.975795208606105,6.365233078688472
403.84559545560694,186.5989525462662,15.941830127685767,6.372256721997221
405.2093602087789,186.60191652506737,15.96013393394745,6.36632876439491
405.0787852837132,186.59387872787227,15.877897004983028,6.382404358785104
405.465897320632,186.570125796266,15.788652507978316,6.429910221997623
406.86132512478736,186.5666488288731,15.734202739034911,6.436864156783425
407.74638741451486,186.55393625896048,15.67102617586233,6.462289296608652
407.7479018930176,185.86627866212484,15.667997218856875,6.473881780363749
408.0709068839439,185.87600960357477,15.704173251057727,6.45441989746387
409.42989046044625,185.71139910230596,15.71635711990757,6.442372022269691
409.43260631913415,186.7348023710071,15.710925402531728,6.4429472357057325
410.78130960251326,185.7135641400298,15.742816437530804,6.438450496342391
411.2968354027467,186.57404978711895,15.736390894355878,6.4251892976506015
411.45400682208685,186.56719640402918,15.763261427732864,6.438896063830152
412.6500528739789,186.4039230423247,15.764082199148303,6.4235980907820265
413.5133070398117,186.21766752220861,15.745494886725115,6.454524927165716
413.84553526503305,185.5411351685306,15.764771718513106,6.4401230700605225
415.217802345835,185.55067064722616,15.755344015948857,6.421052112669348
414.8758671920401,185.55647282323787,15.756388471603985,6.4094477606459455
416.2483656111563,185.55904335757845,15.741162432253404,6.404306691964803
417.60329727744255,184.72203006726036,15.758581976216734,6.373781474766133
417.7663241138857,184.89878210199703,15.773145844291513,6.360894946253854
417.74706997701026,184.9048093749687,15.811654118042327,6.348840400310486
418.7602740718425,184.90710504336764,15.83086897111779,6.344249063512596
418.74367568566765,185.08837527270902,15.864065743467414,6.322840509866408
420.2890577196978,185.09838632175487,15.844349730294805,6.302818411774709
421.1336433251315,185.1029610568424,15.858109604562943,6.29366894159967
421.0904124502725,185.1044553760629,15.944571354281022,6.290680303158648
421.6075329200582,184.9307342952475,15.935763472693239,6.29631144546157
422.8310372950238,184.7515353557764,15.881249985902405,6.312924286812272
423.86681045019765,185.4333830424197,15.857490016169765,6.314419807269013
423.8523430605279,184.2443137678967,15.886424795509189,6.305680603322646
425.22215015120213,184.4028156863552,15.876752661220648,6.329919522288084
425.2379430858692,184.55663992203012,15.845166791886546,6.363807619488505
425.4347869538263,184.71348025297752,15.793165798271884,6.391813699893207
426.8104300447602,184.71345164395746,15.77337672083313,6.391870917933301
426.9464167608546,184.552104611953,15.842556337461069,6.373411933125514
428.52049632596885,184.69766397178952,15.770781462146436,6.424113686220722
429.3722802393577,184.69730581513306,15.775663350144276,6.424829999533642
429.3599106460027,184.6935764429017,15.800402536854335,6.432288743996359
429.7379603060194,184.84271887381578,15.728828082949661,6.476266315232591
431.2964160111359,183.98195855045333,15.69003301347607,6.4877223282023495
431.14939920993874,183.96853840921702,15.642409742043828,6.514562610674916
432.8786035796847,183.96776160447217,15.598463412675182,6.516116220164606
432.88188103186127,184.30447093411465,15.591908508321996,6.524376257246152
433.72194994918766,184.13251701004143,15.61622686640515,6.527392866845453
434.0654330309598,184.14167116690038,15.61185252491407,6.509084553127536
434.57696234058824,184.4907869216101,15.611517539163428,6.492668799378879
435.9221551843949,183.3219134697238,15.646025031430028,6.446134170756525
435.9057460457446,183.34607449414025,15.67884330873057,6.397812121923593
437.2500001903198,183.363370493932,15.7095069512623,6.3632201223401434
437.41135714439616,183.37671692359874,15.726515355555557,6.336527263006634
438.6093667272169,183.20702017748738,15.706936713617743,6.336429251843134
439.9648207571875,183.39220687450933,15.70969078154787,6.305263623783165
439.2996924980193,183.23158002306502,15.685180982936952,6.287825747434937
440.65516474646006,183.40915323005765,15.678456843618049,6.270706878145023
441.81637342545196,183.09370925400486,15.719415996223926,6.226344398653569
441.47809302597796,183.27812244256236,15.721132358525574,6.194940239861763
442.8015083641558,183.4552008776708,15.769384745139,6.177668752516013
442.7841301647375,182.7796362604596,15.804141143975441,6.17971766302801
443.289099473594,182.79524179582265,15.80762157335981,6.148506592301882
444.635711467871,182.81074302918395,15.812775981163405,6.117504125579284
444.6313545443303,182.81247816608573,15.821489828244864,6.114033851775754
445.50946056926557,182.79009269116887,15.749670405258357,6.15880480160944
446.9022210462924,182.77181796514057,15.6573412703289,6.195354253666043
447.24586969189045,182.7744011287851,15.641994603142575,6.190187926376986
448.4450498020129,182.59806576034697,15.59326978994384,6.207196462246685
449.48163492141134,182.5842854006929,15.53169015094262,6.234757181554824
450.49433573640493,182.41618042577986,15.515512683198189,6.2360964376737895
450.514081749361,182.2214120922313,15.476020657286014,6.290971462583181
451.51150268713275,182.2254588890654,15.49160383375237,6.282877868914964
452.0099190399534,182.22398970704262,15.500224798547281,6.285816232960557
452.18392949006653,182.23298165196996,15.487531689467499,6.267832343105852
453.34785107549413,182.2336177031222,15.503459764173591,6.266560240801389
454.0261920236857,182.22219626013694,15.48690287873649,6.289403126771881
454.1795677314596,182.21787773049294,15.51535119084075,6.2980401860599216
454.8836129549535,182.1732236816242,15.450314823206028,6.387348283797367
454.88770139643594,182.14349159054055,15.442137940241121,6.446812465964685
455.24232731096777,182.13137064819094,15.40759116733441,6.471054350663909
456.79149376454893,181.78045223111602,15.344810767715366,6.498323960915265
458.3172788365753,181.44277079750594,15.324978160132058,6.499967375586622
458.3209038465998,180.41973389070054,15.317728140083197,6.5264281637090775
459.0088683596211,180.56070509405274,15.289661971703127,6.581451471420292
459.51904915963985,180.71270984177187,15.281898348228838,6.614974634836393
460.68784341913096,180.7042441768147,15.31039659129394,6.631905964750707
461.35261585246633,180.70068323006794,15.33574718141773,6.639027858244267
462.0018291575973,180.7084283472542,15.394186912089992,6.623537623871763
462.1670977650321,180.69406975012637,15.403438474325439,6.65225481812742
463.5184120628867,180.52089804182444,15.42424966677554,6.658168261211342
464.36485011475736,180.3495689645476,15.435551678742438,6.6599907926233985
464.87264025457665,180.00051680330995,15.443065559654038,6.676032341398464
465.8836916635901,180.0062566208008,15.469503449581918,6.664552706416743
466.2325320134252,179.99574492406663,15.455029386912557,6.685576099885089
467.401424457582,180.0136666938822,15.509600554549708,6.649732560254009
467.2203837606436,179.8344751779103,15.529760403943927,6.666194047715165
469.1078341877601,179.66438631864807,15.522405608196555,6.663867579104583
469.45888305777765,180.16572709635642,15.505021190108323,6.6882560066081895
469.2917332428345,179.63642459191942,15.496784766207119,6.719252854119541
470.14610689996664,179.80802427495544,15.502858276108485,6.719017652880591
471.5282463051487,179.60328697185366,15.482963009751895,6.78544431608321
471.5152488532075,179.75062029123023,15.508957913634221,6.834709153509461
472.3748017679326,179.03711053272585,15.515732897006346,6.881024020260327
472.7330798622472,179.34743296914854,15.491356112809717,6.952558551847569
474.1212179036485,179.6556295439804,15.491029569745557,7.030152787118488
475.1720073757225,178.4087677667657,15.47955637452629,7.08541963446445
475.3547857359337,178.90106112138957,15.463152640834167,7.148291885407904
475.54288006605816,179.39734675659315,15.436979062664847,7.205765861239274
476.77059242985445,178.68527961938253,15.436026798188472,7.227344442451305
477.1302449653434,179.0227107890983,15.41872564662253,7.2544860224317045
477.66694618293803,178.47253027470913,15.398994499055112,7.301175763588324
479.25055899822723,178.62951642534304,15.397523890464502,7.338954020319119
479.25121969653014,178.79029647205965,15.396202493858656,7.36978135067866
479.9772548607805,178.94508582830989,15.355752063719722,7.413107612768545
480.69681335966766,177.68386072988358,15.328908936611779,7.464078535954867
481.9334185067319,178.71577547591897,15.330634093173337,7.521622287332663
481.7611705275122,178.52015483730688,15.32054380768079,7.558277320624951
483.5337822052354,178.50091127302127,15.326064217636825,7.596764449196138
483.7266263595388,177.76062508569666,15.296197986687249,7.654048513216388
484.9675883928872,177.57213034310124,15.308910582977589,7.6746613322661865
485.3340686991277,177.55095388797906,15.289788722322585,7.717014242510502
486.58459320918587,177.33458082352558,15.290339981757718,7.792388902910133
486.5709925108468,177.11711063403783,15.317541378435907,7.868648182598417
487.4673980378085,176.89857575374606,15.326706843342642,7.94532263941592
487.84490054048985,177.0176989973506,15.295403065253613,8.068926765843615
488.9467303419734,175.88366591852227,15.272837925848304,8.155898459938419
489.508337776941,176.9373461585208,15.243650811117925,8.236593490350888
490.0862349740395,175.5906221849886,15.184740944140366,8.370644207236916
490.2656634437429,175.17638665650514,15.192934165925113,8.465014941820769
491.57127033475416,176.025071192867,15.163184197882781,8.611548593368624
491.7200092831822,174.85898986299625,15.23654048960337,8.718706121649383
492.6593218812206,174.82817765526997,15.226618971981146,8.780330537102
493.4030892417607,174.79200801175637,15.237641596074676,8.852669824129196
493.56445495536104,174.5464592912551,15.290939110668015,8.96773832333769
494.8402062324029,173.78315136714022,15.39081294587071,8.979281949118032
495.03006003084073,174.12449438050618,15.391551387853298,9.057488000102547
496.3446024304417,174.101446118752,15.434928711394038,9.103584523610913
496.992526542407,174.01938988005816,15.288692650948214,9.267697000998572
497.224722147518,173.74834654757478,15.208099150654526,9.425985956036998
498.56063380050387,174.109209613337,15.233078170776583,9.474774774825093
499.93723225248937,173.85383859596155,15.18502619400704,9.599067534261527
500.11820355347004,173.64415879518793,15.210898034481676,9.630612693372765
501.65887529361225,173.832602141768,15.239390413356325,9.642455482607483
501.6711339328725,174.19189946364511,15.214873134835832,9.702568646138626
503.2019825973905,173.40684765922276,15.273118077654166,9.712701119056113
504.17490219255563,173.58393741854206,15.282448848268881,9.749555592606574
504.95080283292043,173.94719621602786,15.297807627295464,9.806618027512991
505.12522541510117,174.72201750434218,15.341936247335223,9.828870588489336
505.8853606777264,174.31993767150118,15.397691758808048,9.845017235809625
506.64416294128364,174.13020541872766,15.460532317396012,9.829370469931069
506.643489572461,174.1541665011982,15.461879055041251,9.781448304989965
507.0211266975405,173.56976176908054,15.496621723093455,9.765232391908405
508.39617620002986,174.19798718007732,15.513318044389116,9.694550995461057
508.4359010290877,172.99592772646054,15.43386838627353,9.732741217833897
509.2216431082299,174.3939266892889,15.437480296769635,9.693161412543072
510.7817126911133,174.24854415857445,15.462660677675114,9.590761530637897
510.98181726933933,174.0728503917149,15.454275129285417,9.550325456294598
512.3451025240745,174.6970398824296,15.464841105265346,9.475004968629559
512.1364827694742,174.14674821051048,15.49216928060345,9.40585431088119
513.6954329330559,174.1502345870651,15.487509777141993,9.39888155777192
513.7065114591722,174.57066168773207,15.465352724909373,9.335963933958595
515.2419910023806,174.58829314327997,15.495021844163254,9.30070102286281
515.2378899885105,173.8022340578337,15.503223871903462,9.323116271360888
515.6569952687548,173.78269372082875,15.440864809094622,9.36219694537081
517.2253731538412,174.7523944720813,15.405354954457266,9.361074140075313
517.5994068704872,174.21403084674063,15.431503211302033,9.276477855551498
518.5591453901397,174.03896546861827,15.442386129649261,9.240536620265766
519.5367767385828,172.26182371887154,15.415262242737874,9.32417026180437
519.7086568008327,172.44955313684918,15.458136070702011,9.335345378312923
520.8851433587301,172.41717462597464,15.4299268627702,9.400102400061984
520.8457961080893,172.61830137606339,15.508621364051738,9.385979785455206
522.3686857947113,172.61852105517843,15.575365691066919,9.385540427225143
522.5546716894182,172.62113447814556,15.593445763708086,9.380313581290883
523.1114289464258,172.62224325922276,15.650629904530962,9.378096019136477
524.6682228787972,172.4096357396491,15.665413799682897,9.412264588296933
525.0126609577583,171.83202962312473,15.760223035917873,9.391948730110112
526.1687488835452,172.01616772872788,15.805509539169847,9.416582911374816
525.9366157316111,171.81105801244559,15.875776160680138,9.432802661581595
527.2591000616554,171.83200845541245,15.998035672742153,9.390901775647864
527.659711620919,171.43902295586219,15.989665863904843,9.38401946505862
527.8727427802723,171.2186411966976,15.959789486286349,9.428597042299348
528.8523801265959,171.19777380793522,15.982994398037953,9.47033181982411
529.7881507065689,171.21903996413022,16.099183164185796,9.427799507434163
529.8014021186339,170.9988379938213,16.072680340056056,9.469650667650443
531.165278657122,171.0126369127931,16.136996977599686,9.442052829706805
532.3881967751413,170.78231579703845,16.087292945949265,9.50333969381814
533.2072933784516,169.75675732678565,16.047714514227426,9.55618816570022
533.5708812338951,170.77366417619868,16.12045500817758,9.522164978966602
533.5585958626164,170.57849230371937,16.1450257507349,9.512044116207806
534.5566275629324,170.9869909910645,16.152255136448428,9.496363856055762
535.1517197853018,170.79648405671395,16.16357303793679,9.476876942681098
536.5352033148582,170.2260450415505,16.198980473667923,9.416737332360556
536.7296042472103,170.26501360313742,16.210025220142352,9.33880020918675
537.1260377710381,170.29765992966244,16.21453688224516,9.273507556136694
538.7057211818411,170.3354796578237,16.236355838958218,9.197868099814151
538.9144572716698,170.3557654414174,16.2155698739196,9.15729653262677
539.303515368551,170.59662420145037,16.228831071954733,9.071267708459608
540.7167041633547,169.45079203108452,16.16339729885908,8.996408777895493
541.5607365141715,170.64855665049907,16.044044483899278,8.953947369076928
541.9787599996541,169.5187284884144,15.987378539427137,8.875460613767137
543.1662169279268,169.53567181250037,15.937557585306802,8.841573965595227
544.553812254474,169.54061938095256,15.865778738188297,8.83167882869084
545.1651185969508,169.36314968618836,15.798083450301942,8.801645752530163
545.3539049413334,169.18958911204078,15.803971008804071,8.765306653557696
546.4923898383626,169.02694094918334,15.82456795450942,8.70767518931198
547.0774237316301,169.7932822386944,15.801246228743842,8.70398735798284
547.2642172664116,169.61142486547112,15.809500605031069,8.685860658579394
548.2037279740047,168.86442421832268,15.838748428407419,8.653246562026164
548.9541764280249,168.86638078779214,15.863964916127255,8.649333423087231
549.3145875040486,169.06447007638698,15.906809656381775,8.634988292048416
550.4790885007088,169.26022224878056,15.871127692866674,8.62570395222876
551.4808375980689,168.3072838293317,15.775304978525437,8.62390531074762
551.4599342362899,168.90180699233727,15.817111702083443,8.575132013742678
552.1749781606538,168.72535487240492,15.906518743882748,8.548162530975567
553.475370088157,168.73432098725843,15.970842480525285,8.53023030126852
554.0154861796407,168.7431808105087,16.03471936429113,8.51251065476799
554.3501201034355,168.76009052522815,16.12946355738194,8.478691225329094
555.4668549181249,168.57780409655547,16.192907744293105,8.460445113292868
555.2586893651489,168.3807033952201,16.225800941897305,8.471208607615763
556.9904293198192,168.37922585917715,16.219278218114223,8.474163679701682
557.1772829174629,168.18249937022125,16.229632345403754,8.48355533503641
557.9582368292479,168.55815395469648,16.20522440186578,8.50099610610178
558.9255841851531,167.57681740122834,16.192109869203946,8.542089033889427
559.120700894929,167.56199855694692,16.186705592358557,8.571726722452317
560.4617192541187,167.54859845341687,16.20147808107176,8.598526929512373
560.490368242726,167.5241959377625,16.144180103857174,8.647331960821134
560.9047559885993,167.3055416066978,16.08726278034109,8.698711538835402
562.2042600928287,166.57628071274235,16.190047074595945,8.61335189662419
563.1627462438464,166.56773423513945,16.20318383519906,8.63044485182999
563.3454613667307,166.57202965825357,16.22426191236454,8.621854005601737
564.7113111357085,166.55293329021606,16.199260798384906,8.660046741676735
564.7325785306082,166.52211319725345,16.15672600858553,8.721686927601956
565.5335973998916,166.49739467823437,16.10423756631313,8.771123965640113
565.5491295147311,166.480050423051,16.073173336634103,8.805812476006857
567.0903799565372,166.07645291530042,16.09142183602993,8.83782014575604
567.2773897939901,166.05929625511328,16.105811777682565,8.872133466130293
568.6199589560539,166.04479364785212,16.145128185921056,8.901138680652624
570.0912734316997,165.86881065309572,16.32476580474374,8.862821348901141
570.0584770389888,165.6862099867946,16.390358590165462,8.835743549768893
570.8294635059896,165.48873418792354,16.419516084716918,8.837912540372828
571.2334038543685,165.67563113238222,16.39813409721077,8.85736800608132
572.2271481483901,165.2801531542678,16.376982266101713,8.861789259536478
573.4090848552637,165.26749561103347,16.371296409737557,8.88710434600512
573.8190571889962,165.22882828104574,16.3381127579588,8.964439005980568
575.2215661395003,165.19736967833063,16.29258371389854,9.027356211410767
575.0614082400617,165.16753835241417,16.218285304618536,9.087018863243722
576.0632591627813,164.96172440192194,16.187247848056586,9.104113886452758
576.4936249898329,164.9575272291654,16.115245959869334,9.112508231965794
577.5030100799481,164.7535943642211,16.063687950511408,9.126931527679929
578.4510732391082,164.18865558922388,16.132184045176487,9.07803562988322
578.8632032298765,164.1912643427888,16.09413729201512,9.072818122753427
580.2167162679686,164.20155859357772,16.134296284688766,9.052229621175586
580.3690993569328,164.20899643868287,16.222228727361088,9.037353930965265
581.3023066409429,164.21812113184947,16.324539988745098,9.019104544632066
581.6592055160584,164.2227975236883,16.400633088923627,9.00975176095437
582.8266937879121,164.0040515009744,16.441111746883067,9.051334606104398
583.0480786609604,162.79075565420197,16.39555862330018,9.094626564567388
584.2821575965875,163.7588682796036,16.311095701098747,9.144813771308169
584.5152200544746,163.72743571718013,16.241860055977668,9.20767889615514
584.5302612977367,163.71477994528496,16.211777569453535,9.232990439945478
585.7292529312155,163.52747443990194,16.195309736487154,9.21068221171298
587.1409674684354,163.31102267735025,16.145955320474197,9.247289357041094
587.5693751174047,163.11210147376465,16.081514227775518,9.248944661592398
587.9886593739064,163.11079193703281,16.033466243604337,9.251563735056099
588.57107267755,163.11872781125354,16.05241694481121,9.235691986614647
589.9551603746643,163.110921085757,16.046470714338607,9.25130543760772
590.7494591863577,163.10062636927327,16.036996500924715,9.271894870575187
591.3259861753892,162.88843686591906,16.06891099767461,9.301284385679336
591.308090092036,161.88820770423982,16.104703164381093,9.321937948130294
592.9217040055797,161.67779149081983,16.0522100003964,9.345928542082465
593.1251696350655,161.8633531262578,16.041748340218266,9.371274869999725
593.7045697438527,161.2652621761826,16.07317862370371,9.377226269090315
594.347739466843,161.4243535760397,15.97877141449973,9.456354214968377
595.7587124960272,161.3952660606346,15.937554795754473,9.51452924577855
595.7422175816399,161.40688207523525,15.970544624529019,9.491297216577276
596.3663380158454,161.3674568415788,15.915448875761511,9.570147683890205
597.9774995268338,161.34208315621203,15.878933354578239,9.620895054623704
598.4258330873802,161.31491227048363,15.779340982056512,9.675236826080473
599.4678771243667,161.0735708379312,15.685090860740196,9.759952100654033
600.6680070240252,160.4515457351469,15.67273547022811,9.810050101820124
600.4769631968464,160.62546495522912,15.656183367046676,9.860851419194857
601.8687635320908,159.82149678549894,15.667288514638122,9.871813005466569
601.8669665091337,159.80245679895526,15.670882560552359,9.909892978553918
602.2354704649857,159.82043611639025,15.734444120005223,9.873934343683917
603.6325788751345,159.82774631188565,15.744656364416878,9.859313952693102
603.6411432441572,159.80782269926868,15.727527626371552,9.899161177927045
604.2459520658804,159.62060195276538,15.720766074928603,9.872650640265835
605.8262781047754,159.4296562129809,15.763368255677717,9.854135337517462
605.954462650667,159.66029893333152,15.907732180617321,9.793582913539064
607.1402708975575,159.26414381635973,15.947345954170167,9.782149725038007
608.1163771488921,159.28402052675025,16.006485290202733,9.742396304256964
608.5273730496599,159.29811111419326,15.98945990721899,9.714215129370919
608.7486674365038,159.31005132982662,15.948626299490678,9.690334698104223
609.7314799250394,159.33858400077366,15.986725252730764,9.633269356210127
610.9323388524849,159.3414218159448,15.98711297176617,9.62759372586783
610.9152234657334,159.3801965243196,16.02134374526911,9.550044309118281
611.7311416013004,159.19067684624991,15.987356431737005,9.52962142585719
611.9472736659501,158.80959573856535,15.953704369545704,9.49455950701004
612.7926214008503,158.40658973864214,15.853087876963066,9.505532018247433
613.9934408396982,158.60573545224918,15.828698857275459,9.503448900701354
615.3712091309017,158.3977771516276,15.843834083402983,9.52355524358247
615.5855507199083,158.39447069881226,15.811525435769356,9.530168149213127
616.7779887364762,157.61590152940133,15.802679942974784,9.503286127807623
617.3582059515771,157.61393635466987,15.82850636894902,9.507216477270523
617.5508627557539,157.8272830648662,15.839063685257717,9.476393981540063
617.9489285002111,158.03547805805246,15.8339484697599,9.455512131875821
619.5382757307417,158.0246847044908,15.815891585027497,9.477098838999154
619.7621997030252,158.00757904217036,15.76321892378385,9.51131016364
620.9343699596036,157.82217913986415,15.78868707878635,9.487141856892555
621.8963460831725,157.0399363400589,15.839433996833064,9.471868124355488
622.0793325745282,157.2280860832865,15.868898299895367,9.491005923673802
622.2796542776529,157.2193521177198,15.86445338471717,9.508473854807239
623.6738689055613,157.00053342005972,15.851013400681781,9.549684211301429
623.6516039272955,156.8012532683737,15.89554335721335,9.551322651409214
624.2573008737708,156.59683949578866,15.876986326768082,9.562537909077555
625.8396010276965,156.5988940322899,15.892587225688512,9.558428836075025
625.8420134054844,156.58006653741128,15.887762470112548,9.596083825832272
627.0068877190699,156.55532949414658,15.947519294703689,9.645557912361738
627.414937560821,156.5400626020223,15.931368100838752,9.67609169661029
628.194162119906,156.5311022181537,15.973910524344413,9.69401246434748
628.9647196447548,156.51398447369968,16.037528990595167,9.728247953255519
629.9638875985377,156.10650696304975,16.052730725568168,9.737787917539837
630.1693992004556,155.89169136738613,16.044802137264853,9.76432449333442
631.1606871944471,155.4824522697065,16.079342315119266,9.775956222358719
631.5868653189709,155.47315982274324,16.035253406527932,9.79454111628525
631.9412198972044,155.47501203056035,16.134122997728536,9.790836700651024
632.7155528556216,155.27536662238234,16.206258333211846,9.784927203927701
634.2969799191255,154.4584857232375,16.292804902370605,9.793988654133965
634.4963706571707,154.43181596832616,16.301639598969434,9.847328163956629
635.4873724076633,154.4230645149567,16.362869572666703,9.864831070695544
635.6693695012243,154.41737938808126,16.40872865488118,9.876201324446406
637.1115992884239,154.19274697278217,16.39936214655014,9.914738574177727
637.0705245405508,153.98685206829984,16.481511642296454,9.915290827262508
638.5223863542055,153.98066487819918,16.465077219870867,9.927665207463814
638.5817786186849,153.95204680654953,16.34629269091217,9.984901350763089
639.8231701982171,153.9574610824333,16.333277803407626,9.974072798995582
641.0866518080247,153.94809069381375,16.273825876316415,9.99281357623466
640.9157245736641,153.94253480133057,16.20499971183018,10.003925361201027
640.9311031751031,153.95406388437956,16.174242508952066,9.980867195103036
642.178927957988,153.76251340062066,16.132559248118078,9.954973778464904
642.5945815767797,153.7821926930816,16.117126952083378,9.915615193543
643.8056146867145,153.80576668152412,16.137336374414204,9.868467216657944
645.0197138038503,153.61646009677625,16.14846587727265,9.84052576329868
644.8758846454332,153.20186452981108,16.029873766902938,9.857216042821122
646.4932099077903,152.4338009786545,16.033327318818873,9.774291106819256
646.4986005345529,152.85992595346622,16.02254606529366,9.728881087372185
646.7280987139511,152.6834621424462,15.966044698434354,9.679313717475159
648.3534452596581,152.4938003377783,15.921901198404688,9.657818627887853
649.5744055030173,152.70114968261888,15.878775840665615,9.642919126369975
648.9486931550209,152.5194920463189,15.9334828760998,9.607328512117096
650.3341058903216,152.51334414848472,15.956505170647269,9.619624307785438
651.7468604583094,152.4956163815419,15.928693547377643,9.65507984167106
651.3549852636178,152.4931707855056,15.912735450230377,9.659971033743659
652.555460462274,152.49250047974232,15.909978404549078,9.66131164527025
652.5641022701327,152.26414858088134,15.892694788831667,9.718335052438048
653.1668097769791,152.0366469241562,15.888427007134704,9.772955955223019
654.5705536870765,151.01570863137115,15.889598931920514,9.808647008664037
654.5726596435304,150.99350274598265,15.885387019012862,9.853058779441
655.1961688345805,150.975008069478,15.845980134537813,9.890048132450298
656.8435406133102,150.9502661229277,15.771791478325964,9.939532025550951
657.0781318431287,150.7333902960309,15.70489905451128,9.970993643522007
658.0848459247308,150.30937528145864,15.700551967464062,10.015391242203872
658.9170163710083,150.2836605197282,15.646186145869102,10.066820765664751
659.1324058826193,150.2562894940221,15.617946151830415,10.121562817076965
659.7558518720178,150.2230563303256,15.580142853899918,10.18802914446995
659.9750405339182,150.21510051568995,15.545336288703904,10.203940773741214
661.6073674236528,150.20684925924542,15.507189730062871,10.220443286630296
662.8365731745405,150.19001888810794,15.466870512992177,10.25410402890525
662.6294019945308,150.19530003596964,15.478243148815388,10.243541733181846
664.2257159024515,150.0101866295203,15.50933471106279,10.210803623819482
664.2020862232102,149.22970958558938,15.55659406954529,10.160209200062964
665.0199411533237,149.44067346862184,15.531899337557672,10.141035216057862
665.4215190057428,148.8478840397952,15.532871007035777,10.1204230122365
666.6407817485186,148.846065853637,15.50475356716396,10.124059384552956
667.4565578383738,148.86272129975822,15.478695193060988,10.090748492310462
667.6538986418136,148.89432730846363,15.484440835828023,10.027536474899641
668.8540624806783,148.92316554926117,15.480868112900492,9.969859993304542
