153.0,119.80000305175781,6.599999904632568,8.0
152.8197681960535,119.65660470386413,6.649434036565765,7.975767219827584
153.26183198460876,119.09478959885556,6.685631383785421,7.948991274431975
152.78649782682598,119.68177061019587,6.715292859776959,7.9262878012188835
153.34985421550695,118.7798854663016,6.740474195398363,7.887027508234153
152.7638442615451,118.79712078115956,6.7616072101548035,7.852556878518214
152.97788079791246,118.70337977644853,6.793502030172531,7.810054941564064
153.31369216211698,117.90429644357047,6.811393113558614,7.79935604646491
152.7318804125773,117.6770924893558,6.825221640179717,7.79384596591098
153.07055298506245,116.98208271431766,6.838161994267453,7.803294517871309
153.18007263914387,116.987474479435,6.849571535323022,7.792510987636641
152.37069260453865,116.99154134286397,6.855080740853529,7.784377260778671
152.59119554735202,116.4241034992187,6.8749278412065085,7.767120483119957
152.93209101418114,116.8958988993674,6.884566097320187,7.745435269185212
153.15919103501906,116.09656981236414,6.890954024446561,7.732035552384057
152.46514003452916,115.9923911953269,6.897927724403329,7.7102047362879995
152.6930024504501,115.3139849355142,6.902123698650225,7.687254837647027
152.80555694990713,115.55520894487137,6.906685504079919,7.6641484276202325
153.0309332341853,115.5672551944531,6.914701786658008,7.640055928456765
153.14739786399866,115.00367647098437,6.910910139624874,7.621525312426172
152.35586484232772,114.20496558598927,6.892454307884828,7.6174252073344215
152.477244619958,114.20590619675357,6.878125477148697,7.6155439858058145
152.7176636179684,113.97660832671917,6.853633271539249,7.617793935463213
152.95737268963458,113.74804978423008,6.8298492198551735,7.619276928793161
153.309819047703,113.29562915231544,6.807337630331395,7.614276690471727
152.86908092131506,113.06548246706801,6.780721326378158,7.620523782602046
152.98917295555987,112.61007363071248,6.767232095954374,7.624562103049789
153.3375763782713,112.72795970781155,6.750050863520923,7.615331819848116
152.55838382112705,111.93597870992282,6.725568824958483,7.616426662774588
152.9093004359365,111.93299175958808,6.70098331947019,7.622400563444074
153.13863341058658,111.81420065511678,6.693214147106152,7.6345343839186075
153.25490099967678,111.14082030793342,6.686191031247654,7.628222704354361
152.35527497875287,111.2591625278302,6.683028931626792,7.616840032244386
152.35251754982104,111.3825168788618,6.6885437894904305,7.595206046024237
152.2425120338139,111.39541553837716,6.683727196072827,7.569408726993476
152.13293589896057,110.95730591903937,6.678528996559294,7.54822608878819
152.9161444523027,110.52238438275289,6.6796828329415385,7.522314336751765
152.80632836354158,110.53282491393695,6.67575994860712,7.501433274383662
152.13234154040245,109.75877842430866,6.684724357747538,7.487348810312764
152.5844143209581,109.76190013640611,6.672949821916398,7.481105386117861
153.03535484235277,109.4301039706891,6.6622994005136125,7.476274751511937
152.3703386240979,108.99097225424465,6.656957168578711,7.464288405437726
152.82190115929635,109.32651380083156,6.642995869129005,7.460078140474246
152.49783890293148,108.43927051314179,6.625113039642073,7.458545136609385
153.28449713397347,108.43845196888002,6.603646067248911,7.4601822251329315
152.95196026046747,107.8941054282544,6.604595120150204,7.442000816199613
152.62509210220324,107.7787473103482,6.595007617446716,7.451609112268061
152.95782800693308,107.00412676909764,6.592846932581519,7.453124237382103
152.4125074710868,106.99838648298773,6.578024742763101,7.464604809601924
152.96999814495965,106.77827513434438,6.568211193443171,7.462760387518307
152.30609860432583,106.01108264585508,6.5709229612350635,7.451210165441861
152.97127708894385,106.45895245575345,6.564839082917285,7.438319272923965
152.8604813023798,105.58633813250236,6.566015758026996,7.4202287352792675
152.75507317756194,105.69941948905688,6.556678912128972,7.414219117704001
152.7641314790338,105.59064418175993,6.538562309185261,7.411859229103819
152.66074100152534,105.37491700029102,6.525759227805053,7.404145519247385
153.54858035036196,105.15651666232083,6.504156676234769,7.402427158662039
153.33391266587014,105.38317265237055,6.495717898000259,7.386889325780773
153.22683252494943,104.51895869289694,6.491367085852945,7.36722849281849
153.1182808371634,104.52992370286384,6.490333854183251,7.345298472884694
152.78409387931887,104.32610596006867,6.5053679235646475,7.31737406093657
152.8969128745185,104.55159438597956,6.4973169900939975,7.30157132297213
153.6701358547988,103.79172235426849,6.471362269198015,7.300824146729722
154.43973595313713,103.90191810304057,6.449667320781982,7.297219113222788
154.01595085970632,103.80262349323893,6.431703460274389,7.279424820983762
153.922046359739,103.58660373621181,6.403692378631677,7.2798241718831935
154.03918643574235,103.59142499267044,6.384790220377923,7.270181658965943
154.26151846643094,103.3827037246289,6.369977934442769,7.2577724196069795
154.3690265291,103.07234833087726,6.369458169645006,7.23499412548917
153.62359459477517,102.43494382196411,6.361377621049456,7.2249936428195864
153.8387515947434,102.33720279209366,6.35876464707633,7.206625189578831
154.3845090872254,102.01492477523827,6.334868884402762,7.210609689915361
153.8580456221862,101.27155168416847,6.321780110774685,7.204933886865975
154.29357568822724,101.38118685858207,6.302342308237398,7.19856912042497
155.04614173417468,101.27430952666896,6.284679640789076,7.199828152187389
155.05985003452093,101.05554281384232,6.257263040096586,7.21289726137872
155.27642773480932,100.32000679686658,6.248097655459371,7.200004239541705
155.80642662420223,100.32857295272103,6.246342146012034,7.182871927832792
155.27937735154117,100.33683506511503,6.243665289901204,7.16634770304481
156.02546281974318,100.12778369730566,6.228888441637408,7.162337842052034
155.8227635904366,99.91784456703886,6.212772241064278,7.160701443399378
155.73124126707913,100.64825388874499,6.185343309216901,7.17319784992341
155.85266164081148,99.90749252199383,6.152729438038684,7.183132449420094
156.0786680960936,100.00783954962232,6.120430112876957,7.192295186864363
156.71855854809448,98.54425868361785,6.097524802330624,7.1867472008105775
156.62273026448045,98.65289558194372,6.080156114758428,7.178498658959063
156.5284445191302,98.7633582693694,6.06010907632176,7.166191813244886
156.4304924092695,98.66606115486775,6.047907257274791,7.152680003479881
156.7421185433542,97.8434085982366,6.047758519647759,7.136375701962603
157.15655554975453,98.06031904553257,6.048673074179525,7.117449091036906
156.8463397378913,98.06705598231639,6.047595746934151,7.103975217469277
157.57397931470086,98.0664096212776,6.040926376865559,7.105267939546841
157.4737725727897,97.8599003488629,6.034482876379458,7.1045725157593775
157.3735326254475,97.65360057349409,6.028220142688825,7.103686809746969
157.47822570624794,97.04256632302965,6.025462211278442,7.085985929532623
157.58364271449986,97.35656358579811,6.020938764101982,7.0769231119776705
157.99581058979578,97.36287849220454,6.020994542141775,7.064293299164794
157.6880804033597,97.16384664367317,6.018743772810009,7.05054956809162
158.5112947717224,96.54911121416097,6.017556848353057,7.04608906791467
158.50649978114393,95.94289630242167,6.02714682950999,7.025115460834538
158.9107008406513,96.05321799267712,6.040333421538211,7.009869258084371
159.41408416185516,96.06017717593362,6.060432596646896,6.995950891571372
158.88921735583202,95.86407832323393,6.08276449155853,6.9771879101168945
159.60018378737723,95.46658807255791,6.099667102046797,6.949976712281106
159.59233763744692,95.88796058064669,6.115359401907424,6.928820121045637
159.69087639171514,95.2817779951402,6.123602158794445,6.90926369951806
159.78684338062436,95.49930548711508,6.136816909306713,6.884506172229814
159.7781772928899,95.51371145354658,6.154149084775665,6.855694239366817
159.87282217225385,95.52888207240213,6.169664265943593,6.8253530016557225
160.5815833122605,95.44072159594187,6.184207619431111,6.797093149790414
160.5733083000182,94.83688556767574,6.2007576439156935,6.778527419083717
160.46601509001712,94.54241276999298,6.210996508732125,6.754430348892008
160.65721600064867,94.65459270832567,6.236864903351536,6.734205580167889
160.95283672945584,93.84838589058747,6.258317301624338,6.712768933278558
160.23333937044274,93.75199482182911,6.267647912856166,6.701313341253214
161.24145055717204,92.94645336886893,6.2934961654543375,6.6787397463281275
161.33093594032593,93.05962830712505,6.318790056379514,6.656654527048872
161.9322720490796,93.06779652151945,6.342040185996164,6.640318098260063
161.6208006960267,93.07387269127496,6.351683603181919,6.628165758749059
162.53458558252365,92.97552835454609,6.363673178117222,6.620458949103551
162.3266094434375,93.08401049858192,6.370696407197713,6.607959185577776
162.42385472761939,93.09321817498213,6.3805855775174,6.589543832777373
162.9273128753791,92.89892761033646,6.394906179219212,6.5696302031802345
162.41040069283332,92.70487252982518,6.407924085021821,6.549417780487191
163.22001697191155,93.02288444467023,6.421088216733367,6.525542709497601
163.2128162838399,92.21937826056201,6.435489592876669,6.501496736628939
163.20575650074122,92.23081760831892,6.449609159074067,6.478618041115137
163.39981138367207,92.24287576476905,6.46868739522092,6.454501728214868
163.69732223693904,92.25462134754476,6.484209964765714,6.4310105626634595
164.39617329643966,92.16486462380239,6.510229923696915,6.407135141872157
164.3877003067284,92.17503045211242,6.527175903119437,6.386803485252071
164.3789289156702,92.08477491579285,6.544718685235819,6.363947807349658
164.67578877046273,92.09589221518355,6.560842285238431,6.3417132085682635
165.47751265053714,91.90539516614841,6.582854719258667,6.316342258096297
165.3668966432959,91.71540539359655,6.600960613242126,6.290069562202017
165.45229629862112,91.61803535653364,6.63315489199697,6.281816046922534
166.15025867630044,91.73033521063047,6.660796012102275,6.260582892366555
165.93328607590556,91.84140143565182,6.68781745417275,6.241912321683492
165.91880577315055,91.95202028089022,6.716778059682769,6.224262149352455
166.2103913874766,91.04403914936483,6.744883852194604,6.206393348911541
166.50732368597556,91.05274216401223,6.762758383555675,6.188987319616749
167.10715469843515,90.95877540367258,6.7865830995257355,6.173006383481178
167.0950761191879,90.76554332024492,6.810740258020251,6.151408889828795
167.18236506987685,91.28566561806228,6.84022466033334,6.131475812648875
167.57684601069298,90.68402019567334,6.868072793483873,6.109551635252582
167.35842850121247,91.10185731018302,6.896338317858298,6.091016395406328
168.16830529551706,90.39504494576587,6.912000306764208,6.073652493914942
168.25958491936152,90.60876488642057,6.933832958577903,6.054996411610841
168.76172398398427,90.71993258150749,6.951711866944839,6.037092428959486
168.6535416137569,90.82981819313643,6.963655326753582,6.02174248634761
168.43759207256014,90.83970338826838,6.986834577884571,6.001972096083739
169.3425751661395,90.8488502898503,7.016478141669587,5.983678292919876
169.63632418873172,90.85683959237657,7.0426759711393565,5.967699687867351
169.3187403488442,90.86394900147236,7.063704982075606,5.953480869675747
170.12655315200064,90.77006561641383,7.0865479380569685,5.93643906950604
170.21360231852077,90.57427465433359,7.117335975232171,5.918248253235683
170.3009617824266,90.37791377568296,7.147684599541212,5.900834906295509
170.90502381354597,89.87266126816652,7.171083514551677,5.885070773620719
170.17614009731685,90.08885568344131,7.191336362839953,5.863400395691149
170.98641515867996,89.48014597571648,7.213348887764156,5.848897825402961
171.0780921140929,89.79618227468598,7.235418892447137,5.833096973990577
171.376496845003,90.00879931726115,7.255130346847683,5.818876832987389
171.26498202455346,90.21938632254057,7.272580937172752,5.80886092357666
172.7929366741162,89.40664068468544,7.301936205981094,5.788877763055542
172.47415290310838,89.41461567009281,7.3220737265332,5.772927792240819
172.35969499567196,89.42282612884021,7.345130118675309,5.756506874746021
172.45182545175396,89.42960694497793,7.366814663231755,5.742945242470555
172.54555592320153,89.43743556658262,7.385410298702416,5.727287999261201
173.26027607350088,89.4441706346926,7.398572220315992,5.7138178630412435
174.07537763161176,89.45004503684152,7.416911309575761,5.702069058743418
174.07591213166876,89.34611075220826,7.415842309461754,5.703781234025643
174.17341777527892,89.24726986073509,7.426998999758593,5.695295039454847
174.47389053521172,88.84008320321826,7.444653338291041,5.684868543291126
173.74021251658198,89.56793561278123,7.467914322683965,5.67325877703179
174.45163699415804,89.26102731032371,7.490317432960938,5.667681639620034
174.43976573303033,88.54046713086298,7.51405995521636,5.661797012426648
174.42942532111616,88.85310704268586,7.534740779044698,5.657458972571284
174.63338562187027,88.84763608101471,7.541269458362728,5.668400895913573
175.35213900210013,88.8436317397182,7.5562832689513115,5.676409578506588
175.66726044399846,88.11249367412348,7.549627855066032,5.68364827990275
176.9218803761835,88.83292082085036,7.534941513967792,5.697950208357545
176.40750788931322,88.40922046532933,7.524239493803608,5.713793324275817
177.0342801965271,88.61336136818912,7.518604809234701,5.72148149517586
176.62068587701646,88.81878205373721,7.513695187923442,5.72668925424598
177.56091405358674,88.08934836200389,7.505550906439105,5.729313915313264
177.5664781330156,88.08684189355223,7.494422747581389,5.734326852216595
177.9879527178596,88.08457934159264,7.482934640349155,5.738851956135774
178.1961462431294,88.3964747275993,7.482075072112716,5.738352407577217
178.50797681731987,87.66621139281106,7.48164135894428,5.744681728324474
178.29833798171066,87.97665887385976,7.485240957762899,5.747303874826743
178.7243961703745,87.96971508575376,7.464871467968975,5.761191451038753
179.35486008951645,87.75726255163536,7.451055680453236,5.770392502352817
178.5230668942184,87.75345399623973,7.452315624128624,5.778009613144099
179.3616150138668,87.01896435996261,7.438691903035504,5.791450432270113
179.58074305683172,87.11312478898351,7.416324978425729,5.811074154888365
180.21835998745598,87.30741068772659,7.388621078262445,5.838345677763956
180.12465727476456,87.19582498414952,7.368085801438806,5.85357638271161
180.0308856077639,86.45981572411603,7.3477557661874,5.870481318009605
180.76732625138115,86.45172440860212,7.329726188434944,5.886663949037419
180.77224865284276,86.44284728098972,7.319881385511726,5.904418204262223
181.4098990266737,86.95100584740727,7.292330054580988,5.927892252036425
181.31210259451282,86.32060676580906,7.280007833955282,5.9411999055477365
181.5262537421313,86.41458453248859,7.267587445610075,5.961185325634531
181.74300389311233,86.40498696612106,7.25023316814444,5.980380458369604
182.16774607595016,86.39550964961707,7.233213057347505,5.9993350913776
181.96579654828483,86.17999052383128,7.220792156743025,6.01405338701406
181.86603731879242,85.54895033148101,7.212104556681131,6.026897417434522
182.70848488538005,84.8129675656015,7.1934434112405095,6.040908209925734
182.71618404036735,85.01648133722556,7.178045101265917,6.050315292390719
182.82773423139363,85.0116586223288,7.163076017329778,6.059960722184216
182.9417185597304,84.69173608296653,7.14316292726929,6.075639101069659
182.32731794952733,84.0630453238396,7.123962140001445,6.085018611649509
183.16878858145373,84.1622422142105,7.103857049144898,6.094479352532267
183.38364012052423,83.84654171814367,7.089545577870328,6.102792934366209
184.12091068314908,84.25817531289975,7.068260614369243,6.109957837281814
184.13412108931817,83.52968909091037,7.041839802031073,6.1151738515155944
184.14595276231867,83.63080238056216,7.018176456030073,6.120015820769055
184.3658278197152,83.73115413923155,6.99198586760298,6.126092066613262
184.8919973364509,83.83020295540997,6.97200364777311,6.134465796984723
184.49098762646022,83.82668134269052,6.948840225068809,6.141509022423629
185.32554117034041,83.7166939692936,6.928126696013486,6.155434574379335
185.23616965795762,83.49785181683897,6.900919235792776,6.181217909316037
185.35323076202775,83.17657827821606,6.872736980378726,6.205945128383351
185.67602829851754,82.65076832651835,6.844831609516213,6.228082194916978
185.17621020737627,83.04934955815598,6.815390925698741,6.254181224521714
185.91178315176256,82.31701824413418,6.78465317053388,6.278435718957598
185.8229290917501,82.10640118966751,6.756681974680244,6.288311196133828
185.83822988195493,81.589473435948,6.726080394270594,6.295167417087575
185.84924479061968,81.79266549940093,6.7040505769411025,6.298845185001655
185.96319977407092,81.78830675685988,6.680885763647533,6.3075626700837395
186.27900835181075,81.57904591836824,6.66283272195675,6.317041604541127
187.00194072282383,80.85894584859302,6.647693324302269,6.326516399719865
186.80640973833954,80.13916448142527,6.630150069869711,6.335960852151473
186.7116371822005,80.13990293169456,6.615517598926048,6.334483951612906
186.82449232070763,80.03211362913156,6.593732348271366,6.3461375303792735
187.14379163221403,79.71901083663612,6.566438182212262,6.361038658416488
187.46219795872932,80.11558695845737,6.540353193526703,6.382189967233945
188.18842258182974,79.59786936586939,6.5124095894440925,6.400121122325526
187.99962965345975,79.58890010234325,6.483305409886979,6.4180596493778
188.01453712010968,79.58249931638237,6.453490476587098,6.430861221299564
188.02955681905576,78.86427389353959,6.423451078694943,6.446990380234107
188.04474328425303,78.04447427362479,6.39307814830037,6.465117358341064
188.05979482638736,78.13633315504106,6.362975064031733,6.483890068827669
188.07472337645714,78.22832268081257,6.333117963892177,6.502221613744557
188.1887558974521,77.71499855189502,6.307179868126677,6.518235140457455
188.4025884773868,77.91128472262412,6.283451113297996,6.529599204039918
188.71645153458635,76.99782291127468,6.261038032822113,6.5405837249690455
189.4338552120924,76.68889788374709,6.237348958510017,6.553668802581384
189.3435705965829,76.78065873714581,6.216500238249428,6.571565047063534
189.25319741951708,76.06846293411542,6.195879144906466,6.58638452080227
189.26614456548344,76.15891261722419,6.169984852973781,6.606757159446597
189.27503564067467,75.65313899825227,6.152202702591268,6.612408689038651
189.28427809697752,76.05325451071407,6.133717789985638,6.616117017296264
189.4924624575001,75.25009725011488,6.118846804771347,6.6164405951710465
189.6986541857348,75.35359554292039,6.107498211823664,6.609961441320866
190.20705385862507,75.25384850642965,6.091878227342525,6.609219642042473
190.3176372193578,74.45164940928277,6.070687309827784,6.613811404730131
190.4281068600444,74.45075767438763,6.049458130022759,6.615594874520415
190.53650734718693,74.45372157357103,6.032056986772998,6.6096670761536025
189.8512107308799,73.8546573026328,6.009438047594988,6.613613756494003
190.35660675955955,73.75386923324982,5.992302414420128,6.61645861042307
190.9626145792467,73.65327067271264,5.971300790226729,6.619153395633954
190.6738592079049,73.06047099155282,5.954183823316917,6.615497338766731
190.28904178818647,73.1560693180914,5.932301730605056,6.622179918726774
191.08805746757028,73.05473374219132,5.915340241339699,6.627217336839162
191.0963201183283,72.46250209631008,5.898814939823668,6.627034386155601
191.2045423789181,71.87042611410507,5.879544530702515,6.62814167821509
191.31185457222014,72.06731455640133,5.861803363332182,6.628131232090134
191.4156894440468,72.073486533833,5.85073292511685,6.615787277226788
191.6147802515795,71.49372546254399,5.845012727996728,6.597925165968955
190.33639367440628,70.52458449532557,5.855578895084996,6.577586340976396
191.8055622966928,70.04192429016915,5.852971531096406,6.564330124427747
191.22323096117765,70.43651474184806,5.844827279440068,6.557020502861076
191.91261728672828,69.75736358718713,5.83262377405896,6.548753666462719
191.9205957756865,69.75873979757134,5.816666796142514,6.5460012456942955
192.12410393881186,69.56446559498791,5.798856406715641,6.545343714037306
192.32696742169904,69.17551706543654,5.781745380030865,6.5460088949607425
192.6263914103721,69.17780565406528,5.765031115426372,6.541431717703257
192.05211157770708,68.89191449795487,5.751354069119056,6.5320956741054
192.54304685013582,68.21852994312835,5.736195740019922,6.5254676816967185
193.31886723123813,68.12906628073846,5.728531190493529,6.511397979891715
193.12933024634754,68.0390036922386,5.722292765253603,6.498866959380885
193.1285340120796,67.76141783279903,5.723885233789463,6.476952541468406
193.99578635333395,67.48189349209572,5.7178094662065035,6.4598582512330704
194.00345696022814,67.10094609408863,5.702468252418173,6.455011989452756
194.00709715633337,66.43617516295565,5.695187860207693,6.445001213768478
194.20528561696202,66.14993036965569,5.680996729871072,6.4442121139873505
193.54240673423078,65.9626224163672,5.670779435510627,6.43712086061496
194.0257551813116,65.39470333738757,5.656982998223407,6.429478470324875
194.78847974920816,65.4938420769762,5.653459937593396,6.421441750542999
194.69704949964162,65.20864804496118,5.646260680117139,6.4216505447452334
194.7954774675584,64.73587867015098,5.639352493164721,6.417450549959981
195.0860837771456,64.92750927830083,5.627455991608786,6.413733412072546
195.75602958435078,64.07587882563027,5.614231914530746,6.411278912272045
195.38183972793067,63.79111500815783,5.605515217271055,6.412984239641991
195.191015193349,64.4598721578658,5.608842514296038,6.399596142710256
196.04602119248898,63.8938226456844,5.599891180011795,6.39765472440923
196.1449209833294,63.3312663783732,5.590924878181306,6.3897675799298925
196.33297779528743,63.33932005675813,5.5919461362197715,6.373660223160036
195.6775070330509,63.252029481187,5.584548340658739,6.359907185725986
196.5265134297987,63.25681304342354,5.5785585704122145,6.350340061252907
196.5312425819602,62.60237197201097,5.569100266089226,6.344913738901201
196.5355507937557,62.69452327929867,5.560483842498254,6.348133918492764
196.53973792410298,62.78676451448896,5.552109581803682,6.351086156237742
197.00595801983764,62.137929136684484,5.5564008981999695,6.337332800834857
197.56567042831404,61.486837269002635,5.560187661715335,6.329103025652333
197.5669182250457,61.394845795254525,5.557692068252061,6.325950964336123
197.56589521597581,60.838753029630254,5.559738086391828,6.315859355268153
197.56451756900336,60.93754233133324,5.562493380336728,6.305203241945082
197.65620084033705,60.10070893757037,5.565928178164198,6.297657965016871
198.30597754980454,59.82584027862224,5.5735496100375945,6.287177489709515
197.92749949013862,60.48562413303405,5.583711477252651,6.2744997220902565
198.85718514787777,59.74749912522426,5.590982679041464,6.257435723896127
199.03843283435452,59.75781262854782,5.6015182233188305,6.236808717249004
199.21908208891023,59.768094465754984,5.61294616002105,6.216245042834667
198.65500972290474,59.68344786812573,5.623735507865115,6.199312340732016
199.3946587216001,58.948695431659765,5.6335140152658365,6.179740708872463
199.2068844433136,58.028363451216514,5.637091005946155,6.160546840295601
199.2038727820409,57.945364055998134,5.643114328491616,6.140801783460983
199.57229189335328,57.30637299521261,5.648404507329131,6.120059202472995
200.03745311072635,57.4995951586173,5.644546687498209,6.104200721629699
200.49990450200056,57.59972186902437,5.644565107732989,6.088931541372208
200.40674164035212,57.14346003975583,5.646144486914119,6.077723479330468
200.40755876114173,56.595633063199564,5.644510245334937,6.065798041503121
200.86717573387142,56.598294455273724,5.647198631567187,6.060475257354797
201.6048591807728,56.41334484318307,5.646584516672047,6.061686286809209
201.696303417641,55.863018911214745,5.648049287756549,6.056218681820336
201.14487903185963,55.496253473472535,5.645151110208658,6.052584924564338
201.87987841572615,54.948755192208885,5.648659369628098,6.042451216727254
201.87889208279506,55.04581891742552,5.650632035490267,6.032409631753985
201.96777328764205,55.055028660789745,5.656829973836343,6.013990145025524
202.42551014593437,54.96972548896773,5.66021088518085,6.000825563083728
203.4368489292733,54.42016935196336,5.657339932788321,5.998225138391373
203.43736976308944,54.78738419007069,5.656298265156062,5.997925779626511
203.89567966142266,53.962896672937944,5.657235333456791,5.995298456951049
203.62521702674056,53.77892530342038,5.647705119009988,5.996270873445483
204.360809443309,53.318194978984224,5.64331356051143,6.000985725668819
204.445893014527,53.32246465541743,5.656499581860921,5.9924463728024175
204.80902415750788,53.325285411101056,5.663952876074502,5.986804861435158
204.0694237141297,53.05315677630715,5.675482660795939,5.980685467759867
205.073058619961,52.50880891941105,5.687218531170499,5.968105354986335
205.52639805868034,52.789125798669836,5.698215063449104,5.958076842299131
206.25795433096405,51.78434925584317,5.703520499789021,5.948555204204814
206.25270076871308,51.51385144049293,5.714027624290964,5.939089500728118
206.2507887126542,52.15784183020178,5.717851736408723,5.935644412737782
206.24353168060682,51.52253920472239,5.732365800503492,5.921668381461904
206.9692371975514,51.52865562113405,5.749131120378836,5.909435548638587
206.96515870678064,51.25539384342146,5.757288101920332,5.905173695685369
207.04896238510915,50.800427738630916,5.773337869479754,5.896820284184396
207.49999915409816,50.07071486706325,5.790161562286711,5.886010458063761
208.04460816292288,50.25970070526946,5.804194599863321,5.875789133393384
207.6743571720789,50.260839283291226,5.808953030262919,5.873511977349849
207.48905396793126,49.71062298845702,5.811609189351953,5.8700938193995285
208.31339877721643,49.071750999535794,5.818588825482303,5.860095043585832
208.4054187321032,49.1651486664931,5.818464906729878,5.857215700692277
208.68034370536327,49.258185250308465,5.820221158524808,5.855011265833254
208.3134314809171,49.07563366512886,5.818598711932909,5.85239098845032
209.1392055970654,48.803194807297686,5.821204766733329,5.845883941747008
209.68674490770275,48.25206440312937,5.8285276115739855,5.845743283968335
209.50060119656465,48.34391601438398,5.833121562287456,5.845886797240479
210.3304220599762,48.70828558302163,5.8287721116721904,5.852833116057587
210.9699806237423,47.33522836621967,5.837390310592471,5.839514707263493
210.87310850795976,47.98563436552302,5.8472462749206295,5.825920579315192
210.86986949110056,47.53291794224602,5.85372430863903,5.812206812936219
211.1442279655912,47.61972380065385,5.856152839287134,5.822310255997032
211.69542438958425,46.78934324338428,5.857235660880489,5.827857866167012
211.05540835369882,46.874712501938085,5.84914820411159,5.841136424565069
212.34174520808153,46.233683445076146,5.853859931450648,5.83450182023671
212.43173416608295,46.88277687641002,5.857950641339229,5.824795338808934
213.07791047417066,46.14956006639852,5.853458490186011,5.819388427377957
212.71386034689377,46.05728487437422,5.846262084120688,5.820114646271772
212.62499664908333,45.876608811496,5.84026712690729,5.814022066359737
213.35839399350212,45.238330814178056,5.841728413552218,5.805854082448439
214.72798470531845,45.151269127337805,5.853941167351245,5.796551177633486
214.0806452392814,44.97214050950874,5.864317752169247,5.787864885504157
214.80853492150766,44.33618584375537,5.8765220014769755,5.775288554970679
214.62156710002347,45.07545526114217,5.883474947951714,5.764680506171671
214.15761003840484,44.52965738938179,5.894223400986478,5.755677445449493
215.4343706589623,44.71768819464281,5.909138828118998,5.746535358962786
216.2584153535642,43.346339338012314,5.912994567853125,5.7359911906606635
216.16547505189928,43.62947244409469,5.915431870970401,5.720054879133599
216.16891142600247,44.18372699238765,5.908559122764032,5.710923104693665
216.35634147399875,43.45468144404349,5.899653736077227,5.705195364158688
216.63177316636023,43.55203850042867,5.897031695493299,5.69322836610132
216.4490214190779,43.558176810448245,5.897501738316615,5.680951746062182
217.81756475535983,43.469365486784575,5.895363225774777,5.676244516054729
217.27180071824043,43.1109955942295,5.893560048436571,5.664096800113578
217.99566111321215,42.48114373275283,5.901850265766866,5.649790891702392
217.99452577761434,43.03204545464805,5.904120936962522,5.639416138123616
218.44752773058028,42.30904072970314,5.906997212690012,5.631217297358464
219.17971663052774,41.67564377898036,5.8961489294651885,5.6261728717176425
219.27742445607632,42.22191083858875,5.88217471235338,5.622287356412991
219.5491881684502,40.96202923367327,5.882130508898819,5.605795533542575
220.0018629407077,40.87953357787415,5.88127664383004,5.589887709251574
220.09429961460796,40.253617944819474,5.877036982455947,5.577283170376228
220.73162036229917,40.34417329323245,5.8649683519551825,5.576540025676238
220.28794616415553,40.43454744645768,5.851482144313714,5.575958640011532
221.01360109705595,40.61614966956374,5.8397452386843876,5.572647433842294
220.7499858101653,40.79950228418427,5.827844572553535,5.5653630312093085
221.6408625713893,39.549827685767255,5.840177929408386,5.552990597019299
222.17087295619038,40.185273065748135,5.856591515706486,5.5379399189411505
222.79116468840843,39.56448161644892,5.8719753326829975,5.52355553612699
222.25151092035298,40.01970694534026,5.874665624518271,5.510285915240635
223.0527719913611,39.399630436964344,5.885552035927266,5.495565612661721
223.1365507707191,39.85039807995526,5.897198368741351,5.490049784330255
223.67204848888494,38.60139095041284,5.901991434992745,5.477890870721227
223.40321061296464,39.32347754525611,5.902128297802402,5.467154718450462
223.93719273348188,38.79322326902262,5.908230447704439,5.453596879980933
223.66724451035105,38.17403557725072,5.911455092568308,5.439738060263153
223.9315154414872,38.27047115858655,5.919074294166407,5.425587252214957
224.73412650419513,37.73698413440499,5.921376598975605,5.420878347094694
224.81494973309702,38.456837045990135,5.938304848764294,5.409770184664145
225.2587811157341,38.013936678646104,5.943948978343137,5.4022640244991935
225.7923111671089,37.83522708150804,5.9486665074668625,5.4024240081509
225.7866191872997,37.12750911905059,5.9600504670852255,5.388215306583872
226.5865622596948,37.222177637745375,5.968069368289381,5.3775343854159114
226.67190982364593,37.04790936952654,5.975984649185743,5.368850104256304
226.75976811297062,36.96133556278734,5.978862914165064,5.363402874106058
227.4665331257573,36.78815668575043,5.993753734876115,5.352655416608772
228.44203709082342,37.33059820946979,6.0074809758150565,5.33944609884522
228.52909233116262,36.62123972202672,6.01198482275483,5.329248452786007
228.1702228973032,36.6253211217633,6.015638993504955,5.321085653312854
228.97042379419767,36.449472106252465,6.021263013658321,5.315889059014016
228.9675353329526,36.27392235646897,6.027039936148459,5.310085727628279
229.31960178078717,35.83273476071223,6.036699592785759,5.300220228758724
230.1205402949567,36.371437664956815,6.040782247314893,5.293454208848342
230.20657030083063,35.75135048099183,6.047117123044786,5.284864364433659
230.8281034968647,36.377811153344595,6.05253881742089,5.280431106172377
230.4661523373211,35.7582298926249,6.062967585844337,5.271014913950111
231.26409498536918,36.03035411470709,6.072492830228821,5.261903316612618
231.79491299397873,34.87477670443487,6.081138473588857,5.254114539235716
231.44011466942877,34.787681184794984,6.077178712727017,5.249916476025045
232.2472287359204,35.323171441777504,6.06729488743945,5.24849883385717
232.51625694029124,34.703713992557,6.063492907971027,5.240820063993997
231.8979024098949,35.23849719433306,6.054882486968029,5.23867035912389
232.70069581529944,34.616839235335114,6.0489112766112125,5.237840810101364
232.88382855756862,34.705465866239855,6.037904508712227,5.238216906611579
233.50851696574742,34.620322520794204,6.030782977565939,5.231038556758423
233.33646178313467,34.6201382850541,6.020413966824818,5.23140702823864
235.19076998432618,34.00662577406471,6.030584372138177,5.218836447651966
235.62827268604894,33.21438590306973,6.0407834223869985,5.20994817299204
235.62190249553893,33.39863815086846,6.0535238034070415,5.195555791423615
235.97055685387465,33.493007102039414,6.064303084182521,5.183839888443444
236.14217718120804,33.317507354885514,6.075063208857003,5.180838603410022
236.7546722739565,33.32316238618575,6.089901790555907,5.169528540809546
236.83659754304963,32.79955670114781,6.10321695641631,5.153745686605473
237.27285591163505,33.42648467527755,6.116286657415901,5.1397107517845875
237.97235581226164,32.90248600783844,6.134030339089214,5.125150474467943
238.05350255782014,32.99918614457695,6.148868738388066,5.1088820914067385
238.75407203126588,32.12149408600954,6.16451533130936,5.0932842837755805
238.65609226567184,32.128468405279065,6.18338744784137,5.0793356452365295
238.73527758860595,32.04689547733529,6.202169346654833,5.065328956442355
239.43506895969912,31.43255204477944,6.220306466225997,5.053510942516242
239.15994046757905,31.96897277035917,6.238655775693734,5.044484840901551
240.3060662307558,32.15175449123207,6.253101963950183,5.033797970634206
240.56575576360729,31.35821282129518,6.266183827333638,5.023498523248757
240.20575969038748,31.362727822254374,6.276092750178101,5.014468521330363
241.44629163046352,31.369022844669363,6.28039827720832,5.001878476500389
240.82004614605196,31.461201257880827,6.291171725977165,4.994909867228083
241.6126069047135,31.55417953190882,6.303012472061976,4.98639357066187
241.8716138861597,31.55748014578392,6.317448713026614,4.979792342911663
242.49076638532622,31.199375581279227,6.322324470784195,4.985612468440734
242.03734868055295,31.023910049853654,6.340327749878822,4.981010679111124
242.83550596344307,30.757383434630334,6.345718225762303,4.980162229003196
242.74906420905734,31.380353821323066,6.34056581063309,4.980472922922355
243.10695418760687,30.843559578414766,6.336634378337728,4.986288621533428
244.44293053303326,30.932886418100114,6.334628581188944,4.9856314017429995
244.2660478601071,30.933633298076856,6.33248376369127,4.984137641789518
245.5967372743854,30.937179691788412,6.33957471378599,4.9770448543664045
245.67708036264398,30.587180219925173,6.356779793135841,4.965478774624571
245.85017290590548,30.500972746683743,6.366527545706132,4.959927301560786
246.6458010408177,29.97128926341116,6.377497841827857,4.951143224141834
246.37192165392906,30.598413552492392,6.3911068383311385,4.943244126285344
246.36436511739595,29.98049242862197,6.406219911397376,4.93218151243434
246.44857078040337,30.2505673658412,6.41598846242799,4.92657126913221
246.53654564706642,29.095531744715256,6.418276303673189,4.9195540419576185
247.06895304942145,29.188475528791056,6.422410080200931,4.911824570678985
247.9555852610806,29.191393029992053,6.430096992931789,4.905989568276995
248.13108959783162,29.196887143670175,6.435322761065319,4.895001340920754
249.19537373607824,29.024293024839462,6.442965868648893,4.884154347902703
250.08051406437832,29.743604178397522,6.452255827240422,4.869188532939925
250.61145131143675,29.484618368567432,6.457506429797346,4.853597604263233
250.25452556076618,29.136643534266188,6.4606405116246615,4.838829853351903
251.05123423949803,28.877788849375623,6.4645935449778085,4.824082426194094
251.13925443928846,29.770289329328214,6.46585764788238,4.81212649114374
251.31570662148135,29.511076645731894,6.467209401007328,4.799167682070277
250.5192729069763,29.075438729028818,6.46764879535696,4.785761273998416
251.13707308518585,29.16963502352662,6.469113252880422,4.774092229851746
252.10952132342962,28.29136155719821,6.46631742735513,4.765093116179263
251.9359120143583,28.913198293578585,6.460806797688683,4.7559720107503045
251.93510885314998,28.215592427298915,6.462413120105323,4.7421327519742995
252.1979343576764,28.486598853573277,6.464548655862606,4.727906444235636
253.60912755236976,28.75458107571923,6.453808675087282,4.719125701558379
254.31790269936616,28.0549047225881,6.439624449141244,4.715112339773864
253.97446622575575,28.233420456809668,6.425939232100505,4.708359953461533
254.236514222439,28.24000427023406,6.4263060977059805,4.695192326612746
255.01741208412898,28.247362971454905,6.4360046632673225,4.680474924171062
255.97035296947283,27.469546492290654,6.449799748992788,4.665463181797922
255.87560305614622,27.913006143720686,6.464820834483443,4.65093758475109
256.5672266876813,27.04818965492007,6.477315010498052,4.635893763496385
257.7840955680805,27.14230060851018,6.485310291650686,4.622081359312662
257.17098140303983,27.322955056386867,6.491416147656914,4.609378884723602
257.95207535726774,27.50263122577308,6.496906046905161,4.59839939210763
257.68532696879686,27.856440163146857,6.508137103562851,4.587135811072163
258.8126304686732,27.16560531411148,6.516475971831847,4.576223436514215
258.1993948174498,27.43186459564563,6.524815414050137,4.565761384972418
259.0664296876982,27.60861892782222,6.53046785919799,4.560197157748172
259.14990349767334,27.872767812160927,6.537485998882067,4.55379666797392
259.58265426346105,26.919498824358886,6.54181482112005,4.546707865188586
260.62652187089077,27.00708076019035,6.541051617114599,4.545458327763488
261.31788537981663,27.358508555957005,6.549381898769393,4.538131385983443
261.3135819211957,27.53832934139885,6.557988816011254,4.526263501894606
261.91589380439245,27.541839909658936,6.570108650077351,4.5192423653744305
261.476433986069,27.544839997180368,6.579592200926103,4.513242190331567
262.1669778496425,27.54511393042642,6.589952054176909,4.512694323839459
262.1653360787594,27.36923488395042,6.593235595943014,4.516296231943669
262.16335768582394,27.193040044998668,6.597192381814057,4.52031143509521
262.68096863354856,27.02040909326541,6.607850738550132,4.5169465878332575
263.8138954836084,26.410860443648716,6.609435592663427,4.515115434787352
263.1126314026127,26.587995036763235,6.616668448524174,4.509670075091
264.06891501120845,26.680820480415694,6.622839175833677,4.498449910013448
264.67892499827406,26.68377542333416,6.623183521134363,4.49254002417651
265.28173877872314,27.036271213157814,6.6372707950356356,4.48452835012886
265.3632470436427,26.257602807087146,6.648578530288132,4.472946776447021
265.4443981937366,26.35067399376473,6.660578542880683,4.461106715872347
266.13890131070247,26.443111306056654,6.665862650074134,4.450518383929142
266.21942343686686,26.27436631579917,6.679008277300475,4.4396286053337874
266.9094465528011,26.192873717741318,6.6926142863357505,4.428407271336522
266.465865519742,26.023845665519172,6.708654441960992,4.41801461158366
267.24552904754347,25.940271378999146,6.717958719770089,4.410870814244601
267.23886569098835,25.51070989447476,6.731285432880367,4.398428149069676
268.01436035497994,26.21273157094172,6.749048848959192,4.3888316797465
268.3526466352596,25.607599051992032,6.770125747502255,4.378210164216812
269.04201165056634,26.22334521638713,6.787805293926153,4.368576215334332
269.0314286077755,25.964134292326396,6.808971379507702,4.363032128326066
269.5480399099881,25.44286803727163,6.825027276951118,4.356286136567002
269.9791006414758,26.057445614238052,6.837942810250523,4.35218277741872
269.8860765288739,25.62212963585576,6.848858933868629,4.347154226255266
270.0540531077894,26.235930286400112,6.8633284294580115,4.346032212137741
270.57508226691834,25.88752347136299,6.8737242111966905,4.34120977554765
270.65946433065085,25.617116559928327,6.88044385267185,4.355572291596259
271.09593379734315,25.697766655562784,6.886628515160505,4.370096819501993
272.24714401824104,26.217231720374684,6.874292253173075,4.388128619020507
272.3407058332025,25.59158067214943,6.863445922636655,4.405489619765575
272.60870426796845,25.6733633347515,6.856664150134879,4.418329326904835
272.9631446421751,25.6679277973336,6.853854914044186,4.429200401740628
273.75985977932675,25.572725816500395,6.850339971484142,4.44294710432446
274.02841458909774,25.5670920556611,6.84373219973874,4.454214626003047
274.65231135872693,25.471473440205294,6.8343980946083995,4.468529080610634
274.56789138248564,25.376296228381662,6.826216703220096,4.481862160386985
274.6609140361723,25.546609824604328,6.817292053746691,4.495476283741361
274.93244776994385,25.53934205172108,6.8058645044577695,4.510011829507861
275.3815297624159,25.709432334771424,6.794117898581447,4.524398215034287
275.3864974162835,26.500174218262433,6.784182590846259,4.5390295245597185
275.3031851753792,26.13733120147298,6.7733672470938275,4.554956255894423
275.83709130173787,26.842266053152382,6.77080436284023,4.565419043820556
276.6409483093533,26.30452076793423,6.76217996026565,4.574849872486041
276.4680259022446,25.674698084842344,6.7526183343466295,4.590572698192807
276.46724940066684,26.027801382989004,6.754171337502187,4.59564559815114
276.64466042709336,26.55802062595559,6.755203975649548,4.60277118521946
277.0875314170664,25.93101291908023,6.759766890132635,4.610359746769557
277.7118393639038,26.373389299432652,6.758939274170518,4.616884327288144
277.53338742764436,25.742256233040884,6.759141003251257,4.630692958038135
277.5290094395175,26.367796110092026,6.767896979504916,4.629692648357964
277.5224954421644,25.74216584096899,6.780924974211132,4.6300655806701965
277.6027895062721,26.45712675162078,6.7992376419718745,4.631350127175627
278.4001380978232,25.83171831584982,6.817323083760885,4.62778051269105
277.4124906739466,27.170970556405003,6.819092585956508,4.640446957341125
279.8992125108485,26.07385661117679,6.833806530745034,4.637000301057149
280.07759497131354,26.611660808511765,6.8366666857905445,4.640267134313984
280.52980557883853,26.066050684013852,6.831794365904659,4.652028709112909
280.44461196964437,26.60088036722647,6.822150278441706,4.6625571777956285
280.8109431917809,25.9652357793093,6.809729304179993,4.673423781110097
280.99660752595116,26.32160692640115,6.798506646585274,4.680893508417976
281.2723037754712,25.77734215145628,6.787136170713916,4.6893790119702565
280.4687751492611,26.04166138144904,6.77440824012886,4.700668946319809
280.65381642770586,26.30580877822143,6.764266981930635,4.712286100812017
281.1108150493835,25.581810831256572,6.750316975494968,4.720206415670221
281.7488759265796,25.937289077151576,6.7337016637425435,4.728967891102925
281.3072312132012,26.292652649518416,6.7178762194748085,4.737532643188932
281.3163236609773,25.834712496750516,6.699691323922634,4.754788156219125
281.2337622167441,26.45893080092153,6.6850799495113575,4.764491388020565
282.1351593266017,26.00262175240515,6.679014791290706,4.778744954306042
282.8532464983113,26.721664190433682,6.681366030141162,4.779185660518631
282.4047104052632,26.359766708986328,6.6791453901535585,4.783546362546229
282.31228304193405,26.26968072792999,6.684103426059033,4.783821633906116
282.13461446346287,25.72642985486991,6.679487930155557,4.790465421488856
283.3064648726752,26.079342720165236,6.675991544029163,4.804702593143815
282.4958928990975,26.5239523529149,6.675363211895768,4.816467927249401
282.77189803231573,25.88613696929588,6.66449545313592,4.829432843241983
282.96037403737193,25.878497845739297,6.64840163709989,4.844711090355145
283.86922428966204,25.869721027111783,6.635059392424289,4.862264727610172
283.69459105299535,25.953045154564613,6.62328320858233,4.876137801292237
283.60869348686066,26.21763107433897,6.614508391314451,4.888675810355175
284.75037543728223,26.164330673927672,6.601834434505834,4.906535233223678
283.7638593278983,25.614756560449152,6.586705800883463,4.9212320861496694
283.6805725012595,26.059314259228913,6.572527184715163,4.935878035819583
283.9582818081223,25.87264464025725,6.559436484822789,4.947665331207466
284.7694576973703,26.95836354508249,6.564007978447087,4.945458551050764
284.679200188576,27.31704116051531,6.563720166553704,4.951314638113313
285.04077001683567,27.31741373614867,6.564157062799609,4.950569486846589
285.40680732885846,27.134619315989372,6.555636912092344,4.954381090496024
284.77744969977806,26.774702716578975,6.54860459586162,4.950929961093059
285.2312496005945,27.407994051134864,6.544292559258641,4.9489501630231025
284.7809836122901,27.228069832914212,6.542026998503081,4.947679584518637
285.5045957821268,27.048672078224637,6.538836504014492,4.945466632601559
285.23471488012376,26.779449092734875,6.537339907700395,4.942654203260857
285.23658772844067,27.8614938745164,6.53359421106653,4.942773316986844
285.14943708437426,27.770181164390895,6.527599909097467,4.945103147135915
285.9631447549019,27.67944610339785,6.522365141624012,4.946330983168465
286.43947347255676,27.097668165041277,6.517724924259566,4.944508734063685
285.9922127642097,27.550840759185157,6.511836034503218,4.938573852226456
286.5348830682405,28.091113845984903,6.505867794964719,4.937400047150125
285.90861415907824,27.46412669926194,6.499908846741927,4.932877574048815
286.7194538554105,28.184801288592872,6.4948146615043605,4.928493024210961
286.54161687024873,27.91958702639361,6.491545953460678,4.920507531058646
286.54501775953014,28.638187212080403,6.484744174897894,4.917636204613993
286.81835715172406,28.548368721136963,6.475487101244161,4.918132616256146
287.0024075619311,28.458742259674217,6.4654013957519725,4.918377981720698
287.45549316366953,28.278697062571762,6.453519126200035,4.920752802355611
287.1027623060824,28.10088344173756,6.444119510717162,4.9189493786955
287.8222237853633,28.011778067782643,6.43353685465103,4.918617588793394
287.9177200819054,29.08121268188347,6.420919945610409,4.920256569114841
288.10307594098646,28.36931635439292,6.406628017680457,4.918370063167319
288.2878047133557,28.81613477627976,6.393092503910369,4.914538296814485
288.649782632124,29.350456495223266,6.379904443965024,4.912046525314643
288.03445609339167,28.73109679118362,6.368407566580217,4.9086159785444305
288.8391825500401,29.26084928041158,6.353921587189213,4.912422289359104
288.3132357749207,28.731511685153457,6.343459320366257,4.908741662813556
289.1142022411944,29.3509582283732,6.333082263332328,4.907725368440115
289.21071291327905,29.34821897373317,6.316725369861561,4.913203877720179
289.2176958915734,29.25867615434241,6.302759413272983,4.915785875429375
288.7805898433791,29.78799214967553,6.295310844481124,4.915146682979539
289.3133934928222,29.25885242277925,6.286950570370081,4.916179111997007
289.1396104381463,29.87591227132695,6.2823231444686805,4.914736788287452
288.87822063738685,29.523521834134215,6.2770951326512625,4.915507511557878
288.7045144874198,30.140096385204696,6.272637237237719,4.9139040931339135
289.49665876379544,29.877601566703383,6.27091620587735,4.911371223006231
289.58720842730196,29.788076642346727,6.265590210871875,4.914647739711991
289.6782607742816,29.698610578581228,6.259230626843422,4.917834757312158
289.76831691970654,29.696781281567404,6.254817927772898,4.921493351339808
289.94819775253126,29.606689760270864,6.24643926993624,4.9259848900265215
289.24925137838693,29.60412084299578,6.239242349006293,4.931122724576688
289.3403114067748,29.601293298919558,6.232731741190131,4.936777812729136
289.78617793228705,29.86119405528838,6.21900641955894,4.943780937627496
290.40783854734207,30.470956049107915,6.2042196296518535,4.9527913901914165
290.2378859052311,31.25859453359978,6.193276051949916,4.9563342998647695
289.8934831212157,30.99144276216357,6.180825318148769,4.96469561636314
290.5991691251387,30.725174446171835,6.1715221623129946,4.971456428842782
290.6038045209048,30.720408711401177,6.162251370780712,4.980987898384099
290.60792187604034,30.80293645764315,6.154016660509644,4.991169814679467
290.6995449838594,31.149318866459495,6.146046196984978,4.999508005500669
290.88012375815543,31.496145669346106,6.135465072163692,5.007007247268913
291.5883715611588,32.191601499858834,6.120944587958871,5.01807070804538
290.98148989637184,31.837889160378182,6.108290557492694,5.024685466983826
290.90210910028475,31.83335733683629,6.091937434663132,5.033749114067609
291.6971183094965,31.829604682656356,6.077003857546804,5.04125442242748
291.70530287166173,31.82662405442241,6.060634733216321,5.047215678895373
291.71336770318953,31.909894878291134,6.044505070160765,5.055418709065931
291.8074548888342,31.993223942984663,6.030959067864194,5.063388948671556
291.8993924234568,32.423479013343695,6.0216319501856805,5.075618565787258
291.99274073227684,33.29189569049747,6.00953636039048,5.084795489929409
292.5245456939783,34.15993273043545,5.993298977838515,5.094342311471824
292.0088010849972,34.06746373812006,5.9779982511530925,5.104815305327958
292.8010185858077,34.15088580715271,5.9631364297566165,5.11236818728763
292.7213221880639,34.23572548226543,5.948240522887403,5.116977539419099
292.641603351308,34.32061195936824,5.933545765907056,5.121337015705653
292.56159621108384,34.49116813726308,5.9195849112138275,5.128174930199077
292.48107433019527,33.70478791755878,5.9067598390986,5.136115864576145
292.4882062221282,34.22151708630087,5.892496055232705,5.145443456391843
292.58117504553206,34.91450458405395,5.880284669766197,5.149278551614958
292.93539761249775,34.825520604172894,5.866233579820896,5.153648000380536
293.20268858310146,34.73558860676586,5.852003777713217,5.16006128216139
292.51400590835965,34.732200614581934,5.842707212604568,5.166837266529249
292.69104406443495,34.729410294113706,5.835224816860407,5.172417907465697
292.8663697730921,34.72708835362123,5.831113647304014,5.177061788450652
293.5629792310481,35.24376607968284,5.824139366837976,5.183389812911742
293.4802893416981,35.84536018230099,5.816245666345497,5.193115962022223
293.31082057394025,35.66904754850256,5.808570537174342,5.199128564932262
293.3161650333614,35.66608995707742,5.797881618331994,5.2050437477825495
293.40602070543014,35.75042707266439,5.791381799811058,5.209581042225083
293.4093981793831,35.833858248167125,5.784626851905085,5.215901620427941
293.4984850320972,36.34852757173783,5.779631925765631,5.225635649019649
293.58669361447585,37.03784312867055,5.776471155605189,5.233055691928988
293.673526549551,36.8634140285392,5.776130853244677,5.23526275661223
293.8483376040043,37.0350631814906,5.773219681339443,5.2386753877108445
294.4568240614095,37.72806112463751,5.769798854138764,5.239596172971016
293.85341978645585,37.63920544963091,5.7633252052831505,5.243981494589522
294.2912309951894,37.55069240153392,5.754178640739314,5.247712420198849
293.6891430967366,37.55008169996516,5.745868859960802,5.248933823336373
294.3009780273557,37.97497701689329,5.73391496219963,5.264654591963797
293.8735616858702,38.573031375377795,5.722915628554861,5.280710698256893
294.48574735201476,38.046404754619,5.711297573622309,5.2944611306116816
294.0576058114388,38.7324283540848,5.701140883214559,5.308717566175675
294.66980422131894,38.72694381139018,5.690236495829896,5.319686651564928
294.5023738281432,39.15550338331594,5.67837715196511,5.329367833253946
294.3338380427872,39.670263526686455,5.668791661385451,5.33981873038821
294.25239721669004,39.57861957081634,5.658328723404774,5.349762051953532
294.1716237155822,39.57412831709255,5.646536992594606,5.358744559401111
294.87029706238854,39.657253248542624,5.635563940071133,5.365791401637126
294.6122558499765,40.347508149362355,5.631936361810663,5.371174941556455
294.35619253959123,40.08223713288385,5.62426744839064,5.381921440323012
294.1859313682788,41.374848950339455,5.618159181901179,5.396427373769994
294.883335765032,40.763156810394975,5.610944541250326,5.405666769910348
294.624259191084,41.27902207270638,5.608650452722979,5.41483071813423
294.4499576792907,42.05972335493332,5.610070635850926,5.415750935744048
294.36543497299095,42.32102025311576,5.605487804739905,5.414041870510684
294.3692150231487,42.23533662670904,5.597927704424492,5.411879770399493
294.3726936000525,43.017327493414996,5.59097055061677,5.408287490728825
294.2905215371159,43.19085864327693,5.5821039872073985,5.407646569570249
294.1224639179068,43.36079930210243,5.57209625327728,5.41388822426745
294.81875631474605,42.7515001962976,5.563536616344085,5.421464423725029
294.65126878310275,43.43867334545921,5.552534629077073,5.431026327616344
294.57031725388964,43.522144186356805,5.541470869731089,5.437051463593347
294.57242861775785,44.47288421580949,5.537248141994723,5.437341169506225
294.49058160995156,44.47277246599255,5.528115769839643,5.4375646691401185
294.4015301613817,44.564440275789636,5.53353225799027,5.4269154585350465
294.22959226750595,45.08553540386354,5.5322011771572654,5.420345808140587
294.9192507161236,45.77793287256675,5.5327147291601975,5.415381319972313
294.75047819761807,45.779303522259895,5.525442794150215,5.41264002058602
294.84392882778707,45.86031913034261,5.510792516474464,5.422859787082843
294.85131293082264,46.37186966155382,5.496024310403345,5.432851377054428
294.77199763420214,46.368130182815726,5.482547343927661,5.440330334530625
294.6931576291448,46.448458221832155,5.468213853533588,5.451687757006491
294.44098965719564,46.961579282703994,5.456649081641583,5.457247066843696
293.93056781155565,47.732584580506305,5.446258491561881,5.462087893278568
294.537422322106,47.81412239316969,5.435044031007774,5.470797205172746
294.0260476069981,48.327458187602325,5.427321657941244,5.474597419589943
294.54493057171425,47.80786549319911,5.419655897136184,5.483682639769035
293.94450919621073,48.8389055132768,5.418560998124249,5.482067142503376
294.46104058931775,49.01023697595724,5.415474453753952,5.482729631090415
293.68990897229685,49.69584172015147,5.413117690387274,5.48451569595399
293.7793319928678,49.863537716949374,5.405887002220326,5.4923544083081275
293.7825674599939,50.5457011391834,5.399416067968123,5.501023551920527
293.78441276681895,50.287871881308206,5.395725454318077,5.501706261595395
293.61297015878495,50.203542659134165,5.395388532488662,5.498753636994788
293.3578179179237,51.747894745876636,5.391014924005566,5.4981180047439
293.27360404065575,51.75078407898179,5.387962343931882,5.492339338533601
293.79214161166044,51.92204015050427,5.378935376848916,5.492509920464097
293.19703846852354,52.17984055199768,5.370730972257603,5.490513699276665
293.7118690920041,52.78240862918206,5.367313461643396,5.482661903979466
293.199983717935,52.87150278754474,5.3659041709391095,5.475336927061175
293.712230799512,53.04665670776842,5.365766198532234,5.4664811501962
293.1149321459076,53.47625868289268,5.3662704022494125,5.460200845298906
293.37356243730613,54.07052599744646,5.3604918373825665,5.46512425802895
292.6116586986717,54.91756448012482,5.349977942371479,5.4758488174277895
292.70255074834245,54.91338248034134,5.3386764229062,5.484212816994746
292.7933996395496,54.82375518626193,5.327413988633138,5.493032057012391
