150.17300415039062,249.89999389648438,9.741999626159668,4.900000095367432
150.11669454189533,249.3922421591201,9.764254186288465,4.915503570096003
150.56135397133767,249.3845276804541,9.786946657370084,4.930932527427965
151.7009692798414,249.4929773684223,9.793735514614976,4.942635098916894
151.67946928851424,249.60622155164933,9.836735497269268,4.945050383385623
152.4557475160073,249.83245995777364,9.891206309154715,4.951724218814596
153.35609189361125,249.9413860209746,9.934425087857056,4.964360534151483
153.5731825855989,250.0498433891016,9.962923364465409,4.978785628189275
153.5590377391685,249.93138057688884,9.991213057326163,4.983704605667222
154.24166820803308,249.8116305688458,10.020987510347098,4.990698723294981
154.34573410544556,249.69481902503958,10.045918479936034,4.99125904649358
154.56365485896066,249.46033514441854,10.07695159623467,4.9933521844067865
155.4908966593354,250.27554757563706,10.09388893836474,5.000420646989313
156.1787147687108,250.27549980593534,10.124039875756278,5.000516186392784
156.17208043891253,250.27166041070097,10.137308535352824,5.008194976861515
156.3893577796574,250.26831352706486,10.172889252038747,5.014888744133703
157.434241082626,250.2707121082051,10.204459415848271,5.010091581853232
158.13025811107588,250.2665370159614,10.228920228174303,5.018441766340625
158.11797423094663,250.2603132026632,10.25348798843275,5.0308893929370155
158.58868502880915,250.25362904431006,10.260706285204861,5.044257709643298
159.54351512558074,250.24012279160402,10.251025154606054,5.071270215055375
159.90304157710864,250.22814320372964,10.245444536168867,5.09522939080415
159.7824279836413,250.21535950755398,10.248514259177622,5.120796783155473
160.85451531891434,250.20426402595393,10.252144225628339,5.14298774635558
161.69255274053302,250.194557476019,10.249643349783156,5.162400846225411
161.45001242798713,249.70535643870423,10.25596196001207,5.1832788911293
161.4400496871935,250.53874301243098,10.275887441599366,5.195346306947162
162.1609060354324,250.4119183678338,10.276183695150522,5.208660771136694
163.24358067226757,250.28349323094875,10.275956661920981,5.224941907080066
163.97051138276677,250.15755795456778,10.267176699095515,5.235965550146477
163.97284807198233,250.03557831922674,10.262503320664415,5.239016404981753
164.8034410451909,250.0389689591355,10.287564985201591,5.232235125164189
165.03285885241158,250.02976164766224,10.311015354200585,5.250649748110717
165.74671436833043,250.02119586580426,10.334132221380226,5.267781311826687
165.73641912351025,250.01570848234545,10.354722711020578,5.2787560787443075
165.85136082481947,250.00630835374437,10.367769883608924,5.297556335946443
166.57216463001004,250.00185638991502,10.38683990061459,5.306460263605164
166.6937283645091,249.99383987416238,10.3875919944658,5.322493295110447
167.54335520995554,250.11512153112884,10.397508060406876,5.324097089296666
167.65386008595073,250.1126558868818,10.420838542224722,5.329028377790729
168.36576509110427,250.11200833476482,10.46563360843555,5.330323482024683
168.35694285479624,250.1029017209967,10.483278081051608,5.348536709560971
169.09751723540995,250.0914546955046,10.478248253427699,5.371430760545166
170.08215301852397,250.0789704936302,10.47970396274585,5.396399164293919
170.19265611175823,250.0745849945028,10.505490409679416,5.405170162548753
170.55816312493272,250.56265075993582,10.516443049526762,5.41832751994452
171.41569844188788,250.06665627539962,10.535340219737119,5.419477743805017
171.7841449247452,250.67880009604082,10.542467803827224,5.435224352197182
171.655277675382,250.29921290892688,10.551819517841938,5.449250372290053
172.76236888333514,249.92353290802217,10.57649215180955,5.4543253574748345
172.6338572641575,250.6606350207309,10.584304116842313,5.4753887719921295
173.62290376068992,250.27982619895164,10.60372106402102,5.487940187959282
174.2417377109237,249.9006095394237,10.617002975318513,5.495803619956107
174.10249000406802,250.52424535609455,10.644978010205302,5.50113388073756
174.58490048547782,250.2739507976776,10.684248662765627,5.4996771898814725
176.08402325129452,250.01643171380857,10.704894177901057,5.5115668498247175
176.0718434188361,250.75971592808955,10.729253842817924,5.537491218557266
176.29837781670574,250.50213332973345,10.781957683305793,5.546883779042265
177.15916521821137,250.36860021126128,10.837134853158048,5.560128305577554
177.14738609361905,250.23310475411049,10.860693102342692,5.576259557083145
177.01469079465863,250.21158962656355,10.870600291505355,5.619289812176972
178.031524974801,250.19725816648085,10.887893683054731,5.647952732342412
178.7933981845606,250.3200634484627,10.906853153969701,5.65945981678443
178.77760976551983,250.4428283024042,10.938429992051237,5.6715242667079675
179.67217288599838,250.56119134665138,10.957162664746766,5.693063737306818
179.79691642082196,250.67852787336065,10.96658700480489,5.717302093593555
180.5595487261674,249.76141930971463,10.998123649501617,5.735251089600027
180.54928799291255,249.8823548139484,11.018645116011305,5.753619040587125
181.06506124629507,250.12962070630374,11.030524188102946,5.780800045304802
181.05361332330884,250.37569533118358,11.053420034075446,5.811647375710882
181.83580559706445,250.76074297166357,11.063225314305582,5.828647008621525
182.10353117845514,250.7439551176083,11.053376491126631,5.862222716732081
183.0244114738503,250.73402955223287,11.054244834576034,5.882073847482941
183.41632195910987,250.72921028482241,11.061181980914247,5.891712382303838
184.32868948181925,250.72081718945861,11.083421084708725,5.908498573031471
184.58762281490894,250.70745291341353,11.094491744146284,5.93522712512162
184.58027021223663,250.69974117602072,11.109196949490912,5.950650599907261
184.97063438113108,250.68783404199303,11.125180767817863,5.974464867962623
185.76450443964603,250.67459529738832,11.134725441813984,6.000942357172037
185.88578305212573,250.66417866893698,11.158976392699227,6.021775614074724
186.69108241165853,250.65124308522775,11.153510733120196,6.047646781493209
186.67413520474037,250.64374471117964,11.1874051469565,6.062643529589421
187.4634503076989,250.7760106916972,11.220618223695853,6.0667521156636735
187.44062547047952,250.90865021688413,11.266267898134648,6.070673487058638
188.23770519294965,251.03408986398654,11.29175008390131,6.089734464638282
189.18132145282564,250.8873157965306,11.29901212895903,6.112640518863102
189.1808480686445,250.74912842059385,11.2999588973213,6.1178741196885875
190.13778453069907,250.59935240319098,11.284798571831992,6.146181497548617
190.27983697467272,250.44919659011097,11.272198936035695,6.174987871557592
191.100960587786,250.44262527283053,11.26082151210639,6.1881305061185214
191.25537693678856,250.2893762033051,11.2238569835777,6.222760475692871
192.0742002006308,251.23321752607038,11.21768994165658,6.238470563552953
192.0836868364262,251.21992393162836,11.198716670065778,6.265057752436963
192.50249200649486,251.20753794399405,11.177893969777887,6.289829727705586
193.46020012024562,251.19696211817705,11.169112137315379,6.310981379339581
193.5814311082345,251.19953563506897,11.199256415284157,6.3058343455557635
194.53268653904377,251.19939586610488,11.207498323806655,6.306113883483931
194.79639005308408,251.20174838051497,11.226274004221072,6.301408854663748
195.73630741688402,251.20434428146876,11.259462055347313,6.2962170527561465
196.0013964337453,251.20543235289531,11.276666584932547,6.294040909903076
195.98914344461636,251.20086935217293,11.301172563190475,6.303166911347849
195.98485126098703,251.18966670354868,11.309756930449105,6.3255722085962995
196.80501219371632,251.18350041532605,11.319043817906563,6.337904785041575
197.89489998351385,251.17954400363783,11.341525206109141,6.345817608418033
197.6101193204591,251.1706040913175,11.359588020922855,6.363697433058663
198.85039526616205,251.16945968233335,11.365923282427627,6.365986251026955
198.8405133163163,251.31203091336917,11.385687182119087,6.357297229135656
199.11529475307037,251.44490315988682,11.389319566122047,6.368150364855837
200.07756665492352,250.61059569075607,11.40262913798538,6.375748124057672
200.21371302596285,250.73965547723668,11.407498759388059,6.394790914577744
201.04936471849302,250.72640113765175,11.401547246067034,6.421299593747602
201.03715026017184,250.86682899685476,11.425976162709363,6.418365692363789
201.86451192873466,250.86448027326475,11.440652156592174,6.423063139543822
202.26698043992675,250.59071338794752,11.471305814296608,6.413536456785888
202.25649602885153,251.29294255093532,11.492274636447084,6.403184405163705
202.67383701080206,251.15406458882688,11.494457157590622,6.401985501032346
203.6498681446795,251.01600855902146,11.495161450898141,6.399130909062855
204.06661012496585,250.8726400043658,11.498462722332588,6.406939607705179
205.05610798222682,250.7214495424631,11.473238905305475,6.430210260439859
205.61478894425,251.55342493098104,11.47241211678718,6.44106218669599
205.50061539924906,251.54147354305027,11.421452899279165,6.46496496255754
205.79329899597224,251.39313068672706,11.394003813892285,6.482691621174229
206.6260389937551,251.39002148127128,11.401647908923799,6.488910032085812
206.76428636385273,251.38189172896077,11.404226022841744,6.505169536706825
207.73612501146258,251.38135206752446,11.416259393741003,6.506248859579426
207.87815866350613,251.3786485517228,11.411775870726727,6.511655891182812
208.86001563959152,251.3765401896252,11.405326461959078,6.515872615378001
209.1442093121691,251.36845909215907,11.396109726269875,6.532034810310194
210.13424296081692,251.35491957037755,11.374104464026596,6.55911385387326
210.28590762930585,251.34005672951275,11.350631553572047,6.588839535602859
211.281317383403,251.32876838130122,11.319897470863555,6.611416232025953
211.42517361389378,251.32306332050743,11.312123517703018,6.622826353613488
211.2862712881971,251.32020253894962,11.309911938858367,6.628547916729152
212.40792642602005,251.30882115758752,11.3072433601387,6.6513106794533545
212.11867165660453,251.30878289962988,11.324901632471985,6.65138719536862
213.2355179021118,251.3068151088102,11.336722584067951,6.655322777007913
213.94801533609746,251.30240666489507,11.316384197798396,6.664139664838201
213.96415356741178,251.30036866704424,11.284107735169751,6.668215660539858
214.26733264151866,251.2900298391962,11.238485045829737,6.688893316235974
215.39152043215728,251.2856535420723,11.230420501867398,6.697645910483748
215.1038880351728,251.42981477241813,11.245551875141665,6.689390160139485
216.07561625649842,251.5737986194626,11.263161834106882,6.681574809138601
216.9157102306782,251.85333858309338,11.26466680073908,6.683059186874295
216.90912490462372,251.43693296621046,11.277837452847994,6.674881632025294
217.75242638876287,251.86420617880864,11.273557675563463,6.661496802325796
217.76061451082438,251.44174470454783,11.257181431440426,6.666127511730197
218.47025275702933,251.7229365309695,11.237566464788806,6.663608469190241
218.48702890802087,251.01956399182055,11.20401416280571,6.672362484048381
219.06196945422505,251.3010592679633,11.17112197296646,6.667866383047446
220.05361422391195,251.44334555202735,11.138607668248621,6.661975991298762
220.06650741914652,251.43372050590241,11.112821277779469,6.681226083548638
220.63871639320786,251.43078695414226,11.080563810983522,6.687093187068982
221.61658186350292,251.43248554595445,11.068444650467521,6.683696003444569
221.77575265438549,251.42619342526427,11.027524207217846,6.696280244824933
222.63985190902636,251.4126444773159,10.961467550240092,6.7233781407217075
222.6713898236357,251.3997908584308,10.898391721021397,6.749085378491861
222.97980564300656,251.39228675472913,10.83353185460592,6.764093585895245
223.98188107275917,251.38219242239055,10.75626579175774,6.784282250572414
224.15551965392115,251.51380147530494,10.683441472199526,6.795516987509336
224.745603479733,251.50015513328765,10.597479867502834,6.822809671543924
224.65490065977,251.48685197464482,10.506165040085026,6.849415988829613
224.69934065971893,251.47483723565568,10.417285040187153,6.873445466807899
224.88195807166585,251.45849342750802,10.322911625213216,6.90613308310321
224.92893016840208,251.9819130847066,10.228967431740767,6.939239322332928
225.1103259658866,251.699186632935,10.13529755219109,6.9664487950374
225.55826786840018,251.27738236244926,10.04389526552914,7.005575817643711
226.40580664093767,251.65901792472516,9.953383578969387,7.044587622349501
226.4484336534003,250.96753531080546,9.868129554044197,7.094038239954733
228.7753096409607,251.4111545747216,9.789435633039174,7.137534631429259
229.2212791575886,251.40385935776828,9.745051241919183,7.174148734632178
229.68895100245226,251.3906788296421,9.69973624018913,7.222370321499342
230.1401990964379,251.3759399264378,9.652492547682757,7.273460905698079
230.60970458192338,251.36664200325987,9.613566953029785,7.313329912214487
231.07221526197418,251.3500792378755,9.570452763775364,7.3672894720825495
231.55702350841582,251.34357798143782,9.532469796074293,7.400579309370521
232.0267774057288,251.3348408073939,9.49753113792563,7.43767821820782
232.52236955419738,251.3274629910175,9.464166513016472,7.471270665025081
233.00157728010643,251.31748264258025,9.44019069507497,7.509146070080352
233.44987583208047,251.30734086601302,9.422083152933297,7.546278024725375
233.94752632768956,251.28718391236208,9.367651916861721,7.6022195060101465
234.4035717004918,251.2673883891113,9.327354494793688,7.656051966756101
234.8909046993763,251.24910856694336,9.28605210655454,7.705290218290669
235.3860599626632,251.25082639066673,9.258203110167027,7.712781892799748
235.86357360216263,251.23602686616948,9.22795411323567,7.751356142061122
236.32989931172614,251.2367191129302,9.20421549525001,7.756780994069428
236.83199761021143,251.23341293372764,9.175285892487116,7.767809664926319
237.30111196154533,251.23247710914492,9.147542224690628,7.7856081949097495
237.7943410033545,251.2417482784899,9.123319349710952,7.796435777700514
238.29522307277242,251.2687527327972,9.129502833595852,7.801471449343415
238.77904502559628,251.27779499249417,9.137055769671653,7.8057240861913275
239.28473850849926,251.3059350655687,9.14688738582711,7.813815526592774
239.781070467891,251.30795656009013,9.1429581618649,7.837704044490836
240.29704325937487,251.3270995275988,9.131742600131386,7.855419190516425
240.79912524263804,251.29870216460176,9.113850147672728,7.9016614082168335
241.32104501876853,251.27866656637332,9.07184672029547,7.95273251959633
246.96986084458004,251.12825273648977,9.028482886121854,7.9856014218050735
247.1391600000904,251.11589830394374,8.957697047212262,8.010310286897147
247.44446474755927,251.3773909997522,8.88130468710653,8.02154203011219
248.00787782603783,251.7821440723497,8.818880379511508,8.010337271938715
248.03444236519533,252.19661544120925,8.765751301196453,7.976246246537453
248.1936109687556,251.42063858396352,8.71099429956757,7.946718728079107
248.08026530533266,252.49305120482018,8.675428473383002,7.899950710609123
249.13822276027676,252.51790992823126,8.647178883864244,7.850233263786972
249.1415255921839,252.54554432565877,8.640573220049918,7.794964468931952
249.3952825261825,252.57353071534013,8.650542768288837,7.738991689569204
248.73314408522236,252.60409171379243,8.684804223798153,7.677869692664608
249.60666989450468,252.7623560919926,8.740657880571375,7.61889883274107
249.57492060754245,251.89247402391274,8.804156454495784,7.556307472700886
249.92853173071254,252.05313221635413,8.869307243013033,7.492448766103902
250.79735657466313,252.34286660429422,8.933718438782497,7.427854528415288
251.01747684431803,252.7601514118641,9.008257094972638,7.365453706525553
250.9784716379534,253.04901604005013,9.086267507701892,7.302782549400635
251.32737279635583,252.56491930102783,9.161604017622553,7.240124258477953
252.1951670551655,252.98194377367713,9.230975550924374,7.179629620717044
252.54695334785495,252.36727239785807,9.301191369227762,7.119325032884743
253.28633876672865,252.91418780856677,9.37053741816385,7.05757213592298
253.38374173918328,253.58961039557636,9.43380002110838,6.997069701172808
254.25807080123724,253.10329167565092,9.491432476458584,6.937541095618993
254.35463770024603,252.87275282769792,9.556239984723433,6.882736178960059
255.22737388382856,253.5462295055326,9.61693697983632,6.825903796346344
255.3301600315796,253.18540083134246,9.669372786149271,6.773536839281763
256.19592179660583,253.08418588120742,9.743412246750356,6.718029169458446
256.28826873434105,253.8859759152435,9.816856814924659,6.6632797632548355
257.02593018181494,253.65148396021414,9.891568351654433,6.615585529421101
256.9899879419802,253.54750535875738,9.963452831323961,6.564870534479003
257.86192164438637,253.30759942074553,10.031950302042954,6.52686387463657
257.83025772986997,253.19905339966832,10.095278131075686,6.484651812611634
258.5730926607819,253.996583530189,10.1669012500357,6.446884532354138
258.67202756242614,253.7589991372692,10.229021024283261,6.402074163121819
259.4261796968928,253.6501882355539,10.281723255143241,6.359528216586777
259.5352879494857,253.53676797333225,10.323747602866455,6.3261278881211815
260.291553259954,253.4211349945895,10.373055908234074,6.2970873578893345
261.31580415743167,253.4333751181926,10.408976018119347,6.272607110683103
261.04120101688466,253.44749136401282,10.436831755211147,6.2443746190426515
262.0654306796021,253.33230159227352,10.473282279037965,6.214140431363531
262.2979936613091,254.26339113882514,10.52944708654658,6.176479036488977
262.28877037671583,254.1436199814576,10.547893655733139,6.155178188504039
262.6628748477449,254.0289826331492,10.581954224530628,6.123696381502332
263.68837942154073,253.91837313030322,10.616773113132053,6.084186882670209
264.0557025206878,253.80249695575958,10.663850350719358,6.055364753130325
265.07372076798987,253.8152292696033,10.714071297261961,6.029900125442897
265.8373325680436,253.83068655905478,10.753401500820146,5.998985546539919
265.81464677044926,253.84612910512737,10.798773096008885,5.968100454394757
266.1842717219656,253.860125916002,10.843396831603679,5.9401068326454824
266.174091623804,253.87300210633938,10.863757027926887,5.914354451970736
266.6756303958761,253.88852443623364,10.90600886287226,5.883309792182223
267.702328666511,253.9015084503862,10.944005336404238,5.857341763877145
267.95022767869204,253.9118430541807,10.971285452675192,5.836672556288066
268.8589033170792,253.92070190515503,10.985038399465424,5.818954854339459
268.98331077889173,253.7990000787375,10.997708186097608,5.800873796917241
269.89992163555786,253.80339235618695,10.994011186966933,5.792089242018316
269.88891090677186,253.67967743487904,11.016032644539017,5.778363647254478
270.5424051648127,253.5426126524221,11.015261116169402,5.791249814625933
270.67298708566693,254.32903486727565,11.015550756519104,5.787126277268181
271.4562654021919,254.20422604576848,11.017315476663388,5.775357028083406
271.58822672418654,254.07552184826923,11.01460341298386,5.77155484277211
272.49721287495174,253.94732299512344,11.024368654843654,5.7668471857222245
272.7496452231771,253.94302523879185,11.04183988067226,5.775442698385394
273.6623789496445,253.80886041297637,11.047379983908225,5.782199841991938
273.78401839352154,253.6746408178927,11.06587119615133,5.788868932162086
274.5594811301793,253.5410851914096,11.087884836688186,5.793823666152878
274.5538818087557,254.32681612226844,11.099083479535324,5.797753127510073
274.55472135802677,253.40249589577402,11.097404380993177,5.8068121012328655
275.22044540237465,253.39007081642188,11.080598488665709,5.831662259937181
276.26722410691247,253.52183671263148,11.091908546041486,5.83123890082444
277.05434857159304,253.64704234383336,11.097264367171434,5.844095096835824
277.1804844818875,253.77644059801077,11.108559608103205,5.848865650001701
277.69880696710345,253.76562950934974,11.127175037057551,5.870487827323754
277.6980666063137,253.7608086894599,11.12865575863702,5.880129467103402
278.3575197475496,253.88992729569566,11.13298717675357,5.886539794749515
279.2713076469111,254.0221496733895,11.159160508237077,5.886916343677082
279.65290317334444,254.1581603869116,11.191607693054099,5.8801076625274655
279.6401702797805,253.3611838899149,11.217073480182076,5.880623152718072
279.76462600222374,253.49388901219817,11.234118176440502,5.881169049296448
280.7003120524405,253.4868529833609,11.226258459735106,5.895241106970944
280.83594047161245,253.47738841754594,11.221344000636261,5.914170238600907
281.7656375761238,253.60346172455493,11.228116901344409,5.928618925972993
282.2871178578387,253.59785576212155,11.252928458365052,5.939830850839776
283.2208480961694,253.58751190398345,11.25797133058125,5.9605185671159555
283.6064178324916,253.58429857170853,11.290621287535094,5.96694523166581
283.46683691986453,253.57603929215372,11.301262679889124,5.983463790775418
283.87312064419666,253.70016934210403,11.295576819346456,6.004164220248718
284.8061577317224,253.69467625724076,11.314127062175087,6.015150389975243
285.0662509944863,253.6924302053468,11.333327575700515,6.019642493763167
286.0138373208939,253.6887058732744,11.32852694699876,6.027091157907999
286.8395477534913,253.67727048543478,11.29776769316829,6.049961933587213
286.8504928518967,253.67193118589591,11.275877496357419,6.0606405326649355
287.5207639553073,253.67214523958148,11.28488550296253,6.060212425293804
287.50800872554953,253.67228959037777,11.310395962478076,6.059923723701225
287.75492466015794,253.67295342902767,11.357376479531236,6.058596046401404
288.8204635000494,252.99639758500936,11.394900353614583,6.056331763271565
288.6721228568609,253.12687527196817,11.41999295721824,6.066965072127351
289.89815341176893,253.1192503485803,11.417195189761195,6.082214918903125
289.61880837091064,253.10993843266755,11.431163752564247,6.100838750728576
290.70738264415854,253.1109435187118,11.437100993433358,6.098828578640117
291.5175978909514,253.10774207306454,11.454302484671688,6.10523146993459
291.6471176611554,253.10429143557835,11.468564617023404,6.112132744907007
292.60078899735265,253.09847755114902,11.476631643674043,6.123760513765635
293.1523392600016,253.09064382686964,11.469323458500218,6.139427962324405
293.0131766701554,253.08344333592564,11.473539603433753,6.153828944212398
293.15815996586264,253.08293909646827,11.457990895752005,6.154837423127167
294.1304121773432,252.94705909223111,11.43292941437527,6.152391297089431
294.1492667481612,252.80891769968628,11.395220272739222,6.154879038550544
294.84256529181096,252.67371429301255,11.375033088487776,6.152003871288389
295.1059100709051,252.40730899241447,11.394214023969235,6.138943978814788
296.06429989028334,252.94905962521702,11.388394970178785,6.147420190333104
296.1948140560177,252.67377086264375,11.400420366379224,6.151890260141256
297.0073489496975,252.27154429008468,11.415195320743203,6.13642103439764
296.99153334426944,252.5534617125002,11.446826531599317,6.119106753295411
297.6640304723314,251.7397879984487,11.468979702301928,6.105877269206653
298.756641573785,251.87866378083223,11.471987835134946,6.101654496407093
299.3019613197392,252.0209236532253,11.475350904279288,6.090635391884101
299.3097782314438,252.1545587418305,11.459717080870025,6.096726313499902
300.27319048535446,252.29038429976828,11.445541150833462,6.098310708736513
300.2787875405036,252.28696301325985,11.434347040535275,6.105153281753334
301.24881800229053,252.27776206980693,11.405332011686907,6.123555168659207
301.3958940464132,252.27381643187672,11.38407454098888,6.1314464445196
301.81439710066627,252.27318923807798,11.365218234747548,6.132700832117105
302.78321150731307,252.2651568818296,11.334810997192873,6.148765544613871
303.4737935948388,252.12931653161965,11.315081409031286,6.148159327655803
303.62935409533134,251.98810377693783,11.275946057410186,6.15859918765553
304.04170112297663,251.85353693131623,11.266012755638222,6.156145961059213
304.04544759222404,251.71784294707513,11.258519817143508,6.1561354736206875
304.6062257369743,251.43769549956536,11.222114453691391,6.17385490561602
305.6927543880239,251.02768556316747,11.217481901280586,6.180715497278617
306.23596080400694,251.16036377894784,11.215476311242552,6.186460876199935
306.23656036425564,251.15719784827363,11.214277190745161,6.192792737548364
306.521247454757,251.14863790129664,11.187424186806387,6.209912631502348
307.4693170543969,251.14512463406615,11.189376724612673,6.216939165963317
307.75345230135156,251.13609443920205,11.163715435860095,6.234999555691498
308.7264494141464,250.98345478581564,11.116353219679732,6.269045718263039
309.2695254201173,250.6947600325057,11.114650492404248,6.304210582549681
309.13618785982885,250.13693421705258,11.109640512398522,6.333121811125388
309.1396670006218,250.39246973985945,11.102682230812665,6.36625513674349
310.0845680302146,249.56952018037046,11.120811968062966,6.376784144490753
310.22253156466587,249.70278668284146,11.117893919448175,6.383260159836454
311.1625665839145,249.8425667018574,11.149353653098439,6.376775803539956
311.29563461538874,249.84080041426935,11.156649332229295,6.380308378716076
312.2569585910415,249.83346497778473,11.149199955095401,6.394979251685285
312.38155096017016,249.8302518824576,11.173753682035198,6.4014054423395725
313.1992819522137,249.69784214404453,11.183559786586347,6.3920135710593335
313.34567083189,249.55821102607862,11.164979202245744,6.397078631979113
314.02962046952587,249.42248687245183,11.167119424128316,6.394519039801871
314.1710284292593,249.150464380161,11.158299665120875,6.3905717034643335
314.8695711386245,249.28864300618108,11.130206663111405,6.3880129347683425
315.96640480394376,249.28855655683628,11.123249694318641,6.3881858334579285
315.9706166635124,249.2886043100338,11.114825975181313,6.388090327062925
316.1137951336164,249.2891801512453,11.101581207789026,6.386938644639935
317.07629883189674,249.28235820356284,11.086848121772114,6.400582540004845
317.22833453541443,249.27803423177662,11.055686038520188,6.409230483577262
318.19145191296406,249.27464124744313,11.037607850386392,6.416016452244283
318.3315987966638,249.13279282315204,11.029754674918962,6.427272708894326
319.16592099036893,248.85552254332018,10.996198557707569,6.436783845158454
319.1755591336332,248.03037740240146,10.976922271179015,6.454008184678647
319.44855114478224,248.0254484870335,10.975303894451613,6.463866015414557
320.40383508158794,248.02775342419494,10.971014423374136,6.459256141091674
320.6789180360083,248.02572871974627,10.965216157944806,6.463305549989
321.6305317955208,248.01867307947535,10.967151741523859,6.477416830530842
321.76587830036124,247.88029940132873,10.968892186190182,6.4817307324769375
322.5857056351924,247.74864345466526,10.964430868239798,6.47251040051856
322.7289765607507,247.47826985593903,10.950199114251905,6.468637403713704
323.6755626962276,246.80092479963642,10.961259092351112,6.4631616241382766
323.66032493264436,246.80276515795066,10.991734619517672,6.4594809075097945
324.33085395278295,246.80317497251932,11.013153436230885,6.458661278372472
324.449958547507,246.80345178308167,11.047743819453261,6.458107657247729
325.2721822348735,246.7962484973432,11.043118876760046,6.472514228724669
325.41342010081615,246.65650982649544,11.03412202720764,6.478512688087223
326.10188578250654,246.2421047329193,11.024424520239467,6.486982561391978
326.11003403283183,246.36964474881293,11.008128019588899,6.505348531135657
326.3888627409917,245.40465914053718,10.997499376509014,6.520719041347274
327.35664127420387,245.39281257838581,10.977255277158035,6.5444121656499625
327.6201818720784,245.3871448212894,10.997604565014157,6.5557476798428
328.72357887461214,245.2428097774273,10.984484199102063,6.5702085626725895
329.0005099033596,245.10352613545427,10.979138336543022,6.574517749150738
329.97039542736064,245.2305862259252,10.959126150776891,6.594648834242586
330.39500449472473,244.26106981112522,10.932786838803985,6.613631077413697
330.4107662172762,244.24441215072247,10.901263393700958,6.6469463982192245
330.69465158720567,244.22819097096883,10.88211652016032,6.679388757726485
331.6731404895618,244.2093231771598,10.847143613950752,6.717124345344514
331.821534429615,244.06483110823854,10.825040068042135,6.731424148989266
332.65166605899697,244.46851569232783,10.812343094694757,6.7478381235189735
332.6440291671754,243.63907243839967,10.827616878337784,6.758643897073766
333.33696556526434,243.64090804799753,10.817191597316128,6.754972677878013
333.33043542253847,243.6477422698721,10.830251882767769,6.741304234128866
334.0336885845006,243.50749852804552,10.797935496927641,6.746953730165206
335.15049903663333,243.36170325295376,10.759915150350718,6.7640942106376585
334.48136586511987,243.09239180401752,10.727335347000695,6.754378649959357
335.4548883044327,243.22714329136963,10.694926473163605,6.758395104510659
335.7342538586341,242.27451221907017,10.682399544581202,6.751942619738095
336.7023097716023,242.27102553620335,10.655934694375187,6.758915985471734
336.72077570782113,242.25981557052378,10.619002821937533,6.781335916830847
337.00482515486294,242.11724313705352,10.595603607374183,6.794130944011291
337.9676645311951,241.70178958111052,10.575418014577453,6.808398130239723
338.3884265123407,241.8338950073983,10.550341793800449,6.816336524835537
338.39891921443893,241.82915676186147,10.52935638960404,6.825813015909187
338.9564219452827,241.82267208482327,10.501349096677826,6.8387823699856245
339.9152209970129,241.82052979460457,10.484571760604704,6.843066950423029
340.46730238295766,241.68282102686933,10.465871208604101,6.847118930921234
340.4640815586362,241.54582249717834,10.47231285724694,6.849963520526412
341.2799711167748,240.7365334137014,10.46831297084459,6.8407624576054245
341.2929996780289,240.8723166675655,10.44225584833641,6.840279140476991
341.5701024866093,240.87266258873186,10.429418408200155,6.839587298144283
342.7958401375755,240.3307600111905,10.412261963387053,6.841472961173975
342.79527773415293,240.46976196090407,10.413386770232302,6.833722780378279
343.0698642293473,240.4653005788347,10.40449685266563,6.8426455445169685
343.7430360992739,240.4628664189934,10.408936382721864,6.847513864199599
344.818973398849,240.3268601160416,10.419496758912114,6.849222098185649
344.5572615504722,240.18862344849225,10.401937696683083,6.855204053792989
345.643523609368,239.9162080942673,10.392031929818152,6.859380174511284
346.4596108488605,238.97380923153327,10.381345562517739,6.852441769680713
346.4673494096395,238.97345926072455,10.365868440959785,6.853141711298139
347.1456713000605,238.97197881004593,10.357980578763302,6.856102612655355
347.14525790603983,238.97816157595497,10.358807366804655,6.843737080837276
347.40856518545263,238.84620086797946,10.371170059671247,6.838169870942182
348.48761283356833,238.17340589844582,10.369728144183794,6.835851447044525
349.0348420127531,238.17049122696082,10.353355496494686,6.84168079001457
348.9026613993295,238.1734070449697,10.348344212629005,6.835849153996771
349.0436050636503,238.03441639357874,10.3356570786647,6.84463026210149
349.7196358385318,237.62727653818433,10.32937390952991,6.851442944513355
350.7977327868458,236.8126956481972,10.326576566174207,6.865557309533309
351.35146346912813,236.79684380458292,10.296584060866468,6.8972609967618705
351.3544814822216,236.78808420651822,10.290548034679531,6.914780192891245
351.48375659566665,236.64973295953897,10.301640883914619,6.921839610724694
352.4228896811802,236.37404623236174,10.312865066676123,6.933358678282471
353.22721069993895,236.64793111529818,10.325946934989647,6.926163547686573
353.2198493874378,235.84363647623383,10.340669559991978,6.912564571405843
353.4919548902827,235.8447902581198,10.33717919187852,6.9102570076338825
354.4442289999183,235.84177670220203,10.324517393396686,6.916284119469448
354.4393210655729,235.7124346700486,10.334333262087519,6.904789040668684
355.255068657917,235.43927130809232,10.32365315848887,6.910844070884702
355.2483379807873,235.8514609062991,10.337114512748212,6.896692249757024
355.24538261686655,234.90521073718924,10.343025240589816,6.8988905983239
356.18326834682915,234.90910190693162,10.35843364058192,6.891108258839087
356.17025585713935,234.9189524557678,10.3844586199615,6.871407161166733
356.9787565913645,234.79105607706867,10.389463325126023,6.85686555629588
356.9705077206983,234.39625332002754,10.405961066458419,6.835968304638558
357.91886381036386,234.5376314918148,10.39972105760562,6.823279413989499
357.90992666261786,234.68061073472776,10.417595353097624,6.807083379970271
358.18954323399413,233.59586236476426,10.39788398523615,6.818493020332946
359.2836640107391,233.44885927335866,10.366883647636415,6.8428440511578135
359.4247830990977,233.9782321255212,10.35424055388616,6.862478678700405
360.37444937834056,233.0156771439439,10.343030558533922,6.899466078721588
360.7788520293644,233.00485288735237,10.344759839696705,6.921114591904604
361.72188878741235,233.00391209680774,10.352633404440613,6.922996172993877
361.19014504389986,232.99647770166155,10.333266687977106,6.937864963286219
362.14701542022885,233.00031176985962,10.314209833194008,6.9301968268901195
362.009733124818,232.73063541916358,10.318519356554622,6.929039393359972
362.0195063125562,231.781937718907,10.298972981078272,6.934329890860962
362.5745321436001,231.77359464505219,10.269298759565386,6.951016038570592
363.5336851157713,231.76794113429608,10.24046379601424,6.962323060082783
363.68803059430553,231.6193035186689,10.20145038304302,6.989920747239887
364.65453149614115,231.20685947776073,10.155275251888101,7.006168826549172
364.6842586923828,231.6008273965443,10.095820859404864,7.025590117504137
364.7112683876121,230.6509729546018,10.041801468946252,7.045501093261117
365.6795145546001,230.63947761644434,9.981694937834973,7.068491769576015
366.7691333083711,230.63946047134797,9.942659490705411,7.0685260597687645
366.9279077772047,230.50142519198056,9.892045620488119,7.077661551053707
367.3563765961445,230.36734563122093,9.834065227969779,7.079501590785938
367.25693674845024,230.89619161967312,9.767474102728102,7.083692896402074
367.16131794875247,230.7553848427392,9.694181727744635,7.100776475890858
367.20123420384874,229.95512999870547,9.61434921755207,7.11909792114613
367.2419450371122,229.93798869141511,9.532927551025159,7.153380535726841
367.9367187352319,229.53377283770914,9.453918516579892,7.1754892260623695
367.97674102308224,229.91050960108421,9.373873940879173,7.205811304881338
368.1455594721221,229.2485690385229,9.296775761266556,7.226998837668583
369.3495676191774,229.2384121942786,9.226114046056251,7.247312526157211
369.77252286848625,229.35496305449658,9.157070688605096,7.2731665194434045
370.0654087313383,229.60276255964456,9.087935616113,7.294204162359444
371.4725889237734,228.45799186412444,9.037593726317136,7.312357141533098
371.89512529706985,228.23424651935673,9.013194038395744,7.385913313509236
372.3381871950413,228.03201924291278,8.988536099977887,7.458276195940925
372.7513037709836,227.80285935816562,8.988933590370115,7.523849069456745
373.14969775882895,227.5879562193272,9.005328726890092,7.572535180712945
373.5711677462298,227.3751881219257,9.028226652745216,7.630887013808761
373.97183937812775,227.16234309205734,9.05807022658801,7.69216736017309
374.4054602735539,226.94847607223602,9.063305198178151,7.745186710605081
374.81934544479367,226.78760693623255,9.07372894009473,7.7486103885885385
375.2255232404029,226.57590740089648,9.059379216183366,7.782628261166621
375.6543421267365,226.37597940476843,9.048734038446655,7.806012515953079
376.05961715972927,226.1843985164658,9.046602203636132,7.828028186946132
376.4723940123017,225.96288775205795,9.066592990090763,7.914173116362045
376.82838513105537,225.72176149887136,9.161342335370303,8.017216335850842
377.28840689494035,225.53822752268582,9.098459678028485,8.033832316077325
377.7301487741522,225.3686313738214,9.035143308127319,8.056007161573676
378.15688784146425,225.16621459296002,8.985981727519905,8.05966914807179
378.6104733348562,224.9696894265067,8.94663713784106,8.049223278065114
378.99994916161637,224.7694295881595,9.013793489769526,8.112207214935907
379.44987806493793,224.56686800855326,9.01618399296678,8.10667183650631
379.904115775363,224.36856284003,9.020121433490992,8.103245767775185
383.4307568686332,222.48898538247542,8.975468568477794,8.088523355908208
384.4037285238131,222.48468665966806,8.90995987292272,8.097120801522905
384.3045355396544,222.4785119164191,8.840594284369962,8.109470288020816
384.20238454202547,222.47647600621323,8.778028215430076,8.11354210843256
384.35950289551914,222.35062253602658,8.72974902870026,8.099291528548342
384.5140347260132,222.2290048764902,8.685663131271102,8.077549084062083
384.6609418584697,222.11026492619604,8.655793030799272,8.05108482020928
385.19756168869526,221.86539774294283,8.634782768000072,8.014704487889718
384.2922521890833,221.88385534915324,8.610343466212344,7.977789275468904
384.9438277123273,221.9100144797166,8.613107169654496,7.925471014342194
385.71520977428605,221.80336981053813,8.63270562897874,7.878366588825488
385.82881906810184,221.6984756940198,8.665436076511485,7.828205786697956
386.07276008182714,221.5913841568457,8.696871488386018,7.78273014138359
387.0908930610746,222.39200269014202,8.735977102679051,7.738021754381927
387.06351127380975,222.28985014317644,8.790740677208722,7.68301282618148
387.56077336959544,222.05512479177463,8.833346573423821,7.633898485091874
387.4135287658288,221.5610495969149,8.868681124308718,7.585430248218089
387.38952695902327,221.5862457450603,8.916684737919844,7.535037951927278
388.0248252993465,221.60647024032144,8.940356728679449,7.4945889614049905
389.04579045031494,221.62642357735325,8.966966915316926,7.454682287341351
388.51218196945933,221.51682094177713,9.000846459262561,7.4155532040522125
389.53377290516147,220.8936752090219,9.023460177182782,7.370722426234909
390.29503620085876,220.01215954045338,9.048021046175124,7.3288183929206125
390.15750819574004,220.03139800029655,9.065529589634963,7.290341473234276
390.2801885537985,220.04716115936583,9.077362093996186,7.258815155095695
391.17597458915384,219.29175541732678,9.083836754199561,7.228443726961753
391.1798855636192,219.4379983723887,9.07601480526881,7.192428361395395
391.30437040238894,219.45705925828315,9.082811422311126,7.1543065896065
392.06549572186265,219.34347760886496,9.092068940308677,7.126218528952076
392.0609622137067,218.84556326843315,9.101135956620546,7.102300784933034
392.95499138760135,218.72873651321774,9.095882326563244,7.081267907116475
393.0775779370114,218.09807920266422,9.104973143239569,7.071262950740946
393.95972714899,218.22912502796697,9.120355179175228,7.063411365834421
393.9524686242451,218.23264552906983,9.134872228665067,7.05637036362871
394.07356639658485,218.22986884871204,9.147131101222028,7.061923724344311
394.8323255026743,218.10226745766138,9.15800552562835,7.062394400348091
395.34648332695855,217.0810914082129,9.149313276672336,7.06549970001994
395.5966278254369,217.20182297389923,9.158671641009333,7.078860249294028
395.730238025017,216.42657685853231,9.146635464852697,7.098247142005712
396.2389830652755,216.42307638028421,9.15040926957293,7.105248098501948
396.23493445277927,216.4155000673664,9.158506494565398,7.120400724337589
396.3601191092458,216.28204620011212,9.163995130675211,7.131450509803299
396.741139885241,215.50985849242403,9.170318522375137,7.139096037798594
397.7631468437378,215.63507371181836,9.177046279980495,7.145008308334744
397.89030878431277,215.6234659483798,9.179264150082902,7.168223835211897
398.5286699371826,215.48054997465624,9.18730832726232,7.197102486075131
398.3895044829819,214.7038456433586,9.208093342174058,7.205235787732011
398.36926688056656,214.69727535596925,9.248568547004771,7.218376362510672
398.49271069296793,214.68301137518137,9.26050970329032,7.246904324086485
399.4093415742557,214.14931015881547,9.243575145471498,7.276405496957287
399.40117930195083,213.36089054376544,9.259899690081156,7.295070827727051
399.5355288607175,213.47591096385312,9.251449317636194,7.325278732640099
400.4483733957003,213.3364269323834,9.250029413248201,7.343636914782751
400.4558605856772,212.94114987003468,9.235055033294303,7.351532789095065
400.7227616424066,212.02115122862003,9.222822380018393,7.366036961284128
401.631261701303,212.0190147918109,9.231649381595904,7.370309834902374
401.63618391683025,212.00742351963038,9.221804950541442,7.3934923792634395
401.9045532190516,211.4743389726866,9.207590135333602,7.414613894681301
401.7770544628699,211.59408979184695,9.201201644514104,7.43649825954351
402.81993249787274,211.58240281754777,9.20858402242095,7.459872208141847
403.08558004150984,211.17964433317715,9.201556902023206,7.47898722656842
402.954334483818,210.25251044294967,9.201712687396874,7.496907696952847
402.9537661818375,210.24435114371897,9.202849291357813,7.513226295414232
403.8674000355015,209.3263191613069,9.215943760605272,7.508928083663025
403.86157007363346,209.32705230827722,9.227603684341313,7.507461789722432
403.98919992959765,209.19632095622183,9.235540033842845,7.505728432403192
404.64706415148277,209.60227227416283,9.236261328775749,7.483695639743051
404.65360666806293,208.68341825156898,9.22317629561542,7.480791887141905
405.58144394938626,208.93650582070302,9.206377953107365,7.500009954627685
405.3334607863785,208.7981240845292,9.176845447065864,7.514024010946797
405.46832868084863,207.73591814248752,9.169631695195301,7.538259598472095
405.6047699949037,207.72290600753954,9.159551718313978,7.564283868368059
406.0031104230957,207.58180638918319,9.152074172476567,7.583415334898573
406.8059791874871,206.91379422189087,9.125905158947237,7.603132573438655
406.8167324720296,206.89971818399923,9.104398589862226,7.631284649221935
407.0871755888752,206.7642302581613,9.090109742510604,7.638961807728012
407.7546097962922,206.24016767985322,9.071251511277348,7.634278817463637
407.7663923904573,205.31508798625612,9.04768632294701,7.644587689945489
408.28985511665314,205.43981300005626,9.051313626748646,7.6577758513935015
408.3008640869753,205.1711708622549,9.029295686104295,7.6692473544341375
408.5758068287451,204.37105767592178,9.00491227474045,7.692967510573291
408.4573288046974,204.36757852423867,8.979112575626202,7.699925813939519
409.5103958678814,204.23934862727054,8.97272907480063,7.693916779682904
409.5144781119389,204.11051456077394,8.9645645866857,7.689311273052188
410.0486399095371,203.32311958746624,8.944534848670424,7.691660433895933
410.05408929159375,203.31167546557273,8.933636084557122,7.714548677682972
410.0636914981542,203.17495086710196,8.914431671436237,7.725997522808943
410.20330686972665,202.51241690974362,8.897087798999118,7.741631083986681
410.99360622709736,202.6358560135735,8.88770350356028,7.756621946210695
412.03600284430007,201.58589510758165,8.89862235793134,7.7608316694179
412.0352679416785,201.84926189879832,8.90009216317444,7.758499275424523
412.1633257030066,200.936098796386,8.906162618017474,7.7495236377555266
411.50683631631915,200.93739502572876,8.908460839419757,7.746931179070029
412.2997920449793,200.79927378860634,8.89533018104032,7.761043520158084
412.3080547993416,200.26539342714548,8.878804672315674,7.780192249931271
412.5783017148494,200.2560786806104,8.862718342790311,7.798821743001451
413.244841156435,200.11446024144098,8.840902943001181,7.819805924663867
413.25436880412406,199.71558721257924,8.82184764762301,7.830801536373459
413.66361053757566,198.794612441978,8.789755128327943,7.83783886649059
414.33004895421163,198.6580765680096,8.765601172589232,7.8491660389206945
414.3473162748597,198.0052900024526,8.73106653129306,7.846987403610774
414.3586293166005,198.13893487231005,8.708440447811423,7.840676554989656
414.634651887015,198.00442275055184,8.677448166931281,7.849174368531612
415.5621369915257,197.34994454559336,8.643738270886658,7.857230554893831
415.5678715158153,197.48132125459435,8.632269222307391,7.854261107194835
415.5668070441191,197.35500901888446,8.634398165699784,7.847327462652644
416.21163191139425,196.7133711255711,8.642152110089805,7.833199570338995
416.0853638363348,195.79931408769917,8.635312104185545,7.845680553921007
416.99873302882634,195.65731943737725,8.624854669980836,7.870201147310823
417.0095607000152,195.13320794876051,8.603199327603187,7.879637381189786
417.27809799778055,195.26261337463487,8.585144129681531,7.880336228245638
417.1521243587144,195.13683880841037,8.577851899986273,7.872645852867057
418.19023229357526,194.36854916534895,8.573663550187154,7.855204499047996
418.32343328649625,194.49999006864368,8.565922039433975,7.850983167547441
417.93699086361585,194.49916675081064,8.563388953311643,7.852629803213499
418.97516985877274,193.72068513337908,8.554706127291992,7.858836664856108
419.1057935585993,192.68582046120673,8.551881634926598,7.861182750898165
419.62135758577296,192.55158488798924,8.554418507327537,7.8712376656460705
419.6212700426275,192.81181525155984,8.554593593618485,7.868008557589252
419.61795260305604,191.90868089783376,8.561228472761433,7.864307248239186
419.7484698194377,191.9089631348621,8.558805679127223,7.863742774182536
420.39397735388695,191.7788503062726,8.560615085651998,7.865403536276872
420.14044241306283,191.12736040509017,8.550445905548324,7.875285684262157
421.1871281249511,191.11143106876906,8.526020908969612,7.907144356904401
421.3277511146153,190.96848742193538,8.50351904979089,7.934287530422055
420.8125015109774,190.45214892777773,8.498721099482045,7.931667361152914
421.7161742773304,190.45067435674,8.502329800065713,7.934616503228345
422.1045939362577,189.68041082776764,8.501923321564858,7.9222778824657345
422.36045795201807,188.77593637268188,8.50741242037241,7.920966836488384
422.2235616133641,188.78049015120848,8.522531676464448,7.911859279435186
423.2557890408329,188.52826646857153,8.528193895561644,7.898777376200434
422.3428092986523,188.66780008291013,8.543638501030099,7.8783551302221895
422.5962429012233,187.63670331492494,8.553893321496691,7.872060563757455
423.6335667069586,187.11625086609914,8.548211466123714,7.878482583360249
423.6360275268314,187.238776303633,8.5432898263781,7.892066047268209
423.77115187761285,187.23061308262905,8.531814827161805,7.908392489276107
424.4241857591256,186.9686381598708,8.52001887382624,7.914633610916682
424.4263821383346,186.32343120427302,8.51562611540821,7.911199903276451
424.42689864800633,186.3236753765127,8.514593096064635,7.910711558797065
424.4282938004411,186.06918346645327,8.51180279119514,7.9024503652678275
424.561557198159,185.16772936036048,8.503723637661208,7.896225084140631
425.34800294388106,185.158252624927,8.48016778934048,7.91517855500757
425.6151659611212,184.38296192276485,8.462153957960785,7.916823350029891
425.871839157054,184.51659954816952,8.464609379760518,7.907449006053214
426.5207497592797,184.38345524448422,8.45573999511285,7.915947249463118
426.5274794927171,183.87056286231245,8.442280528238049,7.9105847761708175
426.53796002157577,183.09796990610096,8.421319470520602,7.910822258123508
426.67369504186036,183.0967090037392,8.407017099508902,7.913344062847024
427.3227342812257,182.83870401576053,8.393859441413218,7.91538571055039
427.1859581427885,182.20012842335714,8.410600845845273,7.908482533145234
428.2192473281236,182.19817544684796,8.399726672796456,7.912388486163601
428.4787643595682,181.94840808992237,8.39440269187719,7.898213118044821
428.2261272728599,181.30627492259524,8.38658310855377,7.8997450608490025
429.1183737598516,181.30462108679413,8.397232855761823,7.903052732451198
429.23946672544304,181.17219318864915,8.41171484122031,7.911240612099845
429.48298682173197,180.5331156795316,8.438723065194925,7.90427458895359
429.21235807387427,180.5327916583617,8.46530929107408,7.9049226312933465
430.23212078169183,180.4107942563059,8.487873179178743,7.8911562724374384
430.3498087413799,179.64801268732413,8.510391933741118,7.8693513667698705
429.8253490651547,178.75571712612702,8.52771399387971,7.848647227618384
430.7224496085898,178.76536992315252,8.538393022387826,7.829341633567393
430.71558470969615,178.12754939534022,8.552122820175047,7.816487044612336
430.96704226216895,178.2625486686601,8.564624305401276,7.804196793058534
431.8654116067693,178.14090675044207,8.571835742184899,7.789773468639629
431.874168666441,177.7565413718491,8.554321622841647,7.785735602677857
432.00681866440004,176.8664658261584,8.546274187714715,7.76511876852064
432.52445268430773,176.87941065429246,8.538200861429706,7.73922911225253
432.40453954233345,176.49688265680103,8.521766876394722,7.735504300284713
432.4144837549456,176.62720571468375,8.50187845117048,7.730803336580564
432.80182475246687,176.62823022681775,8.493878475739704,7.728754312312579
433.7007016505421,176.2459226259252,8.483949082777059,7.727159055588546
433.69833682431306,175.35264089661365,8.488678735235105,7.727158114195258
433.83337548894485,175.23106589810692,8.473898507715596,7.715011009464668
433.83481043267386,174.34865709949486,8.471028620257634,7.69571467328026
433.9591401579531,174.22900290713875,8.47689034885337,7.680501878838376
434.8485552181128,173.34764652675688,8.478649103225145,7.6626257649108815
434.8482820548859,173.3555013167837,8.47919542967899,7.646916184857285
434.9821981122434,173.2379315888526,8.465233258434006,7.628185697249458
435.61726601075236,172.36001334985485,8.461867224587747,7.610544506804485
436.49746534869684,172.36602613394592,8.472609005094423,7.598518938622387
436.49113055240605,172.37113093859668,8.485278597676004,7.588309329320842
436.6148206781642,171.74181337520557,8.490927163612119,7.581800368841117
437.37068391545364,171.8719169408342,8.497276123029183,7.5746058099164975
437.3641390821837,171.8709801324628,8.510365789569047,7.576479426659322
437.48565575535895,171.6224286158501,8.520561843986254,7.567123658349339
437.9890544393109,170.86865940221506,8.526716964316842,7.555233353267557
437.9854526826193,170.86945068622975,8.53392047770002,7.553650785238178
438.0980823819056,170.6183963981083,8.561891049826036,7.5492994200837575
438.85191811866133,169.7230453574596,8.575784928057072,7.564841924348347
438.7184366936113,169.71651282543462,8.58868935207904,7.577906988398287
438.72095976516283,169.58868771289997,8.583643208976039,7.57908957913884
439.10502210954076,168.82529961956618,8.578743392716344,7.579416020813989
439.98948993692557,168.82948801083657,8.590170313960037,7.5710392382731895
439.9847429535349,168.83442021943364,8.599664280741292,7.561174821079078
440.1048756341651,168.57619320706453,8.613768924677675,7.568888835423756
440.48633333301575,167.93804011915157,8.614990015884258,7.571634196403251
441.37392562700813,167.93544600436712,8.623230754464938,7.576822425972135
441.2395370771968,167.30159266596473,8.637021993327512,7.569599798976601
441.2258271597571,167.30450344181756,8.664441828206897,7.563778247270952
441.4705374064377,167.04793268108708,8.685852388660306,7.566088714917275
442.2237821874312,166.28590229269616,8.7140677936046,7.55544452476786
442.0688376623402,166.29203172611,8.767906525407064,7.54318565794017
443.457833297989,166.03917032363233,8.813466855588631,7.535535444444729
443.3060906399211,165.3972146208532,8.859684278403398,7.533107383397564
443.28068219331277,165.53382565174843,8.910501171620034,7.517828110730573
443.78161595366237,165.41451551963786,8.942559009926875,7.497967035200214
444.66953912422986,165.16334848152533,8.977304200416661,7.48298924524678
444.6510162068763,164.5220526543382,9.01435003512381,7.470830710554931
445.16403002205874,164.5277928337478,9.025620403725533,7.459350351735751
445.15508925402855,164.53545398604751,9.04350193978588,7.444028047136321
445.2715775877169,164.40875641861857,9.069865787668228,7.4380826667351805
446.0429756340094,164.02524399292045,9.084969576696874,7.426157577324577
445.8969845161006,163.2544316731857,9.117262329743054,7.409645320165754
447.04687790038923,163.26757131124307,9.156743982482475,7.383366044051
446.90427122551364,162.88510702089891,9.18185771122415,7.36799576171056
447.7946635004193,162.10727679413222,9.222725040944885,7.362240318502231
447.7747108959599,162.11302076578937,9.262630249863603,7.350752375187926
448.2897549760518,161.9873291045162,9.277320503452659,7.340941094291078
448.2721670897881,161.3367150180175,9.312496275980063,7.3358673796466425
448.39177054763877,161.47204519186099,9.335005936440133,7.326923608120907
449.1680803887928,161.34044884679707,9.353880787106409,7.3282005427529935
449.14713577262233,161.20826209782928,9.39577001944741,7.33034874893513
450.05095118445183,161.2113536160271,9.4284455137187,7.324165712539493
450.1736897654122,161.21928023783138,9.446268178642775,7.308312468930936
450.6962173482017,161.0831934593031,9.454469349620389,7.317171941848366
450.6833950687752,160.29750127771948,9.48011390847333,7.307054497074706
450.6719152750686,160.30139413898178,9.503073495886511,7.2992687745501375
451.19217205147606,160.30524965505995,9.518696749621279,7.29155774239376
452.10475996033756,159.91463705629448,9.542549500761293,7.280342124697705
452.35378062119,158.9976024471383,9.573164025279741,7.264115881228315
452.2122674514741,159.00580773244772,9.591660432532269,7.247705310609408
452.45964512969215,158.88246102999395,9.625992726148208,7.229854890490994
453.22883458279466,158.0935847715633,9.676264143573155,7.218957083722351
453.07264200010894,158.09466919345888,9.723287309558852,7.216788239931114
454.25099601827657,158.08900498867385,9.760955345776061,7.22811664950121
454.23670395541046,157.95717951708374,9.789539471508352,7.224967517363159
454.23032355075975,157.68947772259008,9.802300280809757,7.22600515654142
455.0139194525478,156.75375034618662,9.839471910885322,7.2257025700881
455.9313615697678,156.75077496478104,9.880263470913812,7.231653332899268
455.91817886218143,156.74795672347756,9.906628886086594,7.237289815506225
456.1807057858685,156.60917632403664,9.919902192425878,7.245687037531371
456.1624601305468,155.9282587153453,9.956393503069261,7.260007827308273
456.2763352521791,156.06083082277036,9.998935111557234,7.265155464210665
457.3502033797854,155.92539858852837,10.019374420293206,7.264997987201133
458.1694637371321,155.100560531,10.008830312414476,7.28669749544306
458.16353547603865,155.09539048116983,10.020686834601351,7.297037595103401
458.5649839319117,155.08489253053267,10.03341650885877,7.318033496377738
458.56174491040497,154.9338266402516,10.03989455187213,7.3477518738178045
458.692066967898,154.7836031624064,10.052249882711287,7.375199383683076
459.3783463326976,155.0445372310727,10.047877777817131,7.400605896232539
460.45040590415505,154.08543617217092,10.095658597618185,7.400895546659608
460.9895242788707,154.08556977205836,10.116294110006262,7.400628346884731
460.9735375566625,153.95087614092,10.148267554422667,7.394988575741236
461.09042100073646,153.81696774265123,10.189920500627057,7.38738553792643
461.89198808516863,153.54396132777484,10.24234812434927,7.381544436817045
461.864286879343,153.69396736395564,10.297750536000574,7.358158333695367
462.55044416464057,153.6937666514529,10.310839483081562,7.358559758700816
462.5446772067941,153.5433998451559,10.322373398774415,7.3820078387090815
462.53940767471784,153.3868410054958,10.33291246292702,7.417279325972039
