165.60000610351562,150.3000030517578,5.400000095367432,6.099999904632568
165.00246349358991,149.89334860497607,5.414066847785479,6.094327265629419
164.90481419075095,149.98665977329446,5.428210071624507,6.088860310831558
164.62205312412468,151.35232573290406,5.449842488840888,6.0769769717933135
165.42881877840054,151.99392084710368,5.469429019499491,6.063989507224396
165.32855740231713,151.45646813825934,5.488383478614751,6.049485166603881
165.22740565240346,152.19038118319395,5.509041982347566,6.034819045490708
165.1264647967035,152.10626942663373,5.529177752688103,6.021296617551712
164.93804717801405,151.7427229701737,5.54230107906803,6.020965708473876
164.74942515691845,151.28724941543535,5.555425760145145,6.021614415165513
164.47347679593952,152.74313791948038,5.560486575581978,6.026295575187808
165.11020057862672,152.6554062565536,5.564064015755188,6.019326757391746
164.8309552019105,151.92799860058847,5.5754136398355785,6.015099057716588
164.45890954632472,152.66374346229787,5.589525260932419,6.003568714447356
165.0965032806707,153.48190432676506,5.592112875722208,6.010100664275256
165.3628220995043,154.30908513651653,5.607522374499969,5.999880454107327
165.53964322221762,154.12899986289958,5.6194154008711585,5.994515729543407
165.44343812192753,153.58142515575074,5.628952897769667,5.992428921751089
165.34646605069392,153.39985547793913,5.6399055331363614,5.989585263173226
164.97815191962667,154.4084449487621,5.644050240311415,5.986736097665761
163.78933681488903,155.04754441439505,5.640832981737882,5.990531956887703
164.4371141818793,156.96306989527818,5.6273310747031795,6.005639475959096
164.80486028742175,158.51612286825844,5.624527531856421,6.013460370010552
164.07760466766365,158.14122717669784,5.613040275885925,6.030252505388383
164.54093065472782,159.23376473255863,5.603035852464729,6.045131515364059
164.72873923577643,159.86801533742658,5.5942240371802665,6.060449019472711
163.81851293357678,158.85032401594373,5.579662230837845,6.077315810622555
163.82673264969955,159.8557485759882,5.563222798592308,6.085325627159143
163.83089165901586,160.13055778922796,5.554904779959703,6.085894109051295
164.01735514424422,160.12949673818667,5.548521774636262,6.088016211133892
162.91582730397178,158.0197666182872,5.553137571113415,6.093800006469717
163.745615509929,158.9293932130715,5.543863506363983,6.108216091528922
163.2895987681988,158.46190396667464,5.538679478735472,6.125977073233713
164.30287101463614,158.91402901409663,5.532143765671361,6.139912787394499
164.30754925151328,158.53971922528663,5.5227872919170755,6.153533937733673
164.67337045328344,158.44918892131673,5.526392850041335,6.15078255525735
165.0399288619911,158.35781367896251,5.528583202399062,6.1497062475225714
164.30352444720114,158.99949816518605,5.530631801672515,6.153252476593513
164.11348907581328,159.37062196420743,5.542836837361497,6.146736292724313
164.10617064060628,159.56024994630508,5.557473707775519,6.13553301182386
163.64140674864123,159.65488695182097,5.566573615115059,6.130344576110167
161.7121923583532,160.75297544559112,5.5578536850030185,6.143966851820201
161.8128109139299,161.11057331069577,5.540839414076912,6.165662482520158
160.52692664229903,161.75027035130287,5.532566148691105,6.176289305629652
160.70942720310256,161.56917493245192,5.536208517954428,6.169836652461199
160.33258009447007,160.4695861968362,5.552784169257473,6.157658425806687
160.5185625832537,161.0198948852337,5.549529003695712,6.163170485028198
162.16630654535467,162.74201318095407,5.5521651642010355,6.1569856889242685
162.03567759910234,162.9753367198187,5.542686847312822,6.163919561514573
161.88678132403646,163.2554008084935,5.53435049956693,6.17730532242705
161.76394371315286,163.5648551930295,5.544341680738827,6.174923397229653
161.6512917345969,163.8271177339796,5.525353598354086,6.196916728308464
161.53153116290875,164.11443059856117,5.511351840249618,6.215393433147625
161.40442297454905,164.39146478720622,5.502160171505113,6.225583184123071
161.26403707278865,164.63681661138082,5.499768215740932,6.237636210956376
161.11678813130376,164.84191072571107,5.4891955545530795,6.249737683742113
160.9487081666616,165.09764515603462,5.4868832926673985,6.261508068846999
160.81025309166697,165.33520824997325,5.480203464840085,6.27121365823286
159.97718000326725,165.4242778352297,5.481738032376622,6.2780313331936055
160.4089711308817,165.71640498952527,5.497454556974798,6.266318324952139
160.2507595728589,165.926912180229,5.513182883039642,6.280567382586668
160.10843572300357,166.16685326136945,5.5271587231324615,6.280755310262332
159.97802357816815,166.38110590914656,5.543555809452435,6.283563160101425
159.84917645184143,166.54873804612475,5.559790794479268,6.286751367475185
159.7203888853832,166.68471876105363,5.579335653276202,6.2839569348014495
159.5794665491449,166.84239315288292,5.599326538339665,6.280120480665549
159.38406197021567,167.00678926262825,5.6174575048872235,6.2776043785112225
159.2153006523553,167.2466394230138,5.639599846237673,6.27287102910098
159.0665221932828,167.55502733717734,5.661820280673292,6.267549645752752
158.88360306014977,167.84700477452097,5.688310638550578,6.258119866187531
158.72386896814197,168.19067849471384,5.715114764451744,6.248856241676646
158.57890243596606,168.56984506710748,5.739554330917679,6.2405412548282815
158.39355402504535,168.90542524893186,5.765304391949555,6.233066853503902
158.21208392407556,169.29133007080853,5.784266342098784,6.22584032512822
158.03183334044573,169.69713862409407,5.80293740429552,6.219074355303528
157.8591744156904,170.10791497009163,5.828370468096844,6.217871769738451
157.63298082833842,170.41837111455087,5.857527760279826,6.218874242206391
157.44397413200264,170.7635462918154,5.887921217382658,6.223293062217067
157.23470771777505,171.08432627197365,5.918268004198727,6.220941768420029
157.07561732783805,171.41802123494048,5.950516840465371,6.219700190488075
156.93049062268327,171.71833896002167,5.97207224688817,6.232013482011203
156.8308725073127,171.99911824960785,5.959464140729832,6.248728177750384
156.75923857089447,172.25808206584662,5.956137319185614,6.268695431996259
156.66399413769622,172.53360101468593,5.962847631359895,6.283337900086095
156.5721319142063,172.8192245095602,5.973711311884385,6.282637991796028
156.49553381433586,173.09771517982125,5.983963631073816,6.283485229747934
156.41404217029051,173.3592727324725,5.99072625779067,6.294381234538173
156.25119592288934,173.66523221326472,5.994419936709961,6.291596746284757
156.09298340983645,173.97824139183643,6.000732205031266,6.287641253752292
155.87401382880176,174.31276721833783,6.0035270334431345,6.283107330447947
155.66601828573778,174.6152656578894,5.9896117405279625,6.3073210607303105
155.4312558581478,174.85469339688677,5.981644002775181,6.322795135602124
155.18168563144064,175.11189839130222,6.006216328777211,6.314020982676993
155.0091681160055,175.4348484797333,6.030502081580889,6.305809101147854
154.83897257188272,175.7628233004562,6.049765371592743,6.29127268339141
154.66960273749342,176.09206402921748,6.065334613144522,6.282799483648269
154.50058433290633,176.42743420956432,6.081576126841647,6.273408998669125
154.33956750861628,176.760696704904,6.083157720892757,6.276974870289252
154.17379976093824,177.0941782285038,6.095486559749308,6.291635609647231
154.02668750608606,177.42659612063838,6.071576506868951,6.319314888994216
153.86963760826598,177.77259603331126,6.067890913566214,6.32824383605808
153.7177642309322,178.11425927112214,6.053237679026228,6.350368099330593
153.55896889552415,178.4635334728012,6.0501106009590595,6.366424850748923
153.40426934320325,178.814566664439,6.038969815359088,6.386442364567409
153.21698125165844,179.15853562868165,6.023569124859909,6.412881775392716
153.05360749566879,179.50953285104447,6.008759630517407,6.43472729399581
152.8919982018499,179.85487137439358,5.987703299757827,6.470839665953195
152.71344337052182,180.21797390413718,5.999216179953384,6.475994670629658
152.5313572937079,180.58340538058428,6.017906581174801,6.478239343138339
152.34909930405036,180.94852021669135,6.037536196002902,6.477386564249147
152.18732127453208,181.29472898393058,6.017358033947811,6.505525568392126
152.02666819278616,181.6297449497604,5.995322549164601,6.547103666866329
151.8485111529469,181.97790263321556,6.003385304984064,6.552082869919907
151.6832158189016,182.30912549051197,5.983165396487326,6.585960627380616
151.518798310002,182.64205125660928,5.9605220324091235,6.617182831337513
151.35276606061728,182.97243324154604,5.937384800895625,6.652178247294261
151.18555451993515,183.30455353993054,5.914937174398506,6.687104778021555
151.00878853554326,183.65376841281892,5.911346264660461,6.695139845737657
150.82018583272387,184.0135364359197,5.927429623755367,6.685836716811121
150.63182691994933,184.37543599443697,5.938746577499936,6.681345032148215
150.4446210962426,184.74285772181614,5.943248487319764,6.677922048151575
150.25685589730543,185.11521406053106,5.94512930609596,6.678907974826305
150.05937543630588,185.49312071801072,5.957296269348357,6.674641163922392
149.85951189907516,185.87667677658993,5.967907574746265,6.668748318989158
149.6572175535999,186.2636546154543,5.974540852505513,6.663586900958597
149.45794454255773,186.6551661522966,5.970647737204356,6.658603148836814
146.57478570304843,184.86834632733448,5.971415759616013,6.653625770522287
145.38077642396593,184.67288064960408,5.974470661848635,6.647063183327687
148.26816476350672,187.39868793388362,5.985102220253501,6.644784097375711
146.48030113801434,184.3128097841644,5.9819253194944935,6.652872135477745
146.1854949740316,183.6066362427714,5.974828529306653,6.672897942572576
147.28845279475362,187.7795816224394,5.978137577482484,6.686648898697296
147.0462626928019,188.10031200259337,5.97364450453714,6.7133126779993395
146.79754703189693,188.43602405492345,5.978818599923687,6.709666919718633
146.55229537662524,188.7581459918604,5.97449810264575,6.733289842004091
145.55720070630764,190.04482137261567,5.964353084595469,6.760373746784598
144.9629499179178,190.93248133934165,5.951106561309189,6.78767596343157
145.6319095602608,189.94880892072723,5.942214199509408,6.808642138515345
144.6352102355587,191.2400865591595,5.928763253769991,6.834991335337473
144.54116388229278,191.62921187125468,5.915978649027322,6.860249956245225
144.69158747157923,191.11495402049647,5.907319215713903,6.881826882563958
145.00016124725178,191.40386420505055,5.8939446147320425,6.907779463819076
145.11050837297014,191.18788490872794,5.874694202461579,6.936850378131794
144.30845567967813,190.97376477206242,5.866134085494085,6.961924275574999
144.21258558735593,191.06303492226908,5.856041946765931,6.985216298534232
143.45921779735014,192.52789277419387,5.849241773977971,7.005161524395035
144.67473382299008,189.88916699005213,5.8449316637516,7.024715553729143
144.9864906014681,190.0781679025192,5.828793901756945,7.051630925435957
145.19957737763806,190.0624443500827,5.807845703335642,7.083078030308984
144.39829704094095,190.24983473225606,5.788340857268496,7.1138136458275545
142.7236062606674,193.03126515722226,5.7848071040949725,7.13743850269957
142.45446383873207,193.3151362951104,5.793847427955106,7.141127448917096
144.1794766357653,190.56636740054617,5.802029226699734,7.146218202404311
144.179019400061,189.4390085150442,5.802943698108302,7.160956131364033
144.1766867032402,189.73961443587632,5.807609091749963,7.1713713243510995
144.47931086343982,189.83408186546197,5.814694122309063,7.1865475821659555
144.78192711358685,189.92939259821625,5.822838071341212,7.200384933099419
145.4929341702185,189.92051992858703,5.834445596690601,7.218130272357864
142.1531737067852,193.06408940424345,5.832602607838288,7.255058611508148
141.9760825948492,193.23834612710806,5.847132586472597,7.263681234144681
141.8036686115019,193.41306095461357,5.864126193446577,7.269242690144531
141.64400936912676,193.58343353720818,5.868287494648699,7.282155318854206
141.49018615394445,193.75331566920423,5.874446694243171,7.295842786191863
141.34108280449388,193.92382941362393,5.885946208753039,7.309503141789375
141.20482773571263,194.08744383648445,5.887507929737791,7.339618268441554
141.06833584832796,194.27831238265165,5.906297106494548,7.319707637637028
140.93837808301,194.46601021414736,5.9297832634079555,7.312788679640787
140.81501088715385,194.66501162919164,5.95892935158132,7.292413001387828
140.71372700744794,194.8513138839397,5.963583515990639,7.308914131656095
140.63328454996685,195.03596332615118,5.947193762835631,7.342923833271301
140.54752034527465,195.24873971446547,5.9629297867155655,7.337745460050315
140.4908147836286,195.4526801178836,5.94307835538942,7.370493909913367
140.28655809275378,195.58235330173613,5.971282890583871,7.354988600605911
140.0290590909157,195.67022123020828,5.989177072381115,7.3561966218273565
139.90585814190376,195.8745002591113,6.017266077142974,7.3448114197194325
139.71461537341412,195.9076850053424,6.032739735619717,7.346214267867224
139.51297019187567,195.87001928998245,6.046660071092099,7.3499140720459835
139.36839530784874,196.0037152970173,6.063016978471754,7.346597417648495
139.21370272293183,196.12937650385823,6.098836100459124,7.364070724010625
139.0740084587342,196.26461605993052,6.102960260187658,7.3688011034326095
138.9171115543297,196.41536949317356,6.1388143560588855,7.350772276005536
138.7210141366938,196.6176091097885,6.1734184256175,7.337644620141576
138.509425690831,196.85657870531858,6.1869288648018035,7.335864764279508
138.3350519107894,197.04668151487567,6.194302039702999,7.3395295654259805
138.10557403910911,197.3026409389301,6.223463051893484,7.333125865072032
137.87227236610892,197.57917470856017,6.249679840200727,7.3342377627403925
137.6460479193675,197.836741306565,6.275804277961521,7.335920568460286
137.4393175839478,198.11246580710878,6.296346386389493,7.336907374727361
137.2430654853113,198.37936833777252,6.315341728895532,7.343860893926899
137.01425090148672,198.63917606712047,6.330911039618355,7.349220104818368
136.78271965417943,198.90374843772173,6.344406473301611,7.355388104408284
136.51337964431303,199.24522947768781,6.359835125867506,7.356783170121841
136.30816650133198,199.45917241606722,6.3622010305694054,7.369090395763072
133.05445535367858,202.70385052334618,6.386760728949785,7.36259677813154
132.5076639598452,202.9169255379598,6.398398831370074,7.369224623002927
132.71808207993453,202.91759005989988,6.410918923622574,7.367895579122799
133.36105149597043,203.02739275805354,6.426130067593637,7.365148512155955
132.92860712335673,203.45344767959293,6.422780432039008,7.381277049859166
132.49526741428622,202.68737637107776,6.420437127738291,7.392629902616438
132.6050090741203,202.79097511223097,6.418347686157387,7.402826298397253
132.70637226347392,202.7942671046973,6.433139507196718,7.3962423134645805
132.8091749886334,202.79673716748871,6.4451875254313675,7.391302187881762
131.92783647329756,202.80343882794966,6.465703845152649,7.377898866959859
132.03101468313795,202.80784696355235,6.4772385636778775,7.369082595754488
132.13383212190658,202.9201538533411,6.489542880114585,7.362408010150931
132.13513712915488,202.91886867593198,6.486932865618002,7.364978364969227
132.6708541266903,203.14063603710426,6.50565259375108,7.357505131906199
132.66421293883582,203.2531177971827,6.518934969460042,7.350755992604648
132.76682915538765,203.36370583361804,6.532024640355938,7.347902023733589
131.88510552631948,202.38246478173346,6.547575130302932,7.344000263289737
130.64748277098707,204.8156147425666,6.5868052855957595,7.317878325464968
130.32279460397422,205.11875187275163,6.6204903751093385,7.307606151242261
130.00331961018705,205.4143371852763,6.639046341422836,7.319119770506223
133.28958271186858,203.3207036167926,6.658972259830149,7.331167230352422
133.5014972024275,204.19554049962878,6.675650419626971,7.3435220283385725
133.15998167281228,203.97347890659125,6.696546295294554,7.346221758705018
132.81802635708237,203.75066081570031,6.717196589438078,7.349684382276031
132.91432073629417,203.75115550861943,6.746077527259987,7.348694996437833
133.12254180150094,203.86064834113648,6.773463792630459,7.351623529295712
132.44474579889282,203.74945472528452,6.79468141354942,7.351615030283381
133.32021863581312,203.30671114806287,6.825600986777296,7.3461695611924025
132.9712960161548,203.75830923044816,6.854026693583977,7.335532773101824
132.51643458168314,203.08413649292385,6.870047710459628,7.343325470048922
132.72476506850927,203.3114006211347,6.900989985312826,7.336400462132617
130.33044890842288,205.99472410918403,6.93412468246757,7.325669115001282
130.2261640325773,206.12306343574866,6.968247219530608,7.324074644672245
130.1351576448464,206.23524775818277,6.998430408312937,7.331122884890167
132.93712342232328,203.41557488106392,7.035675127423091,7.329292365063982
130.24276913753235,206.16763049052145,7.069023549753497,7.334044692067151
133.29147323798153,203.66838384748928,7.095495413058208,7.342709777669791
133.85556762476926,204.3383305751423,7.104131527134583,7.367006187546
134.18192695458046,203.9959570790895,7.135060464266304,7.368105582897515
132.8103858235911,203.3029685535012,7.137475396747337,7.383748969325295
131.3331074191905,205.52918148023764,7.153855597572076,7.393941084877152
131.41995673203147,205.50004840589315,7.169578887472326,7.402651755358789
131.53051070874687,205.45080721337033,7.167676948485293,7.428169398003421
133.14967607577972,203.70951855751642,7.147199961060591,7.463046266881572
132.34894843455632,203.69810897562064,7.138171008650272,7.485865430673105
132.58056993206972,204.14717803640585,7.135495039601697,7.508861361059166
132.91964302157515,203.22593056879174,7.149152000129804,7.506547924183584
132.57409511881852,203.3369053589202,7.147904005067423,7.515379610785207
132.34313520967234,203.56152046897705,7.1480243773643855,7.527948836666904
132.11041673279843,203.671158396692,7.151264677566667,7.539771308009805
131.87729982730025,203.78104295572712,7.1548291447838235,7.551336861829091
131.8714159421111,203.09423130826394,7.1665969151621285,7.535527437178235
132.10017820859113,203.79056144683202,7.172094967347406,7.531934915478147
132.21359743570088,203.3304178461197,7.1767987033996965,7.5260533558154945
132.90715744126746,203.32690524319503,7.178826565247174,7.5330785616648495
132.909050856107,203.31783182177847,7.175039735568074,7.55122540449798
133.02182939786047,203.3132331509999,7.181373421713202,7.560422746055088
133.13916262619725,203.30392751279072,7.178842048919062,7.579034022473503
133.2578082169742,203.29428664738762,7.173937001213202,7.598315753279661
133.3760522610915,203.28777162968922,7.170058814183047,7.611345788676512
133.13087890324977,203.29097676097254,7.194901349471361,7.604935526109848
133.00168094556022,203.41346187113464,7.220251331124784,7.593011239511339
133.09689946858583,203.42277869011696,7.263075545092151,7.574377601546691
132.97725456460412,203.41305832082918,7.268717530972004,7.593818340122232
133.2222852994764,203.4005899158702,7.2467394295397485,7.618755150040202
132.99096979225595,203.39609641076495,7.241202544726043,7.627742160250713
133.1011212861518,203.39668234132637,7.25503638481184,7.626570299127854
133.21404509320854,203.3954848635536,7.263526521488469,7.628965254673391
133.32529565057598,203.51063649773795,7.275535183466297,7.633171763017389
133.55010266056723,203.51263187999893,7.295452959234506,7.629180998495441
133.0703272503253,203.5170771502507,7.314928118506073,7.620290457991876
133.51849502211545,203.52647453233922,7.359344583387634,7.601495693814836
132.79631336849607,203.5282840650969,7.390131479870734,7.597876628299486
133.12918714702175,203.65058263324985,7.432461788915608,7.589305447358958
133.70035817511345,203.77441687712124,7.472919932140866,7.57819699949793
133.0875886548129,203.89804999755987,7.513338903094212,7.567954772550246
133.5440947813155,204.02008803728154,7.550327843926597,7.561378991566281
132.59168580560362,203.89313449550949,7.551308840983889,7.577306455814601
132.23476089373213,203.76144322535538,7.550421198000187,7.602443173880626
131.51375931320578,203.74676230205316,7.560659756187424,7.631805020485036
132.46807660105927,203.25153212938076,7.566031244174255,7.665262333982901
132.47067289030966,203.8336667278933,7.560838665673498,7.700301228868521
132.34930723306567,203.2238151351181,7.563239577241163,7.718352399817449
132.22788703531975,203.69445511166987,7.565428080284533,7.739680016507936
132.22295378043614,203.33233132739832,7.5752945900517386,7.7408633279883015
132.92898550276195,204.17997780701833,7.610406029513709,7.733941066880754
132.08006741269136,203.82029186226487,7.616753084781888,7.728389045727777
132.06875131158165,203.58615021976712,7.639385287001313,7.7133639650169545
132.06808568392324,204.3024655409524,7.640716542318078,7.731382584957701
132.18214869556937,204.06195624505847,7.6546697675700734,7.728242679657154
132.301533671688,203.94001608649432,7.658149712370405,7.729873099747844
132.42099515738886,203.81799604989513,7.661557150800663,7.731582763114236
132.54439749816993,203.57145752844949,7.65716349434539,7.7398377557917755
132.7925182520872,204.41095871011538,7.64586516005621,7.7581364998686055
132.05242163651127,204.0513071282911,7.670571836180739,7.749696386003445
132.18392450089513,203.79645428818972,7.65040417783144,7.77372592536935
132.7937145007216,203.67464092532455,7.645312906699196,7.774454905395581
132.17926812079656,203.30950090196382,7.660061366197948,7.776248371906321
133.14467748727603,204.03653210042003,7.673960796671055,7.780724597567945
132.16142784203726,203.18306239509894,7.693424723246274,7.784008064795616
132.8744947679951,203.79540065789953,7.729719203863395,7.778021816305063
132.25337369300075,203.548404120885,7.750880864569788,7.783582694621225
132.8590186335215,204.27585818762148,7.762776412981095,7.796497076491551
132.00238377558205,203.78561824692284,7.76085163310177,7.796865817455559
132.00038961419799,202.92641669976166,7.7648399558698715,7.8002460896274055
131.99860100032862,203.290463586454,7.768417183608592,7.807510236469702
131.87407994848118,203.53586772603242,7.772169284855908,7.807281962207962
131.84498012132175,204.54345686839434,7.830368939174749,7.754867942683902
132.06330289066403,204.44322438756186,7.884595563080436,7.7098968230538
132.65714586775616,203.96653777135938,7.9248031324686785,7.6809552366006875
132.14655084249685,203.3645206056255,7.962983288126942,7.6562271994930535
133.10484294911618,204.12262475713308,8.0140787468311,7.615778650434997
133.2076782951739,204.13711024252615,8.054527560171602,7.5868076796488975
133.3076627708176,204.15065358573267,8.10085131557319,7.559720993235851
133.40853052529891,204.03958940805904,8.14570218266135,7.535262972532303
133.3811482105579,203.68362753162822,8.20046681214335,7.506494075392808
132.8705608781214,203.81624722847937,8.232468076143657,7.488548031908714
132.99740968249833,203.81402840588888,8.226276218504141,7.492985677089701
132.01423085269522,203.81371747051432,8.212793199136089,7.493607547838788
132.3843404779069,203.81471047652636,8.214414129577046,7.4916215358146925
132.50979608033134,203.81013653846554,8.210776582140834,7.500769411936327
132.03016266032841,203.79565653927892,8.180592410149876,7.529729410309589
131.30735263161074,203.7761109630497,8.142091124308767,7.568820562768027
131.94062673160943,203.76594943012194,8.112416682822762,7.589143628623542
132.55738928348387,203.76933951676972,8.11506325808906,7.582363455327978
132.31763338341065,203.76701139958058,8.100239093749806,7.5870196897062945
132.56426478404416,203.26765623533046,8.100997075240159,7.59768845269172
132.45233048828675,203.38677495790637,8.07767403913443,7.60664263516051
133.06669560005014,204.12746777186572,8.083790140229352,7.607072596787831
132.212209060987,204.12647885216487,8.063261402460723,7.609050436189554
132.33721240329345,203.50403877368535,8.060036863893222,7.620019862921529
132.59037836427834,203.98859039546102,8.047516380342593,7.638539496208529
131.85825411814426,203.24175885185088,8.02974380821275,7.650181519030831
132.58109280978428,204.23975959761677,8.065525648444732,7.629458992181732
132.82699631996812,203.2565589465291,8.068001151471362,7.618730200779786
132.8138777497964,204.13218615601596,8.094238291814808,7.59654444454905
132.9451317946607,204.2500885000036,8.07879806549818,7.607807619985761
133.05911402767637,204.37946929213476,8.097838920717999,7.596051356974586
132.57147137863225,203.75455560388642,8.084659043020453,7.610297263739081
133.1875587546528,203.8805090973482,8.088166501638895,7.6055267189474405
132.45292316419912,204.0043230296579,8.074744352922739,7.605014409265264
133.19361941177098,203.8840262648099,8.074737652263309,7.5987103065472
132.45605179857665,203.76637855541912,8.069087936109538,7.587208234905043
132.82892674372448,203.64765693905215,8.06291798803003,7.578124820233615
132.09119044348506,204.5211601301523,8.06067426454288,7.555120815993655
131.97068750548732,203.7820115723589,8.055794328460735,7.558103059114901
132.0883492973835,203.6716499043643,8.06632766246053,7.532969477311962
132.32720821187715,204.66674285072733,8.079854477750338,7.50776216169443
132.57934879790488,204.54068172418354,8.066439189854352,7.514451472702281
131.7218204337367,204.5458388234857,8.064186905173546,7.50413727409797
131.84318836118547,204.4292165741557,8.066581847063938,7.49225097596995
132.8188479518404,204.437250791188,8.075096684961963,7.476182541905381
131.8530900931986,204.18382482422166,8.047759391715129,7.49332122320542
131.86486937263436,204.18012392510406,8.024200832843635,7.500723021440623
132.60730883826866,204.17772016881148,8.006035350442627,7.505530534025822
131.50924894025994,204.18189295137032,8.003951626537889,7.4971849689081225
131.87105750749484,204.18952406696135,8.012573808958319,7.481922737726073
132.9477745130053,204.33106559248077,8.054888178053337,7.442811728922314
132.33559479172882,204.33892605173048,8.059194243194657,7.427090810422921
133.31044249930835,204.21623167639936,8.060120516017177,7.428651850087449
133.41852917041905,204.22960155427901,8.087814165186012,7.40191209432815
133.52627694215545,204.24630188263203,8.116191523006293,7.368511437622163
132.30771056856707,204.37291809946905,8.11549913963393,7.359061517002996
132.8073099474453,204.49910721498648,8.090784657855544,7.3503043549626295
132.21437925617752,204.6190021159552,8.061161816708028,7.353611397761805
132.8220109663062,204.74417992482282,8.059340367985332,7.345944174333516
132.69783190546391,204.87985769796032,8.065160624364298,7.317126493364114
132.69105359971533,204.16924012252747,8.078717235861463,7.285346900376451
132.6812253889551,204.54821082920643,8.09837365738187,7.253024806871746
132.79330246921137,205.16356278054835,8.1158821512536,7.2306341761090325
132.90485262601908,204.81462097840256,8.134358718303371,7.203787138405193
132.77154938259372,205.31378774285938,8.159530764797942,7.171191370916234
132.75969328734794,204.9694986229859,8.183242955289488,7.135859899843001
132.7492964092355,204.62550746285697,8.204036711514355,7.100528098640856
132.50068769789053,204.88333961206655,8.219533952820436,7.066583981605563
131.89796553397676,205.25894470632812,8.222203165536175,7.037038862149454
132.7351857154137,204.43154483147336,8.228615085892379,7.010986328628896
132.37305371035018,204.68496623404448,8.233472687589227,6.983747795773475
133.08830079045438,204.93552233429318,8.239613401794829,6.961513886747408
132.13630567619865,204.81748928641278,8.230194037764624,6.958403783440556
132.3837807169309,204.57557104355493,8.213205549868983,6.964278675587414
132.6299263421164,204.33675420831972,8.198540513708007,6.964286131847806
133.34585723029394,205.16863896738144,8.198199641209682,6.970624334890588
132.86738336495003,205.04704465153281,8.200413462561775,6.975129489253902
133.7027848411778,204.8013730375182,8.201141240237222,6.988892508674276
133.10226282677542,204.67939553582067,8.207072205111464,6.99382489928319
132.50094469742854,204.55589964580238,8.213740905752715,7.001623167709304
132.62916725776867,204.5481736088939,8.19671765914922,7.017075241526264
132.62760047454745,204.66972480484475,8.199851225591678,7.013380019029357
132.63353228996561,204.7860292305245,8.187987594755327,7.020167393148848
132.6485882283084,204.890463546843,8.157875718069763,7.050620671916254
132.77868132304587,204.998799494257,8.137034667686109,7.073293916179502
132.90343499318388,204.0323578691817,8.126913572995829,7.091087201644434
132.91819626065535,204.0111695509487,8.097391038052853,7.133463838110434
132.91955985875865,204.11865636228464,8.094663841846264,7.158226079423566
133.0291783569371,204.48567421670307,8.115516636920766,7.14445974488085
133.13816548613212,204.9720059975637,8.13773529771856,7.132567859911058
133.25337918029572,204.73928137857226,8.147654842864352,7.1173232309479
133.24297319311293,205.3465477418998,8.168466817229946,7.10407260140101
133.2285926000327,205.11221993231334,8.1972280033904,7.091995497610728
133.21929771229986,204.27251552792313,8.215817778856108,7.087079374583019
133.20667801193522,204.5207898238238,8.241057179585358,7.072183906390715
133.07122730103424,204.77575228736978,8.270980894614485,7.044214392844529
132.93655110103893,205.02997090415036,8.299342630599634,7.017758487294195
132.92481896673965,204.31933239174649,8.322806899198214,6.993017421782847
133.40220423650914,204.81046414071548,8.331903145102588,6.974620709288224
132.43053560167132,205.05928522398932,8.348755742338936,6.958599710850344
132.42952656488973,204.46067294781272,8.350773815902103,6.951763930761304
132.6723513592244,204.70208122297012,8.346590104640066,6.950413257853817
132.79949099439722,204.82208767076057,8.332957546216992,6.951047074195509
132.92122787683746,205.42834175811717,8.329930684826419,6.940773416931836
133.05468246237186,205.06117979375952,8.303256154407133,6.954393423698762
133.18320011978003,204.5792467448952,8.286263932515459,6.958087149728848
133.30382295872477,205.3006739766023,8.284858875092542,6.954276409113884
133.30680322198603,204.8195370154153,8.278898348570028,6.957520024144199
133.4255791050696,205.54358561678603,8.281064488961528,6.947730260754589
132.59213546840624,205.30983284003344,8.270796353651944,6.936048554649432
132.59566600094303,204.95618515000123,8.263735288578342,6.925602508270009
133.0774081253565,204.95746406803156,8.256131038627093,6.923044672209369
132.25170548606337,204.95472755510667,8.23585538925898,6.928517698059134
132.49004051677562,205.07151606462796,8.236359442950292,6.933527736574516
132.60642878230735,205.19030719018335,8.242258413917448,6.934620987494346
132.72658871752623,205.18446803881358,8.240722632188666,6.946299290233874
133.43730129706435,205.04640599513738,8.25298800880147,6.983474954971399
132.5882981325011,204.92891897027806,8.272842433925092,6.978713018403953
132.70112269347496,205.771532644012,8.287159029133043,6.973245691025086
132.937811531202,205.65146035939404,8.293978432444778,6.973291720878128
133.0662253188653,205.39742254887156,8.277355310811132,7.000958434537146
133.31069235920523,205.1466414876118,8.26920795974984,7.021733827438105
133.5544346086109,204.89628204642224,8.26292708218715,7.041249088568496
132.94857154404735,205.73164497366014,8.270560216404823,7.056253426965925
133.30907872888892,205.603807245562,8.27307890627709,7.070751196643782
133.5506684610322,205.10678336730925,8.272798620739321,7.099000595651694
132.94102250584726,204.8606396513958,8.282595164401855,7.107489880795735
133.19013028765056,205.69712863571883,8.26875331274774,7.1298199039831625
133.44243842407832,205.31548016596778,8.248799706559595,7.166122843484171
132.72202595483466,205.05920156973357,8.233994946882415,7.193470136564451
133.08821357824127,204.93008568778484,8.230061754383138,7.208887882357245
133.2073648848432,204.19122062218102,8.234759210893207,7.22861759528127
133.5654061909433,204.7885476981632,8.248843122752628,7.2509076500828815
132.83584496302848,205.50817095795855,8.244181265810658,7.275445443263802
133.07969309581492,205.12929511928508,8.245054017580847,7.300343594596101
133.09260238042467,204.6211261495592,8.219235448361387,7.337896049182941
133.22303571648234,205.21614101773525,8.203264667000877,7.372345766605316
133.33881148266008,204.96718254907734,8.216911064148453,7.379866844915044
133.22657401376003,204.20979466989968,8.19585589783424,7.421461978584431
133.35941350776906,204.55689030119322,8.176043323850568,7.464869958100606
133.48561688552508,204.77936440495182,8.16988650118394,7.512421616274249
132.6334754104521,203.8912465273067,8.145790930598055,7.560278850832671
133.5002896139377,204.86878118001036,8.143239495902804,7.583583228026461
133.13539042486025,204.85050011502648,8.130155998674226,7.62014535799422
132.8957002207782,204.82884763883266,8.11352894576709,7.663450310381819
133.6415446215899,204.8167810914725,8.112426684536462,7.687583405102126
133.39458891444636,204.8059336677807,8.10874496230486,7.7092782524857775
133.0144346239183,205.05417761274725,8.121804937698395,7.710956099661019
132.6352938792979,205.17869738186567,8.13214493117356,7.711230393346038
133.25436713337433,204.305648630903,8.141398221948132,7.710968176773009
133.23267353257495,204.4402684747115,8.184785423546911,7.691349047100061
133.20685744668796,204.7007662384356,8.236417595320878,7.670328868653672
133.1820451838366,205.08526405980498,8.28604212102359,7.652714077320839
133.16293244464663,205.3408994846829,8.324267599403498,7.643352210836341
133.1481720248354,204.59079707861218,8.353788439025978,7.635148536079093
133.13495605046282,204.7220036504788,8.380220387771159,7.624466084631777
133.12233263139842,204.85296493452668,8.405467225899944,7.61451556274055
133.11216709911636,204.97980565648658,8.425798290464042,7.613040427574061
132.9838948467753,204.978559246467,8.429843745640651,7.615533247613218
132.97314765638788,205.10776957446126,8.451338126415534,7.6097143291188685
132.96262484260745,205.36345080902356,8.472383753976374,7.604038118632888
132.83042437289674,204.48426848862704,8.48370503997252,7.590845185448879
132.8221623271858,204.61177828480612,8.500229131394391,7.588870471818356
132.81198999196351,204.86984970991097,8.520573801838978,7.5792676335494935
132.80236307642673,205.12751453543464,8.539827632912507,7.5708028823558635
132.91068005733865,205.64973484000924,8.576789627552008,7.540746099059816
132.90191674713148,204.76653987248181,8.594316247966347,7.5313177302921055
132.8896687301205,204.89661369159188,8.618812281988296,7.524979108092324
133.00174821073213,205.16314581375292,8.648740321669,7.500088865578175
133.11867481385528,205.29629760088974,8.669038503451466,7.487936679333315
133.24015185814167,204.66698283489734,8.680354950495786,7.475213533232648
133.36595937822193,205.0500824355664,8.682981283969834,7.471738452798228
133.11975946623193,205.17290976378038,8.666928707048452,7.480309996820944
133.0021317746677,205.54712908692608,8.648068581031767,7.494217877964808
133.00564735556748,205.0328504925136,8.641037419232223,7.506587759198689
132.99654158512678,205.5440564733981,8.659248960113626,7.500721279222857
132.9911764834918,205.03690448655163,8.669979163383568,7.497728568062462
132.98728387878975,205.6848491507127,8.677764372787706,7.474050254342962
132.7391526043854,205.04570379281944,8.665661649740269,7.481427790489253
132.72910380779848,205.69494646526485,8.68575924291414,7.453511679160059
132.73111184411158,205.3135596354606,8.681743170287895,7.454355910311818
132.73644108483035,204.80004092332393,8.671084688850412,7.465681539018419
132.7385512241314,205.5699709866399,8.666864410248262,7.449491362498066
132.6128681003101,205.06278233832617,8.664610860112544,7.44938946801209
133.7611357622374,205.9540177442576,8.650325394064375,7.442001878887621
132.6318549116438,205.69559554260314,8.629692780411768,7.452358656676561
133.40147768048158,205.43907392434807,8.60899282204393,7.45922003341748
133.41469109260453,205.30562493501915,8.582565997798062,7.473237296207465
133.42670302958612,205.17321063690423,8.558542123834856,7.4853695191043945
133.44068929511295,205.92240071867286,8.530569592781214,7.502101428642888
133.44891696273086,205.665006402263,8.514114257545385,7.5121838538332115
133.45231707499,205.5372074528763,8.507314033027106,7.515522439607459
133.57660105440613,205.291004623154,8.510953331152175,7.503513585137457
133.56174732432348,205.04593314503123,8.540660791317455,7.489513456646417
133.54829938410896,205.93505881625043,8.567556671746493,7.477417900888388
133.65990424277192,205.8104267810596,8.596877876145694,7.47415104954495
133.64914312689143,205.68314442578898,8.618400107906663,7.4757831352069735
133.63368906917128,205.30078172513672,8.649308223346972,7.480632633709784
133.50152829977517,205.03938779492955,8.659781683274423,7.495724336394582
133.37441276475448,205.91900616077552,8.659760495907198,7.516253406563053
133.38284591829327,205.7758867232911,8.642894188829628,7.547911081342014
133.39032785355946,205.6332193096519,8.627930318297286,7.5784184138492785
133.00429946632718,205.63510566479835,8.634734299236738,7.574645703556432
133.51234787449286,205.63556971839833,8.639154742769374,7.57371759635644
133.25056761808307,205.63919331221504,8.652349334087464,7.56647040872305
132.8667511242356,205.63843531222554,8.654168329472084,7.567986408702021
133.50612165950088,205.63709186426664,8.652046258554149,7.570673304619823
132.86696999656823,205.64054456864892,8.653679757738464,7.56376789585525
133.24340716386192,205.6462446813821,8.666551358880605,7.552367670388971
132.97683843079744,205.77979932748576,8.689158159355694,7.540523711008491
133.220488940853,204.8878780867981,8.71270806995713,7.53638793488991
132.44525508200272,205.0176629059797,8.728834258138276,7.532541884779971
132.694511838294,205.1468683799266,8.742143471237364,7.530042299727056
133.06295803252374,205.27821583853174,8.77348238075536,7.523424481842523
133.55944398253246,205.4076808725968,8.806332005485022,7.520949794899112
133.53406342982518,205.80704347159426,8.857093110899582,7.492994412605141
133.38657831458656,205.04276463884105,8.89480577647472,7.478006688698654
133.11407569474503,205.1774654341105,8.924614789759133,7.46620321135908
132.7194826755084,205.3014681823967,8.94019818569716,7.4760652622984525
133.48728250418628,205.42771831159763,8.954198444661001,7.481831656616545
133.09495588944327,205.5528707712238,8.963125625708042,7.49010208684384
133.07456460254846,206.09223290504073,9.003908199497612,7.446762691737805
132.9309096225352,205.19492293070402,9.03244278116563,7.42995499190179
133.6955744110925,205.3217262769431,9.056771863521304,7.435291409335394
133.55190418454782,205.44931746700735,9.084708797556221,7.439512548261346
133.40984300082127,205.57334477677767,9.108929848153686,7.451359245576336
133.27569798056106,205.82657726340557,9.116754736393245,7.46582457688222
132.76053853801827,205.0341570379906,9.103796699575833,7.4857496448575755
133.5431888948619,205.81674052709667,9.10414711179955,7.486233792556474
133.2827984813046,205.68802476308358,9.103017810794908,7.482710256523028
133.14275827953665,206.4824404795918,9.122217431865097,7.459163518300716
132.75323175227624,206.09469323774573,9.118883808213049,7.452271323819943
133.27899438214868,205.30999657442126,9.10989019074633,7.457867187051625
132.51240936639792,205.42395296930934,9.079549653674691,7.490539492037691
132.91094548466228,205.54446797416767,9.064415873616907,7.510155634478019
133.30298374447258,205.80468128237177,9.062528781246739,7.511188636236718
132.91404243646468,205.419097722076,9.058259130306473,7.500203489872185
133.69204654547966,206.21163360137487,9.065097554584044,7.477978373582031
133.30468200969582,205.95531270986984,9.059163710163572,7.470178212599946
133.05011031508926,205.70013812141644,9.048299634928426,7.460519925058477
132.77670502388708,205.9572575924851,9.075748960848074,7.465642239405913
133.42125924821863,205.43546933919163,9.08756878029635,7.468476131503695
133.2773265254161,206.09162044029478,9.115020985873365,7.458240129437765
133.13494888652914,205.70345185150163,9.139106260166207,7.45256729658097
132.9895472584858,206.36217322162784,9.168961009587406,7.439867089655937
132.9692744641439,205.97820909712667,9.209506598271195,7.4241900706438235
132.9497736556411,205.59283098139332,9.248508215276802,7.410234797292372
132.93721002595862,206.25283581306437,9.273635474641754,7.399939091579631
132.8030771431435,205.85960736692675,9.279740072822035,7.39991248150497
133.58541560542193,205.33675171304364,9.288589037386641,7.396606529856877
133.56829289529531,205.87285274069677,9.322834457639859,7.373749785522029
133.5459831096904,205.6228625396129,9.367454028849693,7.348750060169233
133.26462977956444,205.63666071793557,9.404626733407465,7.3211537035238905
133.77910966817586,205.64357817074978,9.427213887145452,7.307318797895456
133.36807008976348,205.65216042044872,9.46027268300653,7.290154298497544
133.0884406919125,205.65914835152319,9.49306703609458,7.27617843634864
133.60309069806084,205.66467316160833,9.517787268136491,7.265128816178341
133.3315743292261,205.6651737065457,9.533415957812597,7.2641277263036335
132.79085465438155,205.66727465152556,9.559159038027833,7.259925836343868
133.18618066136992,205.66427100277417,9.561251101110871,7.265933133846637
133.60099388649448,205.65579593607498,9.524758599371804,7.282883267245067
132.95877884495422,205.6483096357844,9.488698812990382,7.297855867826232
133.76113316406222,205.51398843083652,9.466740587509674,7.302706542266106
132.98267609929093,205.50446621004824,9.44244181951066,7.321750983842668
133.26420345238068,205.49196812744455,9.40633594639698,7.34674714905001
133.5324367614982,205.61976816274017,9.396527688870227,7.354476258812866
132.62116477286733,205.61455639262073,9.375937752261068,7.364899799051807
132.76402314614595,205.60096842122138,9.353380259265935,7.392075741850503
132.9029118033366,205.5902240297896,9.33885832627184,7.413564524714074
133.0380444161294,205.57892863772108,9.331974858513043,7.436155308851086
133.30314863023838,205.7066362082173,9.329051968857977,7.444382937140036
133.56751812460553,205.83817771134966,9.32777577468488,7.445031328155969
133.16952538233826,205.84233397676067,9.332594217363594,7.436718797333948
133.69207617507686,205.84742142792638,9.342138238783466,7.426543895002512
133.0318555889095,205.84821156505365,9.344366343789352,7.424963620747956
133.2903846073047,205.84900280350462,9.354610536887535,7.423381143846032
133.55080073650393,205.84889115212874,9.361343062189702,7.423604446597764
133.01284509618986,205.85603266789656,9.381697719616678,7.409321415062147
133.28341091037046,205.8477040456408,9.368504144339905,7.425978659573687
133.53510538414957,205.85645076828024,9.393189972406757,7.408485214294767
133.13938489972168,205.98298654474775,9.39223673290324,7.419545064146177
134.0651247915746,205.97796384332162,9.390831863954897,7.429590466998443
134.06751032522953,206.10882469375917,9.38606079664498,7.432306769223048
133.7985167497978,206.10729475328384,9.39522989506816,7.4353666501737266
133.52938854829236,206.10568408287457,9.404288032328894,7.438587990992219
133.00769986977988,206.09563577053382,9.388504763847319,7.458684615673739
133.27499487127466,206.08610152569784,9.383663876853547,7.477753105345683
133.54529014682117,206.0754742939674,9.373292739660235,7.4990075688065865
132.74464601759286,206.0691002757199,9.38280894519175,7.511755605301585
132.8796021819722,206.06063285586973,9.378544530476061,7.5286904450019065
132.88918510729945,206.05037364438135,9.359378679821521,7.549208867978666
132.89135843799653,206.04060118729853,9.355032018427389,7.568753782144306
132.895672363323,206.031275891605,9.346404167774415,7.58740437353138
133.02795120993372,206.1722533149963,9.348160704466492,7.571763756662204
133.1556891870603,206.17409732335648,9.358772871935443,7.568075739941917
133.30137339773353,206.16411096244175,9.3335958240868,7.588048461771339
133.31184458686195,206.15229049946717,9.312653445829937,7.61168938772051
133.32574855521725,206.1392887418447,9.284845509119352,7.637692902965444
133.46699769846785,206.13390584905443,9.268528102365625,7.6484586885459755
132.294873116057,206.11301265441415,9.21784435002398,7.690245077826547
133.4783848802496,206.11612624087186,9.244796559862639,7.684017904911112
132.66952348781564,206.11964706297456,9.264646816211847,7.676976260705707
132.79547596743288,206.12022590684387,9.279246021524397,7.6758185729671276
132.93303402171426,206.11347392390823,9.270840143276462,7.689322538838387
133.07827790501472,206.10202074507072,9.24715108995169,7.712228896513398
133.22632936017632,206.09311749241235,9.217851426365717,7.7300354018301665
133.37251402625432,206.08498352903487,9.192120715675813,7.746303328585081
133.50498684303707,206.08895622331244,9.193678871680518,7.738357940029956
132.57780620097623,206.09078770349743,9.183240833913741,7.734694979659989
132.82977820783108,206.23945251080588,9.21165667207667,7.70354529097943
132.95928577580642,205.4570073802019,9.21875785484305,7.671737639885324
133.08811858140757,205.87057574941937,9.226805228286175,7.641739855386842
133.21474890065954,206.28436181675954,9.238897614466895,7.6102267947604805
133.3426745324885,205.76829103422656,9.24807680864235,7.582246528492965
133.46837455509808,206.3078352488711,9.261396458726578,7.562036880417443
132.54024982165186,206.04839419797273,9.265461051209599,7.551723303811529
132.6728535606819,206.3195207447164,9.264747125668292,7.538457315361557
132.56240850868926,205.516685603088,9.221369184963315,7.558519330476789
132.57532469240792,205.64570503619063,9.195536817525959,7.564406098354979
132.70929938691663,205.7822831511717,9.191210858493843,7.554873298378161
132.8399098291918,205.9244976465948,9.193392894395076,7.533847227983525
132.97438671069216,206.06670655753095,9.187535927556523,7.5125262022733725
132.8281126142764,206.0913725455656,9.217421938398214,7.4631942262040685
133.36063640195636,205.9646424111253,9.201668198734877,7.454331036160503
133.22203579415543,205.9770654818643,9.216931305947675,7.429484894682567
133.08777253953895,205.98364321131749,9.223687618301696,7.41632943577617
132.70132720106287,205.9857915879485,9.211595903693478,7.4120326825140985
133.36239006797257,205.98370672381876,9.1964984875794,7.416202410773599
132.72348472268484,205.98116562421043,9.16810164811797,7.4212846099902885
133.12061171591023,205.98564166714286,9.156511209104263,7.4123325241254125
132.48196560437464,206.1105928121774,9.130978478360824,7.422995224819232
133.12504317320656,206.25099609148697,9.146550193658415,7.402534036792396
132.85742813986747,206.3940819157943,9.161273355189023,7.376615840751597
133.63062663448895,206.6686573528646,9.175235243707117,7.347584592531264
133.49646244993056,206.93852135545728,9.183759989576618,7.327463833840419
133.49199543135722,206.29617251639235,9.192694026723304,7.314120873071554
133.48928344598724,206.56164120692068,9.198117997463255,7.302240787766291
133.10972135009928,206.95899312320762,9.178985168184994,7.28579397624665
132.7341000404179,206.32345658449483,9.153650824749478,7.262572115675058
133.5118692948662,206.7163352138106,9.146676391020927,7.251096894627592
132.87092575492142,207.24407575091385,9.139558802317401,7.226819555295576
133.13883013183366,206.86343234617883,9.118345693367264,7.216212897454104
132.6224115128872,207.5198246937606,9.123979935898218,7.187431946493032
132.87963401235208,206.8939172600128,9.122374221980705,7.15714860145783
133.13474668896188,207.1667276635906,9.123954887318302,7.123333812859488
132.37800892831248,206.27684530745825,9.105165906408056,7.11545660588027
132.51333395969272,206.27213187932014,9.089477815363228,7.124883462156478
132.27158882001726,206.89958520463642,9.06321756871658,7.144353126517924
132.79931968913496,206.11438109891265,9.026914774503924,7.186022921931313
133.0569493219024,206.1141999628364,9.021475625141443,7.186385194083806
132.93815702215352,206.8705511264709,9.00422765228775,7.202678300923569
132.6923187185015,206.22061178905992,8.98623956017494,7.228395227203578
132.8284007416372,206.2145593496061,8.969048680230408,7.240500106111217
133.19892669733957,206.35153759841174,8.992712894998789,7.22144898389096
132.43902118746706,206.34999636136016,8.982764216264826,7.2245314579941455
133.33415699675194,207.23840078548167,8.97649337129062,7.231723383346719
133.08501029729175,207.10056288108385,8.965031738249914,7.252521676161791
132.19743936253897,206.20158925380343,8.954905364924274,7.26520068789143
132.32526268140288,206.19726876166797,8.954346732074534,7.273841672162367
132.57922408338806,206.32524719949697,8.956862377936902,7.273104021420703
133.0870252028439,206.85319330750198,8.962243871681503,7.238195538066974
133.08002427155444,206.8667776999347,8.97624573426044,7.211026753201594
133.07666083154643,206.87564487906886,8.982972614276424,7.193292394933212
133.07383140101655,206.88402580101882,8.98863147533618,7.176530551033287
133.07349809069342,206.88956836144888,8.989298095982454,7.165445430173193
133.07520703919334,206.8867501380803,8.985880198982613,7.171081876910339
133.07482740120534,206.88534701738874,8.986639474958602,7.1738881182934575
133.07576601028111,206.8851967272402,8.984762256807084,7.174188698590502
133.19946361074344,206.88309952032063,8.991439058980228,7.178383112429702
133.3154469033164,206.88910971800843,9.013714849508338,7.16636271705408
133.43143217097497,206.890337988346,9.036133148671707,7.163906176378943
133.6649981548573,206.90264588975572,9.078386069664809,7.139290373559494
133.52292181482275,207.0410497237571,9.107599079374493,7.11742237591616
133.3870589238593,206.28468595049196,9.124293710380117,7.0999630169190215
133.12184021840983,206.54976531962012,9.144726286348368,7.079809113593472
132.85860910621545,206.81500914220268,9.161215235230241,7.059294743935218
133.49327969584994,207.2046935914773,9.166395885275648,7.044638942974502
132.7332093682245,207.3255975686475,9.158068693756965,7.0575756297623435
132.85421177119363,207.46043335592037,9.170892197531408,7.042732364929424
132.9729939771243,207.46510132057438,9.188109986703054,7.033396435621387
132.97538644759925,207.3305105849856,9.183325045753168,7.047685144952697
132.84106116641104,206.43854171925554,9.196922903203555,7.0462539419301695
133.84635219512305,207.09162643798953,9.228236025638918,7.0162689918743295
133.83452918727312,206.83815031359478,9.251882041338767,7.012770480164265
133.57486932958403,207.08814731603613,9.260144270002506,7.023833961995966
133.31499362487415,206.45049105990586,9.268225025273942,7.019969838885668
132.93128356097463,206.5826845754901,9.267958957543485,7.01147820622705
132.80189665383023,206.83996303610144,9.270980110988308,7.008426606692305
133.5716122190405,207.0951159006157,9.266042103372337,7.009618585265269
133.1953022628792,206.3226385614874,9.25158278549502,7.02041480312211
132.80875193308628,207.09599772896172,9.25773646135306,7.007590435629129
133.06869732776974,206.45468422609568,9.248912430444978,7.012550545214083
132.55621819614953,206.71205508223545,9.251951141367934,7.008768609093282
132.93700028661036,206.9713892916804,9.256780305686673,7.001029087030305
132.55414286178268,207.22658614304933,9.256260224700664,7.001458671386673
133.0650202799399,206.5898313430411,9.25614832785307,6.997914597069583
132.92913392351534,206.97838763874907,9.272569899598398,6.986855428964896
132.80172533654098,207.87215100642302,9.27196643569772,6.98727315856281
133.71168077920478,207.8588814158718,9.23998345516588,7.013812339665277
133.708653655658,207.85884030267502,9.246037702259434,7.0138945660587995
133.71142523491568,207.72630036549316,9.240494543744076,7.0235164275111135
133.08014094789118,207.2148457535277,9.225410209113651,7.0243033244985105
133.1987820712853,207.21681070944877,9.243441376460007,7.02037341265642
133.1919546757004,207.089901416836,9.257096167629795,7.018667793190336
133.18086072970354,206.96596914826097,9.279284059623526,7.010827817096663
133.0520508646742,207.72474987636514,9.280989182200004,7.028754005781518
132.41564152505865,206.94485688004596,9.272640935774229,7.051139687631648
132.93140923574163,207.71223608108582,9.266991895521722,7.055210857222031
132.42346662269162,207.45165786199988,9.257069528491229,7.063463498828701
132.80626660437062,206.9389825073422,9.260775232031666,7.063073318946121
133.19057733622355,207.57720741507035,9.26160990728609,7.069050401756886
132.55539964784478,207.0595081483998,9.24898717026675,7.078066444076494
133.0657330404201,206.67744658877606,9.254520806915306,7.072539246974542
132.30992187215708,206.92670146985188,9.226876807982482,7.087118263309194
132.70469350339067,207.17883254790925,9.206414286482392,7.0955766011725485
132.84320850495308,206.41315299166297,9.18556995578718,7.089821679087538
132.99149414990848,206.659083138195,9.14477226369216,7.109508581655043
132.11438023384773,206.91085577865724,9.110704680157884,7.116904848060786
132.25395888723435,207.03608929504853,9.086617603925129,7.12150804581872
133.151920667054,207.03318989708288,9.074130503435375,7.1273068417499905
133.03062673267533,207.0291714838077,9.062038549660379,7.135343668300353
132.65726683535289,207.0244355968796,9.044882326078627,7.144815442156541
132.41149322754134,207.14201499068176,9.027396499048335,7.164173175878951
133.18182801429865,207.26137062789059,9.014104544192886,7.1800248379045035
132.6894487759772,207.3779407608716,8.980397288327765,7.201501005069448
132.31532959527934,207.5026615002581,8.965292251320683,7.206507325764033
132.71472551696078,206.6051557713713,8.929391998990859,7.221438404460495
132.22132232162016,206.724398456659,8.900246418249882,7.236941026740687
132.74123059624355,206.84350453312598,8.87559478236227,7.25252010214647
132.2475777208091,206.96232420823554,8.848243247911189,7.26854507325739
132.88826443964646,207.0820852090725,8.834383375952662,7.282525784726699
133.0011654776734,207.34054890339326,8.862096579514487,7.2726289553165655
133.11242932771336,207.59861760910795,8.8933506259037,7.264055036825361
133.22813354644853,206.8412044069267,8.916065897725659,7.254139185433904
133.4699614973725,207.1014657607377,8.941034876779195,7.242241358713391
133.718198645274,207.48611636848577,8.953567513539351,7.236450542061847
132.94477877894724,206.98129903909344,8.972794272810324,7.227676551924843
133.0639182282217,207.366400356642,8.989270582261202,7.221739540827077
133.04733138391418,207.37664917813152,9.022444270876234,7.2012418978480115
133.03113129289534,207.38430339732383,9.054844452913933,7.185933459463419
133.007811543654,207.39132556379022,9.101483951396611,7.171889126530651
132.98536187893924,207.3984009288798,9.146383280826091,7.157738396351455
132.85110734825477,207.3915317798209,9.158612443291672,7.171476694469278
133.24915274036653,207.2463415427541,9.132592622933249,7.205166847314488
133.1091189312791,207.24617253222948,9.15582068974664,7.205504868363759
132.9776059447599,207.11047590903752,9.16164604363906,7.219697495601618
132.85293361300123,207.10130275680075,9.153470362987859,7.238043800075138
133.3835950038673,206.82595892607458,9.122919984649673,7.273345259830478
