257.375,184.60499572753906,33.25,22.145000457763672
256.4071701406492,184.06891810122985,33.3176908767506,22.217155710382098
256.2942483989524,183.99457881471182,33.54353436014418,22.365834283418145
256.22298217493403,183.969107556792,33.68606680818097,22.41677679925779
255.70956440181573,184.0153971997086,33.83386029348675,22.324197513424632
255.76815489641956,183.9941376881818,33.71667930427904,22.366716536478165
255.33445643674673,184.0064459868265,33.705406360023055,22.342099939188806
254.48623660433316,183.99384158574406,33.64566391206266,22.367308741353696
254.53186753646222,184.00585008231675,33.55440204780456,22.343291748208273
254.1265408300062,184.02135042944641,33.4892142906732,22.312291053948968
253.71414013303496,184.00623688992044,33.43966984420878,22.342518133000905
253.7362146921893,183.98277861788463,33.395520725900084,22.389434677072504
253.73134904542607,183.96288091148463,33.40525201942652,22.42923008987254
253.29011967245705,184.02380327068556,33.41268529653583,22.307385371470687
252.87967743870004,184.02030125197655,33.36045618360475,22.314389408888694
251.97910785903358,184.00592976040153,33.416706479155025,22.343132392038722
251.93212797590206,184.02567338518259,33.510666245418086,22.3036451424766
251.89028943163896,184.06219321786978,33.594343333944245,22.230605477102216
251.89695214405094,184.06876666402346,33.58101790912032,22.217458584794887
250.49577977362765,184.1123848054409,33.7609164752016,22.130222301959982
250.3976499743595,183.71586393614274,33.95717607373792,22.047865952029184
249.88532362483448,183.6991676114131,34.10485897377837,22.08125860148848
249.77354714114736,183.68462260733332,34.32841194115262,22.110348609648007
249.76792169741907,183.68717029724723,34.33966282860921,22.105253229820168
249.30893669942165,183.2136794193531,34.37397201095684,22.168574171961193
249.2436249423382,183.18873360714673,34.50459552512375,22.21846579637396
249.2669575192362,183.11175819296,34.457930371327755,22.372416624747412
248.8327051963318,183.02370389060164,34.43654255496755,22.548525229464147
247.51462975539033,183.02477688919913,34.395171441026285,22.54637923226914
247.36215284378875,183.0216221199354,34.70012526422941,22.552688770796664
247.3526795281666,182.5408144826439,34.71907189547375,22.61777279460776
247.38415651373953,182.4676767696572,34.656117924327894,22.764048220581124
247.53298235782188,181.97453513015455,34.35846623616314,22.850938251374398
247.6471126031724,181.38816461251488,34.130205745462135,23.12731188036302
247.2675607975686,181.25752359895694,33.99178796536103,23.388593907478924
246.83287010487638,181.20511987111885,33.961406526572034,23.493401363155076
246.38872688992913,181.20012716153033,33.94865502992813,23.503386782332118
246.44131353608236,180.70616698735648,33.84348173762171,23.590296586047227
246.4931055952619,180.27596638169115,33.739897619262564,23.549839237734005
246.11176066046525,180.18065438531266,33.60396189247282,23.74046323049093
245.78160883426253,179.61349990810413,33.3645496272688,23.97505626729849
245.90344696308995,179.62167212350212,33.12087336961392,23.958711836502523
245.01946368192802,179.62596520306226,33.09685711205723,23.950125677382253
245.053162957069,179.62787626100146,33.0294585617753,23.94630356150385
245.1001365978723,179.57301607754653,32.93551128016868,24.056023928413723
244.58025116349654,179.55663092316834,33.080505140884284,24.088794237170056
243.66846031632375,179.60907791036175,33.10905547316183,23.983900262783237
243.72124023814186,179.66126973029222,33.00349562952562,23.879516622922324
243.3361167483414,179.7455517753124,32.88083264861657,23.710952532881947
242.88708730370956,179.89696373735845,32.89061203242864,23.40812860878989
242.85382666687175,179.87820333432919,32.957133306104254,23.44564941484837
242.8676944756687,179.55291642429336,32.929397688510356,23.211153487744248
241.96954106194704,179.6001480890776,32.96413379023759,23.116690158175714
241.97866921425634,179.6199723013131,32.94587748561899,23.07704173370475
241.50096513101641,179.20533977594863,33.02246379519068,23.027484927525478
241.10370885148396,179.13303938434217,32.937815524293526,23.172085710738347
241.1065447241623,179.07288638534973,32.932143778936826,23.29239170872325
241.0595701387358,179.0438967654105,33.02609294978982,23.350370948601714
240.162998410906,179.0385975104968,33.05014968182609,23.360969458429103
239.72762775841758,179.0493279323476,33.035808981874474,23.339508614727514
239.76886156318812,179.04036184598755,32.95334137233337,23.357440787447597
239.82553473742007,179.06761070671627,32.83999502386952,23.30294306599015
239.36208954022274,179.05167746741992,32.88593954299484,23.33480954458286
239.353022271815,179.0326148980951,32.90407407981027,23.37293468323255
238.94420766294678,179.08143793397124,32.838634476507806,23.275288611480207
238.4573036544168,179.10460299396578,32.93197288785181,23.228958491491163
238.39404462771938,179.08890098123092,33.058490941246625,23.26036251696085
238.4834508357165,178.67693394687183,32.8796785252524,23.20074746840159
238.50015871821427,178.68890531696155,32.84626276025686,23.176804728222116
238.09665020187035,178.65684989478578,32.77431819098774,23.240915572573694
237.6338870280512,178.63216697395126,32.82091461073359,23.29028141424272
237.22393835369556,178.2616154605569,32.76036346379451,23.150935945381118
237.21746559552483,178.330850167956,32.77330898013601,23.012466530582927
236.81147761169166,178.37952737906932,32.710137175828066,22.91511210835628
236.3758189623622,177.94863248515912,32.70886818099896,22.904315602688513
235.99230665696535,177.93312860082742,32.603503882667155,22.935323371351956
235.97201349712094,177.97119552009306,32.64409020235599,22.859189532820665
235.93846615168925,178.0331315572505,32.71118489321935,22.735317458505765
235.92997081567577,178.07190331118034,32.72817556524632,22.65777395064611
235.51702757784358,178.0672033107934,32.68545421928019,22.66717395141999
234.61409349350618,178.04995470708369,32.75508582173685,22.70167115883942
234.61017367887743,178.04169018357993,32.76292545099432,22.718200205846934
234.17320303650703,178.0580243068323,32.76673545462832,22.6855319593422
233.2850918816495,178.06501997023642,32.80366021207663,22.67154063253394
233.2640212142372,178.06765083649154,32.84580154690122,22.666278900023727
233.2319950795465,178.01380183552791,32.90985381628262,22.773976901950952
232.77769912649322,178.01745449793424,32.94517442089587,22.766671577138297
232.7060412609578,178.03662755407453,33.088490151966695,22.72832546485774
231.82100823898907,177.6404569671264,33.108133300927854,22.645455191265874
231.7528438313808,177.27680369030153,33.244462116144426,22.498626019100524
231.27499086739783,176.82650675781787,33.32641144970172,22.525463289659235
230.78120832216354,176.42350459624583,33.438540821744795,22.45603189437778
230.26384160259772,176.4176903814137,33.59730292471991,22.467660324042022
229.2987872783151,176.3980759881653,33.770305845140825,22.506889110538868
228.88056626973344,176.38506692043836,33.72494154834673,22.532907245992718
228.77886214482788,176.40694938332211,33.92834979815788,22.489142320225206
228.33970947758093,175.98861623779524,33.92276825589019,22.441921734517393
228.27226552057317,175.9559688463266,34.057656169905705,22.507216517454665
228.15035180538845,175.9704066715002,34.301483600275176,22.478340867107505
228.14369231739093,175.97836169868222,34.31480257627023,22.462430812743435
228.17196316779547,175.97886993334475,34.258260875461104,22.461414343418397
228.25255805934796,175.9840166419218,34.09707109235616,22.451120926264267
227.86818937076453,176.00730556633343,33.98001970648793,22.404543077440998
226.49172173376215,176.09468666819785,34.08318832531601,22.229780873712194
226.32273962821952,176.12929759048234,34.421152536401266,22.1605590291432
225.75224776866347,176.12095593541102,34.67633089508638,22.177242339285815
225.60917472519407,176.13327183947956,34.96247698202517,22.152610531148774
225.17958912833973,175.66528669053477,34.92787141917011,22.1948040724746
225.11756777085355,175.6412605251966,35.051914134142486,22.242856403150924
224.6134613598702,175.63445726960097,35.16350192432382,22.256462914342183
224.0361273708772,175.64217180663252,35.41964782812034,22.24103384027909
223.5204544333751,175.66090625387966,35.54890015586406,22.203564945784805
223.39174214785416,175.65386397295188,35.80632472690594,22.2176495076404
222.87271580242975,175.68250092328975,35.93690011748238,22.16037560696461
222.89277511262875,175.65049000335517,35.896781497084376,22.22439744683381
222.95217022761793,175.65596703749506,35.777991267105996,22.213443378554032
223.03964242590158,175.66304879937775,35.60304687053873,22.19927985478862
222.72040242789308,175.17445224780394,35.33739320357891,22.272339294959487
222.80258410856104,175.12162529744828,35.17302984224301,22.377993195670776
222.90289185943863,175.11285227997087,34.97241434048785,22.3955392306256
222.46120818759775,175.09451842690638,34.95779340474742,22.432206936754586
222.08939240577274,175.1096079722735,34.80304296441096,22.40202784602036
222.17944820798283,174.66255825865227,34.62293135999079,22.400567607747433
221.79434618957848,174.63029573103282,34.50029938095941,22.465092662986333
220.94332636564252,174.64069167062482,34.41819218729338,22.444300783802312
221.03494206148733,174.61202647438395,34.234960795603754,22.501631176284018
220.9668339820468,174.1901719027949,34.37117695448476,22.45664008231808
220.4853446529002,174.1936704300755,34.444160277853875,22.449643027756856
220.39893972928965,174.19838631798058,34.616970125074985,22.44021125194675
220.40688007577202,174.14600536256071,34.60108943211028,22.544973162786462
219.98132759066948,174.1185368840351,34.55727726755419,22.599910119837638
219.546616230683,173.62823658679363,34.53152455385907,22.685335280652502
219.49874158599118,173.5938544016606,34.62727384324266,22.75409965091861
218.61250773444743,173.56345247101817,34.60215249743242,22.814903512203422
218.54188751789897,173.57194323988088,34.743392930529346,22.797921974478022
218.04562594256828,173.09012724010566,34.834648471743066,22.86028636458079
217.95115039332433,172.64282615856342,35.023599570231,22.85121230958514
217.45488060144135,172.6736773293035,35.10977842940123,22.789509968105
216.94881984521595,172.6601594450779,35.215275450097536,22.8165457365562
216.9276460442124,172.21096799815882,35.25762305210462,22.806271287152015
216.96195934223186,172.09661274174525,35.18899645606569,23.03498179997915
216.54835198437885,172.0414000873703,35.104306096468505,23.145407108729025
216.13873040877837,172.00054833987141,35.01107681919456,23.22711060372682
215.97034973439784,172.03709955178277,35.3478381679556,23.154008179904103
215.46786388229634,171.99809742663757,35.436537802728466,23.23201243019451
215.4325478541593,171.58364382946178,35.50716985900254,23.142016767576408
214.95365918579347,171.61710990133872,35.5464841364475,23.075084623822555
214.4855445351477,171.60096994883196,35.56477685518756,23.107364528836065
214.46713498293408,171.65529354679336,35.601595959614826,22.998717332913255
214.5058898278863,171.68598740838647,35.52408626971039,22.937329609727037
214.3033059324355,171.59771937192448,35.013951898241245,23.11386568265104
214.43828496019225,171.62093058731872,34.74399384272777,23.06744325186253
214.14311667285804,171.6280739967288,34.42856847994381,23.053156433042396
214.23422551803029,171.67909431702446,34.24635078959931,22.951115792451038
213.86615430082404,171.2685918759473,34.08614733783255,22.875774788426092
213.96794413606153,171.2977844265654,33.88256766735756,22.81738968718986
213.5898062291264,171.33303757750997,33.75019173058179,22.74688338530076
213.59170911725585,171.38748009839728,33.74638595432288,22.63799834352612
213.53767993103085,171.38100978030218,33.854444326772885,22.650938979716326
213.14077405364515,170.9212121727357,33.76279106920511,22.685069182510126
212.7621815992893,170.9214966483028,33.63532311495845,22.684500231375942
211.85740770533025,170.9752120275578,33.67942108315326,22.57706947286589
211.75998646544707,170.98518479370364,33.87426356291964,22.557123940574204
211.32459730259876,170.99382543176236,33.86083765865404,22.53984266445677
211.29810932151742,171.00404357101138,33.91381362081674,22.51940638595874
211.27100983650377,171.02129317666115,33.968012590844026,22.484907174659234
210.80496049735862,171.0913317532523,34.01569885879446,22.344830021476895
209.7827408979291,171.12006971231628,34.29454368178739,22.28735410334895
209.70263398939062,171.10888739882546,34.45475749886435,22.30971873033056
209.25780548433218,171.09252336599837,34.45561560773145,22.342446795984745
209.23044356354418,171.06298319174766,34.510339449307416,22.401527144486156
208.8050406737349,170.99128645573055,34.46998129326174,22.544920616520397
208.36547088146278,170.55785274241077,34.45617176497297,22.51883893032694
208.22079932622523,170.50538874613412,34.74551487544808,22.623766922880222
207.30750009730622,170.51493647518245,34.77531875536813,22.604671464783568
207.37281436550978,170.1133244605284,34.64469021896097,22.509369601910997
207.3913627283001,170.12342042350477,34.607593493380364,22.489177675958206
207.3872452574645,169.72230579167336,34.61582843505154,22.39732262391622
207.420124545226,169.7347112175731,34.550069859528534,22.37251177211674
207.0403647704435,169.73512413489684,34.41831383894275,22.37168593746932
207.05923326604938,169.68396239068466,34.38057684773101,22.474009425893655
206.6495591214716,169.6468184750892,34.30949929534769,22.54829725708456
206.64597941444126,169.65134804919185,34.31665870940837,22.539238108879285
206.66210412922214,169.6360204580465,34.284409279846635,22.569893291169976
206.33875719954085,169.62203073050213,34.04052386695449,22.597872746258705
205.90475726873,169.21920449689802,34.02114284796896,22.51614433285976
205.45763662058064,169.20783244098658,34.02965381264126,22.53888844468262
205.42346654700754,169.20372072339504,34.09799395978744,22.547111879865746
204.89796320669092,169.15395940426464,34.26160049141228,22.646634518126504
203.98483558471693,169.16832834077678,34.30482793164797,22.61789664510225
203.46201982860538,169.16441890892264,34.45877446033244,22.625715508810494
203.46049803278885,168.74600640975405,34.46181805196554,22.568413698424607
203.42715241545744,168.30638988011722,34.52850928662829,22.554428730437014
203.46691170426385,168.2756020894123,34.448990709015476,22.61600431184681
203.55549942781315,168.22753000936564,34.27181526191693,22.71214847194018
203.17795617147365,168.18089773530335,34.13414454280197,22.80541302006475
202.7989295502505,168.16404399760384,33.99995982381684,22.83912049546376
202.71278974795146,168.09529654771325,34.17223942841493,22.97661539524494
202.67114246855527,168.05323477885827,34.255533987207315,23.060738932954933
201.76468243718625,167.6087487277352,34.27184609501385,23.051407057735343
201.6865784414024,167.6268307487537,34.428054086581575,23.01524301569834
201.24444094641217,167.6472648253929,34.412184859591754,22.974374862419904
201.19843297687302,167.63745458416128,34.504200798670084,22.993995344883157
200.59518788739905,167.59310321362207,34.809754731949766,23.082698085961574
199.67994121686408,167.12827101704573,34.826240225986616,23.105358555597736
199.21638086018123,167.07971491209537,34.8457324142994,23.20247076549843
199.10688579532675,167.02508988354853,35.06472254400835,23.311720822592136
199.20848374740885,166.9756334628354,34.861526639844165,23.41063366401838
199.12339552027672,166.91674567112062,35.03170309410842,23.528409247447968
198.67484974187045,166.4573093073357,35.011047080685984,23.529534404782773
198.77554673316976,166.33459474081548,34.8096530980873,23.774963537823247
198.78676443111686,166.27097146426357,34.78721770219312,23.902210090927067
198.75783346760844,166.1818988737537,34.84507962921,24.08035527194674
198.7021187637976,165.59558435137805,34.95650903683165,24.328903964318066
198.2515496483472,165.5875378007583,34.92777652066315,24.344997065557553
197.8101905532052,165.55863922087303,34.880792111313454,24.402794225328094
197.82673380640452,165.5691791593663,34.84770560491479,24.38171434834153
197.40130120290752,165.53571506651272,34.7694716607148,24.44864253404868
197.50036335855984,165.47791522087124,34.5713473494102,24.564242225331675
197.5438655292793,165.49424902562,34.4843430079713,24.531574615834153
197.14595486838724,165.00457294404578,34.35408980775962,24.58485225698681
196.2387827553669,164.47217244417135,34.318475461103255,24.724673970387162
195.6910798155696,164.44742501219955,34.48714170049479,24.774168834330787
195.68882590770357,163.967969621474,34.49164951622683,24.802969696613822
195.24705287722145,163.91095096303806,34.44454364260024,24.917007013485694
195.18738035967937,163.8295675698122,34.563888677684425,25.079773799937403
195.18409186161892,163.82332958578678,34.57046567380532,25.092249767988307
195.25039892364882,163.78765563825752,34.43785154974552,25.16359766304682
195.2919581830237,163.78910738501284,34.35473303099574,25.160694169536143
194.8321605450028,163.83993782288692,34.33987755326512,25.059033293787973
194.4023803861457,163.80628753671314,34.26688083883106,25.126333866135546
193.37664305556714,163.8506831324391,34.45324955713543,25.037542674683657
193.2811509446961,163.8488666836974,34.644233778877535,25.04117557216703
192.71242006152775,163.38951556349704,34.844814271735274,25.022996539088787
192.6645378287291,163.4163073836721,34.94057873733261,24.969412898738685
192.0219020083988,163.3478604412492,35.28565846620219,25.10630678358449
191.8845374675658,162.8931622570622,35.56038754786818,25.068032115433642
191.15497205459963,162.88713816997685,36.06832125104873,25.0800802896043
191.04431423464104,162.83838636683325,36.289636890965866,25.177583895891555
191.03253425864978,162.78720945336022,36.313196842948386,25.27993772283761
190.70107995155007,162.70658370691623,36.01003322355072,25.441189215725537
190.36409426592962,162.65802342469175,35.719853616070395,25.538309780174547
190.44338707695061,162.19151257938785,35.561267994028384,25.50997294704493
190.53811352015282,162.12727623875514,35.37181510762403,25.638445628310297
190.093201418765,162.1291060700142,35.303909430119475,25.634785965792197
190.23309025215747,161.59715270681414,35.02413176333455,25.74205303722634
190.33972247125536,161.55752918624208,34.81086732513876,25.821300078370495
190.47508316482725,161.44053768353393,34.540145937994964,26.055283083786748
190.0866090136482,161.4016502218199,34.365177150904394,26.133058007214853
190.16013686362362,161.40550726721054,34.21812145095356,26.125343916433565
190.2002870542367,161.513511392941,34.13782106972738,25.909335664972595
189.76876054276403,161.14270181882634,34.05747183400218,25.707552554531407
189.80192908421836,161.26723756465043,33.991134751093526,25.4584810628832
188.81460694631474,161.37268664591815,34.09817794279557,25.24758290034775
188.7506043539253,161.47556649113824,34.22618312757446,25.041823209907562
188.2932547198442,161.54712067445632,34.21033383196588,24.89871484327142
187.78100146715894,161.60847361345367,34.30688124105004,24.77600896527673
187.68658221627294,161.61967928382123,34.49571974282206,24.753597624541626
187.1575941723388,161.6476075460106,34.623794323081896,24.6977411001629
187.0602353629639,161.71724600049816,34.81851194183166,24.558464191187767
187.0050719154977,161.6844551784072,34.928838836764086,24.624045835369675
187.0184968784239,161.68695801484785,34.90198891091169,24.619040162488346
186.50029724120606,161.67653900713566,35.004552737522204,24.639878177912742
185.4980889084108,161.61266328426373,35.137509087713134,24.7676296236566
184.99363835515928,161.61277836819676,35.20656244402441,24.76739945579054
184.99547912013867,161.5589544902105,35.202880914065666,24.875047211763025
184.96253262172795,161.57237907273532,35.26877391088708,24.84819804671342
184.49339619333685,161.5531861514763,35.26388518186998,24.886583889231463
184.03712641194136,161.56446878531068,35.23270408893942,24.86401862156268
183.99066721391637,161.56001363889155,35.32562248498944,24.87292891440099
184.00872000412826,161.57136990363605,35.289516904565644,24.850216384911974
184.1149607370174,161.6212867129474,35.07703543878732,24.750382766289263
184.20187467437802,161.6555443011357,34.90320756406609,24.681867589912642
183.82553992157878,161.22899733528303,34.72098735321781,24.60007180517126
183.9773106531809,159.92525102591512,34.417445890013624,24.41521069132317
183.5907564396832,160.02186871496974,34.267409290709836,24.221975313213928
183.14312828945359,160.04167199544662,34.244975431142926,24.182368752260192
183.1939248176581,160.09049392221897,34.14338237473392,24.084724898715503
182.7116818709324,160.11266476225057,34.19431705737831,24.040383218652238
182.71395353216448,160.14484819413468,34.18977373491416,23.97601635488406
182.259116657199,160.21843218871643,34.18698814930497,23.828848365720567
181.91040952441125,160.24662391544337,33.97441491083998,23.77246491226668
181.47628224962943,160.24454594439504,33.936824648869575,23.77662085436331
181.3684797724316,160.30620822184608,34.152429603265176,23.65329629946125
181.40465806459326,160.3771484560973,34.08007301894191,23.511415830958782
181.32425522281355,160.41946378399908,34.24087870250134,23.426785175155285
181.34411035238554,160.48305541225005,34.20116844335733,23.299601918653305
181.47816990999019,160.50467845251967,33.933049328148066,23.256355838114082
181.05617357612425,160.10630898117327,33.880353712701,23.156406497627927
181.11808170832646,160.1268265144247,33.75653744829656,23.115371431125094
181.02227814599107,160.13054218584884,33.94814457296733,23.10794008827681
180.59533461353527,160.1333737521144,33.90757404599991,23.102276955745655
179.68728285536355,160.15762411553195,33.93617276115085,23.053776228910596
179.2820834054166,160.1770627593056,33.85319211528092,23.01489894136325
178.85199642407736,160.22226093517244,33.821881068605066,22.924502589629594
178.3222126515864,160.2550865104616,33.99193379316507,22.85885143905124
178.21833218499398,160.2722920690843,34.199694726349904,22.824440321805856
178.18471580973812,160.265622901496,34.26692747686163,22.83777865698248
177.6883275781104,160.2374765835371,34.3649314581317,22.89407129290028
177.7450851806685,160.2376575879058,34.251416253015535,22.893709284162863
177.9533436380482,160.18031021518271,33.83489933825609,23.008404029609057
178.12180262783798,159.7827902637149,33.49798135867655,22.912342173905124
177.8351536161627,159.7658954551186,33.18684679071692,22.946131791097713
177.44407329798878,159.37505252140656,33.08870891559887,22.84751914705593
177.44999465305494,159.35543039736132,33.07686620546654,22.886763395146403
177.34895176134845,159.34551675213862,33.27895198887957,22.906590685591826
177.30127795334977,159.34001516804932,33.37429960487688,22.917593853770455
176.8810653575655,159.37677107757318,33.332070235584006,22.844082034722692
176.43064262932708,159.376308030558,33.35211481624173,22.845008128753097
175.9517477419727,159.39387612897374,33.428786142460126,22.809871931921574
175.92962878806242,159.43209189366578,33.47302405028066,22.733440402537507
175.93521939661832,159.47048271886098,33.46184283316885,22.656658752147116
175.4761835141088,159.47298571706207,33.50026358443915,22.651652755744898
175.0838400186451,159.48090814859515,33.40480401090201,22.63580789267879
175.1501208706208,159.0934558020779,33.2722423069506,22.532266361175935
175.22926339634955,159.09852143087082,33.11395725549312,22.522135103590095
174.90220972260968,159.0955989851365,32.89588406551743,22.527979995058715
174.94148918264628,159.106539940246,32.8173251454442,22.506098084839728
174.97782927909591,159.13725377238563,32.744644952544945,22.44467042056046
174.55908818394383,158.72272505377967,32.716796361068084,22.40839707599131
174.50027577448623,158.74307281332986,32.8344211799833,22.36770155689094
174.4337460768527,158.7773182595033,32.967480575250306,22.29921066454409
173.9184192517233,158.80726740570188,33.13185590200985,22.239312372146887
173.51197597351094,158.4061651066741,33.0769838530684,22.173758364836257
172.22040724991174,158.37492166082293,33.06258769484178,22.236245256538588
172.23212295119058,158.32558727126545,33.03915629228411,22.334914035653593
172.21235338580908,158.33283157546282,33.07869542304715,22.320425427258815
171.7704047589528,158.28198986695833,33.09428793340843,22.422108844267797
171.73059442844553,158.21780516502307,33.17390859442297,22.550478248138344
171.74274912348545,158.17488791964988,33.14959920434312,22.636312738884747
171.63220340781558,157.79921137265254,33.370690635682884,22.513056447581068
171.1777328744288,157.37504684146583,33.40373514727427,22.485488954772343
171.14592139778088,157.32132434105176,33.46735810057015,22.5929339556005
171.11923215865514,157.2815467354989,33.52073657882164,22.6724891667062
171.11198136456647,157.28260132144845,33.53523816699898,22.670379994807078
170.65292948432102,157.29074271801048,33.57235810890724,22.65409720168303
170.19445341927081,157.28432258928333,33.608037652454065,22.66693745913733
170.16772962276752,157.3147906168971,33.66148524546066,22.606001403909787
170.11297357708514,157.30341157000106,33.770997336825445,22.628759497701864
169.2816677253602,157.28817275696926,33.66592629364271,22.659237123765475
168.90020083483856,156.83103417408367,33.54609374536527,22.690747960215944
168.87624254085446,156.83558778141233,33.59401033333349,22.681640745558642
168.84274019590794,156.83517295850558,33.6610150232265,22.68247039137216
168.45932822334314,156.80790595642853,33.54476099518279,22.73700439552624
168.0257364462044,156.81617256074347,33.52971244284589,22.720471186896376
168.03329239011165,156.80505537015506,33.51460055503139,22.742705568073188
167.96098661011575,156.84235052873217,33.659212115023216,22.668115250918934
167.9108432832207,156.85047179499117,33.75949876881332,22.65187271840094
167.92267154712727,156.8459864839113,33.73584224100016,22.660843340560707
167.56011292143785,156.87185469129048,33.577114325519034,22.609106925802315
167.6650486141881,156.8563058993739,33.3672429400185,22.640204509635513
167.76636869511606,156.44679397658285,33.16460277816261,22.58127498754657
167.92492395784546,156.38125880767925,32.84749225270376,22.71234532535381
168.0216129170455,156.36675149568708,32.65411433430371,22.741359949338126
168.0137855539996,156.41456156717317,32.669769060395474,22.64573980636596
167.58885350501436,156.49633818950304,32.65210595856901,22.482186561706232
167.53032956410942,156.48806251483737,32.76915384037885,22.498737911037537
167.5019389005041,156.49610515633165,32.82593516758955,22.482652628048996
167.14030478915797,156.1215130577836,32.68201804756029,22.36465148242357
166.69676971679564,156.1041136392054,32.70602655172395,22.399450319580016
165.85231056497156,155.74768471180133,32.66694522656728,22.248308359985735
165.93889766525032,155.73652414450152,32.493771026009775,22.27062949458538
165.9063613114352,155.70350901476115,32.55884373364001,22.336659754066105
165.5183222312867,155.67066152059624,32.47418095955176,22.40235474239592
165.54952595978406,155.64210284154646,32.41177350255705,22.459472100495457
165.55406830241895,155.61562640794315,32.40268881728724,22.512424967702103
165.56792442313454,155.58822156534316,32.374976575856046,22.567234652902094
165.51828743108328,155.54984530366735,32.47425055995861,22.64398717625371
165.48094343176308,155.4848370254687,32.54893855859901,22.774003732651035
165.06386132077367,155.0048432363971,32.51528184482763,22.866170375044028
164.96854663375765,154.9199301615049,32.70591121885967,23.035996524828448
164.948779002494,154.91556262619164,32.74544648138697,23.04473159545493
164.44414239216223,154.89459286325646,32.87946088502477,23.086671121325296
164.38573230441457,154.83109901986975,32.996281060520126,23.213658808098742
164.3175784840543,154.76121193896645,33.13258870124066,23.353432969905327
163.71918777917202,154.73941890803792,33.4431654430506,23.397019031762397
163.7374065575709,154.7213683589877,33.40672788625283,23.433120129862864
163.22309840982865,154.7881788127757,33.54368010973238,23.299499222286848
163.2159980633304,154.7923269048045,33.557880802728924,23.291203038229217
163.23293915481918,154.81613664220407,33.52399861975137,23.243583563430082
163.22839087896594,154.8000960680522,33.53309517145783,23.275664711733867
163.22507835665044,154.3745381476834,33.5397202160888,23.23580771641224
162.7962522240681,154.38213498024035,33.50695840368042,23.220614051298366
161.77678244488135,154.45120176306907,33.76656126917473,23.082480485640907
161.7296625162,154.4328036607883,33.86080112653742,23.11927669020247
161.72999953179524,154.43514451568663,33.86012709534689,23.114594980405798
161.75654600118878,154.43469878198886,33.80703415655983,23.115486447801345
161.78369711874473,154.4294381583331,33.752731921447925,23.12600769511281
161.76395679146057,154.48765222651352,33.79221257601625,23.009579558752037
161.2735883867212,154.55835363583884,33.8824713367388,22.868176740101354
161.26644220790885,154.62220184178193,33.89676369436351,22.740480328215195
161.35420511515036,154.64320317912458,33.72123787988048,22.698477653529906
161.43325396058367,154.66314780477444,33.56314018901389,22.658588402230208
161.0602535610145,154.6348055529734,33.42793266687296,22.715272905832265
161.09698696645842,154.63166685755536,33.35446585598512,22.721550296668333
161.18142527196392,154.6038020739428,33.1855892449741,22.777279863893455
161.1667540691377,154.60530851018666,33.21493165062649,22.77426699140573
160.67140463677032,154.59649124657625,33.32775177197553,22.79190151862656
160.17804235366194,154.62342094696203,33.434604567973864,22.73804211785498
160.09737943963034,154.60796133551054,33.595930396037005,22.76896134075801
160.09583148317196,154.64465151119467,33.59902630895381,22.695580989389704
160.0798259560633,154.65885534863844,33.631037363171096,22.667173314502193
160.07970200817732,154.6798429624488,33.63128525894305,22.6251980868815
160.05449439137283,154.67300728922976,33.68170049255206,22.638869433319535
159.55406034646413,154.31581121950202,33.79990292715579,22.470595917561376
159.52364575725622,154.31404595202875,33.86073210557162,22.474126452507885
159.59485315718143,153.90851021846694,33.71831730572117,22.40257693598264
159.59186589164355,153.90403844318328,33.72429183679698,22.411520486549968
159.66349773068995,153.8669261475294,33.581028158704136,22.485745077857757
159.23767192679895,153.89552355243083,33.55407131327086,22.42855026805491
158.33301547256627,153.9214671865684,33.608878338545225,22.376662999779757
158.359661611182,153.93661237527746,33.55558606131375,22.346372622361617
158.4148482615077,153.96386915831323,33.44521276066233,22.291859056290107
158.4642703063305,153.92799335023625,33.34636867101675,22.363610672444032
158.48267224426164,153.9058061593796,33.309564795154465,22.407985054157344
158.501461149799,153.90505537051513,33.27198698407969,22.409486631886274
158.5779542923579,153.87374441302114,33.11900069896193,22.472108546874253
158.60149211211746,153.8994122625142,33.071925059442805,22.420772847888163
158.65301271970532,153.90622041701528,32.96888384426712,22.407156538885985
158.70508520594808,153.90147508511,32.8647388717816,22.416647202696538
158.81463751869052,153.8379340227591,32.645634246296716,22.543729327398346
158.44033308329438,153.79528865003027,32.528766818530215,22.629020072855994
158.53363811498596,153.34968918919265,32.342156755147016,22.655097160023576
158.5736355829535,153.33775436336944,32.26216181921195,22.67896681166999
158.60613452257377,153.34000280153555,32.19716393997138,22.674469935337775
158.6129437549629,153.35651841659723,32.1835454751931,22.641438705214426
158.61848959900635,153.37105048731004,32.172453787106235,22.612374563788766
158.58707025772264,153.420563144425,32.23529246967365,22.513349249558853
158.14221166813257,153.39045095266272,32.266231396435444,22.57357363308344
158.1258631527182,153.41387371064138,32.29892842726415,22.52672811712609
158.08315649671363,153.40151165940372,32.38434173927333,22.551452219601412
158.08222744992662,153.3893321275728,32.386199832847325,22.575811283263242
158.00143361601914,153.3685128519928,32.54778750066231,22.617449834423248
157.50616917220145,153.36283902126846,32.67309848316603,22.62879749587195
157.4840357015457,153.37612787669624,32.71736542447751,22.60221978501638
157.50373657936956,153.4044739898531,32.677963668829804,22.54552755870264
157.5151076381952,153.39463947024768,32.655221551178535,22.5651965979135
157.44967995299487,153.41716022244455,32.78607692157918,22.520155093519737
157.45662602100484,153.45577495793185,32.77218478555926,22.442925622545175
157.4438402076376,153.4847016233064,32.797756412293694,22.38507229179608
157.51256343596654,153.4796039003864,32.66030995563585,22.39526773763606
157.51741535110915,153.4879872822664,32.65060612535062,22.378500973876022
157.51899610585093,153.42584558690322,32.647444615867066,22.50278436460241
157.53019302187374,153.37880517354523,32.62505078382142,22.596865191318376
157.55049267689864,153.33825649466792,32.58445147377163,22.67796254907303
157.12971914008358,153.34503098535603,32.55922715523913,22.664413567696784
157.098584021613,153.37229902541134,32.621497392180274,22.60987748758617
157.1023996188767,153.37145455035287,32.613866197652925,22.611566437703104
157.09067260085794,153.4019953052214,32.63732023369037,22.550484927966068
157.0810985764559,153.4327407449753,32.65646828249446,22.48899404845829
157.09025759282736,153.43809227019025,32.63815024975156,22.478290998028363
156.6660098335627,153.4753621365386,32.62236481636446,22.403751265331678
156.66585942620685,153.52442098446207,32.6226656310761,22.305633569484712
156.64498004337793,153.5528970038213,32.664424396733985,22.24868153076627
156.66581448940485,153.58930276618366,32.62275550468013,22.175870006041528
156.70280883194425,153.62786932672586,32.5487668196013,22.098736884957134
156.2733743181304,153.23722799005643,32.55098796748822,22.02337167855518
155.82404743561608,153.22345675282648,32.594210016325476,22.050914153015086
155.8187919285339,153.19584467992377,32.604721030489806,22.106138298820515
155.83346997802226,153.12399914647082,32.575364931513064,22.249829365726406
155.86476847533942,153.0568999649593,32.512767936878795,22.38402772874938
155.90200169965703,153.0336438141669,32.43830148824356,22.430540030334207
155.90333437615863,153.02847337520436,32.435636135240365,22.440880908259313
155.92857250973842,153.0075378115909,32.385159868080805,22.482752035486214
155.89436210248502,153.03216707017435,32.45358068258758,22.433493518319338
155.81176160988548,153.05931973688794,32.61878166778666,22.37918818489213
155.83833738009525,153.02150264140573,32.56563012736713,22.454822375856544
155.87226826786406,153.03172614084949,32.497768351829485,22.43437537696905
155.9222657674572,153.02017866783598,32.39777335264324,22.457470322996063
155.460427607897,153.01456347711994,32.46114069952391,22.468700704428183
155.4520210247083,152.5458223072721,32.47795386590134,22.544731856144338
155.4901791145881,152.5228678084153,32.4016376861417,22.590640853857927
155.4845031205397,152.51387237783817,32.412989674238545,22.60863171501219
155.50013450120707,152.50685175004952,32.381726912903794,22.622672970589477
155.50417771769543,152.49875216133967,32.37364047992705,22.638872148009156
155.48970988312098,152.46776110189438,32.40257614907596,22.700854266899718
155.3770043532887,152.46336347561152,32.627987208740535,22.709649519465465
154.89649191086198,152.46887231885722,32.72105970084716,22.69863183297406
154.81103661029636,152.49655531368643,32.89197030197839,22.643265843315664
154.67654569236987,152.5595638569831,33.16095213783137,22.51724875672231
154.54397374508363,152.6828988810504,33.42609603240387,22.270578708587742
154.51171773910858,152.76939743732757,33.490608044353955,22.09758159603336
154.52957736564684,152.78980113128938,33.454888791277455,22.056774208109715
154.52394660603775,152.80584019126061,33.466150310495586,22.024696088167257
154.58145844011253,152.7949409660481,33.351126642346046,22.046494538592285
154.64151532206128,152.77018761791072,33.23101287844855,22.096001234867046
154.69548883079358,152.75262972393026,33.12306586098396,22.13111702282802
154.6767543363122,152.72989025695853,33.16053484994672,22.176595956771475
154.69939775550782,152.70839771854492,33.11524801155548,22.219581033598644
154.73805656175543,152.660392163827,33.037930399060244,22.31559214303452
154.78991291271845,152.6220124368672,32.934217697134216,22.39235159695406
154.84497685106106,152.6063428006606,32.82408982044899,22.423690869367288
154.78466646378536,152.6131625309253,32.9447105950004,22.41005140883787
154.83515559443146,152.6076064950118,32.8437323337082,22.42116348066494
154.76914312429875,152.63618273899132,32.97575727397359,22.364010992705865
154.81318852899716,152.6223989773341,32.88766646457677,22.391578516020306
154.76595781549852,152.6495901644446,32.98212789157405,22.3371961417993
154.82248738011765,152.6755173517806,32.86906876233581,22.285341767127306
154.78746364852722,152.67460999603318,32.939116225516685,22.287156478622123
154.76974222007354,152.638203050482,32.974559082424044,22.359970369724497
154.8520060388414,152.57145070178265,32.810031444888274,22.493475067123207
154.8974983570556,152.5246641294817,32.719046808459865,22.58704821172514
154.90375327331753,152.51532028057255,32.70653697593603,22.60573590954342
154.8285994069186,152.52103695725847,32.85684470873391,22.594302556171574
154.79559620411544,152.50449461901053,32.92285111434022,22.627387232667438
154.75806304643237,152.47333179381616,32.99791742970639,22.68971288305621
154.28619417883806,152.5142876599396,33.068448843295634,22.607801150809266
154.29471742683552,152.52598127720324,33.0514023473007,22.584413916282024
153.83826383034383,152.54033711082369,33.09203993750513,22.555702249041133
153.87562288542864,152.5151724565518,33.017321827335564,22.606031557584902
153.81366085701055,152.54447150892634,33.14124588417172,22.547433452835833
153.8053516213838,152.55049907134898,33.15786435542519,22.53537832799055
153.85814303666731,152.53822867332903,33.052281524858195,22.559919124030454
153.81576015035452,152.53352217215541,33.13704729748377,22.569332126377702
154.34889899121322,152.49115632323944,32.94408018573009,22.654063824209622
154.4629182635186,152.45141374930662,32.71604164111935,22.73354897207523
154.5232867563749,152.44401631514077,32.59530465540679,22.748343840406953
154.61014019362295,152.4712354364955,32.42159778091067,22.693905597697487
155.1361845314417,152.42819085436082,32.23408345142189,22.77999476196687
155.10785521746854,152.40658440603679,32.29074207936823,22.82320765861492
154.68751235505334,152.39760320360153,32.266698977551684,22.84117006348541
154.76351678907122,152.4074744902642,32.11469010951593,22.82142749016008
154.80788404846888,152.42069692487368,32.02595559072061,22.794982620941152
154.839113822872,152.42872672029165,31.963496041914368,22.778923030105183
154.87778705453542,152.43831387173637,31.886149578587535,22.759748727215758
154.875548723312,152.43261943618458,31.89062624103442,22.771137598319324
154.8263258983307,152.48896676515696,31.989071890996968,22.658442940374595
154.80154334750074,152.5085810641383,32.0386369926569,22.619214342411933
154.7754689908228,152.525886817329,32.09078570601281,22.5846028360305
154.71912468027728,152.50509000277344,32.20347432710382,22.626196465141597
154.65194337198872,152.4541893581616,32.337836943680955,22.72799775436527
154.62364019243097,152.40026852606428,32.394443302796454,22.83583941855992
154.5943051495714,152.3463851724525,32.45311338851558,22.94360612578351
154.55676060928414,152.3410218683248,32.528202469090076,22.954332734038946
154.57152026316976,152.33118861976806,32.498683161318894,22.97399923115239
154.5650225608032,152.33220569608045,32.511678566051984,22.971965078527624
154.5635162796517,152.3569629752548,32.51469112835494,22.92245052017895
154.52672363930344,152.40749845979957,32.58827640905152,22.82137955108935
154.46787463179595,152.4699798921617,32.70597442406649,22.696416686365154
154.45737286971882,152.5003512041278,32.72697794822075,22.63567406243291
154.3688686653889,152.54034896412074,32.90398635688057,22.55567854244702
154.2742984652387,152.60329194132225,33.09312675718098,22.429792588043973
154.21781561911845,152.6377567518208,33.20609244942149,22.360862967046895
154.1993989974678,152.64725405661537,33.24292569272281,22.34186835745777
154.24427271829768,152.61477252506103,33.153178251063,22.406831420566444
154.32721255080176,152.5949923051209,32.98729858605485,22.4463918604467
154.38433773770055,152.58327236354197,32.87304821225727,22.46983174360457
154.42804646041952,152.60979797047122,32.78563076681933,22.41678052974608
154.4760981930461,152.58791482592255,32.68952730156616,22.460546818843383
154.52809298261744,152.56818046159236,32.58553772242352,22.500015547503793
154.54784268154094,152.54341213556842,32.546038324576486,22.549552199551677
154.58973063562783,152.53898723686711,32.46226241640271,22.558401996954302
154.62181962679952,152.51086636643615,32.398084434059335,22.614643737816223
154.66010586467843,152.4835288408024,32.321511958301535,22.66931878908373
154.70556428026524,152.47954343631608,32.23059512712789,22.677289598056333
154.7736379887976,152.45283353926894,32.09444771006322,22.730709392150622
154.7931110219328,152.4594924622196,32.055501643792795,22.717391546249306
154.7324182886058,152.45129040604573,32.1768871104468,22.733795658597025
154.66385365434425,152.4592148447356,32.314016378969896,22.717946781217282
154.63476241210822,152.4237281251882,32.37219886344193,22.78892022031207
155.06266378853158,152.37551914717181,32.38179153010708,22.885338176344856
155.066874713267,152.3808957190257,32.373369680636216,22.87458503263711
155.04943888254564,152.37008871252525,32.40824134207894,22.896199045638
155.0311172974689,152.38005254408023,32.4448845122324,22.876271382528074
155.01092776278625,152.39261465171253,32.48526358159776,22.85114716726342
154.97821939280783,152.405337183899,32.55068032155455,22.82570210289051
154.93995666365714,152.43673693542104,32.62720577985593,22.762902599846413
154.9147299048005,152.44111253481304,32.67765929756923,22.754151401062416
154.9157066866614,152.42449401004393,32.67570573384748,22.78738845060062
154.94981983380566,152.38572566522018,32.6074794395589,22.864925140248126
155.18456524853733,152.34400065896602,32.137988610095604,22.948375152756434
155.38093686097736,152.3106311456422,31.7452453852155,23.015114179404115
155.55128292796925,152.3169848696839,31.404553251231718,23.002406731320725
155.6657813027497,152.2925358665566,31.17555650167084,23.05130473757531
155.7466600475808,152.3092103472026,31.013799012008604,23.017955776283323
155.74550171413938,152.3283990533733,31.016115678891452,22.979578363941947
155.2870194205424,152.3721457057378,31.08511223357703,22.89208505921287
155.32166459219772,152.35445768903824,31.015821890266402,22.92746109261204
155.2582574314176,152.3859564625328,31.14263621182664,22.864463545622925
155.23970039888727,152.37541962827117,31.17975027688731,22.88553721414617
155.23507791288188,152.3983487462158,31.18899524889808,22.839678978256938
155.14213547463117,152.481121527613,31.374880125399493,22.6741334154625
155.06209869163717,152.5158030173908,31.534953691387486,22.6047704359069
154.98108064209498,152.5575934852941,31.696989790471868,22.521189500100327
154.92386564081383,152.58377662439,31.811419793034176,22.46882322190848
154.83636579739493,152.62164524261382,31.986419479872012,22.393085985460843
154.7835746580343,152.6899619022506,32.092001758593234,22.256452666187325
154.83423467133198,152.7031785930313,31.99068173199786,22.230019284625875
154.90044707137187,152.6136558455646,31.858256931918127,22.409064779559287
154.985159413193,152.61421662267432,31.688832248275823,22.407943225339853
154.95208243353645,152.6657400214904,31.754986207588974,22.30489642770771
154.98602156502307,152.64029652573058,31.687107944615704,22.355783419227357
155.05368746341316,152.57995202387642,31.551776147835522,22.476472422935668
155.01020098196167,152.49329906362314,31.63874911073848,22.649778343442236
155.0700011441531,152.4469515511189,31.519148786355608,22.742473368450725
155.12753670505847,152.4077356906451,31.404077664544907,22.820905089398316
155.1512799477558,152.3829513895985,31.35659117915028,22.870473691491505
155.1539441277694,152.36766180265028,31.351262819123065,22.901052865387943
154.62460989601328,152.3907021672427,31.55815896105598,22.85497213620311
155.08270613290807,152.38207294671824,31.49612155039354,22.872230577252026
155.0384042354238,152.41377894051473,31.58472534536206,22.80881858965906
155.00903436777557,152.43327384482203,31.643465080658522,22.769828781044453
154.98834176311482,152.43637135568136,31.684850289980048,22.763633759325774
154.97595130934167,152.42858518352006,31.70963119752633,22.77920610364842
154.95294162544207,152.4564509866435,31.755650565325514,22.72347449740152
154.93566341684257,152.46525793507445,31.79020698252451,22.705860600539605
154.91819693870687,152.49068136888184,31.825139938795953,22.655013732924857
154.87935162897796,152.52234538842134,31.90283055825377,22.591685693845847
154.8053762873085,152.56633480050598,32.050781241592716,22.50370686967654
154.75097292546644,152.59080712687125,32.159587965276764,22.454762216945966
154.73162004142623,152.58659582841733,32.19829373335721,22.46318481385382
154.73241081853274,152.55571729660662,32.196712179144214,22.52494187747527
154.74658300734433,152.52347594481728,32.168367801521015,22.589424581053933
154.77574197531953,152.50222953143233,32.110049865570595,22.63191740782382
154.8128289341438,152.51787115437892,32.035875947922065,22.60063416193067
154.73614922757332,152.54832443858953,32.189235361063034,22.53972759350946
154.71786602161913,152.55324536234735,32.22580177297142,22.529885745993774
154.728861813977,152.55069862498166,32.203810188255645,22.534979220725162
154.70741652954587,152.54041598791423,32.24670075711795,22.555544494860047
154.6887178979918,152.5658164041206,32.28409802022607,22.50474366244733
154.5990729488065,152.62876206873705,32.463387918596645,22.378852333214393
154.54931333220006,152.66042677165248,32.56290715180956,22.315522927383523
154.59284548373677,152.66231419643242,32.47584284873613,22.311748077823648
154.63434303946502,152.63599837983267,32.392847737279624,22.364379711023176
154.64536716241693,152.591688783794,32.370799491375784,22.452998903100475
154.68580558803444,152.5617406286703,32.289922640140794,22.512895213347914
154.74811234198899,152.56308439043636,32.16530913223167,22.51020768981579
154.74811485515775,152.57598080567337,32.165304105894165,22.484414859341765
154.74892024635952,152.58140768638367,32.16369332349063,22.47356109792116
154.76645603682616,152.5637606215851,32.12862174255735,22.50885522751834
154.64411357701778,152.5791174442788,32.37330666217412,22.478141582130895
154.69532397005588,152.57085087766538,32.27088587609792,22.49467471535773
154.74365441552848,152.55954064856672,32.17422498515269,22.51729517355504
154.79006501329985,152.52479109207053,32.081403789609986,22.586794286547445
154.84317778448974,152.51317395681787,31.97517824723016,22.610028557052786
154.83468867164828,152.53303698334096,31.992156472913113,22.57030250400656
154.8111566032503,152.52233759491762,32.03922060970905,22.591701280853247
154.8278873618995,152.48381406650068,32.00575909241067,22.668748337687134
154.79625387466274,152.43398494910156,32.06902606688417,22.768406572485407
154.81828318530847,152.3798048821193,32.02496744559271,22.87676670644995
154.81900559791757,152.7674652864024,32.02352262037451,22.96303421797
154.87433678246424,152.76469449678473,31.912860251281188,22.968575797205318
154.92893091284887,152.78352229565957,31.80367199051193,22.930920199455677
155.03810940052324,152.82497983114146,31.585315015163182,22.848005128491895
155.0418993818638,152.88333427553962,31.577735052482048,22.731296239695528
155.080334850677,152.93589169885482,31.500864114855695,22.626181393065163
155.59763781408552,152.91546767448668,31.315783416350246,22.667029441801454
155.56962832472874,152.97530548835215,31.37180239506381,22.547353814070533
155.54490457636564,152.97706613540592,31.42124989179004,22.543832519962983
155.52408757260702,152.97904371155778,31.462883899307272,22.539877367659237
155.4805429648153,152.97826449622102,31.54997311489067,22.541435798332788
155.4180506281058,153.01951055394883,31.6749577883097,22.45894368287713
154.89692188507095,153.06845448225283,31.867807044054707,22.361055826269112
154.86773700354132,153.11138346172456,31.92617680711395,22.275197867325712
154.87522838734006,153.14858989861168,31.911194039516467,22.20078499355146
154.90898450695713,153.1415766207505,31.843681800282376,22.214811549273815
154.97208084919205,153.11954944196808,31.717489115812505,22.25886590683866
155.0247523766212,153.07980841397415,31.612146060954217,22.338347962826475
155.49201254536743,153.0610872480512,31.524095962887312,22.375790294672385
155.4222834531941,153.07780522311208,31.663554147234002,22.342354344550618
154.95861106602618,153.09398974966246,31.74358502335604,22.3099852914499
154.92745645383872,153.1120751062204,31.80589424773098,22.273814578334
154.90120470206824,153.12595461227056,31.8583977512719,22.246055566233686
154.84315677962846,153.15800093473248,31.97449359615149,22.18196292130983
154.80516947843802,153.17511061915062,32.05046819853235,22.147743552473546
154.78908765597055,153.16402551472467,32.082631843467304,22.16991376132547
154.76470914565186,153.15995310185053,32.1313888641047,22.178058587073714
154.72773558172736,153.1638062150621,32.205335991953675,22.170352360650583
154.73241331694373,153.1812293220603,32.19598052152092,22.135506146654244
154.68799935366022,153.2019760391502,32.284808448087986,22.094012712474388
154.68156661997295,153.17151541150204,32.2976739154625,22.154933967770717
154.67962153582477,153.1694850922997,32.301564083758905,22.158994606175394
154.65507983915268,153.1529268662346,32.350647477103024,22.192111058305592
154.62440130703044,153.13227041142633,32.41200454134756,22.23342396792212
154.59335715134756,153.1158361425008,32.47409285271331,22.266292505773233
154.53595603592208,153.1130362119346,32.58889508356423,22.271892366905597
154.60943514274808,153.09021221105527,32.441936869912254,22.317540368664275
154.6012552723366,153.05246242145242,32.45829661073519,22.393039947869976
154.6669229438424,153.04042652503918,32.32696126772361,22.41711174069646
154.62682621776824,153.01538784477566,32.407154719871926,22.467189101223482
154.6966127479632,153.02097054094637,32.267581659482005,22.456023708882086
154.67431663092572,152.99870256379296,32.312173893556995,22.500559663188888
154.73187395006147,153.00976682316315,32.19705925528548,22.478431144448514
154.6713821445517,153.05254643181317,32.31804286630502,22.392871927148487
154.65667251660398,153.0191220459745,32.347462122200454,22.45972069882579
154.7383242512408,153.00996751430847,32.18415865292677,22.478029762157874
154.701224476644,153.031483555399,32.25835820212042,22.434997679976792
154.64186176517325,153.05886539326085,32.3770836250619,22.380234004253094
154.5786711287082,153.0930064238636,32.503464897991975,22.31195194304755
154.61759928658736,153.1129522749415,32.42560858223367,22.272060240891783
154.76864999792338,153.04549599024847,32.12350715956168,22.40697281027784
154.8189328612113,153.04136313511884,32.022941432985796,22.415238520537095
154.8520174808672,153.05031806073126,31.95677219367398,22.397328669312287
154.83738227442385,153.0690850916501,31.986042606560694,22.359794607474605
154.84388248740473,153.07083116600748,31.973042180598945,22.356302458759824
154.83733822190277,153.09723373309862,31.98613071160284,22.303497324577535
154.87787385925662,153.07093358428995,31.905059436895158,22.356097622194916
154.9199417244643,153.07262189583355,31.820923706479817,22.35272099910772
154.98963796873878,153.0404439308361,31.681531217930875,22.41707692910263
154.97484630262855,153.04289802471013,31.71111455015129,22.412168741354545
154.92582962693535,153.0371170209491,31.80914790153772,22.423730748876622
154.90461921417224,153.04084694656538,31.85156872706392,22.41627089764405
154.9137047927435,153.01289773673392,31.83339756992145,22.472169317306935
154.91619937689336,153.01046581539285,31.828408401621694,22.47703315998913
154.97866915818412,153.01032619383898,31.703468839040184,22.477312403096875
155.0022903894129,153.01402652603926,31.656226376582573,22.469911738696272
154.99739424787725,152.97256371336866,31.6660186596539,22.552837364037465
155.02977186416547,152.95696966770356,31.60126342707745,22.584025455367687
155.05824986039374,152.91395828897285,31.544307434620894,22.67004821282908
155.04056688402713,152.92840380291253,31.579673387354134,22.641157184949765
154.95646502393723,152.9563263081178,31.747877107533974,22.585312174539197
154.90551729122035,153.0000211096212,31.849772572967694,22.497922571532392
154.88503430756901,153.05231177029677,31.890738540270394,22.393341250181273
154.84963305436114,153.10536275289783,31.961541046686136,22.28723928497916
154.85298929726758,153.0903363135046,31.95482856087323,22.31729216376562
154.78864365982486,153.15295414775898,32.08351983575867,22.192056495256853
154.66558453109567,153.16955313334785,32.32963809321704,22.15885852407911
154.5781283999064,153.16107517583265,32.504550355595626,22.175814439109477
154.44765296045443,153.16022254496588,32.76550123449955,22.17751970084304
154.50482770548825,153.1157954556259,32.65115174443189,22.266373879522963
154.54672239458455,153.13940857463683,32.56736236623932,22.219147641501152
154.623272352626,153.17859105506372,32.414262450156386,22.140782680647376
154.62385575213077,153.19667786386782,32.41309565114687,22.10460906303917
154.62966185056422,153.22325691129166,32.40148345427994,22.051450968191496
154.64728212146804,153.2523914083272,32.36624291247235,21.99318197412039
154.62576085182226,153.2817102310152,32.409285451763864,21.934544328744387
154.61405236409982,153.31562343611387,32.432702427208746,21.866717918547042
154.65557672636967,153.3339543980374,32.349653702669045,21.830055994699975
154.7537829858369,153.3212604961678,32.15324118373461,21.85544379843919
154.81655996680965,153.31090120096084,32.027687221789115,21.876162388853096
154.9212037287445,153.28452808658372,31.818399697919382,21.928908617607362
154.93240760545305,153.23573894561386,31.795991944502305,22.026486899547095
155.0635857648675,153.16655184706056,31.533635625673433,22.16486109665367
155.05024257837707,153.13412616026537,31.560321998654288,22.229712470244074
155.09720120919422,153.08289876534457,31.466404737019936,22.332167260085694
155.06036787632985,153.01132537175076,31.54007140274868,22.4753140472733
155.0987815329487,152.95325007147255,31.463244089511022,22.591464647829717
155.0209868194712,152.9522830935337,31.61883351646602,22.593398603707413
155.02677559415355,152.94265788447643,31.607255967101338,22.612649021821944
155.02071163331337,152.92734742870863,31.61938388878165,22.64326993335756
155.02095989303024,152.95617125338845,31.61888736934795,22.5856222839979
155.01658698896287,152.93813882929615,31.62763317748269,22.621687132182526
155.00474302541485,152.96769592779202,31.651321104578724,22.56257293519078
154.97302120475763,152.99531062555567,31.714764745893156,22.507343539663438
154.9460230056197,153.0036251793365,31.768761144169012,22.49071443210182
154.93063608915668,153.04545595494102,31.79953497709502,22.407052880892742
154.948628510931,153.0139813004563,31.763550133546385,22.470002189862207
154.96170909878012,153.00638668938169,31.73738895784819,22.485191412011435
