150.8000030517578,150.3000030517578,6.199999809265137,7.300000190734863
152.50994027274064,150.98484189537132,6.240985593265091,7.2669635742517205
152.27582124390204,149.82838414997673,6.2840833420648785,7.241607366215346
153.85030572006437,151.0125236420551,6.328157256952475,7.214893151347535
154.68504699832704,150.81403527622825,6.363971210085763,7.185545755586606
155.41588150563058,151.5731689242167,6.395263134217679,7.160239398348687
155.71515829589802,151.3741664857181,6.436872005485395,7.131469307477474
156.87322362234949,151.3919444072638,6.47039259581858,7.095913464386036
158.03142891077195,151.30060029123032,6.5034261756627405,7.0650158640267
159.1880429903437,151.53015252569836,6.540133429201683,7.033172379214708
160.03316032454453,152.1859721352116,6.5596394814903,7.003838700705907
160.23284549260262,151.66845706182684,6.587408031639793,6.971021631811268
160.43161474675742,152.53942968259395,6.616863944766732,6.937054076023293
161.8071025347367,152.97990590894082,6.640512657869605,6.909832173809979
162.00246787506416,153.42399549681514,6.676543416854193,6.875175877340423
164.23423217877476,153.3278652399576,6.694565401198176,6.8540292200191
164.21870253919823,153.3382926139702,6.725624680351263,6.8331744719938365
164.85696551055727,153.5494156892302,6.730235038255781,6.837973755014751
165.81677615035935,153.97949060530328,6.733651816852974,6.832507504291376
166.6600970005215,154.85040365419044,6.756121206482065,6.799792496470436
167.49871127925212,155.08157584215522,6.786722081044774,6.764405478546884
168.23009930634674,155.8438645442882,6.817770605739903,6.733652653165307
169.08138706000588,155.9550884571729,6.822452798002091,6.724612039843449
170.67449531653853,156.1737626299769,6.836309475881362,6.713940119694773
171.30334328771858,155.65266300284182,6.858939025662299,6.68920146384739
171.8273382811269,156.41074676677104,6.877710823709188,6.66650043479791
173.30688205126904,156.42320365826382,6.904657829127947,6.641586651812357
173.506211966151,156.6528627194153,6.932631254578333,6.608901784723702
174.2458927520807,157.0924704532879,6.945930457905466,6.5826353313708355
175.19288586470478,157.8511012258282,6.969205905414951,6.556577309546205
176.15532989792752,157.842682850878,6.961134951214262,6.573414059446595
176.48132350482757,157.83810575394403,6.948509654170071,6.582568253314469
177.34152183089523,157.83326414666567,6.932659869763395,6.592251467871211
177.99068750411996,158.57229992669485,6.912171703924953,6.604996951859105
179.47861502160018,158.47497780712897,6.916287455520499,6.586786134808339
180.0085993579691,158.48331772013447,6.919473782278391,6.570106308797313
180.85150925999224,158.5990431672925,6.932986136646714,6.551071934283084
181.79975826418777,159.35415064187177,6.947422817802171,6.527139521438533
182.65384634182308,159.35373294826016,6.936622865931467,6.527974908661731
183.60618703902125,159.46119120181808,6.940089920079595,6.525074895828597
184.13890810864598,159.57034894908634,6.9347710724641844,6.5187840596189
184.9697202050413,160.32275967572812,6.967880389501402,6.496854427434748
186.33987442127545,160.2280821065379,6.983710139702849,6.474198936379111
186.33986300057688,160.97786048443075,6.983732981100012,6.457925383132723
187.17907885301716,160.99208690888582,6.998414607395777,6.429472534222535
188.02790911693216,161.20208957251296,6.99207672911259,6.432297869355024
188.87579993613718,161.94718434611312,6.987187251400773,6.4216389627656545
190.36787729443455,161.9374111414654,6.958651732703387,6.44118537206109
190.06658823029517,161.92627627834932,6.928284712619438,6.46345509829324
190.81403177593324,162.75513032550637,6.909430063644479,6.492641223752028
193.1370299424822,162.74560883482053,6.9061096617992614,6.511684205123668
194.11725599442545,163.1401697526611,6.8987999252101035,6.535766119235574
194.23347936653022,163.4407613380301,6.877901838233254,6.569228920195788
194.24448946366488,163.31751290305428,6.85588164396392,6.60397389962721
195.50540730663232,160.67500163855112,6.877529336049479,6.590072724424218
196.24068198356875,161.51788953090383,6.891512984600896,6.60090608534662
195.9045139457184,159.94080984920637,6.926448904009674,6.568064667281792
195.2476560121185,160.06336083457032,6.965205043690195,6.53545598447381
195.3346746357525,160.184527307465,7.003749701370294,6.5057049436324395
195.8454062518955,160.1994895136345,7.045842320365929,6.47578053129346
195.51421223947833,159.9996043871492,7.069555462804883,6.4497675293338
195.39389875460358,160.0126186536445,7.097335648548829,6.423738996343215
195.69478012185692,160.23889645733757,7.134165637627389,6.396911871347267
195.89010439408497,160.35858137139712,7.169534583862125,6.370550788573571
195.34652897083055,159.41138419566542,7.191001122665929,6.346713386167916
195.55441918097878,159.5249247986285,7.20139805965404,6.332720858884029
196.29067436937444,160.06649979462438,7.220069319016904,6.314700607002414
195.6359826816029,160.18839003453414,7.25129229520091,6.283946860409394
195.83397722486828,160.41391669999857,7.281337682199188,6.258928003009518
196.03658344041727,159.67864145379994,7.302286262866619,6.237914954227842
195.06245655807143,159.79964903677975,7.332939276678751,6.208966538365905
195.26022468767434,160.02692485061723,7.363552297133778,6.180564190351766
195.35063680408973,160.1471662091418,7.395817742407895,6.1531711514075464
195.54801622005792,160.2691467956436,7.4273497834629145,6.122355414899687
195.74730987276567,160.60383530321744,7.455029731923931,6.092379280566888
201.21922967654737,161.08968132224888,7.482178861114683,6.064378923778305
195.56733232574115,160.35105583218112,7.494889889869961,6.050354701838316
195.7789883529801,160.25205514750184,7.497592773750714,6.035348602017553
195.14794234429044,160.5701926612575,7.482849133624103,6.03749140325922
200.67995907011368,160.64485053895578,7.500488792222297,6.010269191985636
195.79111223349608,160.44165974037412,7.505756893797181,5.991762720815869
200.5570450932235,160.42809917472152,7.515758600968298,5.969091244932982
195.6763075758048,161.07320018702958,7.524757782489425,5.950951288140762
191.12186582149673,162.65783728170803,7.523929341115615,5.959483592966407
191.4437213631557,162.65170410424815,7.516157028662579,5.971749947886176
192.8218242837564,163.1728680932545,7.516725846120994,5.9897199155119205
192.81418203769132,163.80538950772043,7.532010338251131,5.99883600440106
193.4509196555686,163.69423895210124,7.534986769368188,6.008395171160893
194.51344552390034,163.4786800816126,7.5393610825786235,6.013627702163396
195.5731001973062,164.32643579531947,7.550996892095423,6.022872399812472
196.32797063757502,164.0977027610052,7.535215634112271,6.053492861996849
197.18023473431433,164.52615644059057,7.540104441968056,6.051294003493269
198.02970493077333,164.31106421919387,7.550896014898291,6.054045454824644
198.34579331536688,165.27496379860742,7.56049908607323,6.051585817083607
199.41351019836563,165.38497093779614,7.565405596043263,6.045605566302937
200.3683068354132,165.8143570853346,7.581923167134657,6.042882535753381
201.21612937331844,165.60579780909856,7.600049094463958,6.0315583374404875
201.9659666497954,165.5032348680062,7.6005825034370345,6.022368796492833
201.9639498119514,165.50380036545744,7.604616179124994,6.021237801590363
203.13674846340209,166.03656268073985,7.615415521564722,6.026802555271498
203.88787691870263,166.56668743274042,7.61447391434575,6.038921125114693
204.4178230298035,165.9265072294862,7.6278611764736075,6.031346150427676
205.91866235826367,166.78387885677017,7.632514276922837,6.034506757213791
205.8111190818998,166.89116561211264,7.632740273821783,6.034793802357637
206.34372846508225,167.00170764589603,7.641864893567002,6.028578412012824
207.41835213800815,167.3250380238127,7.6416921948604735,6.026640050323068
208.376134892325,168.0831799034505,7.659986739612355,6.014469665902951
209.44594034355336,167.97828444997455,7.669932101903822,6.009304946380027
209.98496709530542,167.87212212740297,7.666997831970657,6.006605744809007
210.08940733192165,167.9865112233421,7.673052438010085,5.992762632202625
211.05292702997139,168.63313486538848,7.679236494624786,5.9883309832526415
211.91834048625898,168.41758371229116,7.66701030922546,5.98978310765328
212.55723031143052,169.17443475124736,7.677201147617051,5.9787132665979765
213.74303220209015,169.06852838238407,7.666610019284501,5.9758884904167004
213.8524718631748,169.39342928072227,7.662160332170427,5.96937559890587
214.81546260587996,170.25015464224805,7.66447972660372,5.969970102382005
215.55881786426602,170.3577723578734,7.677874704681552,5.969035456109861
216.94740463914417,170.78273285818713,7.689075599817254,5.977075823141458
216.94100856222923,170.3477237512141,7.701867753647155,5.987924483806427
217.68562376796288,171.0953208262578,7.7187885378213545,5.998881529360538
218.12180052823464,171.0885380831561,7.708840593089962,6.01244701556392
219.08353918605974,170.98638471300814,7.726393475599921,6.001083733842026
220.37286119195642,171.7339784193261,7.736791066131077,6.016170589228818
220.58413685404744,171.72796811170582,7.746555556853632,6.028191204469326
221.54593767709844,172.05554855322774,7.771478778443312,6.022538610656046
222.4223698054146,171.94247011141942,7.7529478786937185,6.0319038246622965
223.29242610618064,172.81083244893495,7.74612237745845,6.028466249928075
223.5128767159316,172.80939440409486,7.738222390681144,6.031342339608293
224.48548186561504,173.24249222571183,7.740851774786801,6.030853222362098
225.46211003802145,173.13213463897722,7.73572530839657,6.0351095204510266
226.10764517408558,173.01778682054007,7.743353408498009,6.047355428620374
227.62006714140747,173.01883566604204,7.7532271156534085,6.045257737616427
227.62219304131733,173.12053503577837,7.748975315833729,6.058741408418013
228.2766445470813,173.3310791412319,7.742292394332796,6.071726560853328
228.82144695440343,173.98241063937027,7.738415342480723,6.0719368799272
229.9128525295096,173.54336321935165,7.726500698246024,6.081673117573424
230.7714861614841,174.30592028940825,7.74575760505834,6.076017626876366
231.52542848843237,174.30857702205304,7.758751163388844,6.070704161586783
231.738798063943,174.41975665901904,7.766773447270824,6.0657256051063895
232.70853199086798,174.74921251003096,7.784107711230158,6.0590812756856325
233.47391434813187,175.18016994518672,7.776398918021172,6.067484074699168
234.12247420822897,175.07578279553954,7.784868697895229,6.058660123982185
234.55418192231713,175.07791178318317,7.791790062564451,6.054402148694927
235.42172812943417,175.29163540557013,7.797663307516191,6.062196318717434
236.17923076515288,175.6220798753767,7.807519248554751,6.054819327308255
236.5044532528365,176.2787843422926,7.810677908358719,6.048617663819013
237.59422242064787,176.17405200193554,7.809291360093853,6.040267165797358
238.46150044853414,176.17511111238488,7.815999513725595,6.038148944898655
239.3292431885011,176.28842697851442,7.82232202623355,6.029243211694768
239.86958315739932,177.04985854488635,7.830029539803443,6.030122510863773
240.84661915071246,176.94159316154625,7.83624312403125,6.028843769671236
241.2703958336063,177.8232637099412,7.860223921790957,6.008570999976271
241.2709883727968,177.71696134685916,7.85903884340996,6.00325670028876
242.13653945757682,177.82893076705437,7.870450799577034,5.99713212561425
243.1075780289373,178.26997787429377,7.889369389314543,5.986591570005901
243.86849909177755,178.1643216535231,7.89356111806227,5.979899175200338
245.38912289368838,178.16912676114188,7.90374588388609,5.970288959962758
245.71620081057068,178.1694198795077,7.9034631308259256,5.96970272323112
246.48552472708272,178.27521402664715,7.890421956658997,5.9760582373603786
247.1356717879395,178.93352660944046,7.897221159177577,5.966526396005902
247.57660236547025,179.8094578232673,7.886547256972051,5.957038474064205
248.4445003212069,179.81420160383502,7.890584810243807,5.94755091292875
249.32067087627925,180.0293988340746,7.87732912375278,5.951927808362972
250.08574382185182,179.9181685101803,7.867969923357583,5.957133214615934
250.73777537627544,180.78346126321838,7.867092673280024,5.964128853565954
252.04387922498324,180.78148779563105,7.86246709646745,5.968075788740661
252.90865146939169,181.0025523300436,7.871262140541795,5.960531603138264
253.55411998447164,181.65949872961266,7.884145013959582,5.950458707577954
253.7706432478673,181.4479859056924,7.885768661587727,5.938814180999048
254.96228581765178,181.44917598415384,7.891348476309763,5.936434024076158
255.83113173999718,181.55270367864821,7.891381611194733,5.946594257534386
256.59399147012624,182.09262934578055,7.887337426156683,5.953653834141207
256.9218864145281,181.87551444228498,7.883855316260462,5.953011788527367
257.68964196117804,182.6386122775973,7.869950918927961,5.948422813870183
258.2274574868844,182.53358009951071,7.87974768346888,5.941401606852652
258.66800752668735,182.52766773510703,7.867128045751398,5.953226335660012
259.6521491243164,182.52172035420992,7.852933909223754,5.965121097454242
260.52727401486385,182.8437318753758,7.839475102038969,5.972394670338759
261.39324175773226,183.49682307143243,7.843638489224873,5.968286432917531
262.15709714205707,183.5991871671125,7.8349893733318385,5.9805670490940654
262.601720288176,184.34729608534246,7.814052188895146,6.00389015128632
263.58494922713834,184.3445201122947,7.8018371451724695,6.00944209738187
264.13073942931425,184.34440363392565,7.795467132454405,6.009675054119934
264.2397730376969,184.3416704571328,7.794348519330957,6.015141407705669
265.1040811126039,184.45372391514638,7.801896921171398,6.008055060635294
265.63867471658705,184.67141544905252,7.817811669574861,6.006712775370914
266.94297433924845,185.43098027596704,7.816110265021686,6.008273528657446
268.14187854558287,185.32955937526532,7.807952320259796,5.993874378433011
268.0391149800808,185.1148571851041,7.796597723573919,5.9895153033753585
269.45084616694163,185.11695863969777,7.78942098432817,5.9853123941880595
269.4467421647507,185.34500741099635,7.797628988710126,5.9621334535398045
270.4213483623017,186.11023206918696,7.794276459404719,5.945130699444925
271.29033902081363,186.21724205737348,7.783320400335234,5.946988880316138
271.83682185904576,186.53404735647348,7.76906144379494,5.960602314070572
273.1302023548668,187.1835443551307,7.771249489066373,5.956082835212885
273.02182110960877,187.0721255600494,7.7723065149351145,5.963214960728291
274.75222537548535,187.07219988549778,7.764903945359301,5.963066309831486
275.07912705369114,187.06860937167156,7.758267972087102,5.970247337483968
276.0605737509344,187.16947208766265,7.737018292701806,5.984260096068556
276.49555555275884,188.0326655007161,7.729622411118391,5.983008714092692
277.47029089164744,188.1388928735896,7.719728839338717,5.98606253567875
278.1175958977837,188.35808658314141,7.717561549772982,5.978489357477348
278.9752415187698,189.22303485700388,7.7242760330177465,5.970598534969359
279.5158443298087,189.22475623013148,7.719194439191579,5.967155788714189
280.26588803189503,189.23074869896914,7.724744846636878,5.955170851038876
280.90653572299703,189.55791631439072,7.733333496082378,5.945777636020478
281.0216773936301,188.91480788802212,7.7180089055658865,5.942241984260062
282.10049565720476,189.56302206305492,7.707044064134686,5.93381664562544
283.2886202548922,189.34993736176756,7.688782003413559,5.931261114626744
284.1585271027866,190.41681973823117,7.66130404243092,5.937916030207337
284.6019045038645,190.40348245961192,7.6294716117448065,5.964590587445845
286.21376819474455,190.5023145751957,7.610913702091306,5.980604321085418
286.3266111006899,190.9214480281029,7.598882243719556,5.996954829346558
286.76264553167493,190.27276344927108,7.581756576068722,6.011909195531281
286.6510571063749,191.1302522291773,7.591217121630831,6.006662076023007
288.24771837270214,191.23241678444785,7.604535211518157,6.016109006984706
288.4546510962884,191.44754847878593,7.6189365175547294,6.014112371517605
289.6306549499632,192.20133294690564,7.62446514110608,6.006793827669654
290.607676959786,192.41212285566306,7.599006451305049,6.01378852789804
292.1153010382245,193.15470580618634,7.579912723204711,6.026699841239881
292.11837554471526,193.04135967013144,7.573763710223211,6.03946405316756
292.6566566894682,193.03798638268063,7.567405741677396,6.0462106280691605
293.60934390698094,193.04080649565188,7.5885064408529175,6.040570402126651
294.4579291738963,193.1474937374549,7.605614086398142,6.041480690942574
295.5393207718542,193.78318689659204,7.588447837280284,6.0574645407470475
296.0763311975773,193.67417274738148,7.587216328705359,6.0609349705939035
296.2941351668628,193.35342791411878,7.580798908901916,6.058638858967949
297.1555110163825,194.41782669347694,7.573724324492771,6.074437693539514
297.6998112576979,194.84039206684173,7.558159975133917,6.08773585342747
298.9902067566819,194.83897227446258,7.55237538929695,6.090575438185774
298.9984582837546,194.8339398238304,7.535872335151577,6.10064033945016
299.10359405219174,194.9376858155704,7.540051466890885,6.107599024583771
300.06759073780563,195.36877995747128,7.543705251605257,6.1039205878674325
300.8219111572292,196.11731553838385,7.537432630953196,6.10921764423733
301.03198505192603,195.58764970868287,7.546511720702631,6.095482105781483
302.6542468333395,195.68989009900622,7.519945913967796,6.10553184220762
303.7248022356934,195.90802350026655,7.52168742346294,6.0978355025275155
304.5739791528256,196.12329971151138,7.536833197085219,6.0956579820095556
304.8956700475995,196.76938933992034,7.536605741936617,6.089787393989951
304.7804751747418,196.77028389976286,7.552709233859058,6.08799827430494
305.31618277119156,196.9889755472595,7.553816372946361,6.079623912106342
307.0276756409564,197.8537890647698,7.561003870121732,6.065083495438241
307.1350594462026,197.64420784507195,7.560496786332675,6.05572488142699
307.7766418340453,197.6489822958612,7.5619384959248706,6.046175979848518
308.5244500059039,197.87122505642455,7.5641009762753155,6.029627265598252
309.6972513536628,197.98562809976121,7.569563680747342,6.014554397105826
310.54974980292934,198.6363505493666,7.573146193943537,5.994544056692034
311.50157075622644,198.53240099590084,7.589227244826055,5.989140612792764
311.60396355885933,198.64108794167157,7.597902709113563,5.985227790804646
312.55362827675634,198.75053875050168,7.62034625116512,5.979856504016166
313.07955881259886,198.9649265114158,7.6374178751519635,5.9786540604566625
312.7415159944188,199.40106783477077,7.671419000578401,5.962484094991503
313.5807577585027,200.157773498418,7.707215919685234,5.949068159062336
315.18540868035893,200.1647592604899,7.717117487235589,5.935096634918598
315.2778053248857,200.3860953362603,7.746861320063102,5.921498727140016
316.34046979469076,201.46782564171812,7.769226024832218,5.9057317606034925
317.1902755780072,201.5821351338573,7.788440087371667,5.891965979971704
317.93435307034423,200.83294496920092,7.804734327110162,5.88589708487189
318.0348655677439,201.7017183174181,7.818779769130704,5.868913882996669
318.6697514372575,201.60320752433412,7.839048541286292,5.850928717300862
319.42325001347893,201.71519446599825,7.837199006421838,5.841975922198112
320.7019954671872,202.36291060310893,7.85786537415008,5.83562228554911
320.5861998691506,203.22887394720536,7.874399779116602,5.824149926209183
320.9023237364659,203.12703274763814,7.887512916902717,5.8127120345380705
321.97333285263187,203.34507640059857,7.896816223689824,5.806889036441011
322.5018165099504,204.09788042690755,7.915739129538044,5.80752729250232
323.4702474809661,203.7751767111669,7.9181607276508394,5.806506877268877
324.6513406891723,203.87810042541344,7.926430208962044,5.816155439477955
324.9773435646884,204.5211824987384,7.921763973978909,5.824670324926224
326.37739223499744,204.52024117205062,7.927698325584166,5.8265529783017955
326.04006110607764,204.523235790551,7.954451747261917,5.820563741300976
326.9087320618172,205.17590447234406,7.947331347406528,5.812892511432587
327.97921554994974,204.75186554067196,7.966801470037398,5.7967955352184495
328.8372016744103,205.73344568482813,7.979429439200043,5.778310492250476
329.58287410935736,206.06965401415684,7.999825435991173,5.753782776458068
330.0040229282909,206.50609550137258,8.021003866707886,5.744375870610457
330.00049658575153,206.28928597763425,8.028056551786701,5.745924582887483
330.2052723852926,206.07310360642606,8.050839932028394,5.745954345980183
331.0570672865208,207.3816493730123,8.079354494640064,5.727019360409998
331.69298480449635,207.2777998816262,8.10731633992065,5.718085529643512
333.43285663719547,207.2660764797711,8.098109603459916,5.74153233335375
333.5299986122775,207.49066236839357,8.120981428884576,5.726672107286209
334.8340895331668,208.24801126820165,8.119881487868524,5.732772083114877
335.8192189646152,208.35185123068757,8.105689572075917,5.74243293004347
336.69033965025903,208.67297625244115,8.101730732655447,5.752038835986565
336.81078466503703,209.4230325899243,8.078224392090883,5.773611983959899
337.6938853926187,208.87114864827132,8.05108739785082,5.790464579188854
339.22475092998286,209.84131803305934,8.030845022980603,5.805368545235934
339.2362423471668,210.37826721820235,8.007862188612766,5.817406913219155
339.7912220473188,210.37486272830358,7.983085407333236,5.8242158930166905
340.7760407784349,210.6940714695444,7.964398823722841,5.836115370075606
341.5457581554005,211.00836444391675,7.941751150042578,5.857581027152762
342.3201162189191,211.86939027993157,7.909877514532217,5.869063631153866
342.4433939700691,211.968606722047,7.879717379254647,5.887026113945487
343.42808095512214,212.28844793323424,7.856418612241171,5.89603542593521
344.1985005476704,212.17689776496508,7.827742411858366,5.903112478942973
344.3050303178377,212.1808534459253,7.8303851058362675,5.895201117022564
345.81980771338874,213.04145155253804,7.819415138156557,5.898910517181291
345.8116143065999,213.25946441575235,7.835801951734195,5.8938982277090215
346.33403296026916,213.91282492271623,7.869336670491805,5.881223645096611
346.5259353226146,214.03195083477956,7.917487285769951,5.8589494909545055
348.0358775020428,214.90195587599362,7.92643865076755,5.849702679300109
349.32738736305123,215.12419167034895,7.93937844176151,5.837891009424588
349.2088304925594,214.58639560158693,7.960159225914978,5.831818362797289
349.74482067259686,215.4559799432412,7.970923851833567,5.825041657078513
351.37132750076603,215.5657971530283,7.966929043775862,5.822008494056322
351.3759111993207,216.1077139615776,7.957761646666552,5.820629048355711
352.1285161357988,216.10797576482184,7.966854886564323,5.820105441867189
352.12344979048396,216.11138843233812,7.976987577194033,5.813280106834679
353.1046172231025,216.3282696819189,7.963155007004355,5.812518117683598
353.97179047091004,217.1969294954165,7.959030839795516,5.80542081909478
355.274510170558,217.618387226911,7.946775816194898,5.826900148004126
355.3893715762025,218.47781539425992,7.933318079564536,5.8381644105754456
356.1487822628713,218.4748560907279,7.928214280692151,5.8440830176394645
356.5933189041297,218.6870380565939,7.904200358173981,5.852248765906848
358.2321148097854,219.53911937855366,7.867113207248202,5.8763552741929885
358.3548633962141,219.53600552042403,7.837480217512477,5.8825829904522395
359.4379976153999,220.29220732067185,7.826361555739984,5.8787842335759315
360.19634258779615,220.2963777266139,7.816656614865169,5.870443421691786
360.63147299028464,220.94466797269348,7.806393536845154,5.8638595199679235
360.6380282933737,220.81730927830725,7.793282930666977,5.903841392200819
361.4041330823461,221.02223078237435,7.767396821195832,5.92437651791626
363.13798325868726,221.98453876348324,7.741769542891438,5.935926660036059
363.90033442474237,222.0787104835295,7.721555810475632,5.962510162756958
364.0197437362964,222.28262374000067,7.697788710455541,5.9847866959908576
364.88570722542454,223.02660803236904,7.686270109519557,6.002175441409368
364.8939834431505,223.01207792428798,7.669717674067625,6.031235657571489
365.87103307188175,223.1068751903655,7.6540112558141695,6.057018107550713
366.52676199672896,223.84800005697795,7.63588490643659,6.08365512469539
367.28489692658815,224.26948148048177,7.629583394933818,6.103531333810889
367.6156354511074,224.25819264950547,7.615912696479208,6.1261089957635155
368.4868525713397,224.79587872219972,7.602211396577526,6.131194938226903
369.03683708653176,225.97344151136994,7.582061004052044,6.151670363175398
370.0169873701832,225.206900534877,7.5656323863666355,6.172851910903335
371.10678913389546,226.06238191585993,7.546788430263515,6.190496805994634
371.7691712429044,226.2694653921297,7.518452865049291,6.208472737723073
371.78270525607104,226.80112736875702,7.491384838716061,6.224777921360076
372.4438114961651,227.65852142749634,7.463805539407624,6.236167378387768
373.31521162837345,227.54726141873414,7.445252848123074,6.243156449270652
373.96857624654393,227.65197557728666,7.4306691677408585,6.24908572482539
374.7180682908266,228.41095656566029,7.438282577049499,6.2377212459521445
375.68666899210797,228.41703936009998,7.43754433577083,6.225555657072723
376.42882773731236,229.17836193509964,7.457913185583465,6.207596847294901
376.52538796167784,230.0445515735577,7.479772310718376,6.195054161305784
377.26151351893736,230.37403373330667,7.513318325877217,6.18143146881262
377.68490698760115,231.01709548835504,7.528172244060295,6.187769241982
378.77418187231655,230.7964056677686,7.507033133868094,6.197666751307151
378.874470371469,231.54978310738733,7.522031783036255,6.199941404381306
379.84423731443883,232.08221737219907,7.525086424168237,6.214288723130977
380.6111203232394,232.07486449743135,7.5041730011368655,6.228994472666415
380.61109328927176,232.18502927012713,7.504227069072208,6.22470207409201
381.4780608320763,232.93951186497046,7.4980418677223515,6.227518033132267
382.331372864978,233.26708473482458,7.518769117018989,6.22012903658645
383.1012539147143,234.55190495721052,7.491838824507214,6.243914546604591
384.07673538586073,234.87323829741905,7.485665892197042,6.249511202848473
385.0492452065783,235.62801595579725,7.4853922492972815,6.252536107175084
385.2761434186009,235.72852826358925,7.463850680764033,6.2676389193470445
384.8528339844237,236.04897456580022,7.446314746395669,6.274862416967249
385.9433382088099,235.50404065392473,7.424151934975696,6.28530742204199
386.48638670194157,236.35928632609438,7.416608395844026,6.300501593113302
388.01012825127754,238.2870986171179,7.390866257252615,6.3299725311697195
388.8721834538932,237.9577733821854,7.394073197692537,6.340878996408024
389.10087984156496,237.8404774737584,7.368959276955231,6.3593313859589
390.30127587226934,238.69387733356223,7.344687951180292,6.380910383175847
391.06197915664103,239.6691241614383,7.335406662189817,6.374577801391779
391.71674895310616,240.10292306083804,7.320503106451338,6.37007069405347
392.0377283827076,240.11098081073814,7.3249532387270815,6.353955194253259
392.1498523540625,240.54498755172594,7.315985452307129,6.347062337437029
392.79779543060744,240.5466735567089,7.310284129353857,6.343690327471103
394.1993498654359,240.7609515055249,7.300725477783577,6.34491138646778
394.2106082249864,241.51086669884322,7.278208758682543,6.348401606006042
394.32919026272293,241.39840084972116,7.255512044169222,6.3588659432904535
395.4010990299005,242.14896278202292,7.254528261014721,6.357725704527312
395.7251821869002,243.00526495844548,7.24911154862353,6.359120289304265
396.91211531156944,243.64354907000995,7.231316089624715,6.36768158817873
397.3459222912811,243.96710655874105,7.219899929933578,6.362714960515773
398.20832860647386,244.82234620175456,7.205430757536303,6.362579132477002
398.9500456977769,245.5729697900129,7.216961056863655,6.356296437893687
399.05969980105243,245.68015278906026,7.211297481189197,6.355575070675571
399.9177618604602,246.63233549408656,7.203535453805948,6.373117013484331
400.6598498598273,246.63456647970014,7.215298246644877,6.368655042257186
401.62246800214535,247.49544261806088,7.214411578194783,6.357435757700971
402.3681287041607,247.6072203710029,7.218453497730649,6.347503583754998
401.71679033826024,247.61270118512817,7.239968108324235,6.3365419555044555
403.5407862577989,248.35397996988164,7.224620160960772,6.349778929644475
404.3861192994781,249.1094992409861,7.243226462152219,6.334353723916507
404.181384382125,249.8477323475129,7.225295567720077,6.35379006284698
405.1556832957013,250.4811445760053,7.200301356414279,6.369368016426722
405.274720805893,250.47703205147226,7.175821732050739,6.377593065492835
406.2353976324494,250.90158183484283,7.174591441935677,6.381881660084016
407.10166865336356,251.64453659278666,7.149221392120482,6.389747637207803
407.84792661447136,252.39303669725336,7.148603080398194,6.384645038767763
408.8113787519426,252.27979680277733,7.13903277242619,6.398087720278666
409.3484124205785,254.0867141251096,7.130481195227563,6.407006659863335
409.4587120013894,253.97692708380183,7.122994694611129,6.41346808147348
410.2150920679622,254.92977273894826,7.101930500719672,6.425671550221389
410.32682202401696,254.8158705852045,7.091437132378693,6.440509313940318
411.2868046725303,255.6606130345163,7.088830691419155,6.45534339848757
411.72416146540667,255.75603019351743,7.067060091789404,6.477744827015997
412.5728576513913,256.0756282937056,7.075696003981309,6.478309233200128
412.782906897733,256.9379970485975,7.082391641782004,6.4607482453527565
413.8523443450291,257.58199007571574,7.075732914462169,6.4520918914796495
414.69712853710894,257.69715779789,7.090004599497387,6.434736455780637
415.011166064618,258.23495522977214,7.100706176237242,6.4237693116128645
415.11378633706823,259.3064774473683,7.108382788936223,6.40989645241428
415.9614979687494,258.6760258125238,7.115481372511532,6.393908336899937
416.07562616013377,259.63101877501964,7.0998954024075,6.397956125889429
416.92444667846314,260.704484932531,7.102196138345281,6.375951026612468
417.98429807767917,261.0235513081406,7.10426573828123,6.374349994903603
418.30781889703104,262.5080716557801,7.093775621485101,6.37588306852657
419.04420186763195,262.5147291467009,7.10532662591542,6.362568086684921
418.9403750938122,262.71849042239427,7.100967995309311,6.379069891789331
420.63584365269503,263.5681712223776,7.105358004094774,6.37737185509819
420.95368766655156,263.7758394233873,7.106417170345584,6.386533582388015
420.7443067333315,264.72673599901213,7.100355448015787,6.396446580603465
422.12912456716407,265.67744516247205,7.092904978115145,6.4073103136744045
422.2466617010072,266.7261623225225,7.070363977150467,6.435208660789969
423.2054131713145,266.93679962880816,7.066507405724632,6.439188796927269
423.51990429120127,267.6854282271128,7.0754174556140965,6.430346942864892
424.89198683621856,268.11180857327514,7.095423442505793,6.428100428056045
425.4156288882199,268.96937972214596,7.112659581260061,6.416190518725702
425.30035973758083,269.51018841193735,7.130215716331456,6.39948397017643
425.8373662923317,269.6178580891386,7.1211447708913616,6.397133048586114
426.6988816424204,270.04149231092543,7.10059342492587,6.401104282118621
427.1302036751375,270.8929128559354,7.0881646098430275,6.398693692801486
427.13106502509805,271.1096188549256,7.086441909921936,6.389925843432402
427.6694211696668,271.85602422816163,7.070506560731939,6.382202812886745
427.9999809104363,271.64515643334875,7.0447401443996425,6.380369692374645
427.69398182132915,271.01413829634333,7.022675354944125,6.3742800310459975
430.44784834604144,273.73089669205325,7.04476343045352,6.349998701388291
431.0597893968616,274.34985043521476,7.079061314546412,6.321190020367816
431.6860161230696,274.98313194974,7.117005333867251,6.2897547824992674
432.27715085388047,275.6297570783672,7.153821586144073,6.2609710179217055
432.88831435801666,276.28877920537,7.186028830479758,6.229466631178226
433.4813262583757,276.92027256089955,7.209105224770009,6.212408136355048
434.0918581874192,277.5482800603057,7.230434003168096,6.197014365222525
434.7125810199068,278.19556807628794,7.259222418971376,6.168367018643752
435.34215412164286,278.8570803452596,7.291304449988819,6.13960717578249
435.9945755796365,279.489464800886,7.322798518835135,6.114646571295051
436.6510040629633,280.18213556210986,7.354486363470109,6.098619185745143
437.2899847797778,280.86019644591624,7.386123929690382,6.067008780108217
437.94232411780166,281.56565921959424,7.4138881174716165,6.0343024050945155
437.4217856899894,283.68564237690293,7.397446214680045,6.024411124141629
439.12219886959116,283.89027488541285,7.374078355353456,6.037328419606435
438.2952344643282,283.8847272177077,7.340480646022442,6.048423755016707
439.1515040374979,284.5187264881274,7.312767899624893,6.044045014133622
439.1671534113799,284.6231630595698,7.281469151860884,6.0452780192049484
439.2886114658192,284.7250110451099,7.2481972287194,6.051226233861777
439.92572737741875,285.56067804355075,7.229330803034188,6.05371276699863
440.35006366912455,286.2901318140617,7.216565694397232,6.057643306832407
441.29675123744073,287.86590526168607,7.202781074639992,6.0387472730422385
441.5174434546061,287.9746921077402,7.178049591666332,6.02950005661243
442.2571995118157,289.6386463105036,7.153110886047141,6.026330871199893
443.0989789090903,289.63984913007727,7.128436432278865,6.023925232052536
443.10614855518304,290.1598944377084,7.114097140093356,6.018540301543826
443.740760403492,290.561388403025,7.084672644732401,6.042085171748599
443.22827184754306,291.3801573008716,7.076862130978314,6.0570075770987515
444.2645013263632,291.7956626183969,7.071169617214847,6.052703519598772
445.7193858462721,293.446603216717,7.052673913570307,6.055134707156487
445.62539786328904,293.7576524537698,7.03437719041939,6.051854300401743
445.83963154064946,294.16744930320255,7.017784077634381,6.056009085407972
446.7821548998518,294.26309194645955,6.9844619940499975,6.070470980540563
447.3110626240074,295.07636458753717,6.953964012369782,6.08763364499482
448.14559834192585,295.27625165007123,6.927021971457716,6.098391868658091
448.25609186984843,296.0856119930242,6.9110557481045305,6.11983784268806
448.98475829875855,297.0059923864245,6.8895372051109804,6.1251240320931855
449.0953993524723,297.3128568227332,6.8731219925236955,6.125995843996638
450.1275253299138,298.9420145248397,6.8551297352984,6.14169595603592
450.44006313191727,298.9369006107332,6.843846074316222,6.151923784248947
451.370485322178,299.8539477604007,6.824269048895208,6.1590968400143895
452.2006339159475,301.3742739023887,6.79913474301826,6.184374959154669
452.2102439595337,301.3718834267258,6.779914655845852,6.189155910480453
452.83081426065786,302.2868258858877,6.7638801698762165,6.196930166574651
452.7415666140456,302.89784876876615,6.738317039084671,6.199234944913921
452.7514740240896,303.91155817927756,6.718502218996719,6.208783662352644
453.3701406043186,303.4001254152936,6.702407488444916,6.21395049873216
454.08603180067087,304.6240092341236,6.694221025110644,6.206633025707037
455.2168129571966,306.3437907308488,6.667053251441484,6.220225229483913
455.4303049375401,306.34540077232265,6.645906827178016,6.217005146536315
456.4518834822586,307.65632458377445,6.628123625011633,6.2281435770845475
456.759854169637,308.4561463241331,6.6194914597824654,6.247991321773911
456.05909106052854,308.4461372211188,6.602702811509007,6.268009527802507
457.0756034141942,309.56401168754036,6.596390602153702,6.261644342732899
457.6922271146414,309.8596897316458,6.577972702060265,6.2777030049224685
458.30350432020646,310.65948521870655,6.570044968389366,6.297614267413238
458.8200744987077,311.8664941034015,6.550049354433963,6.315143881336385
458.42563340821675,311.8508750113142,6.528559435735612,6.346382065511091
459.2415531080022,312.0524958611939,6.518719315079817,6.34864018548045
459.4490211683144,312.97425988596643,6.509045509004772,6.328792551407166
460.26711387102904,313.97661847759497,6.490185671516235,6.34573232807602
460.7771826957226,314.7893505759643,6.48073422615786,6.337366057783384
460.68070059011876,316.30648398781796,6.4718417469884715,6.330949589732523
462.0911520605023,316.3096547441119,6.473558732773383,6.324608077144552
461.5836762152145,317.02610950325834,6.480797815948637,6.30249620921222
462.3937619591122,317.8284312847949,6.4710808985019135,6.308307216487813
463.1037100361733,319.03773014088654,6.459907620994606,6.304663007072763
463.21592560203453,319.33354045275127,6.436489632773972,6.316081813848799
464.12274464610505,320.2392245999104,6.430282474260529,6.31214444915799
464.2184407125886,320.9472491926322,6.439556325734652,6.300757154803199
464.31273961126465,321.15508188039684,6.451590409656989,6.286355541822951
464.6216528885861,322.55675404140453,6.4355439191018124,6.291318185550031
465.2278653885388,323.35623365906696,6.425637766466338,6.29571741325182
465.83250261176954,324.15508111315285,6.418365460732534,6.30069202605018
465.64340129795596,324.34362455428976,6.395972138736731,6.324201093399337
466.75580103051317,325.3360915876867,6.374658480565018,6.342435942007924
467.4679881277959,326.1292991387956,6.352167585500001,6.358173182076419
467.277005925693,327.02626460001017,6.33380630741044,6.365707829975645
468.0824743156666,328.61892322444527,6.322807054417132,6.380265635013214
467.58988597928555,328.91780163548765,6.30774434117272,6.382652444532345
467.69510869101674,329.52361581142327,6.297146815587659,6.370111479924974
468.7037618701012,330.8060048365735,6.2746760101653,6.3986196481950035
469.00666026514347,331.49361376436,6.2676104391900935,6.420441303877233
469.607119213231,331.4815764388169,6.265541830895634,6.444515954963514
470.61277211803707,332.98320058683373,6.255770313950355,6.443569097930431
470.022137125757,333.6747147334635,6.237135518101985,6.4604297151474475
471.0293622033013,334.1738292074859,6.222224635248363,6.461970403220097
471.23101063556146,335.07030681089014,6.218412135837519,6.4666948394045765
471.6285789926836,335.87448877817343,6.22229901297028,6.456378087592106
471.32899934817004,336.48158558304516,6.222491205269025,6.44011867130544
472.1254899319619,336.48396196001494,6.224740567810493,6.435365917365809
472.325728975708,337.78236634221645,6.222992195518651,6.430300301764283
472.928391407483,338.57056416325236,6.213213908050401,6.447966761134902
472.63075520641047,339.2607267360796,6.210345999140113,6.463302341276212
472.62649548157896,340.55903313825445,6.218865448803141,6.4611655037940166
473.3244707263943,340.56089731999845,6.220649845351373,6.457437140306103
474.4239435552829,341.36389809901283,6.217812468503702,6.448605241135194
473.63375301474997,341.75847429502625,6.202490614898253,6.457304316443925
474.43640426734856,343.356979043373,6.192042133071702,6.45000286649183
474.4387277261667,343.76025872711887,6.187395215435453,6.4397513428955415
474.5444161391135,344.74655337878977,6.174861163068506,6.455589774819579
475.2392482946553,345.74541935325783,6.177444045290678,6.446782387748883
476.1404034527188,346.63437932507236,6.16429236029575,6.458021075251821
476.64195509762567,347.12630668339585,6.155004739888827,6.467982028011649
476.54520475926375,348.818305075759,6.149733499658012,6.463107831512185
476.35463797250986,349.1065318413701,6.133642882781126,6.482490585866999
477.8518572275561,350.49090726336726,6.119108545762704,6.494983636741817
477.56292590293,350.3880351428585,6.1010959794557476,6.502102805906352
477.27189975610383,351.07308321239094,6.087796913092155,6.521159840212075
478.0677085341152,352.2655040663074,6.084474766211864,6.5187612460926525
478.2696212708737,352.35804571590944,6.077542687184472,6.532124644133522
480.0489424097483,353.25853689825766,6.092713581237103,6.518048865338032
479.86157480205316,354.23965802460435,6.070315911346739,6.541471039048107
479.36330989969304,354.6427867169797,6.073964884322899,6.529518319692617
480.256524306779,356.1335090438133,6.073564779997847,6.5247881824367395
480.262072858667,357.71759398700664,6.062467676221804,6.530497393933242
481.24395147967715,358.12513413450773,6.0815120933050295,6.50853776257249
481.62779388648823,358.9285455868338,6.106787233008507,6.487634764571416
480.9330513380903,359.81811287226384,6.1080695520483435,6.493332336540587
481.2339106282491,360.51016398432307,6.101623230260064,6.498198715656913
481.34527339159354,361.385793340521,6.077295523854798,6.532520385813544
482.14633497851815,361.47355549817695,6.0635517506615475,6.5555434955836045
481.95326517067565,362.25698260953845,6.052315073302501,6.578194445036928
482.05256312037085,363.03675223345243,6.052581729913558,6.609555645220326
482.34660659032807,364.63213513189436,6.062561303162227,6.608477918540171
482.9415616301685,365.42901269162206,6.069636942512092,6.610703757792394
482.53332751214873,365.53274549394786,6.087525369139041,6.602883105493994
482.4331697658087,366.42786517005516,6.088033111914254,6.610913502423225
483.2218703806253,367.22674625924157,6.110160086702856,6.6126795284723645
482.61847505808817,368.0265961637226,6.1150271086242345,6.6155445503809185
483.42669293481447,369.22429225746794,6.102132976225177,6.625464794470764
483.5342250262333,370.12764470862567,6.0874610406262155,6.6222901173026765
484.2366002023239,370.92449401048975,6.083475466678604,6.629465545841513
484.1381774091029,371.6176192821827,6.080163422328319,6.644318418002086
484.1349752829198,372.92027821699855,6.08656767469446,6.643372416843762
484.23774872878295,372.9179066145632,6.081444332779633,6.648115621714528
484.8424819171242,373.8094414591792,6.07447304043382,6.668788558987618
485.4485642256661,374.5083493903625,6.066068717356019,6.675359706294706
485.45116951911183,376.2019545126731,6.060858130464551,6.698265369424103
485.5550010920481,376.2949216806233,6.0540633705996845,6.713199419531438
486.0690427173626,377.9870953421903,6.030941413317453,6.745720493776715
485.46982555884773,378.0932113180302,6.0226044734979665,6.734617084905033
485.97469976370024,379.49305813597886,6.016970488136398,6.746443837169408
486.58351365681824,380.18889275393366,6.004842081719355,6.761190544382009
486.3781678567261,380.9027588996142,6.013630375463145,6.740119825563035
486.3795268947349,381.68936715682776,6.01091229944554,6.773023158882424
486.4866888911351,381.687350225506,5.997820669907984,6.777057021525945
486.896343655377,382.3846852279147,5.982853495424861,6.789986136209719
487.40378795687366,384.18916415291636,5.973198165441829,6.7998680690433675
487.3028571521975,385.0995464245276,5.974014471690679,6.7885112537521195
487.3097466845558,386.1967895843905,5.960235406973965,6.803730309072174
487.7138323166106,387.0026476316126,5.955654449345439,6.799194827589705
487.9205312701362,387.7043094585638,5.943764382917643,6.801148615869424
488.7260647942608,388.30580555650727,5.93744708500497,6.801718732734902
488.43080483903736,389.30653344270536,5.92646301329614,6.805276234191054
488.33393430830154,390.10870247495126,5.919823689957809,6.803981248178685
488.731424134831,391.00359476135833,5.925859644842173,6.8164817932368145
488.8334424047647,391.10455110831776,5.92236732292227,6.8151133172654434
488.93797570338023,392.214490046814,5.9137677631245475,6.800372852039487
489.04644169248,393.0137881734099,5.896936729402921,6.802584154671106
489.0539083613938,395.20268583764624,5.882003391575347,6.821824959924708
489.15096578007075,395.10990552637924,5.887811931346998,6.807462205333154
489.15212088368366,395.3075871789335,5.885501724121105,6.811687685379193
489.651458600773,397.1948937437007,5.885939802995929,6.83370590544819
489.84430413211305,397.78883376920163,5.90058937499216,6.846847758474838
489.84145079844063,397.9840689270404,5.906296042336931,6.857594887299088
489.9424634447827,398.8849664422791,5.905137289123214,6.863598712054745
490.0448620214747,399.5792641690817,5.901280918281316,6.881588736244625
490.6363306555237,400.1780938460234,5.925285586133302,6.890871318311225
490.2167578549679,401.69198267934837,5.9576872428488965,6.8883834431463615
490.0060377379222,402.4055814513866,5.974792380364048,6.876358737086635
490.8090301753667,403.83072876823104,5.986853812809182,6.857645141232347
490.29758830954535,403.94217006075576,5.998940896161555,6.836921885840829
490.1921003915104,404.86235699769793,6.007884880599146,6.8148346766477035
490.08779580845896,405.5762178294971,6.014661445282612,6.7999412229849705
490.08375034370835,407.3910106103365,6.0227523747838285,6.801135946362703
489.968587750215,407.6047156302141,6.051219590495607,6.777441849157138
491.2754217594433,409.2248455564604,6.062839446003796,6.768305533851812
490.45655689383244,409.8403661029027,6.084657910340847,6.749197891130878
490.54784860799845,410.0524127425531,6.104114699748662,6.729185047309659
490.64147354013755,410.86813001777875,6.11890410361439,6.714064642010196
490.6350471239915,411.58530944631815,6.13175693590641,6.693983362730033
490.7307392303118,412.893540924307,6.142304364585212,6.7026317439051395
491.1455136771866,413.295439992049,6.121692818205687,6.707770955791156
490.4470082320288,414.10635413088784,6.104801083481854,6.701831392444194
490.6545186079839,414.9031694363922,6.093029241679019,6.721196421864752
491.0689369322091,415.7087824922736,6.071145406208964,6.723875936062772
490.3670358328119,416.5119410971,6.064931725912286,6.7290054453712616
490.8791887583553,418.21970760545315,6.047683183771365,6.737467279081067
491.3846968002626,418.73178559662875,6.043005502682239,6.719649699455319
491.19456906611356,419.4296966132175,6.02142883979023,6.730240125443187
490.79992238547203,420.74178635701315,6.007777757827488,6.715630078400473
491.5091124256546,420.84688353176705,5.991435318352276,6.70572682044851
490.9187576082904,422.3435579736863,5.97288779584474,6.710520829700285
491.0218479661973,422.5445509146424,5.966361334308061,6.707843456342611
491.1289890438302,423.8356084775488,5.951587545047709,6.719337088600198
491.6373014577449,425.5278065857849,5.9322153485303994,6.725599818589162
491.04742629767543,425.42835266861783,5.916539130347324,6.7252698965363376
491.14932763587734,427.2210429436441,5.911718190709818,6.721560608277259
491.14923970725323,427.2274732465042,5.9118940479580475,6.70870000255712
491.2594501654226,428.7074040363506,5.890123590716106,6.728595309317157
491.26988500834767,428.9027394881863,5.869253904866059,6.735144965381613
491.27807260395815,430.0888251438554,5.85287871364508,6.743501736632421
491.28548341479126,430.9792352008763,5.838057091978829,6.7468794066589295
491.2920543098519,431.9703861475758,5.8249153018575495,6.745164912843293
491.1959586008493,433.1574866918024,5.819285365340882,6.7448200786531745
491.19310179699625,433.16706091133057,5.824998973046979,6.725671639596879
491.1929258839343,433.76576179533714,5.825350799170769,6.713396358088316
491.2993192229452,435.9257390551802,5.809900858343941,6.73485005669019
491.30312674224155,436.5123083661995,5.80228581975115,6.746236463854588
491.30774988442096,436.9042407154939,5.793039535392351,6.752270547544032
491.31419698586404,438.1888758606561,5.780145332506197,6.749453853736429
490.7284105667252,437.6002799299236,5.768705041682222,6.743632586099656
490.53485075600923,439.17493958194075,5.7620344723425,6.744634808238471
491.3182408424345,439.2839550478338,5.769681470427797,6.723407272819424
491.22431320191663,440.45903794931934,5.760938570913746,6.732419636445438
491.12689230756376,442.033209774182,5.759183322388516,6.729628582415001
491.1306850601268,443.5034389216782,5.75159781726246,6.737055862559803
491.03098766335916,443.2083944653937,5.754474031338608,6.737589036751576
490.6337198625542,444.79090132291884,5.762717473610761,6.717743959052387
489.94114153533,446.07280135161466,5.773082610481131,6.7071281485915915
490.3346286250836,446.77007076509716,5.77171280598361,6.687396977893521
490.82556263774904,447.36232041142785,5.770214438017641,6.679341274070032
490.23941325286887,447.8579198328431,5.766961616692529,6.667768757143971
490.3384775722924,448.7440855740204,5.764527002546352,6.65668349709668
490.5340231413899,449.72440973680494,5.7644027303491345,6.650869501516605
490.6290725263712,450.31964646033094,5.769695422552821,6.632744827461683
490.04592790788945,450.6122887226909,5.764810091736293,6.633047586631846
490.3473017779333,454.1084209748895,5.7474287238078405,6.6651795481450815
490.45658256132714,455.1679129984952,5.724207683097417,6.6949412877842835
490.4662683186112,454.56579826733264,5.704836168529363,6.72660437889605
490.37023863776557,454.9652357077284,5.701290200593119,6.710150816614277
490.08579025925803,456.6189993986143,5.684304146874791,6.722626028998627
489.7993696248394,456.41921958128574,5.671504624228087,6.731758469333169
489.21247290917216,457.11577364494593,5.674407139875267,6.70468974364807
489.70244537067987,459.3554277455083,5.668349913299795,6.705264946147178
489.02979720008625,459.26122111437445,5.650823602943148,6.6989892581942385
489.42339831299324,459.3631591883737,5.640861549088582,6.689423153185604
489.41829617187875,460.0517224837885,5.6510658313175535,6.670311280184185
489.4100583740818,461.71103454480055,5.66754142691141,6.647500819952795
489.4014726457042,462.1090518218168,5.6847128836666805,6.6266027039072375
489.5023466348328,464.3312113837269,5.676701988231566,6.638236484997603
489.50028092370655,464.04584527699546,5.680833410484061,6.627604109168028
488.8211517450362,465.88867988734916,5.683260015523578,6.6220496447064745
488.23870561924883,466.2788965088273,5.6862920748698915,6.616189863235997
488.342458912142,466.36558089766214,5.672386951591309,6.636422548073991
488.7278627781459,467.6213122372416,5.676342550334798,6.642940693856642
487.94947416777586,469.070408323144,5.68227889978975,6.652575155711401
488.14297734651194,470.71984476019804,5.683471268763257,6.653391456391409
488.04713664706065,470.7248902510688,5.681021530842618,6.643300474649943
487.8598602575978,471.7814422176188,5.667702605140477,6.663490917003154
487.66913093183155,472.3707945555436,5.661093926430073,6.648988231882237
488.35107114104073,472.95262119113823,5.653137566961194,6.647555582649571
487.77882591203166,474.49356355027385,5.63630769635823,6.662525074034696
487.11086564999516,475.1563249291668,5.617631804233563,6.691598732446397
487.2130314149683,475.9280984355724,5.606961883003076,6.69734458936204
487.2123363634707,477.0022611237385,5.608351985998415,6.678380521681207
487.2178319800244,477.9626717820637,5.597360752891004,6.6906424543359995
487.2234993131457,478.72336610331,5.58602608664839,6.715816120605255
487.13440760792827,479.3948775826468,5.570684056116019,6.72747124870227
486.8508227655945,479.96511291881467,5.557481461273055,6.747745135387457
486.25748926690335,481.4259482641026,5.582810507661296,6.7294193222966925
486.3419506177975,481.7212245243138,5.6075708762119705,6.719916012891318
486.33051789943374,482.79738594190025,5.630436312939593,6.700888871005888
486.32030713807546,483.0984395066652,5.650857835656133,6.680815014692166
486.32554918531184,485.22142206892937,5.640373741183295,6.703513437726959
486.22313841050334,485.0313278259459,5.6509836961068265,6.695278734306777
485.921966977621,486.6851652424862,5.670560443587796,6.689945238166642
485.3300619588905,487.4576255483348,5.6874420573103075,6.700929191454073
486.00121064848355,487.94841130913005,5.709648923070546,6.694003559110905
485.3063778501864,489.12067723881415,5.733059609294167,6.691622974663754
485.5079506120665,490.67502153717305,5.720951408548124,6.711232962059233
485.5131243054701,491.1486619556849,5.710604021740936,6.742087588701538
485.5222637170878,491.136167526482,5.69232519850554,6.767076447107304
484.73714348358817,491.831513727674,5.694337922411604,6.748583319929774
484.06325341112444,493.6834017099538,5.671688833098072,6.764543848310068
484.7525200134248,494.4607126656626,5.662754939488884,6.775178292311398
483.87331513924414,495.04862349948877,5.660071560466627,6.773418709581413
483.97197271780055,496.61713366834874,5.658363053652084,6.766104776635868
483.78193672518864,496.90956793274546,5.647502245971458,6.767635437199198
483.3021303778055,498.07846264569577,5.630540255514163,6.773625255835353
483.80140373601256,499.0512802843247,5.607662132075992,6.779327164529462
483.1287983592384,499.8200910039076,5.588905985659539,6.8005250396093455
483.21718667140124,500.8952760356467,5.607005124187872,6.793788367526103
483.2111988965899,501.68466910608475,5.618980673810442,6.775517267185014
483.2168196660868,502.64724506610537,5.607739134816726,6.800129279218972
483.02096701228555,503.2359701796368,5.609096832258254,6.793721882638729
482.7214571853156,503.3434322151128,5.622825116784723,6.773894934824497
482.332345619486,505.4736626896473,5.620994526120981,6.8037294585324695
482.80596420241585,505.8699743639798,5.650973315776334,6.7928788742796335
482.02335207914217,507.0486568417225,5.650119203798856,6.784631456581506
481.8351887652761,508.2328169407237,5.635207872417458,6.7637390132608495
481.742684430622,508.6164611825786,5.625159839257522,6.776677339423582
481.64994255320397,509.00039848115046,5.615549655679685,6.789178495934959
482.32761247074274,510.95602452228576,5.626129250493571,6.780553356211095
481.6410383742962,511.7355456251358,5.633092608655936,6.782865247345969
481.7461134730635,512.1215085227172,5.618259599478373,6.792208205610953
480.97092197530253,512.3152581235015,5.6068688555751445,6.795152438898679
480.97693756162226,513.8754394377884,5.594837682935669,6.796120553789562
480.5923242723974,515.3375473938476,5.5844490250461005,6.795461777944036
480.69347368051535,515.9211716256204,5.576876101050516,6.796568667840794
480.78397681139097,517.1976333431802,5.5904904215825155,6.7737128024039315
480.0005763791923,517.3985041153571,5.601380584017017,6.76094893354074
479.9940096536663,518.8627693533147,5.614514035068966,6.749440419968272
479.89645237526054,520.213423566333,5.615125831553256,6.771170638513566
479.6010830505811,519.8316627766094,5.621322652203937,6.755303113016445
480.2741593265988,521.4013067126641,5.6380901238381576,6.731261009295018
479.5919430504604,522.0816766900388,5.640304069966852,6.732739660693808
479.5870042969266,523.3504752187112,5.650181577034416,6.7257371884562565
479.68148015772533,523.546643404667,5.655942124145238,6.722825353961017
478.30482108839374,524.4249507339557,5.682618440763811,6.7190518666979075
478.98295343289396,525.7040161878883,5.692272952574657,6.69762804605357
478.6893711234917,526.7875340829314,5.694569874020752,6.6751071462816425
478.59850274137915,527.7607280923445,5.681661640253082,6.6751691073829065
478.7854667367218,528.4460546557383,5.69661055591426,6.665585152808109
478.01287945676773,529.3124571255918,5.685539663215418,6.683556347283941
478.005555168504,530.0030047962694,5.700188239742985,6.664873334816548
477.90363617419075,532.1433247099101,5.709449058881034,6.664931236279041
477.3110950447092,532.8270878574045,5.7261702423516585,6.660492862698063
