504.2650146484375,239.85299682617188,5.073999881744385,4.118000030517578
502.8934793844366,238.92253220841914,5.082349826479779,4.111568974389835
502.8888742360342,239.5762485120098,5.091560123284546,4.105394186015439
501.9435510524755,239.14539618437905,5.102073446779541,4.099345128835824
501.2886516329674,238.9313582956399,5.109671593101322,4.093354008749265
501.2842724498217,239.65809006495616,5.118429959392757,4.086974803833463
500.33866005158916,239.3715569183126,5.128043612872444,4.0810838223558505
499.68252734084103,238.94030961361705,5.137188807250757,4.074831613668317
498.663652293347,239.59492637734826,5.1473214592380465,4.069066442420692
497.861682470312,239.09072490264091,5.157455372441275,4.063229380011143
497.7120574013955,238.65902197210144,5.166801924225005,4.056924482942052
496.98209384292517,239.3145341482724,5.176805020240985,4.0508317494323425
496.61402218228,238.88206553127506,5.187716326510248,4.045490565401763
496.4662451240069,239.24528497905675,5.193017621255816,4.044683724339887
495.59020546627653,239.7544019251956,5.202764877615901,4.042810199870902
495.36885242472175,239.24510598837642,5.209532405699516,4.044212111782136
494.2725992841641,239.61091466255257,5.2204522077644535,4.039790256446682
493.4672066595173,238.6660322932077,5.230363836360215,4.037613443402673
493.2439588444626,238.73942328863563,5.239909720644278,4.036481367821863
492.51037315161625,238.81312486017669,5.249308604275049,4.034855474945996
492.2142039500604,239.17856474078906,5.2580699927546535,4.033446982011407
491.47980019466416,239.47180231010896,5.2668272137110455,4.030991959305968
491.0368435859473,239.62047984829402,5.276148598610124,4.025834160447424
490.3025858350578,238.81959953896308,5.2830969269249755,4.019870888298755
489.5680947961744,238.82168150963287,5.290425182149016,4.01570694695921
489.4183943270718,238.89629949597145,5.297407829838692,4.012680119539809
488.4629186156461,238.97159785297615,5.306899190931631,4.0083495641272435
487.9470599928207,238.9705868276142,5.314236005504666,4.010371614851097
486.99220338595785,239.04397918441958,5.319645815384533,4.01007177845927
486.62482656658364,239.11656912552255,5.321587502167888,4.011454286646406
486.77281149416257,239.1892925300273,5.318846766102198,4.012622037183004
485.9616480125856,239.19189000697966,5.3286629459128365,4.007427083278285
485.0062142586385,239.1927668490031,5.332995867489445,4.005673399231376
484.56604117348866,239.1175217897211,5.333179118260275,4.009469697873899
484.34383659477965,239.11828471205234,5.337312259580499,4.0079438532114295
483.38995753199754,239.0437671650605,5.336713744090814,4.010182282498647
482.94845573562236,238.82289299516287,5.338772457699042,4.011458182722812
481.69561052198213,238.75147029303795,5.347564861495333,4.007427232650087
482.20989294087667,238.7487911035322,5.347610203007892,4.01278561166158
481.1062010504857,238.67415506800282,5.34950461183805,4.01502505792354
480.51881677092103,238.4540378616553,5.347488490832329,4.013965215567923
480.2236270394569,239.26285557481017,5.349667717616145,4.013880438655352
479.3414897653475,238.96743773192696,5.348960033090504,4.01638871350698
478.8278762763188,238.59894520531248,5.346402386860915,4.0178133208166065
478.0171203601617,238.23199106045521,5.349853444040406,4.016239440015371
477.2058275978887,238.7467583102147,5.354083197839323,4.016567703699148
476.68789221740167,238.23242210016176,5.359602823078715,4.014888988070394
476.8365749736465,238.7462155234558,5.3567365025899445,4.018049313485523
475.4359817889327,238.1567395241671,5.360027665749815,4.018940172581676
475.28558713316767,238.4523590272418,5.366172345295978,4.0169904304000505
474.1763560662354,238.59864836206324,5.373874971472819,4.019179695115484
473.80378971834796,238.00902710676098,5.381322585070159,4.018126074235941
473.87523220231583,238.15590690581038,5.386070737410794,4.019632716689854
472.24672014345975,238.1550907189229,5.3930343247872035,4.021265090464786
472.24254539971065,238.22897693094393,5.401383812285468,4.0213553577217755
471.72037277785074,238.30172050339064,5.409790698676563,4.023859406732451
471.64367830092624,238.3762917583097,5.4150195869608675,4.02287696245911
471.05093549813677,238.44915443329413,5.41471710516879,4.025375123411584
469.63894817114743,238.44960647774693,5.421755335292824,4.024471034505985
469.5591103609359,238.45101721727215,5.433078905588742,4.021649555455567
469.0341417282748,238.37966706434656,5.443670072833459,4.015871847295673
467.6172692144795,238.30881274544973,5.455072834148473,4.0090361552853455
467.6865938318008,238.01437293165725,5.46502912370175,4.003493686087296
467.4594197900041,237.7942129929403,5.473379686287662,3.997816042513821
466.34036973308065,237.3501120366778,5.4809877490808985,3.993821134617295
465.966262159619,238.02117015407103,5.485455998696144,3.990449314985335
464.92167376226257,237.65064785967206,5.491967210035679,3.9876847668642132
464.24798626652245,237.13040221200305,5.500005230152031,3.9864695289192595
464.02125697353137,237.726257460977,5.506712243038793,3.986096559225837
463.3483200465025,237.204648237706,5.511470991335581,3.9862254790648137
463.12455448871475,237.72427084739348,5.511740877622786,3.9905897946960565
462.3782412562621,237.2012860524252,5.512738496736226,3.9924191925783745
461.852397076471,237.72245289190064,5.519970342544771,3.994542027401116
460.8078818039034,237.196956212788,5.518064007363296,4.000066945468042
460.2082594747669,237.41930475792068,5.521992695638116,4.003613343951965
459.90703772581156,237.41863057634777,5.526306796427112,4.004961707097783
458.7816233078955,237.4196294407851,5.532836554564015,4.002963978223129
458.1795321099209,237.41973452519974,5.539529759851435,4.002753809393827
458.02511269592213,237.4203187994395,5.5488002032141175,4.001585260914285
457.12227103895435,237.34269418356425,5.555617047909735,4.006928953561471
456.666624433296,237.34515933729452,5.566329865666612,4.00199864610096
456.66067877269205,237.2714599892775,5.578221186874542,3.999219298736629
456.2063456670554,237.12219559372133,5.585012337252577,3.9971230695505597
455.22708556322056,236.97137270848842,5.588580891584539,3.998007047195203
454.8486047665548,236.97283244913245,5.5932949915520265,3.9950875659071086
454.1702720753051,237.04843876540315,5.595704783818935,3.9943477767249354
453.486093101758,236.75046000000762,5.609588302914865,3.9883166728500954
453.330377039074,236.60212941523972,5.619804343444398,3.9837617575473754
452.19326188986037,236.00152630401786,5.633720406509839,3.979467054464805
451.28049811457663,236.154902507529,5.649319511394829,3.974369388389602
450.9731605933871,236.38393338117243,5.66007769283868,3.9692452868042314
450.1371423704251,236.53781616534735,5.6704837437018405,3.9635943357381613
449.60250836874104,235.55679654111884,5.681902709117576,3.9610567994263435
449.59963283201455,235.63316309261148,5.68765378257062,3.9595755995000874
448.98882452917206,235.71028200542025,5.698755954820628,3.956652078061925
447.8495740338596,235.7111136524548,5.705752078220818,3.9549887839928335
447.16210621399256,235.6368258765587,5.717081566214497,3.9520525411472076
447.08228434900013,235.63776416438142,5.725091032356424,3.9501759655017983
446.5530038080055,235.63668854558378,5.721583420114289,3.9523272030970675
446.2461204206995,235.40921853794228,5.72852320740217,3.952146977887076
445.8681516982675,236.47017383645886,5.7254182065705415,3.955555228801687
444.73217331760884,236.391419347764,5.720104947303934,3.9612462048191506
443.8971533993449,236.08705219590823,5.719993849493112,3.962652896043865
443.74487092508195,235.93451479793066,5.720851837317629,3.9640207312976354
442.45042189981285,235.40521966591183,5.72763614744466,3.9593876904601277
442.3694631921247,235.86317327631315,5.737638713506976,3.9549695655407104
441.8315526561033,235.10663713171567,5.749510759440064,3.9481146745790863
440.68580256394984,235.18534217070564,5.7601352203278395,3.942762978160425
440.0708868262006,235.26405988204044,5.772926719832098,3.937457552490107
439.53079963622446,235.266927540088,5.787456468519918,3.931722236394994
439.6771454070021,235.19258768820646,5.799482617688809,3.928043094796012
438.53033906997587,235.11710938949054,5.805910343760018,3.926520695695802
438.9854950505761,235.11647238027595,5.810901658110216,3.9277947141249534
437.84195908287705,235.2663919231253,5.808271067481142,3.9332492985632337
436.8459819052535,234.95919165655738,5.8151555117715015,3.9368590898662474
436.6153022444374,234.65214084255825,5.817931154450666,3.9395158125935676
436.0774920399449,234.6525577835673,5.82292197480925,3.938681930575492
436.07909731677944,234.72768655686062,5.819711421140137,3.941432796663422
435.2342540893867,234.57498386381678,5.826335350997288,3.9408268145822913
434.0122744504324,234.57333293131708,5.8207684471988275,3.9441286795817057
434.3987614254208,234.4928387849865,5.8131260305829695,3.9520506655706646
432.71481310559716,233.95752800852424,5.813207426396239,3.951094640911668
432.6360661195365,234.41639429015947,5.8176335063401865,3.9517694307057765
431.94386790801803,233.88096858475896,5.823718111475305,3.95060053869436
431.9448396650732,234.41755326968595,5.821774597364961,3.9499574379518116
431.333336422376,233.8036717937956,5.819356270006318,3.9522955769796266
430.33883524320487,234.11003670479988,5.8170130120655985,3.9522874830581443
429.34227017882483,233.03856090214794,5.819258184204975,3.951209135078246
428.7277371840145,232.96323432517656,5.823036612786737,3.9487013438911727
428.57085120228254,233.57661036742869,5.8304560038987985,3.9473595487941875
427.9565474154881,233.42174708640155,5.832937329309094,3.9505545488038067
427.4158133076024,232.8860073325531,5.8409126189347536,3.9485411303549514
426.8053266950391,233.4971430852306,5.834343124599661,3.953812344461569
426.3449378866349,232.95688464560502,5.834532792682652,3.9603099501998384
425.6535665376355,233.49437677967995,5.835398326290858,3.9601190321314834
425.4991144709026,233.03333243226362,5.837198899212534,3.96089704533175
424.7292982719261,232.41864636456276,5.8409132879241366,3.9615347733403183
423.9568315184329,232.57040408732382,5.849263562509722,3.9653359742983576
423.7215867691015,232.72250114056766,5.858211701770631,3.968836107411906
422.7927126863625,232.800018043597,5.8674807478578455,3.967842227969119
422.71689623870816,232.8748715175499,5.864950612440177,3.9722983107895815
421.94640631778225,232.8717379792836,5.863942160347097,3.9785653873222198
421.5638185087121,232.79166312656076,5.857680023700906,3.984427541810602
421.02708924060835,232.78896544398236,5.851105904916409,3.9898229069674143
420.7211633843008,232.71092852638742,5.845834762952166,3.9916160285124604
419.7989507452684,232.24532071342801,5.839488392124566,3.9974458299851214
419.18090902187816,231.78333702225635,5.841717072527129,3.9960221375449154
418.0220627238323,232.24659097830272,5.845781593398995,3.99496545554012
418.09590444177246,231.63040056017533,5.852383802865713,3.993061129018995
416.86171738375174,231.78441989248935,5.851100022856567,3.9937297013972843
416.8564177232522,231.78638711920055,5.861699343855649,3.98979524797491
416.3901904057432,231.78899927182226,5.867514618177462,3.9845709427314486
415.22898004145554,231.32791442844712,5.873321514616436,3.9800950966272093
414.68672091700523,231.17634944353648,5.876660456046958,3.9743166928855707
414.29579961659334,230.87025356599827,5.886459836764158,3.968873871876785
413.6014838859081,231.4870941558431,5.8848983015282945,3.970919800281612
413.29108687172385,230.94684642509117,5.8877870220789115,3.9700809731040456
412.44107621028945,231.41060748324443,5.888243485645142,3.9695942345988837
411.8207290320143,230.71612186970003,5.892900312222263,3.968023240467945
411.74302784238176,230.94666994044988,5.893753974041913,3.9705732513045335
411.20480897865286,231.40746838087958,5.8879645098307325,3.9765996775900425
410.280969899823,230.6306120725815,5.880242045129091,3.9841451088850786
409.8218445708671,230.70418485243482,5.870739268473105,3.991625121606404
409.8241229323071,230.85566442308638,5.86618254559307,3.9978788315606217
409.2845420382489,230.77706180336457,5.862854581471677,4.000442677827373
408.35944384457434,230.77490714822147,5.857446423469805,4.004751988113605
407.5821019321711,230.38919219431412,5.865894570067841,4.0030640568241
407.351808275904,229.76766334201636,5.862313018046017,4.008338122603293
406.6602134317978,229.99603038710802,5.852695812425602,4.015872997030918
406.0399285254359,229.29918982821124,5.855377093737747,4.016929516986431
406.58383174177214,229.91598382067002,5.851128591339155,4.02169345238177
405.2669279641096,229.99428878259167,5.853187190218099,4.019892290682383
404.1056943927756,228.83181791517325,5.853504289635521,4.022683982268671
403.4862267398947,229.53080733720364,5.853551694507148,4.018454026709495
403.25189568820986,229.29854085090818,5.85783871140322,4.0186119128268825
402.7123515765758,228.83166750329076,5.852914207298038,4.023204841741776
402.712442947929,229.4523102119872,5.852731464591635,4.020805079042721
401.70302441704496,228.75697135660351,5.8589314543461875,4.018118663031446
400.8476605520462,228.83810179173656,5.866119161771103,4.010725067544663
400.2988302461823,228.6867595939951,5.879807168310526,4.00370300440239
399.75353239577163,228.68865487355345,5.885800400648539,3.999912445285684
399.5953767201466,228.69150748588845,5.892170367353872,3.9942072206156656
399.0536385338338,228.69038320196938,5.890842256588693,3.996455788453848
399.05388866600396,228.6891639621753,5.890341992248394,3.9988942680420383
397.88535588927203,227.99459013558496,5.902074041702676,3.992841818816867
397.4170588036021,228.38299581882578,5.908076743703668,3.991523343450911
396.48322840563253,227.68574345203984,5.913732394982972,3.9895242185279045
396.1702019341317,228.07331268145185,5.918909024241126,3.9904811518833494
395.4707708489627,227.14139261014336,5.919955239028795,3.9905666870999243
394.4678213154721,227.63061416491635,5.917943966326242,3.9913806679157946
395.24924067842437,228.17204860531314,5.908238056083713,3.9957047580856475
394.1665506888305,227.162804449162,5.900273697215449,3.9960876136216346
393.783858684072,227.2381231424506,5.890031239542216,4.000575520482497
393.1605591287813,226.6964813479903,5.896266977979909,3.9985411587774173
391.91477780054964,226.85422077786723,5.906139570234517,3.993273557049658
392.06625330842337,226.92945089290686,5.91352247118563,3.9979802853196733
390.82218996028257,226.92901559086798,5.915950038208275,3.998850889397459
391.2877211743665,226.92931095780895,5.917330744551626,3.9982601555154815
390.35938121596115,226.77178548160512,5.908992505443088,4.00247474860329
389.3461575754582,226.38536860804382,5.915727074449953,3.998495914187861
388.8764463739551,225.84452021265946,5.922761814231608,3.992407097861319
389.26258295877165,226.39133045331027,5.927502835126647,3.9866064832990715
388.0168766533711,226.00560955549298,5.932868563632591,3.9811586282163858
388.4058308519885,226.3921007547287,5.93180132704086,3.985017390388069
386.9307052827384,225.30460557479196,5.929143939945131,3.9841804156118927
387.0083357231361,225.30680777143718,5.929245414522962,3.979776022321441
386.3047773677234,224.92000707752712,5.938745273181698,3.9769236033823403
385.1378688581564,225.38565816818044,5.9417675385950695,3.97793932356386
384.4324654584021,224.76575405425834,5.953536490620324,3.9741583536450587
384.11495439860016,224.84625197254803,5.9663072239076405,3.9687253636447917
383.56783202361805,225.07937482396903,5.9709000326706905,3.969473349889012
383.6433263776928,224.14646548300465,5.975657362256777,3.966339578990696
383.10011677669246,224.30300483081007,5.971718501721547,3.9647917583901764
382.01279582930874,224.3018143249912,5.966833389720955,3.967172770027928
382.48146642555093,224.30271656115406,5.9633721664979715,3.9653682977021725
381.23409464323214,223.7603301417919,5.96908159384117,3.9611887013602036
380.609432632826,224.07467861503525,5.973757973367304,3.954815575516618
380.21739827139,223.3757188824613,5.980100548084649,3.952827973985977
379.43716784742537,223.45326468752063,5.984486853072846,3.953343818161456
378.52220700957014,223.41331578937775,5.974111824212876,3.957930797455237
378.51967097177453,223.02418773649867,5.97918389980405,3.958175077873482
377.9747553948968,222.47878192453896,5.979236569515346,3.959208217748729
378.1309407257501,223.02141387007293,5.978267143590265,3.963848651916002
376.88364255199446,222.39731667310028,5.98065174336436,3.9659371719926475
377.1188457808559,222.55226834805455,5.977746697276147,3.9677014298406252
375.63418388006056,222.5521154458073,5.986500289563109,3.96800723433517
375.5497409853264,222.47624420725535,5.999429957849472,3.9637935902571115
375.0843452112885,222.3948356851124,5.9937397763050875,3.97053034627299
374.38335400510806,222.23707536578982,5.990760331234025,3.97383723882216
373.7558217746236,221.6890977232739,5.996887994166883,3.976972825572421
373.59665188555005,221.84358157161387,6.002705104995826,3.980527796210671
373.0487833144735,221.99803263276732,6.0035871219203605,3.9844414239690877
372.03391121192027,222.0748861176574,5.999010541950794,3.9872206684255245
371.4890137119143,221.13616086308969,5.993560070190466,3.9871075116657226
371.8046642591524,221.134108375203,5.987778279812996,3.991212487439073
371.2618051836292,220.74098421159206,5.978968508665433,3.9956551559508777
370.32760429310986,221.20756353506596,5.97174061761274,4.0003113450487096
369.7007993576433,220.58329002648352,5.975181726363382,3.99868960003101
369.6197104407684,220.89546487830088,5.981063636822053,3.9995235895611576
368.91375297448417,220.89628548427234,5.9853943377646806,3.9978823776182124
368.9930874271166,220.89472999611425,5.983161547816749,4.000993353934415
367.8916612381307,220.42783946854837,5.995654883776648,3.9960491053467253
367.4204575743513,219.95950944192256,5.998702555605471,3.993349502868414
366.95441455606675,220.58523688202936,5.991423227504235,3.994381775548558
366.95782744147255,220.11509489173707,5.984597456692601,3.9958541150498643
366.8071077779454,219.48634607375132,5.973255919384194,4.002228293570693
366.1873041207366,219.87442555522594,5.962257422672639,4.00769796257719
365.1774305438405,220.41821939729996,5.950740842785602,4.0138676734871925
364.4001463175539,219.3237136259002,5.943508218283275,4.016357708380855
363.77783194769717,218.7769278466349,5.939236748320331,4.017141583444677
363.6990227877726,219.08968275974829,5.940793858211542,4.0158765970495285
363.0724883552796,218.15435110955374,5.945353320067384,4.01377579274328
361.9014791847242,218.07552512427756,5.945909526118383,4.015330287624965
362.2919186179328,217.91858823557575,5.9456888494599225,4.016940789125077
361.04148035343525,218.62124022058893,5.948084875821996,4.017032101829865
360.26131436409656,218.07199006959416,5.946490641277465,4.022184054564034
359.87660708581166,218.01324292465455,5.956423236411109,4.023824414693159
360.42758025223566,217.61844394020744,5.949492787530997,4.031268180753094
359.0991918309199,217.77263901413468,5.946620806914293,4.035777894457202
358.3976491825142,218.08408727907843,5.941373131659323,4.038807129932524
358.0883091110996,216.90874911188965,5.934242881299772,4.042694489851751
357.22940596197736,217.4549748564947,5.931543790724197,4.045110066254465
356.67970792609543,216.90834131497778,5.936077382726663,4.043514669526977
357.07391062072406,217.45270464198518,5.929926070102386,4.049943722798353
355.98365927256054,216.9791875801256,5.919924192261634,4.058190171874187
356.61427923323185,216.50611126879275,5.910287266529853,4.065640547831692
355.9155999371794,217.05047341011507,5.899790789478794,4.071914652308339
354.9011463757717,215.71851968725062,5.895838887147575,4.077467988230105
354.35510837092033,216.26543689364664,5.893073129842188,4.0784753424462
353.2618528113397,215.79491180647457,5.890251972949059,4.081240255624161
353.34399298010106,216.41686254150125,5.882355635449031,4.088410785752792
352.9577577029228,216.2572058558685,5.8729097694274754,4.094957588866984
352.25028181147405,215.08609931255404,5.880722619364392,4.091939120561649
351.0764834861516,214.69521243028714,5.882065500051273,4.091628295109466
350.44798741668933,215.24608041832985,5.887601129919232,4.084916764448485
350.68246145201664,214.77853317327103,5.8878673051143515,4.081582762866577
350.6065804613817,215.40379263943748,5.883275624675999,4.081893124199213
349.4296006918935,214.70088722461912,5.892893132880791,4.081098735372877
348.96363401849214,214.69844731340544,5.8862972963643445,4.08597855780027
349.2014939438569,214.77497017963532,5.879785277710786,4.0893354360325045
347.8751574399122,214.61770779183243,5.874342609915076,4.091140720381186
347.8765923032649,214.2278153485925,5.871472883209686,4.089388763633469
347.49064504729694,213.9140980191846,5.862191976305102,4.091883087376842
346.4799321463092,214.22578434672107,5.853848694529808,4.093054765765692
345.8562737581969,213.13511101054075,5.852930505195141,4.089990248397688
345.9369904924425,213.1368581085858,5.8474619371280125,4.086496052307536
345.3899205098525,213.13868390975736,5.85082984075426,4.082844449964476
344.53504737624735,213.0607451545444,5.846609275801177,4.082906793830037
344.30502800318675,212.98308077892636,5.839390724673633,4.08248311264992
343.2159924360777,212.4383527738737,5.838552687055426,4.082484536837121
342.6749466068685,212.51483984473896,5.831278236214773,4.085134125000737
343.06887363660803,212.82395267495303,5.821211860868294,4.08913861187869
342.6044308450092,212.59084337106654,5.817268680621026,4.088942837929226
342.29944895756194,213.05481065026606,5.805597989554857,4.093459978471233
340.74450158543254,211.73681008066387,5.809359775982696,4.089248103519369
340.66540361422864,212.28359276596046,5.812261648232206,4.082741224034728
339.88577647403474,211.20037881519374,5.819209916447162,4.075940708526208
339.64942696571467,211.04830644071515,5.8262387281100185,4.069638654165266
338.64830281327204,211.2716736223684,5.818262170104322,4.068870302249972
339.1946689671979,211.27128603533762,5.811176410982363,4.069645476311589
338.4254621176828,211.57885964120823,5.799609290815058,4.074490592249388
337.419133267051,211.35038320475496,5.798525437924117,4.066733875735599
337.0342649177219,210.8089473943954,5.794468038897966,4.066293759696602
336.5695146181135,210.57243103975762,5.795827281129127,4.075255790479359
335.71512093035597,210.4177561394087,5.801169596697912,4.07488830755059
335.40603064535725,210.1846192266942,5.7996167790944115,4.0763620922789086
334.86502935142363,209.79866467868382,5.797080061551287,4.073600255863601
335.3335438699527,210.7273952382211,5.789152643267145,4.07434237433687
334.25569562395316,210.10510727976524,5.778451990926223,4.080977065911514
333.1747540162547,209.09836181202957,5.774671934725833,4.0834949634710265
333.3346652010429,209.17202625042864,5.7641986860820555,4.090840647139225
332.64156853778627,209.32782748912456,5.7586577135895745,4.088512458415333
332.10065406920756,208.94508510536,5.758882166697044,4.0814225944801645
332.4105484961942,209.71935094669502,5.756699322462001,4.076905936155916
331.5650525996781,209.56487533533632,5.7504566903333805,4.077269081571331
331.2618125799806,209.10017829458175,5.740114484825341,4.081429795725751
329.6458798467842,208.0224451554053,5.7355107694923495,4.079249952928134
329.416892790197,207.8658139932233,5.731448923031513,4.084488304201983
328.95828699342593,208.47961528320343,5.724439937624734,4.0891798295068895
328.648762399584,207.94147307532708,5.727457649282603,4.0874091622140325
328.11187816828726,208.01662108578358,5.72305517548838,4.091137560784987
327.5740990046222,206.86259194785214,5.7204796512294624,4.088909011814162
326.96033952405764,207.63348354467934,5.716451156243903,4.086560138303067
327.19518524095344,207.63151382753375,5.70829098900641,4.090499572594255
326.1238837153531,208.01379961324008,5.697904351684182,4.094852889939775
326.74412540728383,207.31958140945676,5.687014687237687,4.099996363164585
325.1282546378234,206.5533816997488,5.692762673251066,4.096208376434035
324.590250770693,206.47590530174173,5.693265323060872,4.097517588955219
323.7795218089046,206.48831129466487,5.692139371979571,4.100351131433214
323.240660982246,206.02690324501393,5.693945219500713,4.100953682910037
322.9354764591809,205.9499259708595,5.68935611104064,4.101168692571278
322.4738013163079,205.41165528415397,5.690665341649056,4.101995501655134
321.86221632629463,205.94814573442727,5.684179724194463,4.104963248904605
321.7869429669504,205.33463550397215,5.6810690340541825,4.102724439185379
321.1728154866687,205.33671331634054,5.680736435403962,4.098568814448606
319.94417077349607,205.1841285672791,5.682024375206047,4.09673812675357
320.4808442517269,205.03279060127974,5.683104076511848,4.0924350136757965
319.3271884506168,204.49738290160622,5.688888600502563,4.089204443182399
318.78998157715887,205.03651711435822,5.689014569876516,4.0852237952202435
318.86600861837394,204.42212711824453,5.690366603750279,4.086754857016541
318.79443042299346,205.0346059048138,5.680071205593348,4.089411595221359
317.4907226357105,203.80891859762744,5.680716086679123,4.0873549686715736
316.72626312844784,204.34467173259966,5.676481030535361,4.089056548195475
316.65209671876823,204.2683156492462,5.671534654408613,4.088489519416466
315.5765379310945,203.50266517407877,5.677923748639375,4.087841554667918
315.04010562930205,203.50460489789447,5.677820752394386,4.083962107036517
314.5768797615775,203.12400132485786,5.684978118093373,4.079090611651277
313.96566379652245,202.6623455394899,5.681457561017278,4.082937816997573
314.041196141548,203.2762587907324,5.683646869154882,4.081143300023256
313.4255770417307,202.58776081649972,5.688823813888625,4.078820336725081
312.7358908951665,202.66523837768952,5.688515174906675,4.077163095691041
312.4266540003224,202.66543406422346,5.693925211753615,4.076771722623179
311.81557602263666,202.6649192141322,5.689349518800645,4.077801422805714
311.43149839108463,202.3572143823957,5.6910593747065015,4.080054760520122
310.9738945232715,202.2813232473534,5.686154742082374,4.078484969229652
310.43534699842263,201.51527326944014,5.690486318572124,4.078065677616051
309.3604314094206,201.6694315926315,5.693968369445958,4.076370335109143
308.6948138157697,201.27015443961676,5.6835361631272185,4.080094066839761
308.8505941729742,201.34449518215234,5.678452887914408,4.0846513013667165
308.31387022742894,201.34570699545537,5.679244277226842,4.082227674760626
307.7045543057272,201.41977199016105,5.672205905980828,4.087306462180514
307.5560067915335,200.95874886486934,5.66292970205624,4.090239015827824
307.17849707130364,200.42037407211407,5.652483186166654,4.09533626244938
306.6481892251449,200.64736935444407,5.641969156291141,4.10040129301493
306.5770134407236,200.72123735866072,5.631378494340586,4.105607515374854
304.80156198129515,200.0203716626636,5.621791092039811,4.112142641947256
305.6466256219374,200.3226292936004,5.612779594917445,4.11894221067811
304.5001481548315,199.86630631574383,5.613683477843791,4.114767745877047
303.4361671453598,199.48282529081933,5.60316423799219,4.117986489013491
302.9070585206793,198.87051107857238,5.59288975568343,4.121481505884886
302.3015601545881,199.2495691373222,5.583543502536079,4.1260797542163985
302.1522331998713,199.32486021459144,5.577245032463516,4.12797378943096
301.4692423581845,199.32333765892665,5.571523432131139,4.131018900760533
301.469291081179,199.40077029191642,5.571425986142118,4.128527997473418
301.3176532314754,199.47802527293325,5.570037517449058,4.126350119489901
300.7879609382289,198.792151121234,5.563494995766626,4.127620712377114
299.11217116456356,198.26161334313161,5.566748679720927,4.123319857507635
299.11116593934304,198.7212483155305,5.568759130161946,4.117103889398747
298.654209465939,198.04053123831503,5.570045702343499,4.10959848188973
298.57626379732557,198.19565157276213,5.5739360761139425,4.103359739908268
298.1164954923109,198.19961230545954,5.581725771727889,4.095438274513481
297.12679818712456,198.20269719619287,5.585818997765113,4.089268493046804
296.5166462678458,197.6746322377663,5.590865118857591,4.082047907117812
296.44025930009457,196.99429569709062,5.591773711328936,4.075932901190681
295.98349262180403,197.15025493709993,5.594634491659314,4.067571946588982
295.3808959953972,197.3793817499349,5.586348546189568,4.064373020275296
295.2279626762841,197.53517081537794,5.589201901840397,4.05580817196463
294.62444387853355,196.93260024010024,5.5849653154830134,4.049675140661596
294.7033784567789,197.38870973276806,5.578340418879785,4.044921714650851
293.6433216699624,196.86158286633952,5.583534471534959,4.041715687019023
293.1169937035679,195.87988806258488,5.578547892755489,4.040912058758446
291.98175811652726,195.95734703166207,5.583974765685642,4.036997074014146
291.37378911124597,196.03466323010565,5.5917453832695925,4.033385601249359
291.4473341417022,196.0364588910775,5.595734705104249,4.029794279305655
290.3100540737577,195.3586676434848,5.604082669266017,4.025649471454762
290.30601142178267,195.96516525782624,5.612167973216137,4.0217675706635205
289.7726641544615,195.28748140383058,5.6204778400059645,4.016354991415893
288.71060294736327,195.29037905237993,5.62731575511514,4.010559694317195
288.32873323850845,195.2940257852408,5.634841455560494,4.003266228595466
288.40270106738365,195.29659911786115,5.638142344648728,3.99811956335475
288.6321896429468,195.29404550872943,5.632770319424704,4.0032267816182125
288.48522904234125,195.36725722708542,5.624282424704985,4.008007892871582
287.27911289116446,194.8356173962965,5.618037979929392,4.013203977580395
286.9054596391359,194.60650737723978,5.6096155487361905,4.017986654543739
286.3058523886702,194.37817612645085,5.6000546232844,4.021358371227888
286.3102602951634,195.05520914449335,5.591238810298016,4.026360219618606
285.1023779913208,194.15068270755165,5.591704259333019,4.023938724514295
284.42676953314526,194.1487220164909,5.584610274461986,4.027860106635818
284.12303792393584,194.07306473865916,5.588551988962779,4.028294286319803
282.83685232423556,193.0192166592542,5.594819609533891,4.022728674329081
282.38286810940804,193.0986808718362,5.597083543352807,4.014750998471155
282.91088526300666,193.175103033084,5.597026033322909,4.012760504142258
281.7808694029458,192.95110538785545,5.5947546309046015,4.008295170091384
281.25586368946847,192.800246489217,5.589779786664249,4.0085883184554625
281.3351215338854,192.2729535633765,5.581905875884271,4.008681723759947
280.65631914087976,192.50083980717991,5.5847945870932465,4.0044812610871725
280.5012548894703,191.5260533696883,5.5939257377156,3.9975713467932223
279.97755675150717,191.59977088956654,5.587659044218212,4.000659588382966
278.8503763167321,191.37459199233535,5.584832096878941,3.9995798194674723
278.47812460110737,192.2768766628268,5.577242552543834,4.000033619887546
278.63264938378137,192.2742910737961,5.568815148805663,4.005204797948977
278.56238697840416,192.1968693478038,5.559071521303407,4.009779811676777
278.0415465435795,191.66867830144884,5.5493806022990695,4.014790115732971
277.1456936066392,191.06611649096826,5.53950993766418,4.018862711017218
276.473953962077,191.51527720792373,5.532552042738969,4.020832733139357
276.47850119485656,190.53772388146322,5.523457577179873,4.0262595362119065
275.9580678382735,190.6091677364708,5.514839017401381,4.033298293760248
274.38593773372816,189.93498267834187,5.5109649344773,4.032467999154619
274.1609639941153,190.01118338957238,5.511396277631115,4.029905288717525
273.7892550622554,190.08681903542836,5.5057980810803295,4.028437209059713
273.1942536186649,190.2367802881934,5.49824796251931,4.027902954965177
272.9710845735184,190.16230069572293,5.495873907963786,4.027291424956551
272.3014362984261,190.0116598797541,5.489448778137837,4.029523794669647
272.004329554747,189.4875759214663,5.485807606339409,4.031446057721318
270.955724866045,188.66852145018913,5.490858680785695,4.0257163336659865
270.509860113469,188.74343111064496,5.486052404140679,4.025319643053826
270.5817884126463,188.74495595543812,5.491538933759876,4.022269953467504
270.58527009970817,188.81729785725156,5.484575559636105,4.026962576395681
269.46108542758367,188.22075717962122,5.4927302867615,4.02526280252373
269.3838977067509,188.8951571590607,5.497662114233821,4.021455371384024
268.4883217005336,187.84905587487654,5.495341668386289,4.021273405090009
268.26380242194136,187.84723011486676,5.496126765391165,4.024924925109596
267.51630974540734,187.8466556472517,5.496215626857914,4.026073860339702
267.21871232555696,187.62195985155762,5.493371078701472,4.026935910835018
266.5484801301177,187.6206603214042,5.488508355874264,4.029534971141872
266.4754108038647,187.6943749750351,5.485197444447706,4.03155522781258
265.3486170880919,187.09933292426268,5.497298876460597,4.026180129606614
264.8207272895477,187.25166169098827,5.506382194526432,4.020578675876179
263.91885782504244,187.4788298689124,5.515232673919058,4.014964432432355
263.8408229644579,187.7036400894022,5.521686186807177,4.014192616295413
263.2440605798642,186.57658641286775,5.517599260575867,4.0227780404540034
262.72327332369247,186.0496365925176,5.510710963623191,4.028214871858275
263.40060728808567,186.64658455307355,5.503928656108461,4.032439502987864
262.8061531450658,186.11922416292705,5.494985739641533,4.039040481087628
261.61274184189745,186.71689423160288,5.486547031815279,4.04133100081749
262.21580793451506,186.04088550743182,5.4773202574044495,4.046829861982116
261.3977666256528,186.1126951674789,5.468209029311081,4.052773618780524
260.5747025574236,185.96278367780073,5.469595853779878,4.053552723229626
259.97119237072735,185.36728005622177,5.480169951209402,4.048113690424596
258.84691173985243,185.59280825829055,5.484319803030533,4.045939568272784
258.02342350813075,184.77241357359108,5.4850927047513975,4.040525375949224
257.79812080373506,184.77364989283964,5.4869644967941635,4.038052737452105
257.27458550348854,184.69900422074159,5.487074655853042,4.0377783043005016
257.575702025016,184.62372136200807,5.483093420033163,4.038781069958756
257.6537172235619,184.62261336134875,5.476581923448249,4.0409970712773635
256.6805172533902,184.0273021977787,5.480050316710908,4.035969215598532
256.7555012764576,184.4770867766968,5.4795088391035796,4.03295946892716
256.1605141771418,184.70323751447108,5.474531027896102,4.028764997068243
255.11557976396995,184.10938338991738,5.475255359911543,4.022676392273789
254.5956061054039,184.55937136362724,5.4712522176735865,4.017515124314149
253.65468999273048,183.62625844043973,5.4793648101717825,4.015016578411438
253.502793762022,183.10600169269475,5.48501214047835,4.012022115015081
253.2050402664882,183.47951733045915,5.484082369645184,4.01053679186231
252.53334238864932,183.70364303626525,5.485841805767748,4.009497486768481
252.4597265682897,183.10778397912924,5.483993086125676,4.008572718150213
252.24050811014058,183.40357345326498,5.475318648301634,4.013142242041775
251.27585083049928,183.47744237053593,5.467888355199647,4.0143847807602535
250.98254530033677,183.55021646593286,5.4589478045948905,4.017724492698826
249.8664023935031,181.91345707833025,5.459130930023987,4.017492658487962
249.34409282875762,182.21218132108615,5.462109267896313,4.0152674824725265
249.04546316233714,182.28696134147387,5.4641102340142735,4.014522033377889
247.92407050587266,182.21597631813214,5.474404078411485,4.007659315492551
247.92176690133553,182.36749319034038,5.479011287485801,4.002378648206539
247.3214636191059,182.37046847914675,5.4887391293485415,3.996428070593806
247.7698278153779,182.37057955434054,5.485469631471775,3.9962059202062234
246.65770753408611,182.29496627101827,5.476861938209559,3.9985759364610387
247.2565559924586,181.92353390144675,5.469283448273654,3.9976166588484108
245.99156539915901,181.25671354899535,5.472486437702183,3.993551259366784
245.39408026985993,181.3332451548239,5.478529370672841,3.989103963413073
245.16556696988968,181.18770186503798,5.489652091050076,3.98292128994276
244.26896394446905,180.66948183471013,5.498435876732073,3.978448362588881
244.19155114810303,180.22470772818102,5.504499872050786,3.975426991167395
243.44820324471203,180.44714720172223,5.503156713238331,3.976959733763279
243.59908930473074,180.6707713761552,5.499002037897333,3.9761375519419717
243.15118248431133,179.70706016044534,5.502422423471049,3.970041263620606
241.9606368953141,179.7093859689364,5.504571678794645,3.965389646638455
241.06482308888593,179.26606504902625,5.512519570715928,3.9601916259912304
241.0632730675446,180.08415849634167,5.515619613398609,3.9594292007164187
240.69183140536234,179.48962422973756,5.514956008122252,3.9588226464992484
240.31583855122065,179.56704235436598,5.523494953217145,3.952675749880096
239.86649711328968,178.9750356702122,5.5298723594712085,3.9469484920437483
239.19535090591253,179.20146209844833,5.533685719580008,3.9402553204533577
239.7174099580704,179.79898739065408,5.530239596635802,3.9345441433235306
239.49537458141825,178.83643039343363,5.52874676317587,3.9288825951195347
238.90640630792103,179.05861202465758,5.519440568088801,3.929735360952234
237.50027357156114,178.3887945256976,5.514414290314705,3.9348637402172177
237.5762001571852,178.45984498947692,5.510847973965006,3.941049667556979
238.09850902205432,178.5301293716342,5.504572949892331,3.948815575480359
236.46625347334657,177.49144872273845,5.505001205477745,3.9490332466526823
236.46749299259366,178.52799058081865,5.502522166983548,3.9532341340293145
235.5052938237391,177.264506296362,5.4976033413399055,3.9572494893273955
235.06242491918414,177.78408312606646,5.492938132374671,3.9568993510061685
234.39788975710096,177.19011626449844,5.487092166981404,3.958240816755923
234.2522917131601,177.26240674332394,5.48177332327513,3.9619173248989457
233.58758686602852,177.33560151747238,5.477047746906963,3.9637650288944055
233.5905596753447,177.33260182832854,5.4711021282745795,3.969764407182103
233.37174690711583,177.2558277227629,5.46411465565976,3.9751082819558166
232.2617122665707,176.73637365454533,5.461392661296755,3.9767138231793946
231.74005834933092,176.21719173016098,5.4675025120469805,3.9778796882187746
231.81436525039092,176.4386621522753,5.467171710272306,3.9797878450259963
230.7059530853256,176.80731423030366,5.459356369591933,3.9840302459063213
231.37592402927348,176.21371488137086,5.4537575335505935,3.9851462310124606
230.71319691885319,176.3593966010033,5.445468798256282,3.990170115333042
230.1204920403558,176.35737287347115,5.445676670228598,3.994217570397401
229.52588860339802,176.356506359896,5.449125280157728,3.995950597547655
229.38155670725473,176.35422616463893,5.441187904405114,4.000510988061825
228.71621097381092,175.9104291114888,5.4375861022273195,3.9985762483184577
228.12156677743658,174.94897331319018,5.441527555611252,3.995299068447948
227.2338070019766,175.0236837803407,5.438953086815675,3.9940526357898993
226.93826902718448,175.09956784136673,5.437569212149788,3.9903994698003182
226.49630550085973,175.10128372153582,5.433292118160356,3.986967709462116
226.64623595808118,175.10046600943124,5.429256760453969,3.9886031336712677
226.27814457090025,174.95201770808026,5.426048013457392,3.9897431278298616
225.61522012903342,174.50657064086298,5.42126261974681,3.9935477439682803
225.46833094722584,173.9141764720152,5.4193651404232455,3.995632709908773
224.8781251830411,174.13420821103972,5.417030559595871,3.999099022808566
223.768951335084,174.05888738171856,5.417409355433474,4.001876088112481
224.58588042243963,174.13045100533378,5.410625613733158,4.006664698428447
223.92384452083286,174.27603375430542,5.4036767200725295,4.0112815775683135
222.669925918931,173.90497224417823,5.397874504878463,4.0140988863526985
223.1174338931685,173.97662412816408,5.3897727079131235,4.018614143632561
221.64254164562342,173.23765745977425,5.384163539044044,4.018850648432625
222.2356069871166,173.3848288258023,5.379538507227382,4.019884329169043
221.64937660676733,173.60550791004763,5.370921365152492,4.021430374218362
221.57864713801655,173.01515727432604,5.364851427588149,4.0219006451342105
220.99293313731354,172.86719258465723,5.356726108047244,4.022941694235105
220.1127870409298,172.42382087754282,5.348968570356391,4.025660243234777
219.0067882682407,172.5001669230937,5.352009390007888,4.020231933848174
218.56465833030595,171.6918768658713,5.352941138128053,4.017377147419109
219.0817564285111,171.76468398972492,5.349067008130772,4.0189517663423215
217.9766195551448,171.76691178067333,5.352006434799302,4.014496184445502
217.5354487615286,171.76619948552323,5.351582854102045,4.015920774745639
218.34851343669237,171.76478734905,5.3440416079041375,4.01874504769209
217.54060312385988,171.7660188222626,5.342029376754665,4.016282101266932
217.3932488971885,171.61983292294144,5.342728210517944,4.014644280329723
216.43791178789704,171.10642534528293,5.342549621069846,4.012538692860815
216.5138159623374,171.98643144614323,5.3376928069645615,4.015944908445499
215.85003015907955,171.47326132570308,5.3428651117675505,4.013752359104809
214.82294320272555,171.61874626186366,5.339372493250195,4.0167348483872
215.26369360180425,170.59285086796157,5.339702186931154,4.010921155235266
214.6800985936808,170.66562757874058,5.331838347143003,4.012249465681637
214.90240962057192,170.81220390838195,5.327567365727816,4.012664187976979
213.21586843496536,170.3735429597587,5.325965113149319,4.0096335746690785
213.1382367069848,170.96257499657062,5.334577085169753,4.004781372570667
212.547830449124,170.3787992272289,5.34176310357761,3.998706413940346
212.61900038990947,170.45500275128606,5.346136586534572,3.9930127303539273
212.5441704927748,170.60457768408986,5.349109596919574,3.9872364325150054
211.88020397139107,169.6548586149244,5.357305143619758,3.9803870765265774
210.77703927182745,169.65841294415617,5.363883851740424,3.9732784180630185
211.4335481541689,169.66181593901814,5.370569112901526,3.9664724283391166
210.8496110022347,169.58662789379372,5.36545308382902,3.9702247271703133
209.75019368960164,169.586973299695,5.365175149537284,3.969533915367803
210.62887290769748,169.58819620841882,5.366920253423269,3.9670880979201253
209.75241584960898,169.07285526172103,5.3608933521646005,3.9717210644782335
209.68143890359073,169.5857750258907,5.356284551260568,3.9718203867229813
209.16480503217232,168.9293295120143,5.364092590813162,3.9662632245390603
208.20887947334376,169.00444378922185,5.371158737036493,3.9625565910034894
208.06214242426037,169.00637737866222,5.371495672653642,3.9586894121227427
207.4730839950287,168.93478727959186,5.377529986110863,3.9553592921377243
207.54356036580592,168.71655040008295,5.383124655211794,3.9521908191893185
207.3220157597672,168.20622909351778,5.3864725405268725,3.946770336540746
207.17743561995445,168.79338708677884,5.382548056142534,3.944793406057995
206.08112643233122,167.91426074663642,5.378411110306445,3.9456418294768025
205.5697786872244,167.98863259785824,5.376296501684683,3.9432995697239503
206.01008405214927,168.06342749753358,5.373671228204069,3.9400406797681327
205.20897986459795,168.20979852276096,5.367266166977802,3.939773799554993
205.50286091976696,168.28579926782672,5.364047768247223,3.9339082373253356
204.47956188519058,167.77677887028096,5.366774018972926,3.930013123203289
204.11310029108688,167.26742537265866,5.369855453324081,3.926941663049177
203.52682998646657,167.78070591257466,5.37467809987307,3.922133800572367
203.37776919466663,167.19987329364398,5.38088157031948,3.9161265858200176
203.15733910518622,167.49375922925557,5.383877976590447,3.912173078183312
202.6452687769278,167.5690944410021,5.386472678744784,3.907437791027766
203.15864688327943,166.9145901538307,5.3809935380916505,3.9033758441632624
202.2099819764987,166.9169308339436,5.38361385900992,3.898694483937416
201.62942182545157,166.8439359343111,5.37905639003893,3.8989745618191933
202.14118135686905,166.84366828422364,5.375053707827781,3.8995098619941615
201.269984682775,166.77014807950425,5.370327767320724,3.900956997374961
200.54176889814872,166.25957988808818,5.3713058645225535,3.903275949771571
200.39712101595777,166.54899652712336,5.369405085751477,3.906835758007228
199.96158754209972,165.67371109803526,5.36670471266308,3.909871974574489
199.01315106035815,165.6745722614798,5.370299834330587,3.9081496476854145
198.8643786001724,165.67657456497417,5.376518678787111,3.904145040696687
198.42348312041457,165.6785153239987,5.384159839474661,3.90026352264762
198.64103588451994,165.607231160578,5.386285656800577,3.897088067643443
198.49140922347598,165.53728567197513,5.394091286457066,3.891255198633553
197.9768950587351,166.4146649064672,5.402895275132222,3.8854527424606844
197.46525326581093,166.270222019495,5.405688218115161,3.8827697613007452
197.46138202541474,165.83528278544256,5.413430698907573,3.877952780676521
197.31648834104794,165.25246939895902,5.4115767967384105,3.877014470032689
196.80435925735557,165.69073321401558,5.415395191201704,3.8751495024236418
195.9996752390945,164.89216729768677,5.42091633385717,3.8684344412146157
195.70697600856656,164.9674512358242,5.423205398928575,3.8636439139358485
196.06921663829144,164.9695304355486,5.4273897948097485,3.859485514487073
195.1207476050849,164.97244923644433,5.429863970132424,3.85364791269559
194.9779451061507,164.75286304732094,5.424130421733567,3.855812471541565
194.03285691195995,164.16984625889563,5.421270831934806,3.8569008310504738
194.0323906475866,164.67939383331407,5.422203360681525,3.856955226413818
193.88779189009367,164.02465455676676,5.420185266542699,3.8559635384475475
193.30736500383873,164.24404098417966,5.416551671402577,3.8538734464905375
193.30676622136116,164.31992870160116,5.417749236357738,3.8475695020030014
193.01639030980314,164.39544752494888,5.4169579529088665,3.841917631948783
191.9965631125773,164.39838564403968,5.4226828116201675,3.836041393767174
191.99509462764487,164.4008488450377,5.425619781485001,3.831114991771158
191.7035420939608,164.25802060385354,5.427790140626438,3.8263041200260623
192.21103984197572,164.04087879145254,5.429104870460648,3.8250262194577798
191.55631338012213,163.5341961782755,5.431883949170151,3.822089566369175
191.84934431277813,164.25999765583262,5.426540361937038,3.8222823064522027
190.61793793285037,163.68102789659073,5.422620028067592,3.8194062514183544
190.62134651163134,163.82456145527476,5.415802870505643,3.8223295899743595
189.3886541726441,163.31738919276762,5.417201840450319,3.8220917646234778
189.18061136495643,163.19567445231553,5.409299536531867,3.8245872282034887
190.77836795323506,163.33942387476515,5.401128368315733,3.826846747698868
188.65319450305623,163.03583014842508,5.41189099909957,3.8348486758357927
188.29714542677695,162.91889446605802,5.404612346035873,3.839552047426983
187.92765051459565,162.83024684209778,5.396857191448606,3.845300536357344
187.56430272514402,162.72051104638098,5.3897421996031145,3.849513936553415
187.18794055040647,162.62785017147118,5.416844797554708,3.8571632300069743
186.80590980905527,162.54603154651846,5.435681880796229,3.864575066564114
186.4645292983643,162.43941368432579,5.454053729332938,3.8723371004786986
186.0956810364651,162.33246026149158,5.473929692066396,3.889660290035169
185.71419699620975,162.2315137210692,5.493670935958231,3.897966384960942
185.37064158687392,162.13817371691928,5.51876385718753,3.901851077253304
185.00567271323288,162.04211640623515,5.541191424192709,3.9162115293779527
184.62406300971054,161.92615767668724,5.558532194118195,3.9318940847438726
185.3657887773301,161.48159998642416,5.5641376325078085,3.927575281092779
184.8483864977913,161.92629953334455,5.556507141659187,3.9316919443316665
184.10782988172977,161.40322651979747,5.548903092319404,3.935735874401746
184.1107967050205,161.7735157606366,5.542969445737945,3.9392739578703284
183.5904285776571,161.10292918122053,5.542163109623497,3.941320928478035
183.59208023748818,161.54846655261747,5.538859789961365,3.943126052964989
183.59436245476255,160.80376960759958,5.534295355412636,3.944589590223325
183.2259284360406,160.80350673497125,5.5274232418049705,3.945115335479963
182.7096629723909,160.80313411951207,5.519385775717912,3.9458605663983066
183.1597708117031,160.87679311119572,5.510429121554264,3.9470857537744686
182.27401032894832,160.94934550328168,5.50081813054535,3.950408632645762
182.27866429747343,160.87313280012935,5.491510193495092,3.9544973248526305
181.9868629687758,160.50051894145307,5.482061284481556,3.9584105841941595
180.6782404421832,160.37451721024544,5.474077704110968,3.9619975626734343
181.34901177147208,160.66812771792584,5.465631864327339,3.967264022332272
180.76082463095602,160.14960093173795,5.457363902674216,3.9677556323584233
180.68914627336358,160.52100561894886,5.4527577044029885,3.964760825217246
180.61605828072587,159.93206157605564,5.451089846834511,3.959898168252362
180.10088052067147,160.0079175963073,5.4472746048846465,3.9559248080431573
179.4400201679908,160.08170190410908,5.440455459049857,3.955971731461362
179.3705528415524,159.7859735570184,5.431877265304108,3.957377039152251
178.93105898371846,159.49194553304594,5.426430503915895,3.955810102393134
177.90126269854514,159.93490532424633,5.423860079861745,3.95367466044982
177.90067274920239,159.34962047851567,5.421585640907163,3.9529444202852924
177.57292620491563,159.24769196334879,5.415298957294798,3.9553236076731673
177.2445207742893,159.14334585056355,5.409394278697302,3.960934082390112
176.9565269217433,159.0333239585173,5.402569357188199,3.9685356109151297
176.6567563671252,158.90364143983848,5.394521581457525,3.9751732764058962
176.13891258273156,158.3900946588939,5.400296357772115,3.9723540458223097
175.69475480502962,158.98009421400863,5.40558037615062,3.969730318293388
176.06231636173746,158.3913612110523,5.406503114569042,3.969522961271481
175.41447849885088,158.46857021007617,5.402570344073465,3.9698210329348105
175.07980310264782,158.34916435239612,5.399123028655621,3.973506711218756
174.83738861227457,158.2419348401924,5.3974561808408685,3.9753278355068082
174.51509424149359,158.12793990718978,5.396060272200529,3.971995624377803
174.18878171379168,158.01196625984772,5.394493567599667,3.969687161276289
173.85961557782565,157.89278230177726,5.388059359096536,3.973513338618064
173.27309480760923,157.9659208524784,5.38506096360056,3.9742412292068945
173.1578526449851,157.67094071616654,5.381764780767677,3.978128707093784
172.80897861772496,157.5495581940443,5.374647440618364,3.9861173328372184
172.4543050063294,157.42728973151446,5.367358782978179,3.99442240499761
172.09159843932608,157.30440856841517,5.360714601132561,4.0029055017832444
171.71922512655152,157.18272013281538,5.355280090080793,4.008136347819049
171.3400288918642,157.06021391198524,5.347770205935198,4.014739598728051
170.95105383169457,156.93720173495424,5.340634932584664,4.0224970665330275
170.55058616897205,156.81359851387,5.333787900461853,4.029840311799187
169.45080497491278,159.67796492072725,5.326837837003909,4.038039872183618
168.34839512812408,159.52761144624745,5.324725059040238,4.044489158271059
167.83473532320014,159.45064205054362,5.321631246676387,4.051226032219908
167.76267946739156,160.03678804447128,5.318478257037761,4.057051654410211
167.24980348295944,159.5175293559015,5.313048530614087,4.064387336261822
166.66387716120082,158.99844177773582,5.306113211400183,4.071123025203378
166.8149663005132,159.2889648862209,5.298639908768606,4.079486760219576
166.89255349675804,159.35927784235957,5.290840233042326,4.086235564705623
165.57006852935734,159.35531590490262,5.283230258968686,4.094159439619554
166.08910590632152,159.35198681695024,5.276803783174644,4.100817615524331
164.7665595776689,159.2747154199038,5.2689036097651725,4.107971919021904
164.99120356103717,159.04964336827408,5.261768007394746,4.1159636579152625
163.00511791621645,158.16133984209023,5.254005145651504,4.123711087445322
162.6403933247934,158.23180955035883,5.246393581925231,4.130183820222563
163.08576377324138,158.22826668080387,5.240057705815874,4.137269559332502
162.35174543071872,158.30046522199456,5.2339050948182875,4.14029140655538
161.83853464549273,158.15047489427366,5.228710208539947,4.145524502931396
161.69387434330847,157.63383970483548,5.223272498787198,4.147140782383312
161.03354458345493,157.1910427596774,5.218033285062742,4.14880218374509
160.2273845951367,157.6323972652858,5.21039688875521,4.149705739588689
159.491569703911,156.67700852227745,5.210362765877441,4.147320148677459
159.41922649359623,156.6781965289569,5.207922015255364,4.144944135318531
159.34673730659813,156.75251504590634,5.205849166261212,4.143358324410057
158.83226833544296,156.97488886607533,5.205830989319203,4.139591878037324
159.27554444715253,157.41576483221556,5.200872872122632,4.13943405197945
157.7357063300041,157.83381896005494,5.193369638276653,4.141623642372847
157.19814787223612,157.84496554144087,5.203787479457043,4.136032550753091
156.5323812283453,156.0858452231005,5.213731152819064,4.130034215647941
156.6043968375348,156.5290071041506,5.216598220099594,4.125100167505347
155.64517642048034,155.65062496641795,5.2258317790675815,4.119519265917484
155.12766200370623,155.36019458614538,5.232470673563196,4.11272863271827
154.75990735816333,156.39131638249648,5.233459233129377,4.107143088270776
154.2410088121753,155.80732630956823,5.243456789980055,4.100495193983978
153.20796914145532,155.14974124240618,5.253308821512501,4.09380491479617
152.83623159837825,155.44660253337253,5.262207770693061,4.08774324244233
153.27259937350632,155.89012850698518,5.271187996268295,4.082407071048395
152.09327681732628,154.79086719766516,5.27778519054446,4.075884766484785
151.5005616065716,154.3529361805473,5.287235113100563,4.069761426505584
151.49772814506127,154.94359962908803,5.292902036121239,4.064771447687224
150.36640364254058,155.50336548538314,5.285519796278384,4.067648760077689
150.88240525009834,154.328436564585,5.282387077360398,4.065802610365376
150.29920664373645,155.6488734754168,5.273555600211775,4.069193340914832
149.63855832738264,154.0357462320909,5.273436497014205,4.0653204731316395
150.15621652970725,154.91474800490505,5.265433519744759,4.068425660154363
149.27985898158843,154.69374874994676,5.257899638698667,4.070361925750045
147.58961585645153,153.0844296016161,5.266497187122978,4.06371537716393
147.51286829877867,153.1612415362735,5.273365362663935,4.05671844765393
147.21772917478796,153.31132412984425,5.277172348941749,4.049788891364183
146.55773382250186,153.9007728686504,5.2780961786128655,4.0433953025529
146.48326455570395,152.87804351668765,5.280561864170664,4.038234133945625
145.96980187880823,152.88040549311165,5.282503072598924,4.033510181097661
144.86986347825498,153.10328619447156,5.286696831909442,4.026885386737019
143.98862806451356,152.59395303718557,5.293150666110782,4.0212084552281215
143.61893695338833,151.86548546886144,5.3008303561379515,4.014738527429873
143.68808049882074,152.01467587011734,5.30889520103334,4.009061596438452
143.6112839124777,152.16391658252383,5.316106268396501,4.003344382271484
143.31831821076761,152.23921444347283,5.316443527883556,3.9991471963567986
