323.9079895019531,35.74700164794922,5.171999931335449,4.482999801635742
322.9511134863784,36.45822960204481,5.174049437591893,4.491750626492735
322.4928674357651,35.77009745859585,5.17780662458846,4.498912542045734
323.0230034131455,36.14546752956384,5.183603103469002,4.509649852710622
322.411057481538,36.52182565441233,5.187035898828086,4.519720520423511
322.7142174398042,35.829243070138745,5.191803868287497,4.529937945489077
322.17384304557726,36.89820750144571,5.20148567509209,4.534143046173721
322.5519070108527,37.204616530656956,5.211492315127964,4.534232644220693
321.3191021383772,37.8193256265119,5.222969126097914,4.531880919501304
321.77298655401813,37.74226223794334,5.236339953529446,4.53248442018619
321.2289769244351,37.665118956265715,5.24817997211853,4.533031092030458
321.45387963164166,38.89490316690297,5.260170128024031,4.536372379121944
320.21397611352313,38.81856188329639,5.273241873991718,4.534883990693279
320.74703791397985,38.89576930933339,5.287562809101346,4.534818358051144
319.66029909499485,39.35624756759182,5.297066479878185,4.541279256045645
319.1168824483736,39.97012257999588,5.30015805812766,4.552091191229559
319.3474403236633,39.88746606221097,5.30416735021481,4.562362545910498
319.6575774469336,39.882660559676054,5.30496749444269,4.571973550980328
318.9567074063958,40.112854629478804,5.307790233308603,4.577891192111367
319.03296173762925,40.26517924651661,5.3108554718065015,4.58438975996512
318.95167108930684,40.810712709233115,5.317711158344705,4.583402105278293
318.4814798738201,40.184176643317144,5.323198772031464,4.58994781406129
317.93733762605507,41.036775440560795,5.319443067604847,4.600813390934306
318.09322059382106,41.031718147083865,5.319921134408201,4.6109279778881636
318.17257608297984,41.10597295250498,5.317501808869764,4.61871001982506
318.0967593356829,41.33804173165381,5.312756297659903,4.623709478938519
318.17964238470125,42.27276362216022,5.303375888031565,4.63089395882561
316.9327574384835,42.895595269522225,5.295456857133551,4.636075125768355
316.1526768803394,42.7400019671857,5.292459201207432,4.634629975998536
316.2322718248391,42.58448994539768,5.289515591120002,4.633161461750667
315.99576056019345,43.36856221048883,5.294006690691078,4.626788363968943
315.4497424195179,43.36951985730104,5.293030530969265,4.624873070344519
314.9046448489414,43.44905950048674,5.290533897738088,4.621892608885161
315.0642227452455,44.9268805623628,5.28340289299654,4.6304859698659
314.5122519241882,45.47523794343085,5.295067581651972,4.626048161188873
313.88083953982766,46.101915017983856,5.308698672704084,4.621887689751896
313.9514894942873,45.636122473621676,5.323692417404315,4.615710856759372
313.39763790473614,46.264125926471365,5.336408459261385,4.611117822197411
312.84238528409094,46.11033845394361,5.351064933455144,4.605593119511048
312.9948139037166,46.579734503899815,5.359583403338769,4.606928147003351
312.91036530684124,47.20795322791107,5.3716395876626075,4.605218774396074
312.59014817036285,47.12778254188843,5.384074106058227,4.6085602078010925
312.03475918618005,47.12733176832835,5.3941314892385375,4.609461754921254
312.0331133757946,47.279578484682744,5.397423110009516,4.61979971482612
312.26849295869755,47.51150397062027,5.399561940255016,4.628846739002529
311.79328324006224,48.293862876858455,5.4031150511833665,4.642239470429976
311.54878608065377,48.53185416799163,5.417866159089929,4.640500099073952
310.3636586036634,49.79352035085915,5.41390373668116,4.64966626815446
309.810947365557,49.23618291207676,5.410756301311187,4.655771234136483
310.0481168034583,49.86774007258917,5.411666894920394,4.65998883154322
310.2856259836072,49.54881206329531,5.412143374773293,4.6638517299299505
309.8853687487561,50.34422701137152,5.419819557586523,4.658698407555694
309.40445168766917,50.26850844956276,5.430031900316308,4.6515319012658765
309.08888150247014,50.90199370686416,5.426586663667673,4.653732600756433
309.2473482552792,51.37949637743233,5.426910157721975,4.6504982586371835
308.92709932737586,51.93782747920409,5.43308181963952,4.643906894399603
308.3687816878326,51.54406396309572,5.439719904197834,4.638578787667713
307.10133075418327,52.33553076958572,5.437214518168275,4.641524708017849
307.1833548277998,52.9660155291138,5.431762968797057,4.649327971856722
307.26577850459563,52.64454985090758,5.425553364498264,4.6577083310980045
307.3461914683391,53.51539751643831,5.423403816152388,4.661453170587703
306.2342513115538,53.98955696668783,5.425438189617955,4.665353958705131
307.1852348919454,53.750141306479094,5.4290394668977715,4.66779316960685
306.8689992159772,54.46245585047191,5.425941945966014,4.673194045574602
306.3144878733039,55.491489535601964,5.422447442305433,4.6812300263279365
305.83964279295566,55.328040146754276,5.418101876037413,4.690116895035187
305.43881749560677,55.88663462928084,5.424345932086254,4.686497084090678
305.4383490626608,55.40954902043294,5.4252827979781495,4.685949235563271
304.48712927825926,56.519755024334984,5.41821579745848,4.693294891969004
304.32723306139434,56.99818097237186,5.419740131522284,4.691247294893345
304.1663821828771,56.442519433379125,5.423192302980932,4.688696823363311
304.24322128112925,57.083117887839634,5.428651397794651,4.68059824498615
303.8448364540027,57.08302975675531,5.429962148795663,4.680774507154794
303.286958656199,57.32134913454243,5.431913561391649,4.681480401442592
302.6482432790546,57.95588913809158,5.4360931510663235,4.685651558958379
302.4871252779283,58.353191188502116,5.439753170376349,4.687487415493646
302.644714184639,58.35479073685017,5.443323490966428,4.684288318797547
302.0857808172306,59.46806822658701,5.445544735556318,4.689024319777654
302.08456331883747,59.94551940430834,5.447979732342605,4.691051811472502
301.0423486994099,60.10265176091458,5.4581483097343355,4.695904123100545
301.0388142377271,61.143612148444014,5.465217233100017,4.6913009251129445
300.7157166263152,61.387264246869236,5.472096296729133,4.683483847658512
300.5547778378802,61.78965710544024,5.474354267913932,4.677747144729633
300.2314085539186,61.234835104918204,5.4820827595677395,4.669123512302366
300.8701349061375,62.1147130594088,5.482496483847761,4.666433942808031
300.31259685547815,62.353135078271265,5.479697411352232,4.668679265289171
299.19748214411686,62.98901972622321,5.474276365172025,4.674424523044015
299.36093638735804,63.066396691000996,5.466763720071118,4.679368514179135
298.2473646391511,63.62084686267999,5.458649339132409,4.688097109497436
299.1292200163926,64.17545793318413,5.451375150139109,4.696607328346237
298.89134913916985,63.53251591732298,5.448016292274659,4.704889727242121
297.8749950417271,64.74967696170674,5.438638402391175,4.716203089869007
298.5959693667645,64.02624817835417,5.43504778748211,4.724702621408467
297.95360275754564,65.62056812755291,5.440594825253922,4.734028174675718
298.1111820737905,66.25848769427867,5.445703524961021,4.739258370011303
297.86950667026696,66.09492708148166,5.448164487967035,4.745786366244604
297.22125249769425,66.09157388185928,5.46115791049822,4.752492765489376
297.7013829628413,66.00711959400637,5.46538541128667,4.760653269348088
297.53969685277684,66.96884038383396,5.46686893818056,4.76854384910285
296.5672808920907,67.369796795963,5.4785754050338396,4.7720999642276665
296.6408647438027,66.32156705750991,5.49273978483744,4.77124235917647
296.15246127170667,67.53295690506178,5.500320849525613,4.771527362832476
295.18445371342995,68.7416445143939,5.496421136789794,4.779045680779758
295.2660168411588,68.90012653883221,5.495014637521344,4.785521144281422
295.1854187839405,69.54632188005367,5.49440896613669,4.787544748407282
294.7763401747196,69.95008933925139,5.5034419737522535,4.789134040838042
294.2879064429181,71.00082697618262,5.508368256308674,4.7935313259098615
294.93506189657955,70.83466914029906,5.511153097208986,4.801573060621197
294.12829901565703,71.40023856689102,5.501588873530964,4.806597197303409
294.29245790147496,70.91312604214274,5.497753849846128,4.80737400294695
294.3792180530143,71.96154608133367,5.4864279535787395,4.819061213112506
293.65461301426615,72.36214017007525,5.475783385946203,4.828903394034278
293.82185742262453,71.70993301216636,5.465691719370993,4.835729109286079
292.6110903706923,72.75660039495637,5.454957116694868,4.850360556041208
292.7759725207131,73.07632579188277,5.4496300726830285,4.859784274247846
292.3155636049086,73.84505846150311,5.440110450338721,4.871251639962544
291.9969153489317,75.05734586160686,5.428119498827349,4.881504827749968
291.5154858153181,75.53849358113116,5.417183194859596,4.893004759896318
292.3311119203342,75.28975060984786,5.4090579468094555,4.903552613868287
291.9291082466877,75.04095210327557,5.401292638442174,4.914086033616742
290.7153700353241,76.49646258300237,5.3927450001355455,4.926293947403776
290.7988306130392,77.0624499304925,5.388286883919973,4.931560526925592
290.8822579364135,76.57286337482162,5.383909724247637,4.9358687158092485
289.907383464242,77.30193507571036,5.383923868871886,4.940026413820804
289.91080805042463,77.62406436072283,5.377074696506599,4.94594511827259
289.9135191694857,78.10909703080917,5.371652458384489,4.951070536783625
289.9993736485782,77.53548762857908,5.362472331464704,4.9605875223871685
290.0010994422617,78.10108320043689,5.359020744097693,4.967155870021428
289.7563065718375,77.93687221641618,5.360843448633081,4.970402480520864
289.752864592536,79.15669532689739,5.367727407236108,4.970772316904243
289.50581781616324,78.50330350294526,5.373477918787438,4.975307854957209
288.9341127469265,79.15078481256263,5.376288143657273,4.983887994126741
288.03391829506313,79.64057566167662,5.3823227201806,4.9830450198278555
288.0303396818849,80.29480441666492,5.3894799465370395,4.980218378710463
288.025542772323,79.970162395736,5.399073765660837,4.9764202735140035
287.5316039235014,81.27791481673653,5.406793194540196,4.97467081488303
287.77616031659886,80.70196977070353,5.408037041920443,4.982395428606872
287.9409602171545,81.35337263082616,5.405626302332269,4.988345954454079
286.7976819692959,82.00158751687864,5.401060087417285,5.001129159853186
287.5395892522982,82.15698430833206,5.391299120672295,5.017903043448492
287.29570271112107,82.39748008339029,5.387377979368542,5.02860571698993
287.05134122022514,82.79945810575703,5.384080227140708,5.044684228956106
286.64292318118834,84.02808925720682,5.379862471162047,5.0505834282132325
287.3000967139329,82.70897394968438,5.379423618711889,5.06099761718009
286.80643557849174,83.6086712395145,5.380364107647004,5.069969637756492
285.58294018710245,84.90455366613266,5.379284675682144,5.076994228989275
286.6574238858287,85.22723199312733,5.370749149388541,5.090231996894951
286.578091825669,85.2248344575767,5.364688217335163,5.095027067996188
285.14675037831574,85.88169915129437,5.35876094314238,5.098015938868544
284.9177928066273,86.24097562697553,5.356260595125495,5.097674120151779
284.0977072900158,86.98085817094645,5.350268613912141,5.099455745202519
284.51020602727374,86.57078650846962,5.348024827188021,5.096845382364405
284.5926092641495,87.23078306787428,5.3476926075030935,5.092646296087099
284.5918668819185,87.2332869035213,5.349177371965001,5.087638624793077
284.7515305129163,87.1573487352731,5.358542920019884,5.07516855626424
284.50341350745595,87.32462490669013,5.361891132810573,5.06920674551684
284.25525691276385,87.49053077686389,5.3654450491154435,5.0659011872222015
284.00645217198365,87.90484900907465,5.370285823061643,5.058545902157744
283.6740706963998,88.56706672010029,5.378187870975698,5.0478322866139305
284.08095654873773,88.57187209974349,5.385259601939764,5.038221527327512
283.42288099209264,88.24616200781482,5.388398211428665,5.033135459284274
283.58264098312696,88.08663430933427,5.397067827110598,5.024001258494738
283.42123428805013,89.6405169463317,5.391711153848605,5.033851586948373
282.93466311730975,91.35718193180301,5.379906045497603,5.047837690416963
282.612081631924,91.18533800622772,5.368286539100866,5.063134302983435
282.862533494527,91.34488160756926,5.360153126409249,5.072560641976571
282.1278669346996,91.99928604084985,5.350974362404831,5.077984560890237
282.215118641936,91.83253187023324,5.340692454356027,5.083049889275665
282.38512533633326,92.8925279165273,5.3289608387155605,5.096889322189624
282.4716060778037,93.05216815638693,5.320175803395464,5.105961737711835
282.4732372839014,91.98308504176956,5.316913391200006,5.109755748483461
282.4764225994077,92.47311947870192,5.310542760187396,5.114835345441723
282.0634776087965,92.9673330908452,5.3155729884284435,5.111439824732804
281.6490693478934,92.3936093653902,5.323404214708952,5.109507861906629
281.8078461007461,93.05293391036263,5.334429099470046,5.105172333827957
282.1315313894663,93.30057793411049,5.344631567443564,5.103064070392759
280.8991712625329,94.36539131249702,5.3415571513985425,5.112192694209933
280.5689130930035,94.28041356858319,5.343609190018569,5.117532106927947
281.0617882601144,94.44003186418885,5.346255443809583,5.127761045054159
280.5665026770248,94.51717015994645,5.347209595894749,5.1384206225546585
280.7280960137863,95.17535068600569,5.3542626241684,5.143018377623019
280.8929514632097,95.50153030497582,5.355158012284628,5.151871713608878
280.1490584951496,95.57848218964712,5.353828315663082,5.1634252367931275
280.0677125330346,96.07069578574792,5.350900985336353,5.172713571932401
279.98826315358747,96.06558711023378,5.344079470001809,5.182930922960672
279.90869052029177,96.06055659945143,5.3374499014964165,5.19299194452537
279.7460899046699,96.6359764454128,5.330991475055073,5.202961054500483
280.4954161035085,97.4622942883094,5.325312654503508,5.209184898846875
280.16916002076584,98.03696814970817,5.314244502864294,5.221102731017128
279.67256622934116,97.70224927108812,5.3119759312467885,5.226903051946002
280.0040497336492,98.36396319563843,5.312869907905257,5.231197173394332
279.5076969962625,98.27802755188341,5.309293051692527,5.237021405740018
279.67025084654955,98.2767505651466,5.316350785747629,5.23957537921365
279.6714872457081,99.26858788464617,5.3138779874306525,5.250708242134999
279.67060323782493,99.18414939919357,5.315646003196904,5.2532145198918485
279.58847141934547,99.26320119535993,5.313471617726932,5.261548949988086
279.4283676917598,99.67310941383171,5.300608562644824,5.274408788678312
279.1825333288653,100.08282925242075,5.292670552802619,5.287647004218731
278.76984205960423,99.99518374784046,5.284957244169373,5.296318843948253
279.35705400014365,99.90901153935037,5.276973078717138,5.30202901583891
278.85523997863186,100.07778228972853,5.281011073562052,5.297684197808787
279.43684152902426,100.24623173552854,5.2839629949163465,5.2939724553913905
278.85616432667337,100.91033379887826,5.279245905688119,5.298421464612026
279.4398780014751,100.49495562664846,5.277860149395566,5.296290956706644
278.85764406679175,101.24390256623481,5.2766740087885395,5.297095090357313
279.44317005373154,101.24345975533333,5.271233833093891,5.297980712160271
278.78005838533943,102.15784247277622,5.265903647432749,5.300101370636842
278.86408515020236,102.15558591994456,5.264243679637593,5.304614476300167
278.78041300862475,102.15151713534391,5.265149555234718,5.312752045501474
278.69659919395076,102.14749069956748,5.266196478705252,5.320804917054311
278.61336531406806,102.64547234187229,5.265940361518508,5.325184894158263
278.5343911446258,103.72507605268737,5.25709997866436,5.334230855131762
278.4554166372791,103.72079772874672,5.248257487518272,5.342787503013067
278.1280361999436,104.04952125786686,5.235872565373652,5.352486241588373
277.6331602821668,103.37689111510639,5.225164722172109,5.3638002887691085
278.3900684583524,103.62212367098249,5.212114403051354,5.373590521433773
277.8950832923108,104.11709205096163,5.201889740926723,5.383848755683349
278.399911638366,104.11130527466837,5.192423366241108,5.395422308269862
277.8213547593011,104.02188124376066,5.182426666299438,5.407540304646512
278.4113813972519,104.09865828086026,5.169705383191767,5.420747943703582
278.0008182535112,104.25885407727102,5.156996281496994,5.433890506552505
277.5069012577753,104.66937538850786,5.144202067691277,5.4467047218101206
277.7630634156334,105.58038488275845,5.132184525479965,5.4591439028265185
277.6843067424221,105.65645553388448,5.122925168294692,5.473775304182232
277.77231321235024,105.98082788307141,5.113766532680424,5.492447822775998
277.9452045430902,105.5578246719685,5.101984632760116,5.503452341082618
277.95157831083714,106.46956594543926,5.08923709726629,5.51680299497491
278.0412880225934,106.37992758860929,5.0768079933151675,5.52908938907349
276.96151342851437,106.37340253823362,5.065564730336914,5.542139489824805
277.71751742674604,106.45105307560014,5.0566314954568234,5.553846721934339
277.47253266520215,106.44437111278887,5.0454561997462655,5.567210647556897
276.97614099201525,106.52224483126203,5.035770888290591,5.578541320248838
277.6485354635163,106.60084081638388,5.027780971703757,5.588449228307039
277.1505206025509,106.59727319805265,5.021052116253446,5.595584464969507
276.6521496253332,107.01278909648832,5.015014597082236,5.6002022294370795
277.24185206374284,106.50552584760958,5.005346493714748,5.612097207093034
276.57875567446223,106.7495526537852,4.994454724378765,5.625450300203267
276.7504158451576,106.24486714266493,4.985471943978677,5.631808639471938
276.8361936339643,106.91178766886294,4.981040164024448,5.634957968348626
276.92085143497997,106.7439292648959,4.978826325518383,5.6364712492321365
277.00687994826455,106.74099473944591,4.973859117904602,5.6423403001320915
277.09274594427654,106.90451123712175,4.9692284880138775,5.64951002904702
276.1754776034741,106.98432652986915,4.965242595886112,5.657017859346099
276.2588652768667,107.23541430762938,4.9656582329459935,5.656415255360563
276.3386461900953,107.32323222947362,4.973284705436001,5.647967710619259
276.41864707718213,107.41097284153474,4.980462362980882,5.639665918215688
276.50047859726385,108.08289051156723,4.983964871774821,5.633154969809284
276.6643046101061,107.66982445888725,4.990554004903419,5.6236841781364335
276.7453719431081,108.67558460847732,4.995498337703352,5.617111864603967
276.8271426875094,108.8448807888524,4.999012880345219,5.612631566742868
276.9089505485145,108.3449239006267,5.0024398072283525,5.6102894498346005
276.99192510488643,108.6766318686767,5.003551741744127,5.615117702773221
277.0747214266465,109.26094401629226,5.0051128896584505,5.6165699475827555
276.3252451969567,108.75377818453826,4.999253731702979,5.627693866200766
276.41007843858506,108.50105491300816,4.996867580980985,5.63129941165699
276.4127696268646,109.2510264671941,4.9914852044218705,5.637039580395483
276.41469871123104,109.16458309720699,4.987627035689048,5.642625179403854
276.3326025458777,109.07917341062615,4.984493284712024,5.646118470881837
276.25091874513043,109.07649926324446,4.980530756248794,5.651466765645228
276.168026264294,109.07470397634576,4.978966052616881,5.655057339442633
276.1683784536129,109.07351848467636,4.978261673979056,5.657428322781451
276.08287955864495,109.40775209382099,4.981853678178975,5.6585842474362416
275.5796395508053,109.99361599713414,4.983446459182082,5.659224881265249
276.2509336566587,109.57534092947529,4.980991317663754,5.658191847715216
275.8343995247255,110.32742460901324,4.976752991597754,5.66117635051752
276.4205910214641,110.41039848584938,4.976448191513733,5.6626683387585155
275.6731894851499,110.98965078056067,4.964129340087921,5.676369690266995
275.8438728699453,110.9038987093579,4.957708648589318,5.680400793626425
276.0143016379467,110.73474582607237,4.951716332305949,5.683841340478125
276.18458524629614,110.56578227628346,4.945928835314081,5.6869887203489595
275.1843942541711,111.23267781261868,4.938160976768847,5.6919642095420935
275.27268848290095,111.14533020507609,4.928870808679195,5.699361135257072
275.36088100363605,111.0580961175479,4.919749508821053,5.7065655687014445
275.44750553132855,111.13907864007204,4.913729275379659,5.711829345596787
275.19945444786896,111.22269856107968,4.908190685761386,5.711803089093957
274.86717102174816,111.55353994245822,4.90426053593957,5.718617328400343
275.5419472113834,112.63375345328073,4.89203998093638,5.73135452118967
275.04330089839914,112.54708506894274,4.886330807284124,5.737524323262218
275.71482007961725,112.54470627148014,4.880656463986323,5.742281918187404
275.13330425530046,113.293757310044,4.873618932275516,5.748554501502409
274.5511796049784,113.20903750759143,4.867913456329998,5.7508577097518945
274.8891083728056,113.45508886014451,4.860376560900571,5.759995484814458
275.22665205752975,114.03281977632415,4.853688704993716,5.77423280115264
274.56212682803636,113.94104978645245,4.8450446581119975,5.790560967662466
274.8166876069398,113.85106117989996,4.837896010160505,5.803213877482313
274.98698362326206,113.67866518521348,4.8321121048182505,5.813197739553001
275.15748219597305,113.67410533339088,4.826044142757036,5.822317443198189
274.49013713598924,113.66892498781105,4.8206771111233655,5.832678134357851
274.6586424966365,113.7476985588426,4.818826445028601,5.842711019894587
274.8265821483707,114.08019902800154,4.818356251214597,5.84852830088551
274.9082964477262,114.33061770582268,4.822714124510248,5.85105036126325
274.8200791492569,114.66445589105959,4.831253079814012,5.854956557328566
274.8165530406007,114.07535964527312,4.838305297126442,5.856493785745571
274.5595819746838,114.57851165277393,4.847554110114745,5.859576408435091
274.13093548782524,114.24344139165885,4.862707951813067,5.856005625050197
273.7013164991874,115.25930871289268,4.878859208886693,5.8476791110675785
273.8645008998542,115.77026349683564,4.8899894555061705,5.838266687041256
273.9423123163291,116.19761488684557,4.903150459873255,5.827483093605456
274.02036269927567,116.20098298694822,4.915879240854987,5.8207468934001545
274.0985420145642,116.20422990632174,4.928451150090093,5.814253054653106
274.1774707463974,116.29077472758262,4.9396262903010015,5.810196016008724
274.000918120965,116.04388363689424,4.95443214426298,5.796529102031423
273.90799966152724,116.89581344757688,4.971092478044501,5.7844353316063915
273.6465648940826,117.32271333414366,4.98619019355526,5.776921924103925
273.3848278915105,117.0717822314075,5.001513894895137,5.770633825771881
273.887454750966,118.00505648113638,5.013452104052591,5.768937194439796
273.2050963156912,118.43015786520716,5.020591590616217,5.767220291289541
273.4574939033982,117.83534648062418,5.025151563488602,5.768347714453878
273.53932814818063,118.68669704061345,5.031358675514099,5.764402610378856
272.8629570185185,119.61721199418696,5.024789100896814,5.772426474901443
273.03632164791793,119.86800042864026,5.0179257477239085,5.780648464433736
273.12457619506483,120.12045744580473,5.011366858965566,5.785585046711151
273.12249275331794,119.61115286841157,5.015533742459351,5.784665692293852
272.6959712571035,120.63270801423336,5.018706610119162,5.781243700096059
272.18160491767907,121.06189800812514,5.0276076397637635,5.772723419982731
272.691103809238,121.74257407923932,5.028506245319105,5.771233129318576
272.2676434122545,121.99653175247174,5.025556757987781,5.77323995163273
272.8640696502694,122.25104696289382,5.022409266927473,5.774083095775502
272.1872637470047,121.65410168263598,5.016657451853209,5.778530487387904
272.36023915553164,122.15933564126384,5.010500797746509,5.787445058973891
272.44685633816266,121.56202567986968,5.0072027421435745,5.79251081414876
272.4525707418843,122.32101437222384,4.995773934700332,5.8041894697830845
272.456802244174,122.40225805709751,4.987310930120838,5.811661102520484
272.0284638136719,122.49181099132527,4.994294624358676,5.802493867418247
271.5145783025788,123.00545294660135,5.002611451004199,5.794664152406709
270.9167691054367,123.68673918444333,5.008779884258446,5.791463060756985
271.1714225823165,124.7017386095083,5.009385556303988,5.80111471384754
271.42671854272567,125.20934025082181,5.009183392188772,5.806690944626898
271.5990125223215,124.77818706343973,5.0050213013011176,5.817932648631107
270.75131076502436,125.6267742892144,4.997224966707353,5.823958046269899
270.83951351187073,125.62353816551291,4.991107423886609,5.830430293672874
270.8419746532514,125.70639410921082,4.986185141125344,5.8350081287638655
270.8442585213849,125.78938621762096,4.981617404858328,5.839305286324951
270.84687875192776,126.38288586528137,4.976376943772567,5.844226481868205
270.8486339269797,126.80535520827476,4.97286659366876,5.850618454218421
270.8514889219586,127.05744638339684,4.967156603710959,5.857361309181829
270.5148578049561,127.74019983326433,4.959136143264847,5.854419798349079
271.11447343709364,127.82231358192323,4.950928598479464,5.8603385466726525
270.6946493170224,128.58288885383655,4.94004921476074,5.870137725795995
270.01379482553006,128.50171365927613,4.9411056722394715,5.8624065492285755
269.92550230500973,128.59124552143828,4.947711391584246,5.853322146600126
269.9230154171207,128.76577071972596,4.952685167362188,5.844162711205771
269.41178049250857,129.44913884802398,4.955850168099195,5.83649958592619
269.6677388603819,129.70666308242036,4.953383674236324,5.830901359017122
269.0734399454749,130.2184461150896,4.954146997511613,5.825479156426072
269.24230986846766,130.0514973260938,4.955645535218955,5.820138350724781
269.3256070893379,131.3254051056348,4.958611898173535,5.815734862068031
269.4089497672423,130.7355839612956,4.96146701692217,5.808593828844785
269.49335789022535,131.4103142362528,4.962126813512398,5.814941619381985
269.6589910301775,131.07124432574437,4.970029965839173,5.814742575936714
268.8077062529263,131.66361972987002,4.9755130400304415,5.8179523039032
268.2930239675283,132.09133584694573,4.985799525150683,5.811751807814957
268.6267433146118,132.77419741420917,4.998023876740083,5.805354764800723
267.60525282943985,133.3687562992037,5.0008471311515486,5.806328995772246
267.2632225898625,133.28238922701937,5.004613485283289,5.8089896088851285
267.85535545932845,133.28122460273443,5.0115737117926935,5.8113188574550145
267.59561334593144,133.3688894660834,5.020089292157387,5.806312012900137
267.1683607068721,133.96739915765184,5.022684182208888,5.801967173057447
267.84694076054524,134.73900324301212,5.028375900040961,5.791967305662583
267.3381332994285,134.73736759022648,5.024232843154103,5.795238611233868
267.93497441740993,135.24562341589743,5.022490924321267,5.800390088860543
267.3378177409073,134.98980031874856,5.024501467366851,5.801049364604064
267.67634751919377,135.67169460131888,5.028927617216355,5.800232212308447
266.5668785988249,135.8403381938615,5.032278395695197,5.803804575263009
266.2260535522552,136.94902976176016,5.031773261303561,5.803425928941702
266.8236848175458,137.4601832992347,5.030184644064246,5.804267922571334
266.1377396668639,137.29390668014926,5.0379757742855595,5.795796367956603
266.30399796527,137.2984618867509,5.0464715849154,5.786685954753283
266.3051392114216,137.38632561188422,5.0441890926121875,5.781459818948565
266.30495295444274,138.15525684374168,5.044561606569959,5.777051470072294
266.30481436996075,138.0726845022881,5.044838775533935,5.771874676858664
266.2203356059907,139.43791460469,5.0435505815580655,5.765346022709411
265.96605077739724,139.35568201020618,5.041748431219729,5.759687275835328
265.37264244372335,139.52723606135856,5.038513380637714,5.756593950081971
265.88615225113534,139.95002966589297,5.030939585174076,5.760544923813475
265.1206654923823,140.2061996477374,5.033285534952606,5.757747482700504
265.03871286605204,140.03232853757476,5.027349029186999,5.765806186173805
264.60913759725156,140.63120364147937,5.0371422595692845,5.757156208470671
263.7522426108497,140.8914835582588,5.051988390502948,5.746279527472836
263.91610674815485,141.74672999210247,5.064187246971821,5.735422315181372
263.9085121255689,141.75020838339017,5.0793764921437345,5.728465532605967
263.13554705907177,142.09508378250135,5.0941772860524885,5.719216662866073
263.215793473865,143.12168150785772,5.103902990542405,5.7086436210708165
263.29686687247545,143.55021255152502,5.111965924462445,5.702630189440597
263.21053905597057,142.87033561325134,5.114376474018064,5.70042339835517
263.2083434494926,143.46802821997375,5.118767686974004,5.696783164329192
263.031819903707,144.06883615075012,5.1312891469965525,5.687007013196527
262.51674967904,144.836775149156,5.1395656010109345,5.683925009364165
261.8344327811387,144.91854420936977,5.14104124875351,5.690781657444098
262.09047687429415,144.9130808366404,5.1405279333588805,5.701708402902848
262.2594633157862,145.17148442662008,5.143928435541023,5.696961300693036
262.25621225085416,144.66399162758637,5.150430565405156,5.687944129867098
262.25290313831033,145.18018517693542,5.157048790492813,5.679340530220376
261.65493792409904,145.26890088355992,5.158763544439768,5.672511356182138
261.05519382874434,145.87017705577398,5.164588754352991,5.663621992550325
261.1378146185156,146.8123353708735,5.169824899764264,5.654560336844685
261.1365300017102,147.0721433330266,5.172394133375124,5.646204482500149
261.13517291906595,147.07705551590144,5.175108298663677,5.636380116750462
261.1341657077722,147.7612119389712,5.177122721251152,5.629834592437653
260.7084550285501,147.76444747893717,5.177789237415001,5.623363512505731
260.28288211339907,147.7674425548899,5.178631534226339,5.617373360600257
260.87677956469247,147.77094199894054,5.180701691033558,5.610374472498982
259.77091125590096,148.28514334069,5.183679472042766,5.601398944341789
259.0906164662892,148.37500450354872,5.185773822599644,5.591488522207647
259.2589408336743,148.46540462187042,5.188506285074204,5.580378884186645
259.25604845197864,149.06458780835106,5.1942910484655425,5.568937198874146
258.6560921960473,149.74751068300682,5.207885666178998,5.558883328590255
258.05546407679225,149.58354343963953,5.222411667498488,5.547752033270391
258.13245536036044,149.5885733924781,5.238018630494052,5.537692127593223
258.2096342975664,149.67816158268695,5.253340582291864,5.528195573385357
258.1178519288052,150.19266841568765,5.267131142551365,5.51782697096206
257.77178824365416,151.13242351572637,5.279936959318685,5.506451043105428
257.59887400207924,151.3900609109049,5.286055414539859,5.50074129464127
257.2551057891109,150.8008188247345,5.294142228280328,5.4901886456386775
257.50270889999274,151.31440326897877,5.308410906271031,5.481969556658853
256.39561392347866,151.23259362961323,5.313618031460133,5.47566707940227
255.88426699188526,151.91388440843474,5.316880631266412,5.472327206266626
255.87799625539904,152.25816253624785,5.329422104238839,5.4633884550448
255.5349288961817,152.94213795029137,5.335707833747552,5.455135604809886
255.191831893136,152.86189325416657,5.342174078183475,5.445693056645579
255.3578037839136,153.12050055755086,5.350001728589624,5.438135597818967
254.50795288829363,153.71691124712115,5.35079842933463,5.434547782024806
254.50770596558596,153.54886489647527,5.351292274749992,5.430947099986449
254.42454373725107,153.5513678496118,5.347818844533487,5.42594119371334
254.00043860714587,153.7250244024919,5.347707118269518,5.4179568825429305
254.59406453179724,153.89789282099338,5.347215062677596,5.411294272314462
253.91270918327504,154.49212996450075,5.354529019340664,5.4087921331334385
254.16211982478654,154.15587568091976,5.364209482298265,5.40329837232118
253.56861272754557,155.51259098095463,5.364256262337191,5.4029361481214035
252.4677868048429,155.43023337716437,5.361604555976017,5.398089544027556
252.46748938558463,155.0948995063599,5.362199394492588,5.390982253485413
252.2109841584103,155.7764324172461,5.367185973991652,5.382646764645248
252.80034875839166,156.20324921882272,5.373477399441956,5.3754564653584636
252.20195638234796,156.80046129158313,5.385340313186547,5.365954158180473
252.36453245627504,156.29645778629254,5.398811475627126,5.358091237877534
251.17373006027037,157.06410479104053,5.408819917516215,5.347394882030245
251.25667235302416,156.98412815911598,5.412323850942613,5.337959626945432
251.4241648201994,156.90415808799415,5.4159284969583394,5.328604979006008
250.15007863968526,157.24960497509397,5.426043039935651,5.3145266229532995
250.7384448935184,157.7617797560035,5.433294382967357,5.305020361732445
250.0574486616173,157.42583285432033,5.442452427040492,5.300496955234298
249.96346665731951,157.1781869383342,5.461239822914115,5.288258949040899
249.78154174329944,158.1978826642852,5.486533719760045,5.280203084304265
249.601395360813,158.20347834065788,5.507732231658023,5.269011731558923
249.16592898899162,158.46186326678625,5.530154507402711,5.261348160040998
249.5793660556959,158.21009283575984,5.552939088191543,5.255093793575367
247.6165744803654,159.57778188510719,5.564173305036851,5.242741040143819
247.1022742288744,159.75098009311134,5.571760967776903,5.236682237549449
247.52339725421513,160.26687768168088,5.580471187284109,5.226034584636755
246.92448888831214,160.7825653626953,5.587179763645632,5.215609070131709
246.92039139053605,160.53343687858325,5.595374759197798,5.203573542788785
246.57607528737577,160.45292773983027,5.603870192759669,5.1945576271050395
246.23188453898007,160.37232485341016,5.612157939610736,5.185739962460183
245.6327809054812,161.22807650390004,5.62027781720313,5.1743615034879875
245.54396066564462,161.233905120297,5.627960241324196,5.162704270694078
245.37084834211953,161.2394740120153,5.634400425604753,5.151566487257488
244.8557477143024,161.3301613112478,5.6457105175208655,5.140007082745486
245.1927383012485,161.6744503821203,5.650957902145214,5.1306574995170235
244.0021827777881,161.16916009219156,5.655711957342686,5.122799368635959
244.33900747781763,162.53324847369223,5.660816401740565,5.109637983462357
243.74281098175794,162.0309255065452,5.666303946605714,5.096936391538478
243.0661231510661,163.2215658832139,5.664155225191483,5.087823308097295
243.06430522362743,163.39677780329347,5.66779108006887,5.075922814156212
243.06113624359105,163.99516611686488,5.67412904014162,5.063043221932572
243.05903433073513,163.4099077949929,5.678332865853452,5.050413909319732
242.71588587988444,164.0076251573503,5.689092631662195,5.037169172417086
242.1190941586059,163.67682063536634,5.700799622292958,5.023420243855656
242.28142513068272,163.51456607967185,5.713739893081958,5.0103271403019685
241.17746920000093,164.11171820912793,5.727354484607917,4.997567565148504
240.40915154116905,164.70887419158277,5.7448021504343645,4.984845996112324
240.7389277422586,164.46176817501453,5.760709136832163,4.972463487816084
240.64523284897882,165.22748618785218,5.779186575747783,4.961238590936785
240.3829257672388,165.23191766414453,5.796747075381212,4.9523756383520405
239.95374886673721,165.31921549386462,5.809366343445987,4.946926885499563
240.20189063792148,165.83243580542484,5.82084560209756,4.936011864419246
239.09541758430893,165.6688610398039,5.833463796624054,4.924649409092143
238.58017202255834,165.67450696824696,5.848347471076587,4.91335755220597
239.08151978928197,165.68049933808095,5.861546057009476,4.901372812538012
238.39747141018734,165.5150797890849,5.875034152697203,4.8935597449047625
238.64603863616284,166.19661732526197,5.886123623120975,4.885748465550009
238.72428696469012,166.62503604823831,5.899079766330408,4.876175020917449
238.12844682920772,166.6261231128883,5.904275494289138,4.874000891617457
237.53250776764904,166.62714901597863,5.909354976108965,4.871949085436822
236.603638792077,166.88008110488397,5.901628203573289,4.874848014084237
236.09670712267928,167.47625310627106,5.898397966132176,4.869113183586106
235.59021166745984,168.071887532047,5.895149012191734,4.86345750714342
235.93177785764266,167.9029880814069,5.888944676374656,4.862792386149313
235.67560070880614,167.8226599230621,5.8939215877176325,4.854322907395557
235.8435990636991,167.91029709330192,5.896056154939956,4.848114205420057
235.1629441404238,168.2546263877072,5.905380330418511,4.835448452145555
234.39927727606658,168.51362199360153,5.912281264859003,4.824268171781515
233.97444320280584,169.1943967710374,5.917637715407093,4.813617330467249
234.30854849891278,168.77778568296992,5.924516766198208,4.802977452845866
233.54335397283776,168.78226766797053,5.936552337120688,4.794013482844666
233.62106655523607,168.70256665627153,5.949872818420885,4.784669860145873
232.9384144751535,168.7084397280499,5.964786918655998,4.772923716589107
232.17183432758554,169.1354232653124,5.978412570484053,4.7631425550129425
231.405063825158,169.6471962634746,5.991966278636077,4.75292142315727
231.3972209173862,169.48417387044228,6.007652094179694,4.7411075382466255
231.05305931613563,170.75747966950684,6.020064208188667,4.729162521963269
230.70950174607455,170.0873217803603,6.031284496209639,4.717688596053954
230.96039894840217,170.26141797445675,6.036366692785591,4.707413942015133
231.37900369699375,171.10961598564498,6.0435046628172335,4.699712854068216
230.44769051017548,170.94484916266046,6.048744437691407,4.6915398457167985
230.01895707193657,170.6956850970614,6.062209360240927,4.6834668045578915
229.25183756212448,170.69873922172636,6.076576480628916,4.677358555228006
228.73673525575595,171.29637935642944,6.092813786794419,4.665040143488736
229.06826476690293,171.9789912309759,6.105921137806118,4.652149141007094
228.21827348330646,171.90121186121576,6.115591013965079,4.638676611423984
228.29803649589374,171.82335689594515,6.125023792846459,4.625427737909236
227.20161661598613,171.82884652951176,6.122343290163694,4.6144484707760505
226.44822162851236,171.9168524408912,6.111139746031774,4.60710259458153
225.94900388748653,172.59266662356745,6.099323759308561,4.602476187595535
225.94475310884053,172.5985387536854,6.107825316600582,4.590731927359654
225.43443395324803,172.60157170832454,6.120120426889952,4.584666018081334
226.10184029571263,172.6875895631549,6.130469439734727,4.580775520642408
225.5061069334307,172.86034973890855,6.144262541771416,4.571733347000005
224.7398456440898,173.3700466210813,6.162076379664039,4.56214540984732
224.81835982884027,172.86973003532304,6.1734628723460245,4.552289408266152
224.3049664825472,173.54929975480013,6.189690935524724,4.540561475188639
224.886066501219,173.38662405639116,6.206855717790952,4.528951494975173
224.2025639550108,173.47606078329636,6.225454263723395,4.518628859475233
223.43599760952407,174.07097310589413,6.240614951126377,4.509449105945688
223.17750160249668,173.99095665009315,6.251378956591013,4.500739348017593
222.9190534215663,173.91080642263236,6.26198730606326,4.492277132142972
222.40787465755895,173.74548156406433,6.27163933001646,4.485358347925246
221.9049131851088,174.41947071028756,6.264662555124876,4.487913015201262
220.89259823291513,174.42222459423206,6.264256725508337,4.482405247312271
220.39093248712533,174.84641683666703,6.255651055811983,4.477301730172247
220.05670846168513,174.7603153638096,6.250331711354788,4.481062827052692
220.5660366541879,174.93016342391385,6.242214251931061,4.478213015371541
220.06616332717996,174.84283603720124,6.232441225200047,4.48461450867228
219.39939502251138,174.9226866240419,6.220294050398204,4.4931238080083755
218.22911244625084,175.25673115894665,6.20653205375462,4.497699637960156
218.65665620963904,175.16953321483126,6.191608091935616,4.504062813199505
217.90577902778801,175.9217440040735,6.1821651284784815,4.510838561874216
217.4809186796461,176.09586186736394,6.192492128743362,4.498360313700915
216.88753302109524,176.52182278917851,6.204449376166785,4.485591376984806
216.96540543470732,175.85596110637806,6.216506717830878,4.474897391479366
217.21235358146518,176.02904006354774,6.226037920088292,4.4643578076554595
216.53473146324774,176.53840405314912,6.239040226855237,4.452311275703617
215.77424412780317,175.87202824481233,6.250004598280437,4.442831515075897
215.68410225693168,176.21135224500418,6.262499530407345,4.435338753156524
215.09162903811864,176.80351108706097,6.272464808869208,4.426002228207232
215.1724865369186,176.38939212805067,6.278601105271629,4.414983676216265
215.16987782093304,175.9754406475967,6.283818537242736,4.404074838923589
214.66104198010683,176.65088542613165,6.29552285328361,4.394475102669106
214.06929428900818,176.40563157178252,6.305260972431379,4.381943984346144
214.3150381458917,176.32809432814057,6.31663235796127,4.369398771864459
214.81433704929015,176.08331605714585,6.323538647142829,4.356203265864676
214.30813529872637,176.75968597621934,6.331122185482341,4.343223378101689
212.41919825875556,177.4517590151998,6.3242357329522845,4.339688854371657
210.41911304213045,177.36757019672558,6.311432714622369,4.340859264170957
210.51002241513822,177.44755983589494,6.296647463298943,4.347913480524367
210.51526492906305,177.5322670699232,6.286162435449312,4.345426130753793
210.35379225784305,177.70092645619997,6.275652277130418,4.341562858959083
210.9387807794693,177.8710473019956,6.271211930297723,4.334331652059233
210.44530520023199,177.9558731118251,6.260251148678739,4.330998689082487
209.6180289772328,177.95777663406292,6.253822427441617,4.327191644606866
209.2874083238588,177.46184273034595,6.251311179466691,4.323430619956548
210.19999855979714,177.38285711769885,6.25034925843827,4.31556379517359
208.95179644894844,177.14029365450446,6.261351834894036,4.303610392514027
208.11899924848325,177.80667231767225,6.270329377462999,4.296146552867587
208.61003623131478,177.23170629473205,6.282296596454025,4.2863638833181135
207.11882226201323,178.05841828825095,6.2822698049704595,4.2898591907729715
207.1203555229001,178.63646174976915,6.279203283196674,4.294018236552068
206.95572328005838,179.13045474501422,6.27692360735066,4.30066473065036
206.5425067984697,178.54809641287443,6.274117749744769,4.304447045833419
205.46142441635055,178.30255157496745,6.279997634160638,4.297932518611407
205.62323864355236,178.96883297857983,6.288066929443175,4.292160710131292
205.70109155890057,178.80715139388008,6.298236024639773,4.283774027744621
204.7265205310524,178.96754477818234,6.301119303759875,4.280319052811164
204.35434917870717,179.05332345324814,6.289687940036983,4.281539299259174
203.61370191704108,179.30294426822587,6.27947201850614,4.279467817591424
202.4624500193282,179.6317660166531,6.264484218372332,4.283964776611115
202.38717732089063,179.3817267909924,6.249645919403545,4.287892140400683
201.81673863277427,179.29661866967925,6.233948379984063,4.292883395076684
201.82057765498266,179.95730529046864,6.226270335567283,4.292076661371186
202.32287531123458,179.8713898087514,6.211324788946276,4.298965997158551
201.90971716042912,179.5462525220257,6.213491016026495,4.289920510985409
201.24604847994308,179.4691356483254,6.223123299861961,4.279441123743929
200.99239915796042,179.3923358653473,6.236366649251322,4.268355591508114
199.831344032758,179.47958348723856,6.252658495434958,4.258561662312763
199.00268218004985,179.56650112846566,6.262135668689879,4.249511033074738
199.16291681851226,179.65373163385678,6.27122126230921,4.23982745756458
199.32178639611195,179.90644881684847,6.282989494135324,4.228654172119387
199.3168979466704,180.32336832983768,6.292766393018462,4.218542496579748
199.31141037477104,180.74073716102026,6.303741536817149,4.207428437363518
197.82930597142828,180.16804761120665,6.303257030774805,4.19987124870766
196.7639339755344,181.07472861760158,6.2945609496114265,4.196804682261142
195.945247406324,180.99370970767103,6.288028108234188,4.194451904142456
195.45080651496758,181.49128591374074,6.291390280469356,4.184819102480708
194.47081273220516,180.99993979396467,6.281653275747816,4.182649056909672
195.04299163657225,181.49592214755546,6.285024304228279,4.174451924483516
194.88036858342844,180.92547925252254,6.282519082881655,4.168208067829448
194.30604812760498,181.50321057693927,6.285020697548942,4.158884715975601
194.63670830604295,181.4252769156335,6.278167148152636,4.151135336717215
193.3250079009629,181.51253329772925,6.287411010956432,4.140007381735552
193.6468836209652,181.51762561756652,6.297013399853584,4.129822742060986
192.6624036007158,181.52232582905867,6.3062170295894395,4.120422319076662
192.24967541049412,181.6088990838781,6.315200684940793,4.110570354456203
192.0821197255658,181.69399895824995,6.323781867124088,4.103635699549225
191.9139078982623,181.94331057522396,6.333649251024893,4.0948468716605
191.41909900150392,182.43866616323413,6.3435904975429995,4.0838122426387855
190.92449629076924,183.0154572511568,6.353330793933911,4.0729393793849304
191.3276435364633,182.531278519582,6.363078657697993,4.062046016351842
189.5566035341387,182.63319661299627,6.359169938861576,4.058893751739855
188.90500000061925,181.9833369093595,6.357887893512122,4.054124046625026
188.4167796971505,182.5553118564201,6.356555331153096,4.050909516683102
188.01080490502494,182.3133288638652,6.354062446696506,4.0462100205682265
188.58087523306855,183.3748558505832,6.353329901540599,4.039199681718956
187.76908399779836,183.78436235314052,6.350468735460705,4.033408494914446
186.63652135635954,183.05410348292781,6.340528716343588,4.031384255486087
185.8312272189667,183.6219724044634,6.327896395259312,4.031900829523938
185.6685944630431,183.46334637695307,6.328878620532176,4.024869597970281
185.0969841291675,184.03582996748608,6.337828103503378,4.014173601684215
185.2535441670673,183.95972725713145,6.348695363729281,4.004385354380708
185.16630098967056,183.96476817615428,6.361189400596315,3.9943035163350564
184.59222371166587,183.9697416182193,6.375272550412038,3.9843566322049697
183.37089629956182,183.8935199843831,6.3871188889245785,3.9747460008310593
182.72091370982517,183.8166923858583,6.390527018224004,3.9663315666089067
182.48331892147075,183.7369673808863,6.379778668256007,3.963802267660606
182.00095422374548,183.6565960045662,6.373849744271133,3.962768633728198
181.92401115198606,183.65481017195148,6.366065372737657,3.96634029895768
181.76211270925097,183.65708316838354,6.366633864783904,3.961794306093553
181.35642760349825,183.57982046291414,6.370271992721727,3.9547733003188354
179.7333930754633,183.66532334345723,6.38668275077638,3.9452504541334554
179.1624798097429,183.67016915520637,6.397533495557382,3.9355588306351357
178.67449199580182,183.7553542013985,6.404106964001833,3.9267557648238274
178.18672927901068,183.84045975974539,6.410529878596421,3.9180617346280164
178.18383966570246,184.08790399152804,6.416309105212868,3.9075731839746526
177.69756788472804,184.33495286025357,6.420594861492756,3.897604349358069
177.21177194612207,184.50098445646543,6.424552646478491,3.8880858543430694
176.88553658394798,185.06989780640617,6.432339361608989,3.8784561705925453
175.99498868859152,185.07497042123458,6.44106344242123,3.868310940935742
175.50788372984388,185.0801098071017,6.4487721712499,3.858032169201439
174.62076397156937,185.64910386583034,6.451738230406997,3.8472180700844962
175.09992195677825,185.01050926232193,6.458741176793523,3.8373153880289443
175.25776874237877,185.5786070289719,6.464694450607242,3.8268838122807063
174.61495950499577,186.06537611241086,6.464427319184286,3.817759850044504
173.80847927263972,186.07006327693352,6.471612349684707,3.8083855209992086
172.5224500989674,185.9117168218921,6.475257935325804,3.8040268358690774
172.59934246485201,185.83538203453818,6.481979429289887,3.7961901848436237
171.95898694111557,186.4773863564809,6.478902884193838,3.795969133527156
171.39726007534153,186.1579386561724,6.479388393789874,3.793168407314384
170.35859791349984,185.75572886724143,6.471722714401491,3.79566875322563
170.03240709567427,186.07909425773627,6.482854991820439,3.7901873304681364
169.46839044883794,186.5601724416939,6.488194298121747,3.790340094585466
169.78391198174617,186.00034298218216,6.499018014786453,3.786732144267001
168.656655957138,186.48460636118153,6.505602606419926,3.7816028680894003
168.89728532485566,186.00346717173827,6.506075092776532,3.7804188033921613
167.37553842148694,186.6456978484042,6.498852415275049,3.780469653950336
167.4526031695478,186.4875299672783,6.505180647604681,3.7758899592993775
167.20992675930904,186.40792825725683,6.50911137934615,3.774619349763653
166.64622680155892,186.25109466152244,6.512935648844082,3.7672649280888755
166.72713074205603,186.4132898317729,6.511570647198511,3.763760346285385
167.3678349324587,186.4975510514441,6.513068086168377,3.7556011344148756
166.56532967220926,186.5823815605162,6.515607782402752,3.7461871986970983
165.0497459050527,187.22234891991863,6.504399424518822,3.74725285555419
164.33620598792422,187.06168122631394,6.491686360641111,3.7486342654003364
163.6173668563298,187.62350962081558,6.491057179212579,3.743661044432762
163.063866416495,187.0630984809262,6.48003010071216,3.7464553660415425
162.02895442342566,187.70215655334053,6.475026006932278,3.745156501162665
161.55095677899394,187.3042005650737,6.47398567974687,3.743538797655626
161.87339153882414,186.82534062180093,6.46696850368623,3.744480168801511
160.6805629905277,187.78362620239176,6.462000912937111,3.7404087574934257
161.23542233889512,187.8663312293934,6.4669083125065185,3.734231002962161
160.12460963933586,187.7877490945627,6.459728942265065,3.732194931954963
159.01661268434026,187.944023969444,6.448891695812885,3.7377639188271363
158.46228097981827,188.10202976885785,6.444603763665847,3.7397384174825707
158.70326531997492,188.17956315684032,6.439523796004649,3.743634545735023
159.09765991122813,187.54671163269975,6.445502359279799,3.737709200765602
156.87738100015187,188.10238502215955,6.435688403235229,3.73895536639524
156.32255596225556,188.57959448673728,6.433616806214224,3.7374407282228828
156.32672220448754,188.02293441565112,6.425284321750255,3.7394339442246998
155.37587287189834,188.49830232401547,6.422929460966776,3.7407248904769217
154.8248041683616,188.33877029247208,6.4144605291781716,3.7424728567459877
154.27399884810612,188.17923485620102,6.40613739757104,3.7444197943972446
154.50899381840296,187.62353147215816,6.411561627591971,3.746526831048925
154.66519924157961,188.17883747677635,6.416325922838508,3.7460278174120307
154.26991661479272,188.01800522825673,6.413641982342401,3.7503926368233156
153.4753260500555,188.65135612235252,6.415984258062857,3.753161931634981
152.6725140314172,188.6551525774134,6.433953033912088,3.7455690215132544
152.26987168736554,188.57672461697152,6.444719422220943,3.7435212824380866
