149.8000030517578,259.0,8.300000190734863,4.900000095367432
149.91694178389827,259.31067409799,8.302980004242489,4.927794936438853
149.81578594750277,259.19206608721174,8.298634875106377,4.958354156068285
151.4812361514286,259.07540047109023,8.28146411597383,4.984577285266423
152.21212494279655,258.7539323752046,8.270750691246258,5.005628837891185
152.21546726478564,258.11959759577286,8.264066047268063,5.029357795808733
152.84363289293123,258.7296471491923,8.254475144166946,5.055999042160041
153.47379939171236,258.6193959969845,8.242713955024662,5.068406045172292
153.58459647289604,258.40396186137366,8.229248280411188,5.083017340886219
154.0041930601763,257.6712535230786,8.222747453814833,5.091222408539114
154.73868124316044,257.8701724275293,8.211268110402974,5.109812320368098
155.48176817488803,257.8612242375306,8.183575797492974,5.127708700365462
155.80944720772453,257.85006701527567,8.152940657864923,5.150023144875393
156.55630114466487,257.8409274288584,8.116330740818194,5.168302317709946
156.67484127736543,257.8304640568623,8.08716550215413,5.1892290617021475
158.1387633103335,257.09297612958295,8.068915741448409,5.2094077636456095
158.34901829318096,256.7796175937546,8.064189213326186,5.212449678943081
159.08672047999053,257.296633817944,8.043886396388753,5.217775485337009
158.99696150553075,257.2894772182629,8.01574820194129,5.232088684699206
159.1151246741907,257.28471918904165,7.986894629412833,5.241604743141683
159.9617743807803,256.7589855527695,7.951181474027592,5.257080604564781
161.42475922009035,256.23388195839806,7.9220857910933615,5.272689937705553
161.3288653910827,256.74400001506234,7.90713155348843,5.2861633024779255
161.33509260426698,256.01457560743097,7.894677127119917,5.297825655927777
161.95754478384674,256.11322797732896,7.890256307692672,5.307268172753878
163.52411944997738,256.2107323861367,7.85966928099216,5.31909684217576
163.53779191331532,256.2066030728972,7.832324354316246,5.3273554686547735
163.853191915073,256.10049764422985,7.820419204007756,5.333268041587186
164.68482143904063,255.99295576106317,7.806894990855105,5.342134953572695
164.90108701867499,255.67701391441105,7.7866835402596735,5.355539083866946
165.8408602600587,254.95071617931774,7.761829492409949,5.365595993562033
165.95458219577165,255.05156802073438,7.740253906951862,5.369760596696584
166.58418126506294,255.1468079870213,7.714724446524552,5.384892110481942
166.59607023688497,255.13923528632776,7.6909465028804656,5.40003751186901
167.01494570077278,255.03385480448688,7.674661677886108,5.405431949855442
168.1588128489074,254.721457016606,7.6442296554472495,5.4145996327544195
168.99260362967024,254.10356827356858,7.615848992224703,5.420976445101864
169.00515151240123,254.61129209229216,7.590753226762709,5.428406947725175
169.42250499134312,254.0972009090436,7.573318055954971,5.43499958037722
169.32447648203592,254.20070948566507,7.5652127776706495,5.432144724033016
170.15197332859077,254.3010200046904,7.542159228770803,5.435516204008592
171.48543315018833,253.48559735341894,7.523320924634726,5.436772990207513
171.39196521741073,253.38491504532692,7.506823177011669,5.434703993213242
171.40217838977094,253.28164475652386,7.486396832291212,5.4380951439625
171.8141648600537,252.87899733797227,7.474005035817882,5.4318088369735635
173.24868798065987,253.1825065142195,7.44141528168086,5.432602588852374
174.06566214153932,253.28687495011525,7.4244467560499405,5.425988191576915
174.17724719395164,253.284683707116,7.40303297893035,5.430370677575434
174.8929626366223,253.28314374579034,7.38212353590993,5.433450600226681
174.90374882551797,253.0837043823772,7.360551158118611,5.429857444827172
175.31962362361756,252.78066636981083,7.332198547571242,5.433385730721021
176.03217120685395,252.17901658755596,7.310435880862058,5.4338288668619965
176.14623496762013,252.3784785943691,7.282460741286987,5.435209617150308
176.65663391604463,251.8780052094708,7.2604098279258995,5.43740940345897
177.4597737468743,251.28020743892577,7.249728454523336,5.436306228356448
177.86208361426768,251.6804505173073,7.242185282660596,5.4328966345174114
178.66161118853782,251.7824736754914,7.23591849577505,5.427948863356063
178.76644727298094,251.78024007463665,7.225168556490332,5.432416065065519
179.27239255898817,251.77606623489524,7.207435877762064,5.440763744548346
179.18060595851293,251.67242187388536,7.192311183934206,5.449354571789765
179.7748278589321,251.48137150675205,7.19551381834149,5.4342398276411625
181.26338378015254,250.7952416925552,7.194547032786485,5.417631762821449
181.0710191064557,250.10663563519861,7.183029248391433,5.407978916274146
181.37662759167165,250.20472366689376,7.165183407878681,5.409593229523582
182.07750526959828,250.20102461214867,7.146242394209644,5.416991339013732
182.0864355993543,250.19988648739925,7.128381734697606,5.419267588512596
182.58318527841968,249.80889913465094,7.120592275512744,5.412674374852487
183.4772260452647,249.51152064735965,7.104751112894724,5.416684559077764
183.48094236414443,250.10407210810268,7.097318475135317,5.412018460907175
184.1796608792416,249.31595611049488,7.075731280170003,5.4158506444324805
184.7740132402533,249.31464357618827,7.064725533895779,5.418475713045666
185.5677089042925,249.31203176860956,7.046598310280018,5.423699328203083
185.67236616279538,249.0172969270209,7.0332502324643205,5.425269693810338
186.1691790066996,248.4309316028338,7.018565549381002,5.423271136514331
186.17435771625898,248.72356957018016,7.008208130262248,5.424589299976912
186.2810451244953,248.8186675477256,6.9902279243252865,5.4297879554217126
187.35706762566525,248.0375079311743,6.985432311935375,5.430471268560673
188.04791619842925,248.03340370324776,6.969731355724675,5.438679724413778
187.9565088080227,248.03032457198276,6.957510319964917,5.444837986943773
189.2289948653097,247.83878521068922,6.946875898681725,5.438018602870701
189.23916226867613,247.450003288281,6.9265410919488355,5.436880397286896
189.43982773722806,247.93928015541974,6.913901967837541,5.4300561954908115
190.21973234758164,247.26409906447807,6.906425556588755,5.422127169098012
190.4148973526341,247.2682682933862,6.903692228527888,5.413788711281782
191.09277122594577,247.17667657983856,6.903291454156957,5.403351142341007
191.48058176577732,246.79594488418184,6.901451139717211,5.3910337684310905
192.16311136873657,247.18474511767366,6.888909251896051,5.386300340360225
192.1657251196829,246.51264638716518,6.883681750003379,5.379861997889222
192.54825213154248,246.61419706995798,6.889681034329794,5.369523959315016
193.3198664525543,246.61829440528288,6.887947778572337,5.361329288665237
193.32233530793687,246.4269780725215,6.883010067807139,5.358907741097549
193.80129533046428,245.85267856379747,6.8871511408952815,5.3530334167740365
194.37623940465966,245.18246267192563,6.89154263102698,5.346805622241555
194.57471121053177,245.27938413108473,6.879290409773541,5.345308399168821
195.24272643115054,245.9570807934406,6.8881985150782805,5.334853620999295
196.20565231112894,245.38370129732306,6.883347017895971,5.3290124555696625
196.87408781331027,244.62150466498838,6.889991612583819,5.3179593213242455
197.25596430578585,244.62547288532423,6.893647799130956,5.310022880652543
197.83351005490465,244.5317503094644,6.889229303926093,5.305689198533378
197.738667620034,244.34067017588643,6.887273417188595,5.304567952731826
198.32276542296037,245.00826081277458,6.868633548151894,5.31053503857419
198.99614165931555,244.2437405367778,6.861717103434893,5.308334415718138
199.09605755018458,244.24316172175074,6.853148976080772,5.309492045772309
199.76218993611081,244.24721052228767,6.858945404633384,5.301394444698395
199.66920977059985,243.96391988792828,6.853797437045554,5.294650817587912
200.43346554799203,243.29893547867306,6.852644572653132,5.288180782005413
201.57624770975355,243.4939645933182,6.856642377380648,5.279716240756883
201.0045014791371,242.4509627714253,6.8558148870658675,5.267799973372002
201.76629853017687,242.36075761581785,6.856326120397488,5.2576971176605305
201.95583566129548,243.12578931674457,6.857964426880472,5.250483990687797
202.62589598475407,242.55376606730414,6.849689514385955,5.252948431492065
202.6238324164357,241.89287941363503,6.853816651022658,5.2434786800670405
203.09935823914424,241.99090187538118,6.853195750835479,5.237519905620674
203.7674882192351,241.99261254972558,6.846792233583409,5.234098556931906
203.86401652125073,241.99263450217805,6.8435616245603015,5.234054652026918
204.4360579945673,241.80053427127163,6.838134617351414,5.238703134031714
205.29843527078836,241.22469116804467,6.821300921098397,5.251775436359521
205.97274686598752,241.5010531535879,6.800753464342804,5.268226779691416
205.98141877251186,240.73624392268138,6.783409651294096,5.280411473857061
206.6494829049927,240.73537307906716,6.774568646476944,5.282153161085494
206.93640179928929,240.6443276793785,6.76924775802329,5.27473832708296
207.40953301791427,240.3658643131485,6.769503625554687,5.263754076674134
208.26097703733478,241.02832839909982,6.768775291954306,5.262727897736442
208.26569404368252,240.2728679748129,6.759341279258813,5.260840548584278
209.02406624265566,240.27700210112383,6.754005725793841,5.2525722959623895
209.12645989079104,240.18202049302573,6.737928438781036,5.253825502900644
209.69812198002208,240.0876954261288,6.7255119259820395,5.253991025750705
209.61097428372028,239.80769562671878,6.711509884988082,5.249098323777919
210.56082136594893,239.2419121642513,6.691852938902842,5.2526429176896245
210.5712171182947,239.52301056193338,6.671061434211338,5.253727992389353
210.67615763838242,238.77112287037977,6.648640448662745,5.257822938481638
210.59435876898812,238.86359661603524,6.625054911531075,5.260058723090914
212.4751708377251,239.04649899801356,6.6005965558729,5.267970537315877
212.67414595706472,238.85625532784132,6.575869895114918,5.2752342997390915
213.8030548160056,238.29204476450107,6.554256517060669,5.285553256505849
213.2532209129187,238.7525532292994,6.536808988404126,5.295465772601187
214.36923251494017,237.924197816517,6.523779445895048,5.306334003149914
214.79209870680782,237.73632286576574,6.570865020892631,5.312537396572509
215.22819815957666,237.52826816805916,6.602805590360459,5.307455701933357
215.65030811397574,237.32885089767504,6.6370445087967465,5.303352100196781
216.08097145802492,237.16615217085408,6.672993646781362,5.305891547634836
216.5476430912717,236.98439651977424,6.688039430122219,5.313363894983013
217.03181751458777,236.77231820657445,6.697955590225366,5.323295664299617
217.51951204191724,236.56864485340475,6.705602864585787,5.32670932261576
218.0193978554953,236.36430427835424,6.71276685753882,5.334317894787718
221.2380675657696,242.04266641967956,6.715269998352676,5.342021661600123
221.52608283971728,242.8026551005783,6.707950880042611,5.338608112030277
221.71857994757983,242.80755852900316,6.7017625369805955,5.328801255180585
221.0603290244934,242.81213878585805,6.694221321971038,5.3196407414707645
221.34678689797187,242.90943756359175,6.68796006308789,5.313928015361304
222.0047751568438,242.91557468838027,6.692856950405034,5.301653765784254
221.53293882529948,243.01591823804648,6.693669487285729,5.289538691693404
221.6275671825418,243.11387417266775,6.692800558563626,5.282014608213443
221.81510290886652,243.2125821205119,6.694233705604897,5.272851012370448
221.25383489299168,243.30932592341387,6.688017318178258,5.267488809762585
221.5369479653777,243.40796770032455,6.685620596082883,5.258148396833448
221.81828380043774,242.66234179091757,6.68621306086384,5.2473625225778875
221.25754496937012,242.76079732818835,6.682159673236515,5.238039956330053
221.5396674496779,242.8589528489172,6.680039610221505,5.229103880739201
221.82131630452972,242.95671545182972,6.678333695825614,5.2207759400167095
221.26060265394761,243.05537421705196,6.67754640601296,5.210494174735081
221.4463403793639,243.2481980531538,6.679783984152789,5.19855953150379
221.63156076073324,243.44081847041988,6.682736371787048,5.186711847344544
221.8188713319069,242.7933218939837,6.681213022058043,5.175862726052742
221.07511386991607,243.17085335496972,6.677935869740418,5.166195842230334
221.2652000797568,243.6402249546675,6.67004653695648,5.158160360078541
221.45391336301807,243.08697138305683,6.664400315072757,5.1493264693833005
221.54370207290262,243.65179821806038,6.6704829555474205,5.133633160838429
221.91766481420686,243.19207404120323,6.664546643470369,5.125595051388392
221.27119060962804,243.7533612037166,6.660565341661734,5.114674764332807
221.82484395894298,243.11160447102714,6.663480127810754,5.102929830802909
221.27203751179354,243.67133899952518,6.659753498789125,5.092800297127335
221.5533870691013,243.39754370807756,6.65105799343681,5.086387270759382
222.20368097038667,243.95362456552886,6.641484463845561,5.080809218410656
221.28781147691137,243.9544316594786,6.631287730915686,5.079195030511169
221.38662625304616,243.95302638627717,6.617669838726255,5.082005576914041
221.2992384368861,244.04603399383134,6.60859582707993,5.079840005772177
221.1163508229094,243.31591884487523,6.607019389113756,5.070663640006164
221.94305247872836,243.50365344844897,6.605135865075139,5.062198830102943
221.9456065419327,243.78274702637185,6.600027738666419,5.0540180302348
221.94516777397521,244.15113153793067,6.600905274581408,5.0497454523898675
222.03744767316778,243.42239084378744,6.599413303222744,5.042684224464865
222.3152418394209,243.5147662172768,6.592614665121786,5.040863375621339
221.67829107262838,243.51638699051696,6.586940854997465,5.037621829140948
221.9523993998817,243.61129012426775,6.586695335307803,5.030472606578366
222.13330321137553,243.70824152600218,6.589961095603861,5.019106494751364
222.31512770683005,243.80397463751552,6.591114231881862,5.010041335318186
221.49189821707387,243.9012858926854,6.597136904084738,4.9976895257906255
221.5802650860656,244.08894031574073,6.602564018018558,4.986702383514431
221.66696283638493,243.36749451033185,6.611232614575634,4.973081216766479
221.7543924528509,243.55381517498355,6.618346939696747,4.964387003569208
221.8409444272286,243.74198708217557,6.627182739149051,4.951922685600681
222.01812879462983,243.9302800714209,6.63655475065281,4.939077453416182
222.28758421957056,244.1178755603585,6.643052169724983,4.927491988176788
221.55802555786696,243.39533885826836,6.648474416791388,4.91887031601624
221.9201086726795,243.6694799929758,6.650920603551789,4.915547358890549
222.10356314668968,244.03349937241416,6.647283348037053,4.914051985024992
222.19729067117422,244.2160877862215,6.641384356547033,4.9119872723684015
221.56666051318092,243.4905660105892,6.632616757755189,4.911570349600547
222.29381630690617,243.67104051104326,6.628644698410888,4.91320623071894
222.29827532814735,243.84883922483286,6.61972665592853,4.920126491397298
222.21342089388102,244.02656465476764,6.608198976786797,4.927148726876376
222.0366896055513,244.20573250644446,6.599309287489826,4.931165289479247
222.3999139900668,243.48232526905392,6.597286859571229,4.92912708203536
221.94885720661517,243.75545278263323,6.594188120332101,4.925999438562122
222.03648472359873,244.12290288578026,6.599877219928833,4.914875766523408
222.03444537159723,243.49555379060197,6.603955923931808,4.903633330162825
221.39864924234556,243.95160612138795,6.610461657918181,4.895161900388731
220.94503552851774,244.49860426893193,6.61425494003682,4.885286579945291
221.75681857025705,243.8700710729474,6.6159331566690565,4.878274071828051
222.02904012925143,244.41042730103965,6.612969886324988,4.880521310933009
222.21027808933482,243.78051465874034,6.611464125618352,4.876951037421108
221.5810764319378,244.2293835074581,6.607041651376688,4.881231760725414
221.853295627521,243.59716818924187,6.603823121647183,4.8828160538051035
222.03602046778883,243.95512435913687,6.599140754231114,4.8884383402543
222.30941655673655,244.22177872221184,6.593562306793003,4.896343344561743
221.68017694949174,243.5883181809235,6.588897039587622,4.900119945443391
221.86244424512353,243.85989153967677,6.585242627301491,4.898293496403017
222.04371026087748,244.13367283541675,6.583419802168534,4.891794714485457
222.224346831489,243.50670625840914,6.582587624189877,4.88418449714541
221.41301318908043,243.7806337286503,6.584505999175356,4.876579193273645
221.59354717835225,244.05358851300815,6.583413661054201,4.87063308519158
222.04618907083434,244.32372876681723,6.5774989157376735,4.869974001362043
222.2276363680882,243.69710801670675,6.5741505054602,4.864803856777172
221.50963034702022,243.96895048227125,6.573062607390195,4.860031403225418
221.5983932787236,244.41962727288396,6.575079511455654,4.856391659361293
221.68652576303268,243.79449023311412,6.578328329535352,4.850069232015976
222.04364232533533,243.97515771686236,6.581933393343214,4.847653358726095
222.3122425690366,244.335561768479,6.583157087993483,4.844744164896525
221.50235910014882,243.71155689129546,6.587913374469709,4.836634523808637
221.59171596154204,244.07065304679628,6.588584558591773,4.83598184044075
221.68083176817328,244.52138942078142,6.589737342823485,4.831431079941411
221.68036838281688,243.8988305285786,6.590664113536262,4.8212580002424055
221.86496506100002,244.4360930338751,6.579819650743984,4.8217796703713605
222.13688738535257,243.89825887973933,6.573030006880634,4.823337968959434
222.31799295777935,244.52590626816703,6.568700419057319,4.820628641709981
221.78519173462325,243.98868980096057,6.561319363693449,4.822078074446803
222.41499471645884,244.43397423189387,6.552909057215878,4.825220396289887
221.7884339729469,243.81262010621768,6.55536866589592,4.817266769298458
222.3242296162676,244.34841844290733,6.555215061249892,4.817107777914477
221.8770224559063,243.72407791066422,6.556789349274311,4.815812796623305
222.6824842075909,244.16963214362983,6.553002011070537,4.817557755784061
222.59837410249577,243.72246594333967,6.542680454973191,4.819181324926494
222.51441399631005,244.34552064160766,6.532189098835284,4.821952907956082
222.5212739941256,243.8961605291604,6.518469103204138,4.829185311974149
222.618757479765,244.60383501939722,6.501709629054019,4.839496308529662
222.62623076326503,244.33248438351973,6.4867630620539884,4.847833217347813
222.54295959874804,244.15462903073072,6.475274922335816,4.8474829854216654
222.45963404615298,243.97659949258016,6.464076137397328,4.847842281465658
222.46664593962768,244.68574375276444,6.450052350447934,4.85103606550742
221.93226844317914,244.42415305901667,6.453663542583571,4.841645552622194
222.82429550340623,244.06949721235227,6.443863730550709,4.841255522582442
222.3831204983746,244.69116085063467,6.439864539322434,4.838817127825774
221.85244517231388,244.2508707570597,6.438200716317612,4.833551919037178
222.4723607262302,243.8105461933822,6.437773250745038,4.828912730492139
222.11756954087886,244.4324179451651,6.439454423034179,4.823996324149893
222.8237585429168,243.99275503934555,6.44244036509617,4.818719669452824
222.55554361619795,244.70189564261884,6.448231312654272,4.815475545251769
222.46592065953578,244.438161403612,6.450562534129919,4.812199947719354
222.28783346628632,244.08766780897588,6.45294378759104,4.805600870915955
222.46665986865278,244.70785600400077,6.448940572349056,4.802998044084547
222.2900167835991,244.26812654927255,6.448784158657715,4.798850494044236
221.75642787660752,244.00791266356617,6.456055837939342,4.789325198106249
222.46221472555357,244.71719069022018,6.4573274033695585,4.783614408120582
221.92850863150406,244.54558557972405,6.465550830247001,4.773761708705622
222.4522736180632,244.37348167500576,6.476991133231691,4.764979426107921
222.0066314787542,244.2013890339855,6.4856507320032035,4.756114836209864
222.7996558907961,244.11228895578148,6.488201867114167,4.757803886040655
222.53656367466917,244.81640171831307,6.484653631785876,4.7621988078632125
222.09437789502707,244.46367495600543,6.486046472415726,4.761269357555095
222.80080156868732,244.28817621285987,6.486012384746751,4.759063528933302
222.62398055144587,244.11157840025746,6.486524493473491,4.759129228382017
222.44772367076433,244.81669739014507,6.485890617968261,4.761481796080032
222.35989128752112,244.72643309023513,6.4849526102946395,4.765407621739799
222.27235507640387,244.63576740505997,6.48337212773715,4.770086087298158
222.0944914743863,244.54637957440593,6.485688123042077,4.772156144241139
222.80040260030398,244.45736753056968,6.48806370462922,4.773405502735853
222.35288548443407,244.36839190179748,6.498941416460734,4.774525456298588
221.81378802993925,244.28022853050697,6.515046828447361,4.773837282712433
222.42547503527322,244.27971038616187,6.532410503670421,4.774873571402648
221.88454591220608,244.2798545647827,6.549095390296223,4.774585214160931
222.40981851151741,244.18955383500972,6.565214801384723,4.777409238755095
221.9599737830591,244.10202544486265,6.574562107998414,4.774397588988609
222.57772432614058,244.81711585026483,6.586186619519886,4.7695031755379045
222.12828500682795,244.72994591295335,6.59378160733208,4.765586319998237
222.83631090971946,244.73110659472513,6.604190160526036,4.763264956454716
222.47515009394021,244.7320702905067,6.612802986339617,4.76133756489156
221.9359159879532,244.73625811177,6.620114762418769,4.75296192236492
222.64795004823264,244.73392551165534,6.6240396994043,4.75762712259428
222.10482195664375,244.7344855314067,6.638483798741676,4.756507083091535
222.72200243298323,244.73554907035182,6.655973238873729,4.7543800052013125
222.08557435057423,244.7382886005777,6.6753696667896865,4.748900944749532
222.61692179595957,244.73711309933788,6.688289650897739,4.751251947229232
221.98039931316703,244.73993714168117,6.704810534397475,4.7456038625426356
222.60358883558735,244.7417890901954,6.716054139253213,4.741899965514139
222.1515343961653,244.74159130620404,6.721315956234447,4.742295533496863
221.78886258816493,244.74234507966307,6.727237485697025,4.74078798657883
222.59813244862474,244.74114124402834,6.727979723754811,4.743195657848273
222.41856439362826,244.74090711495694,6.7271735361168155,4.743663915991064
222.23550003763893,244.7408498040549,6.7333688916537096,4.743778537795148
222.22726691809987,244.73592780988704,6.749835130731805,4.753622526130861
222.04015731202568,244.73049168339736,6.763107094846094,4.764494779110248
222.8548233015579,244.72256869264805,6.761457885045625,4.780340760608839
222.85566241138312,244.71517472789697,6.759779665395176,4.795128690111002
222.85574961455225,244.70894431286774,6.759605259056888,4.807589520169488
222.764709243478,244.70287486101006,6.760175059359271,4.819728423884859
222.76463397883114,244.69633052819,6.760325588652957,4.83281708952495
222.76471424500323,244.78150842579092,6.760165056308793,4.844398524318127
222.7660802326894,244.86429830968214,6.757433080936458,4.860944148819745
222.76590306806756,244.9475264734435,6.75778741018015,4.876843989098244
223.22600916133885,244.9375947382844,6.750690038029247,4.896707459416443
223.0467437577596,245.0221132793314,6.743537371925769,4.910512113953499
223.4172183129158,245.10859410672452,6.734427934827986,4.920510377470877
222.31821198485156,244.377186343031,6.736611412314326,4.919439785763104
222.31700232930012,244.5577012772213,6.739030723417225,4.924412602150369
222.3164885578226,245.01299281616983,6.740058266372266,4.929427918528684
222.31346870057564,245.19712470778404,6.74609798086618,4.9275992896002565
222.30966127241382,244.4668504632501,6.753712837189851,4.921913666220624
222.30726012903966,244.55796824587466,6.7585151239381585,4.922979628470908
222.3022257471744,244.74213822255547,6.768583887668695,4.921423495494605
222.4797280214392,244.92966647984622,6.780617641630961,4.913405283404999
222.47228303782606,245.1155554324228,6.795507608857214,4.908767396288255
222.3719170064459,244.47486185253592,6.812520065007473,4.904117309791292
222.36500603924136,244.75532046523696,6.826341999416492,4.894903283669215
222.35953457752237,244.94071876837168,6.837284922854485,4.892024613927017
222.45033369160217,245.12286197735295,6.839764068593594,4.895892943761847
222.45094272092373,244.38698194998818,6.83854600995045,4.8942242882839135
222.44887664946606,244.57190337594977,6.842678152865807,4.892646790356324
222.35173511210064,244.7595840118133,6.852791923881657,4.88562412605924
222.25688953308511,244.9466699898554,6.858276226896409,4.879865880007704
222.34912967507358,245.13303140757765,6.857991003278917,4.875533165282118
222.34674257576899,244.49184472816137,6.862765201888106,4.869070878179615
222.251434089674,244.85998933939626,6.869296999188931,4.869122355266593
222.15601002024667,245.22833734478482,6.875960269523014,4.8691658185717
221.8786550615382,244.58382286925888,6.877810958088523,4.868189902303445
222.80241184408234,245.04189960279203,6.873280658023482,4.8735280677488015
222.3442492638002,245.03970277543348,6.868017067037261,4.877921722465906
222.15670262562452,245.50152534792005,6.874489380509352,4.875828984690954
222.34078236440567,245.50193988988906,6.875077814429217,4.874999900752916
222.61786256911043,245.50186326928778,6.874025002399794,4.875153141955497
222.06314402652256,245.50585223832516,6.877327335206376,4.867175203880732
222.05949411474037,244.86441520474315,6.884627158770755,4.86012927650076
222.05736935963785,245.23236913235112,6.888876668975788,4.861295665029109
222.69919432051788,245.23369997863983,6.8956912253483935,4.858633972451658
222.0524876201165,245.1448577906531,6.898225962676998,4.851907110786002
222.23171369289366,245.1431937758013,6.90845103869011,4.855235140489562
222.50548282952144,245.14590262741123,6.914557092138007,4.8498174372697145
222.68770988946002,245.14870316667478,6.9192050114252766,4.844216358742667
222.1350807707429,245.1506115468835,6.917290308062712,4.840399598325172
222.69132140258182,245.15051650986223,6.911430345829073,4.8405896723677335
222.5141153467768,245.23986362183211,6.897139530837976,4.8462469117284686
222.6088596597766,244.68769868689466,6.891879710843039,4.845203945575214
222.61102878541826,245.33116139968402,6.8875414595597455,4.847203064474095
222.42663023966895,244.96513243347087,6.888139627753603,4.842863150290863
222.33306913772762,245.61111522825865,6.891224917492566,4.839155959721293
222.2408379829214,245.244203396426,6.8916648324240875,4.83689004466293
222.14723591115046,244.87763733147338,6.8948773201266045,4.834055551210891
222.0522062171769,245.61424415267297,6.900943269617045,4.832789416465615
222.33087059858101,245.339817439617,6.8958071688814995,4.82945018050482
222.51546966313344,245.0674065946269,6.8944720022204,4.822477426819323
222.79215544583354,245.71409076233263,6.892489041604338,4.8156825025707715
223.07288866532497,245.25570532988283,6.88198476296588,4.814183100229754
222.25106415447308,245.16404642340783,6.8743985952648305,4.814030336579189
222.34716908073156,244.9802136060339,6.86554215543073,4.814989145961361
222.3483096717809,245.71413227372304,6.8632609733320535,4.81303485757811
222.4436633114924,245.62123055086477,6.855722342792462,4.815669654411164
222.4457992556305,245.5310757155428,6.851450454516299,4.812881155956001
222.44678045422089,245.44238575550705,6.849488057335504,4.807273496481322
222.44851889316107,245.35311332000285,6.846011179455142,4.802952981260069
222.4497009257647,245.26452021067786,6.8436471142479025,4.797397666098985
222.540825288636,245.08494550474103,6.844012509704452,4.791318835574314
222.53817615797075,245.81789216830742,6.849310771034952,4.785579986895828
222.71939830078315,245.6352831729739,6.851875739718922,4.785788723254003
222.9012750882026,245.54328667753157,6.853215820545964,4.78723488630576
223.07983469128996,245.45513789309695,6.861278522305267,4.780941501207999
222.3424411857344,245.36899153346866,6.875194951216573,4.770625397689607
222.52085116371964,245.279391609651,6.883672069700169,4.767176708097885
222.61397965020745,245.18699399963367,6.88013460653937,4.769252418317761
222.88749508105707,245.18610741256356,6.881205007338882,4.771025592458002
223.2537729243593,245.1835557942386,6.879632879289051,4.776128829107913
222.61290241456058,245.276519128994,6.881728420579182,4.773008656498103
223.0694852631959,245.27506649512677,6.882495567838771,4.775913924232636
222.52260804843363,245.27310363298525,6.879172987478465,4.779839648515626
222.89048226259445,245.26923594530007,6.8748680548003644,4.787575023886004
223.1640542756721,245.17681856086247,6.8764950078406,4.789486133029362
222.43145105979565,245.08534201624653,6.877863018972616,4.789459419683643
222.61572983388675,245.90656916099107,6.875305518546383,4.794005345096273
222.89110082147522,245.9017419522492,6.873672984388833,4.803659762579972
223.1651311498959,245.89806153045916,6.875126060381177,4.811020606160081
222.52343135677933,245.89544225372782,6.8753225755343745,4.816259159622773
222.98723175295433,245.89145854719436,6.864742611210572,4.824226572689648
223.5410413727411,245.8877961474613,6.857377674599066,4.831551372155773
223.1766771407667,245.88545257765395,6.852565416582219,4.8362385117704845
222.90050362167915,245.88436238466085,6.854743374042584,4.838418897756723
223.81994729726992,245.97410927098304,6.8504418947276955,4.842383712299025
223.72637810320126,246.06538694059702,6.854121395953278,4.84328725998277
223.5404308813201,246.15714671928288,6.8589569517948625,4.843297146571367
222.98435593470907,245.33238512254692,6.869490328347777,4.8403955650394215
223.3453036384573,245.3298328482852,6.882451789319891,4.845500113562879
222.7876762292479,245.32856119708393,6.893740141672845,4.848043415965426
223.71067758747293,245.506245646324,6.889807915867715,4.8610886156142765
222.7871635249371,246.15030999172527,6.893208647996353,4.863499099871881
222.87868310723834,246.05287546996894,6.8946234051924495,4.873914221585936
222.96840976919825,245.9570457678511,6.899817118167492,4.880926588926787
223.05738582051302,245.76912580243194,6.906706217884561,4.887084115071909
223.1438067670284,245.48836653106693,6.918911248511422,4.893461886828954
223.13562454759457,246.13770980121137,6.935275687379097,4.892132250113197
223.12972634253003,245.9549298246387,6.94707209750819,4.886567569944355
223.1219538287967,245.67868109152954,6.962617124974799,4.882118258138342
223.20837638632435,245.58506106146626,6.975582523963626,4.883547804220806
223.67507735764522,245.39475080611234,6.972330898886848,4.892108187902665
223.01932022716875,246.13806218692287,6.980989748805833,4.894463038891903
223.29497316205894,245.94926817618563,6.988559712397222,4.899467171451884
223.66617288732718,245.6660830079096,6.9921160558720015,4.9063706624955
222.91529700177875,245.47847525463078,7.000614786231566,4.908272908868808
223.28894548687236,246.22169817163635,7.000583751691721,4.916358946152491
223.76003173212948,246.12235694764502,6.993158501091985,4.928091946152306
223.57832298213677,246.0230115780331,6.982514553715209,4.939751961694973
223.30212362897285,245.92401249156197,6.973727352416471,4.950688165428426
223.77259853088736,245.82447085356765,6.968323664248802,4.962662218284749
223.017947770112,245.73113040130877,6.97982790681966,4.962118462930032
223.10695168659075,245.63974506161085,6.989209933383477,4.957499282804595
223.19679019714903,245.54776242574692,6.996988670366697,4.954008796432617
223.38014982845132,245.45570856038856,7.005301295563534,4.950600583248693
223.56356029647785,246.20847841028532,7.013651410313026,4.945745086665216
223.00141862029278,246.11367730676022,7.012144151557908,4.947715525194554
223.37492618763085,246.01964106899385,7.015694874237451,4.948146536388397
223.843235957131,245.92680168397777,7.017586708454427,4.946123031777061
223.37580728123595,245.83325308706065,7.013956476189816,4.945522708800349
223.93679988754744,245.64727324789285,7.017767554391837,4.942216956861011
223.2772632092262,245.46257783643915,7.0233900973892,4.936336118726947
223.65114979397424,246.21604688267928,7.026112272017027,4.930388714494598
222.89611782385234,246.12511723584993,7.035641354171026,4.924681150892043
223.08056049847156,246.03415377941093,7.041989366416993,4.918991383027875
223.4523911841719,245.94155520367215,7.048802660124449,4.91656986822841
223.92094521885602,245.84763583491213,7.050102647930275,4.9167269943136525
223.35840150606057,245.7528888041127,7.0489670058896925,4.918517211307247
224.0202941008876,245.657701004887,7.0391955963227,4.921176555460492
223.557535293533,245.56280281191152,7.02665054512907,4.923360408230872
222.90578567886553,245.376848101008,7.017936753912375,4.920351824166
223.18670786515497,246.12984253858292,7.017925319751765,4.912584118131679
223.46857653593804,246.03889639127792,7.015635771526175,4.907327148294864
223.55787057557933,245.5764250449714,7.024075575781296,4.897130423219426
222.90062265492915,245.39361961041132,7.029662266595154,4.88876724934338
222.99076076333137,246.05085018731248,7.036319299224787,4.882838841579623
223.1738347140988,245.67957370448573,7.044043013535496,4.877648575541888
223.45359074213553,245.30772810861873,7.045430814437482,4.873473291308652
223.72763642821903,245.96389513168677,7.058095052109219,4.869569001462825
223.0674469010707,245.5916631972176,7.069158470534338,4.865852507045966
223.25033652018158,245.21769434693493,7.077680289168373,4.865188093899644
223.63014866197432,245.9632877091934,7.067128335183012,4.8721460285829545
223.07427687475843,245.86715074858017,7.055527801710506,4.877195931825379
223.73481992118312,245.86564237517322,7.044369088619553,4.880212678639284
223.46160645489462,245.86343362683044,7.029754233676625,4.8846301753248484
224.02642784514737,245.86244883518086,7.021309141818865,4.88659975862401
223.46799710306038,245.86362164076243,7.01754290224844,4.884254147460857
224.03014198630262,245.86564040408854,7.013307067957855,4.880216620808657
223.47594767635726,245.8639392195309,7.002425807588906,4.883618989923917
223.8521512825664,245.86128814234974,6.995765891813629,4.8889211442862415
223.39252818825614,245.85915260046224,6.9828932689988585,4.893192228061244
223.95480048032337,245.85939693542426,6.976147131848496,4.8927035581372005
223.3022611834436,245.86124353412777,6.977897746895428,4.889010360730216
223.9573603079691,245.85956640224774,6.970786027224809,4.8923646244902805
223.40163396355402,245.85838562779958,6.965620232184799,4.894726173386592
224.05718122598364,245.85655622580526,6.956973376037186,4.898384977375225
223.96903810177716,245.85273732525945,6.947266055148128,4.906022778466833
223.78985076548796,245.84867300350672,6.933695309647342,4.914151421972265
223.42337814911482,245.84631444830413,6.9230350162990195,4.918868532377494
224.07774100811156,245.84363012170516,6.915033680754955,4.924237185575401
223.8964571723874,245.8424841521118,6.906031206782587,4.926529124762117
223.90509761061097,245.837296803957,6.888750330335436,4.936903821071702
223.81740532383603,245.83525021758572,6.878539378537765,4.940996993814252
223.53887170901393,245.8362590118717,6.879082159202388,4.938979405242302
224.37776758208335,245.83322614859358,6.870639092574074,4.945045131798583
224.56895890429274,245.82862389694353,6.85916644193787,4.954249635098695
224.66488881635647,245.8264359673921,6.852739018229776,4.958625494201539
223.46375925622252,245.82423217826394,6.844709099787518,4.96303307245786
224.20620238900977,245.8244297086561,6.8426826285569105,4.962638011673527
224.1140110830287,245.82502097367825,6.841744995673047,4.9614554816292245
224.0210984650665,245.82611072325548,6.842283635591824,4.959275982474786
223.83755186272157,245.82666633456842,6.8388589169760365,4.9581647598488825
223.55952094750788,245.82668863558004,6.8393544716132455,4.958120157825665
224.20687015493212,245.8235947875164,6.84102485592827,4.964307853952883
223.9294934872581,245.82023489976027,6.8398106112763735,4.9710276294651825
223.83733300768796,245.8194980778025,6.838717098881302,4.972501273380713
223.74569881482222,245.8186055009316,6.836563404887431,4.974286427122564
223.7470186720271,245.8180625044745,6.833923690477643,4.975372420036719
223.65274350523114,245.821422110221,6.837077537436809,4.9686532085437225
223.4636700484032,245.82729727567613,6.84455643162066,4.956902877633458
224.20097314083785,245.83338690261417,6.851985810880356,4.944723623757423
223.92064707213277,245.83723293563727,6.8571371094330305,4.937031557711169
223.6403930275623,245.84142650062046,6.8622894848737825,4.928644427744831
223.27058736255356,245.84176984771855,6.861665934086547,4.927957733548604
223.91870019920086,245.93413774367679,6.8607060912881455,4.928259917417349
223.3618359628318,245.93837584992164,6.864264155520048,4.919783704927601
224.00906463484657,245.94020544234755,6.864406890295748,4.916124520075799
223.64098655435652,246.0339283099152,6.861023770460273,4.913563605144369
223.17993316531522,246.12938634081766,6.859173404264446,4.90743897219516
223.92373928393536,246.22076946910985,6.848862035482785,4.909335324168134
223.65053489797216,246.22278452138343,6.841657976425553,4.905305219620944
223.5610807311279,246.22749153760353,6.836204152585641,4.895891187180785
223.84033575850995,245.6788762861599,6.830067996630661,4.88837389244989
224.11823556129346,246.32437422130857,6.825992314272243,4.884733842972673
223.47613803054344,245.9565447197135,6.823683046877956,4.885247515365998
223.84289138090816,246.60165051775118,6.825215568505064,4.881354558414673
224.21050166470465,246.23438682660213,6.824870805845836,4.881006135779043
223.47659686858785,245.77519227786755,6.823016440420948,4.88085525971165
224.0322481067264,246.50555359665333,6.813778507687208,4.889552013531322
224.40337667328382,246.13720205795246,6.806243675935304,4.891532789570116
223.85837623410168,245.85866319858272,6.794650669910147,4.897813566114885
225.15271882172937,246.58743437583334,6.775337191033222,4.908483609544179
223.41535481069633,246.0330358154787,6.76529312730927,4.916826387372398
224.70834827753524,246.76124838185018,6.746818371776016,4.927551070712077
223.97537753230088,246.20869981783912,6.746444591841747,4.932911745931957
224.06306663674582,245.56822210302775,6.754438086744576,4.930265249005579
224.1501800732575,246.02970944372234,6.7636608365852675,4.924538681936586
223.22758145893954,246.49146831896138,6.773902088558247,4.918498919789989
223.221111702752,245.85432536141144,6.786841600933328,4.907922165202152
223.21492876858287,246.41145381140652,6.799207469271613,4.895111109248374
223.20910533543096,245.9592416116953,6.810854335575426,4.881779565905617
223.2954595677152,246.60549872785143,6.821654267101267,4.873824106253708
223.38242225665144,246.4269770288997,6.831269952526635,4.863785377561601
223.47067671770597,246.24703513053154,6.838282410074016,4.856626414984875
223.83513954552146,246.15586954662726,6.843395196197976,4.855447972354716
224.19970322199728,246.06484477392155,6.848538142071261,4.85392994305992
223.55693441812193,246.79948408507573,6.848733029816401,4.8536144293294265
223.9248658318282,246.61690356171314,6.847342755274413,4.851539199619312
224.2929463434629,246.4341332606853,6.8454333410622645,4.849953997146454
223.55925618521803,245.97881531724977,6.8447505682559395,4.843050453207491
223.93077187356786,246.7109941303988,6.835254294960421,4.845763033717579
224.21025590553785,246.2513729153218,6.826140612381214,4.848581494936918
223.66542505246457,245.7925611031618,6.816642487920932,4.850238593751257
224.1247017834387,246.43306705057302,6.813473169438171,4.850764499780547
223.4857908575453,245.79402220244228,6.810032447616737,4.847591622433812
223.94394116733508,246.3445722207931,6.808397661597445,4.844090586004458
224.12596582986276,245.71046005969455,6.8100498506346625,4.8323596088776855
223.3941699040228,246.26425672585765,6.8121815707132285,4.820861375252564
223.57450371311694,245.7217370409175,6.81656453105224,4.810749009550961
223.66147020995524,246.45726448969046,6.825056421681504,4.799093186452199
223.844681760235,246.0045721386852,6.823355449077325,4.792672568574372
224.21460804467125,246.72943393905672,6.812420556812337,4.800784321046428
223.57931854766153,246.6351333020088,6.8076143223876535,4.807187705364517
223.94433487910885,246.54070411117442,6.806504809214501,4.8138152996028545
224.30918082920584,246.44634503897132,6.806105962333495,4.820210180680835
223.58190930296288,246.26015721939075,6.801267965112644,4.827740557415246
223.76922183398818,246.0746364217266,6.791589915502963,4.8338351403025825
223.86459406262406,246.80199264566514,6.783272864733105,4.8385419444402915
224.0533979592715,246.5257671599477,6.770423049128109,4.843855949340335
224.24185915880895,246.2499409796871,6.758044363137638,4.848692740234903
223.79426113744483,246.15479889680688,6.742420835955317,4.85681299201326
224.0743823694235,246.0599634874435,6.728360452681938,4.864423117178728
224.26250329365655,246.87498812817353,6.716063844176246,4.872127415540478
223.63208160232702,246.7816210524496,6.703518302179324,4.876948863466066
223.72686867329296,246.50754818309133,6.695745707383306,4.879689960774888
223.82069745619637,246.0556371806064,6.689816737923436,4.87486898401007
224.00658662174078,246.6912452527167,6.681157344848551,4.874569122838309
224.19040285104808,246.60244434869875,6.676371115742035,4.8707478161201125
223.4640247983144,246.5166897511971,6.678825279794509,4.8609692684465085
223.64344930959533,246.430847589073,6.682305175476621,4.851489133572706
223.73239020180247,246.345091993821,6.685484967653316,4.841938747485773
223.82323060615843,246.16704547857543,6.684757080400843,4.836125935058047
223.9141295721797,245.98907705949335,6.6838055173652275,4.830370035208517
224.09811933968112,246.62364789099777,6.677300676841381,4.826389802876155
224.37368873202806,246.17504185396723,6.6678817789278595,4.820735398969985
223.74574025838777,245.63825507234156,6.661415939584084,4.8122837165432735
223.83599400290453,246.18217739861436,6.6610090426537845,4.80504261661731
224.0171178773224,245.73615066303282,6.658712086894162,4.797219105090169
224.28634698950796,246.37040801649903,6.65968971896533,4.787388063189821
223.56676416917807,245.8361086618037,6.661534541305067,4.777996158840399
223.65274452418367,246.3808741032385,6.6691123952817275,4.765696659898127
223.7421254861843,245.93594172971623,6.669801422101312,4.7583066528383755
224.01637257387156,246.65284175172047,6.659326432077334,4.759224436431164
224.199786197022,246.47384781519972,6.650891593999847,4.758819901249229
223.48895503993674,246.38253007531625,6.6400595978066415,4.762393592220664
223.58060504919368,246.29482158600655,6.635716076308363,4.758854073824499
223.58199644606535,246.2078053790272,6.632933282565047,4.754054033093533
223.58351003895467,246.12080962588192,6.629906096786398,4.749334220944417
223.67599763483324,246.83587292816378,6.623518701317187,4.7479099866841095
223.67480432454732,246.7514727509968,6.62590532188901,4.73824274669628
223.67417706194055,246.6664433651348,6.627159847102561,4.729956856368703
223.6763140562939,246.57881920578475,6.62288585839586,4.726977907865644
223.67798813626268,246.22750436397175,6.619537698458301,4.717153583873925
223.77119104251196,246.13838799027226,6.611032932659955,4.717485284572721
223.77367752767657,246.85186510229235,6.606059962330749,4.7127529031945565
223.7753082453742,246.76461529678966,6.602798526935469,4.709628002089989
223.77814668833966,246.67626815171946,6.597121641004552,4.708798615872654
223.77409046905348,246.41625675768518,6.605234079576926,4.696549231709108
223.77192391199992,246.33293482502805,6.609567193684025,4.6858479308423115
223.76997502594514,246.16087667164123,6.61346496579358,4.675495352733051
223.85707258429443,246.8718102734755,6.616392639095136,4.670610469065422
223.94112136832518,246.52251466274234,6.625381613154027,4.660855522050029
224.11662202467267,246.3479316373116,6.6285035054655195,4.6558983679050945
224.47086787098522,246.3508877171862,6.628119895347679,4.649986208155867
223.85270407949676,246.44222495080442,6.6259818127604895,4.64423540742859
224.2985933781531,246.5318806635072,6.618185429672352,4.641720424867981
223.68671815239787,246.44339944873576,6.605476208016855,4.642045758244226
224.39630040395653,246.88556467672717,6.597914429701328,4.639967005262572
224.31360301792898,246.2696499327148,6.587007481998435,4.637684454981255
224.1421608737914,246.44572016179566,6.577693470803939,4.6377422962892405
224.05900883844487,246.8852616710636,6.568038289591359,4.6384555372813745
224.59468885280467,246.26281871118073,6.551628128022387,4.652566612038093
224.68796187552346,246.60773535308795,6.540891325384397,4.665970299421906
224.8694338150997,247.04094547352514,6.529682351205697,4.678887320982024
223.9050403942343,246.42062411161183,6.523456040526579,4.688158038729648
223.9074154314284,247.0335696856732,6.518705966138362,4.694046095435068
223.91004628520957,246.5922483826971,6.513444258576023,4.696722214207725
223.91169781721248,247.2076134850858,6.510141194570225,4.697694764850476
223.91536800899058,246.68122104574297,6.502800811014007,4.694938951380546
223.918908225244,246.15533735075357,6.495720378507212,4.692105193144749
223.9212437556646,246.68471774374134,6.491049317666019,4.687021955570925
223.7477862109735,246.07332466740206,6.48704730885447,4.6815982645713685
224.45036746627673,246.51420898188104,6.484354553433019,4.676373232604094
224.10195102902293,246.95510381424037,6.480459423805035,4.670493573054947
223.84300446488808,246.34335278681945,6.473273688753442,4.668811613480638
223.40690227964265,246.86990598813378,6.471029545980267,4.665043426768807
224.63715761189454,246.60354918790478,6.457631133753782,4.673375830310229
224.90602261034178,247.29968255626318,6.444083731518398,4.678929346017694
224.21343183485163,246.9477728085133,6.432359092257618,4.684295746396928
224.04174879455036,246.42311667184103,6.426678186858877,4.6864670617374955
223.69397958535714,246.94636425094447,6.424324929284638,4.686809417471579
224.47927602817535,246.42201386766635,6.423717420719794,4.688853265980046
224.2181562707339,246.94564081557124,6.42255550206501,4.688402237245677
224.5737535238323,246.33089986152223,6.409129412919809,4.696789415503426
224.22739418414872,246.5899228006826,6.404344595622596,4.701871159680908
223.78849166923752,246.9404509745455,6.410216857311989,4.698361026461471
224.48211531168522,246.41752318796165,6.4183149218237014,4.697707587573861
223.9538859692256,246.94417137558568,6.427591082347005,4.691593736721724
223.42564057727924,246.33556971647505,6.43665632084328,4.6868005853137555
224.03247385959776,246.6871795566566,6.445398577592817,4.682100231457246
223.50566634367067,246.07769727312538,6.450901804893956,4.6782676932077765
224.38400008124123,246.5102705636548,6.44129269400891,4.68665029427694
224.654150306977,247.11550851161098,6.425085406708245,4.69905844809668
225.2741025799055,247.02171599979405,6.407768555656198,4.711988086758432
225.02095177662497,247.01561217299923,6.39025677477861,4.724195740348074
223.89232857623762,246.8351601196097,6.378503515993373,4.736022976425617
223.63184769323243,246.74491801357357,6.3758049028183965,4.741953728769435
224.330739961006,246.65430408520484,6.374896516208046,4.748572066889806
223.89402518596174,246.39063368266835,6.374805881486015,4.751800761076439
223.37166368522495,246.826430956062,6.370995876710012,4.753983719497067
224.0743274945265,246.47438641854228,6.3635342962039445,4.759139775487973
223.55348513589541,246.99686583842197,6.356994631802793,4.762405317391933
224.25671118941753,246.38215368489622,6.347806007377205,4.769224077152115
224.26383992344887,247.07590893714786,6.333548539314518,4.7787498563015545
224.62133962497148,246.9832901495945,6.316821401455139,4.789419365111838
224.18541198431188,246.63410568437078,6.3162394875814405,4.789838539404917
223.7458573250015,246.28648562713562,6.3229217398173905,4.787137000767409
224.53552638013383,246.71850946999885,6.3144719501014,4.795805048679069
224.0973537544113,246.1084846018794,6.318037811763838,4.793963639222299
223.65991827654057,246.5451353181604,6.320007883434083,4.793563090731566
224.09555341298267,246.80440315899742,6.321755951036226,4.79883841334929
223.92312412939313,246.27712562555607,6.317181632855611,4.805094824153095
223.48594191503844,246.5372409327779,6.317801931404336,4.809110687805858
224.09613584760416,246.7093924180453,6.32118083775886,4.814455366267054
223.6555713103475,245.48458304671203,6.327497059264623,4.8145981205124295
224.17765170214162,246.18542514369986,6.333703590628819,4.813403679806649
223.73704876553495,245.75052094589842,6.339227670375369,4.8075302819427055
224.17106674466885,245.6653422892162,6.346815148813463,4.802762907965999
223.8190826111593,245.31792461640168,6.350133502004953,4.7969483397674075
224.25250702283728,245.93519254037415,6.3588750087278525,4.788238953932914
223.63335223309875,246.02639166156624,6.371422129512207,4.780949634219134
224.15160032099737,246.12001754795523,6.386010950897531,4.768878694304948
223.61915109660717,246.21373953446437,6.3996766642375755,4.7566401771933755
224.04968068819932,246.2196368175051,6.414682728098703,4.74484561111197
223.42857062773155,246.22666388567168,6.43016645178052,4.730791474778753
223.94827618432956,246.49373513815692,6.442273520803443,4.722408060917741
223.41552637641811,247.0233890114782,6.455976425352711,4.714897025548798
223.93409314790105,246.4137863250097,6.471148532817511,4.7064124729833345
223.31430185654165,246.59400220388426,6.482404289707806,4.696931236899512
224.19025446373024,246.8607709020479,6.485401965600709,4.6898647076532205
223.74656966428125,246.07511095240716,6.495673372625656,4.682407861563264
224.35536851663636,246.42985475508186,6.506245283604118,4.674731465178835
223.73558969652754,246.61069283556492,6.517395305047406,4.66402890957679
224.34675414678827,247.0530670538722,6.523423943361684,4.656678714987761
223.9066802498453,246.0918918956202,6.526321882631914,4.649079351337132
223.46629698681116,246.09555474355827,6.5302447787178,4.6417536554610175
224.16737759030028,245.92039185152098,6.530543237325004,4.641464523139214
223.81438089821867,245.39889938936346,6.535307769140272,4.6326061689323375
223.28520140263745,245.49345936565663,6.542266517516281,4.618719590143743
223.71876801284753,245.50069248050812,6.550682079238478,4.604253360440798
224.24146525491204,245.9436623108898,6.555278166332307,4.593305842363128
223.71706772175048,245.50949332342438,6.55474970413402,4.587207543526097
224.32846809473793,245.95076650362282,6.555399212391378,4.578554221866547
223.80007200069528,245.4326191224446,6.564318066138283,4.5669756498846255
223.10077252081032,245.96016035257153,6.566204699815472,4.5594274342002885
223.53307621129508,245.61740242123838,6.57406136538981,4.54697205963155
224.05405303797747,246.14653622071995,6.578540885762127,4.5351376344055545
