560.1539916992188,163.69200134277344,4.1539998054504395,4.230999946594238
559.6557914084435,164.64121506834212,4.150400387000842,4.237581157087318
559.6573470959643,164.70648735197344,4.147289011959339,4.239129003663867
559.5934043051046,165.30119631046315,4.1431069984540265,4.238319443706027
559.1993362737021,166.68434741108237,4.139310030689836,4.243782849460008
559.266120762281,166.94663684553979,4.137755701276744,4.247262571525167
559.1349696618548,167.4722118074435,4.135968468953556,4.252470380420418
558.0132161041586,168.7897870181023,4.1338059450245845,4.259284240657417
557.882233296948,169.8437247893589,4.131429647891144,4.266143990580388
557.2216741869546,170.50298682643847,4.130137868310202,4.270029915989021
557.0898164445836,170.8969983790527,4.129290311539458,4.275695935298786
556.9582252418296,171.88713237726455,4.127758781215667,4.280782457613404
556.4940162747059,173.07620227204654,4.129289283859577,4.286067492171985
555.8965240067062,173.60366830913702,4.131597835049928,4.291291848932619
555.6975299228305,174.13262401638505,4.13167208736395,4.2944842089356285
555.300253572663,175.12561378948806,4.130089696314498,4.298842391190852
554.9037368824435,176.1186758079905,4.1267284537988145,4.303704911573185
554.6383500703724,176.71588024295548,4.126480411562406,4.304094790994805
554.1082522258337,177.1803731603101,4.124615320206416,4.304412139164787
553.9774701295767,178.6387633902089,4.1207134324883254,4.307758561920224
553.7107908569051,178.44184735565292,4.123177293490147,4.303419617776133
553.1814148332012,178.9031094152261,4.120371547955861,4.309758567454167
553.2487747639805,180.6261146599749,4.118401265366663,4.315237131164237
553.1170703094966,181.0881074182594,4.116201855478469,4.320880730590284
552.7196305466464,182.0177435413546,4.113935375924023,4.32161582999457
552.3199182655459,182.61660323269177,4.116360373988734,4.319395793524645
552.2551479771884,183.07986484717986,4.113064016807988,4.322731101819237
551.9250258609981,184.53947945386966,4.109123706011282,4.325913878419257
551.395155468393,184.47206683133794,4.106270338646611,4.327914854410852
551.4639655200109,184.73578495573037,4.101460583106689,4.331719996409015
550.4036789794136,185.99597261495728,4.097335795192359,4.334423397522234
550.6699918980698,187.12176630282622,4.095791900301325,4.339934277075579
549.6096382958178,188.3149571711589,4.091184358095269,4.344531630459048
549.080543891729,189.17585280788867,4.086725626454055,4.349542609205105
549.4151177443003,189.1743210407337,4.081770419257738,4.352606143515045
549.3510623817149,190.235350884954,4.077073437434346,4.355469766983086
548.0238689935303,190.76303013683065,4.075902974073,4.362334159121977
547.8886030032666,191.7606531254096,4.08070198758942,4.36008543454605
547.8211158285241,191.76112814176898,4.082768755635838,4.359135401827224
547.4214220708265,192.16053490055253,4.084602903628336,4.35787525166282
547.1524661081197,193.29182457204436,4.090774835478791,4.355190881321418
546.5513591660357,194.35324616189789,4.096069379302625,4.3602043066709255
545.6829470527509,194.35462300960918,4.101899113381467,4.357450611248328
545.3475147399645,194.8886670054048,4.106749198494077,4.354985884393565
546.2126637390971,196.02147778199145,4.1085885481990365,4.35446701702778
545.8788982901036,196.48943715455783,4.1098074324111975,4.351385091180011
543.8150778552456,197.8197953256313,4.107208307528533,4.3553397132904
543.8134838847292,198.28720183407694,4.110396248561352,4.35330574756035
543.8787963847046,199.22135151676235,4.113044170010868,4.350827281797455
543.9426970257724,200.1532637759215,4.118519051322612,4.352869051741797
543.8726727591253,200.62112657355235,4.125172660355862,4.350907926307235
543.6049217176231,200.55432227907434,4.126795746214317,4.351046765976764
543.0051002478572,201.15545123232104,4.124959802457667,4.350267742772141
542.4717629081318,202.75520307332633,4.123983608762623,4.353716680197984
541.2055755959273,203.41929679819097,4.119956352413912,4.360477588762391
541.5399123862138,203.75387753089447,4.118966330371234,4.358999681885724
541.1401906050747,204.28439872271176,4.117422509341749,4.365940475994426
540.7359254369171,205.81795395341524,4.124461232806271,4.371214530515618
540.198768946816,205.88675397449765,4.128565726648744,4.367390549145754
540.2652378888371,206.35575734505395,4.129409213494256,4.365853404245707
540.0629231134261,206.48999923925803,4.132726639536159,4.364911032357524
539.6591910337428,207.42720095850106,4.137339338143148,4.363827668977278
538.6518362030606,208.49978171386826,4.144077493185815,4.360502431652721
538.1791937538223,208.96980112794398,4.151925539126016,4.35790045603736
538.7785061930198,210.24248276686612,4.159329402038118,4.358597854285496
538.1712738856693,210.78010849772033,4.166611328094401,4.356397671372385
537.7657904053505,210.91622554866063,4.172304519535116,4.352588159224152
536.957909195549,211.9888109919581,4.177153662717586,4.355301641190007
537.1576828273039,212.19025805667638,4.180692557489547,4.35549367003532
536.7534394287983,213.0619170580505,4.182652855972076,4.35964974743272
535.7428159331093,214.07134726994505,4.18614138242874,4.358547788564873
535.4064834473954,214.26957316741425,4.1860304224482805,4.365761552471423
535.87853056537,216.0177830045776,4.184601360275218,4.370669666455838
535.3404172543321,216.28665443701226,4.183062292574904,4.371809646474539
535.544553627133,216.8925924555454,4.178932131772709,4.372361363806498
534.1106364423812,218.1229729141261,4.184005043817564,4.372246041808997
533.6377856548263,218.729765797908,4.186554905798525,4.371283905410634
533.2984958181293,219.067488042031,4.191328252181323,4.369645744175839
533.8343468880222,219.67448171222594,4.198115524600378,4.368958992516328
532.620441520386,220.14526304245723,4.19758491330014,4.371751300165467
532.1482764685641,220.82260744308616,4.19731255915665,4.366494581460669
532.6861360259455,221.09410258874286,4.200445645547988,4.36293039072439
531.8077114210535,222.17485100605853,4.204241652070388,4.359037498569007
531.6711626266028,222.71570740730505,4.207640678177929,4.356118947250124
530.9261172867156,223.25736475859253,4.2143011826290815,4.3516625540013925
531.3279136213695,223.8668089043863,4.220064897213363,4.346808838252281
530.3820746322971,224.4079735733626,4.223034989230784,4.3437411495154
530.1108719035246,225.080104264349,4.225814396893272,4.348544892248462
529.7031126036343,226.09309263077316,4.231178064773199,4.347955489152102
529.2297221868267,226.83284320378345,4.232249543985368,4.354569042907871
530.039041539638,226.969812137037,4.236275552409172,4.351075295408543
528.9548759470229,228.11845577053776,4.2409131291836095,4.352712487391138
528.0731782567623,228.66244183477173,4.245020801189158,4.347378948778993
528.3420866074234,228.39435447023067,4.248448026113857,4.342309751614095
527.9375455658017,228.93611409249647,4.245817077577168,4.341074549456148
527.5337267123664,230.1528713317045,4.2421074267768635,4.341602144052799
526.5206871489006,231.10049112915516,4.240572676657294,4.338802167732355
526.2517727626847,231.70933882757862,4.237977243828953,4.337061232720858
526.7907504466278,231.71161923071537,4.240323653801888,4.332500426447378
525.71238916697,232.58850946914205,4.236995771191142,4.333760933659151
524.8362238302361,233.05908902059997,4.2347112974645,4.337394602309505
524.9729113168723,233.8660431144211,4.231319068944988,4.343382883184542
524.5656719540661,234.40598132471592,4.235607034409075,4.343760809459363
524.2285495141463,234.33697049936868,4.2343245587134115,4.346676989046785
524.7702402597929,234.810370580362,4.23199096219068,4.3457937349842215
523.6899524915902,235.89283855997644,4.231282475852115,4.342141798499034
523.3509989072993,236.57032760537152,4.23413097607963,4.3372810444179635
523.0143218341028,237.31473781881792,4.232583008058912,4.333245269234878
522.6779128240768,238.12613436317173,4.230938003852845,4.3291634387472255
521.8687607242556,238.66755207343664,4.231611862995038,4.324748245217475
521.4626555612078,238.93796030726105,4.2353591922684295,4.322907108783533
520.9239330925446,239.88161063662753,4.234611455270802,4.322443630117502
520.7897142459115,240.42223886379736,4.233539151917505,4.319227162257147
519.8467643045357,240.89522939993265,4.233813427779184,4.316058893431481
519.914570986964,241.77152483703009,4.232842164113846,4.313815334722779
519.9132239689773,242.11030148983005,4.23553620008741,4.309219635681151
519.2393140285363,242.9864675674118,4.237737748417325,4.306191312834987
519.0359611475282,243.45778513161085,4.24079655743579,4.305399074765983
518.1599231146862,243.6610748725167,4.2432702663254664,4.302573982983673
518.4282035224272,244.13414815183958,4.245027107979392,4.298483324325915
517.0837684484114,245.21221401565336,4.243040996744034,4.295036604112073
517.4201992663475,246.02125637009692,4.2424658191464495,4.290439395083794
516.1416744873181,246.56003018987548,4.246372723775372,4.2878991885497895
517.014218649346,246.62760063892938,4.248453006174408,4.287155875553856
515.6690093035488,247.4364742986197,4.250497856673483,4.282432860830483
515.1294733977237,247.90793940758306,4.254556656965382,4.280139027842454
515.8679717910541,248.44629028424444,4.25600943085662,4.278673318557453
514.9951858854629,248.64767970398754,4.25432489647589,4.279107481893486
514.9269030850907,249.45395277733834,4.25650587703547,4.279176777410881
514.3196982784799,249.9247069240784,4.261134763501805,4.27860904918482
514.6532706514853,250.59721333787155,4.266410438210258,4.27843706303678
512.8354543383817,251.2702567271026,4.268801719462799,4.277995227150439
512.8329854350806,252.48268349322638,4.273739526065218,4.275855439602746
511.8221238163854,252.41733521099343,4.27587341694914,4.271912714301547
511.3513418476383,252.9570423293615,4.275161743216074,4.269384890396469
512.0238860448144,254.0351482598386,4.2756711670380705,4.266129538520979
511.4867674462683,254.64153674894902,4.273776159626704,4.2640012903667746
510.4119072798288,254.64436017322777,4.272245833962623,4.258354441809251
509.94047377965757,254.78119213108727,4.274732013249726,4.2533707606775035
509.8057996428836,255.92303703924242,4.275478835279568,4.252793282270486
509.13261139506534,256.7978532042753,4.2788215396588445,4.249104880839215
509.064601878792,256.8650649974761,4.280542722181033,4.248979144462011
508.0564888558147,258.0746169488083,4.2819245319628605,4.247688325205061
507.78701725811015,258.41000055952594,4.283570361704757,4.248542810853841
507.51596845643115,258.27686196675694,4.2882131494802245,4.246092588600498
507.1790137347238,259.42080562319165,4.290132061194177,4.242973083513586
506.90887581476403,259.4217176634215,4.292891518997144,4.241149003053951
506.571414882111,259.8941564382175,4.295844777442867,4.237027503066247
505.49446704886617,260.9717026957229,4.299738150574611,4.231937281413323
505.02238710166307,261.2428290295334,4.303405815646927,4.227108744840284
504.54981235764035,262.72210126269937,4.30819302308781,4.223988588979783
503.4734286287674,262.72450775748354,4.311145618640702,4.219175599411383
503.0012985007375,263.1298327255356,4.315069167791229,4.214528554943722
503.7389903073673,263.73667736701196,4.317228002173664,4.209737638243699
503.26803574439174,264.20782872767444,4.319175335498296,4.207396709545376
503.537578747327,264.7458351473344,4.31718469174489,4.20557459445976
502.3974796339624,264.8811759345036,4.315748242175767,4.203320629097686
501.25620408332395,265.95604633660616,4.317653392924717,4.2000701312717625
501.38779166880164,266.15861387753193,4.322746588076822,4.197337598581538
500.6478998974869,266.96519339568397,4.326650006682432,4.194229606667003
500.04110520297735,267.30209708138284,4.332592130475351,4.191337382617081
499.971634294935,268.24186033416487,4.337303444091521,4.191037911613549
499.4997122004109,268.64606531560435,4.341050082191105,4.188425849547515
498.759489835889,268.58147611544626,4.344006936848083,4.183287170374022
498.2881581381872,269.1199293677552,4.346695400828128,4.180637730240137
499.02516646661775,269.1216686659232,4.349784538430449,4.177159133904237
497.8162483089573,270.59883028022995,4.350658291314928,4.176901259379567
497.34523929991167,270.0623848374874,4.352679161852708,4.175509690517771
495.19799478651345,272.007158120437,4.349730072127487,4.1805164177162535
495.8035998614439,272.4085445858565,4.347471765682539,4.183711382487936
495.2681434253127,271.8719386999313,4.3436394151191555,4.1821779315124905
496.0749534834764,272.94319609266864,4.341125148130996,4.187804278490257
494.66332269575685,273.4809141660506,4.343909828563649,4.186835520300265
494.05715444479847,273.4161685474242,4.347215552792084,4.181990004476531
494.256382675393,273.6194372747278,4.351694782607707,4.178388240874104
493.24896378069826,274.9632368766095,4.351656301992321,4.1772907304504665
493.51470349421754,274.89811361222485,4.3574053114985825,4.173230150083723
491.89935329250494,275.84030081508865,4.364116395447903,4.16951618071695
491.6264016124602,276.0436965948819,4.372503040429404,4.165862157461427
490.61574081174103,276.65111271484966,4.377035653989287,4.161103310253023
490.14161665556526,276.78767263882423,4.384147050063044,4.156879724097508
490.340699307349,277.4621159260756,4.389459108260216,4.152917688810024
489.1270977351803,277.79860875300585,4.395433208000919,4.152495658448654
489.01496248547164,279.3499051812945,4.397290618665187,4.156820257222242
488.2710204353199,279.8862864399622,4.403506622234347,4.161634537511899
488.4700293432034,279.4829710415139,4.4101008065559215,4.15904133423117
487.18617899728935,279.6854928239583,4.414081336537604,4.158795689633861
487.38580832574434,280.2948900335267,4.4197955958704656,4.154920019225753
486.30213938098154,281.30894816281165,4.426832939080417,4.152085522826742
485.62356240388937,281.51324800104607,4.433149332177121,4.148737114684141
485.08045447566394,281.10965365503245,4.4383310905939215,4.14515023318583
484.6736691620231,282.5295886280895,4.440982396740724,4.143497911043653
484.1329545093741,282.1257482146897,4.441064729855398,4.140168508705811
484.4681505874952,283.41071835170834,4.446256376144607,4.137446684287636
483.0463150990299,284.02105219122524,4.4516817054695315,4.1331699970848
483.92257329085527,284.0235876441483,4.456391579765577,4.12809909123875
482.18950957014755,285.3348283216722,4.45926433844896,4.1254282898883625
482.7292371840787,285.3376150928485,4.461140729425443,4.1198547475357445
482.18751584233496,285.3403291258675,4.463726897278437,4.114426681497793
480.6474017109697,286.76589458358507,4.4602366740553885,4.119655392348009
479.3654430307618,286.7636959890736,4.4574479344207045,4.124052581370993
478.8939935219524,286.82884712452886,4.454533266292062,4.128866551281448
479.43668699448733,287.03239546008655,4.450324922139379,4.127211855510045
478.89547782019247,287.3705547759611,4.452300411269749,4.126170010923022
478.7570924328728,288.1824428500869,4.458931958918325,4.123229224615619
478.0790737053754,288.386415458867,4.463706485763805,4.120662885500233
477.1976661149378,288.92945794510285,4.469442559958302,4.115857363293627
476.65423796635787,289.1325213614015,4.4749156216656,4.115249243991141
475.8394290339963,289.6752552335346,4.481551009132306,4.111769817895854
475.2949836909876,289.677430983416,4.488069212729896,4.107418318133013
474.2088072581132,290.0849273201246,4.49516094250069,4.104398570707571
474.4094010904507,291.1691783966476,4.500146807223947,4.102155241118649
472.5800256756427,291.70940713703226,4.502204693560655,4.10516233613589
473.1862060634531,291.23688477566526,4.5094611828296,4.10161585284458
472.36963304926155,292.3905721133351,4.5157734273386865,4.098922371326405
471.48536484716504,292.79915342728145,4.521187577523699,4.0955084760527205
471.6183104585572,292.3944396619442,4.526605551452536,4.091008416587985
471.2763105847624,293.34658111913507,4.532269767868437,4.08606498949234
470.52807186687414,293.3492251841073,4.536307643219742,4.080776859547894
470.0514897561596,293.55539741872406,4.539888920804742,4.075396509104735
470.6603406447102,293.01541298633055,4.542807463302759,4.070369534248057
470.2517792602883,293.56031403471366,4.5463928588962945,4.065283935148794
467.74620984477696,293.69743531957397,4.541662307960186,4.06216944012874
468.5582657516648,294.2416297184334,4.5428400985347155,4.057307045310096
467.0795963789557,296.2937558667538,4.545714630060719,4.053183925540526
470.32687717577954,296.8377460011123,4.548441664370877,4.048085094816534
466.2371850219431,297.1161673071459,4.550453245142046,4.042755508082714
465.68721055209863,297.5204832953504,4.5535233362830505,4.037960611221415
465.10223339450476,297.91547322513816,4.555559026220649,4.0356217811900175
464.5348080822513,298.36100275868125,4.55179433185864,4.037053168975035
463.95271576756215,298.81750685550577,4.548747627263477,4.035850443808009
463.40170253413345,299.23765347154034,4.546482073974136,4.033742853148461
462.8126941803287,299.64484540878897,4.543977603579755,4.033039665549091
462.25469120654344,300.05823096049374,4.541555537364161,4.03273984489348
461.6675413320665,300.50020675875544,4.540673963586334,4.031420304899452
461.0699854207063,300.93242523326023,4.536229424061557,4.032902022988851
460.4652395994424,301.32288170168266,4.532623345145745,4.036735283057876
459.85977709846566,301.7583316238403,4.529683274175213,4.040949338027052
459.2480878161173,302.1544457347086,4.525972729421179,4.044686091227787
458.67361339156196,302.5895281044363,4.5225475391802075,4.049358517489514
458.0548021861325,303.0368067091798,4.517919108959071,4.053127333469352
457.4960772664662,303.46903265317803,4.521755465341873,4.052292436607385
453.9853208976456,304.41519454712494,4.524632339044836,4.049601381312324
454.1870198770694,304.41366233388317,4.526160838724,4.052665807795895
453.98317384977656,304.4816334416092,4.52870835962457,4.051771770238782
454.04803512328084,303.5377994903222,4.534059288836451,4.048411005726519
453.64099734247435,303.8095506758072,4.537517418253369,4.045320256220533
451.3455983415106,304.82432392593915,4.5346698087653134,4.042382113934133
450.94208607069766,304.9606220178612,4.531598040213562,4.039818033482424
451.4797087318405,305.50241472794903,4.535771728802977,4.03565162418193
450.86944658140027,305.0324999237844,4.541965716247119,4.031002099838499
450.52764726497463,306.04651059331695,4.550827326909496,4.027191827339908
450.18756749648486,306.1836273155803,4.555866971685907,4.023006339694569
450.25385624474836,306.72595484214696,4.558324673716548,4.018632875022594
449.1723509099494,306.52570870943975,4.561282029619707,4.014115144119304
448.2936254051481,307.33461583205525,4.564033583705765,4.016023473211325
445.7927136535488,308.81962872331087,4.569003736383823,4.017099682901477
446.3293038420421,308.2114612664637,4.576978359114647,4.017135221913856
445.78480860778006,308.82058816796547,4.583820334446097,4.016298473752012
445.5789849162093,308.9575265709225,4.589384118188719,4.013144067437238
444.4239507723368,309.16204976881045,4.5977054394240815,4.010288312810057
443.94568386524963,309.5700689836434,4.605879081651475,4.00713003052724
442.5692750579312,310.90348463989085,4.610163253476972,4.003163214975159
442.0918465455661,310.3633493444737,4.6161093474032135,3.9989641706050922
442.69767625659006,310.9075646485724,4.624700476579141,3.9952007190510446
442.28782253554084,310.6386983502563,4.630472217340479,3.9903095147918592
441.2006799285053,310.6411895739943,4.634089708292134,3.9853270673157577
439.5686007294856,311.0498630347757,4.642823565753793,3.9818362808975194
439.5013091907876,311.79663079845085,4.641684984474469,3.9812389989756434
439.6351762923251,311.52723998154204,4.645339712523982,3.977242770544153
438.3425428040092,311.93660087267966,4.652558222831154,3.972641556581895
437.185749724223,312.61704325588147,4.6588300847123065,3.9690004947026005
436.43787386106925,312.61945917475606,4.661191757108924,3.964168656953503
435.82553127490485,312.8255570267507,4.664383230253718,3.959137519358863
435.5523171089304,313.50623101627644,4.668051989659254,3.9546884716657162
435.5487752240614,314.05108614124947,4.675135759397327,3.9503779305697693
435.27457135251706,314.2569747562646,4.680683778641901,3.9457454934226157
433.9145496629613,314.73397298992313,4.686207793295885,3.9418308036656864
433.98025462097354,314.2612195363775,4.690546023639354,3.9371006861808198
431.9355796262223,315.41645519701603,4.698559166859236,3.933729267121761
431.4627798887044,316.502304311734,4.693502015585869,3.9349604692497224
430.37389091612175,316.43592346698,4.6992804939519255,3.931972192082805
430.23424931667586,316.50581916604307,4.706981901707795,3.9279716895245875
429.68774149761197,316.98173178910366,4.713236692164974,3.927062185115121
430.09212701783775,316.5761798272314,4.720026523988731,3.9226052365842827
429.274035261181,316.5783220002785,4.724695706521753,3.918320890490073
427.77457649070175,316.5801150771756,4.732442198365374,3.9147347366958396
428.1104959253543,316.7861380034972,4.74072190113081,3.9107600272951517
427.9037257481538,316.8562062148629,4.74600129736664,3.9067105906187707
425.6565774191735,317.94752958208574,4.748904532493592,3.9017091520924465
425.7223423302282,317.9499426643608,4.753441422673694,3.8968829875422926
425.10594321624245,318.08812175957144,4.761713000111964,3.8926418305728396
424.9678012890068,318.7032164064342,4.765762557895484,3.887506871942503
424.0142904837759,318.4337142528218,4.767434871042859,3.8821256656488243
423.8100229399641,319.4552032181822,4.767864777031635,3.879673643102138
422.1765179931588,320.1364210266659,4.770826445367037,3.8772581199992424
420.8828791780268,320.13779705268746,4.773943758611718,3.874506067956158
419.9990807553628,320.61186157380763,4.773387217074464,3.878459618643323
419.9282942423074,320.137362631668,4.778893031766742,3.8749870229928836
419.72142982886277,320.6827957540753,4.784335074431452,3.872885536110473
418.90336284127665,320.68416474231617,4.786727181567146,3.8701475596288013
417.87993818885036,320.82280440754073,4.791512997935744,3.86514336097757
417.6738194019883,320.9611502131304,4.795360531666419,3.860711776460613
416.85358874605413,321.37136708869735,4.802414321225495,3.856981786481298
415.83355834960645,322.12266573011385,4.799998650833,3.852200576725992
415.3550726388345,322.1249530910193,4.804616075331909,3.847625854915104
414.40194678851964,322.32966451890934,4.806206207441499,3.846344763817957
413.3828968957774,323.55266052430983,4.803542866552487,3.849268504665262
413.1773842720203,323.2826996014111,4.806395857365055,3.8449606748605767
412.70335618451395,323.14800767744526,4.802232603562461,3.842281828844935
411.6133354611315,323.69348435369324,4.807488754437741,3.838721124293894
411.2705902680747,323.151990449928,4.8132444179450005,3.8341333756543867
410.31652311549624,323.90054128770026,4.8179279142848745,3.8326001927519053
409.8377720571402,323.83418940183395,4.823376274799702,3.829296285027821
409.97116350375,323.83558095559,4.828668496523453,3.8265131775156753
409.3549851172513,323.97393462006136,4.836364093769623,3.8219527765176977
407.1091704027607,324.453089530648,4.836122905046656,3.816463995463493
407.0373788897112,325.0672015443095,4.843681463358402,3.8124601782252094
407.6465867917346,324.5931193599127,4.849941948592017,3.808098544245193
405.739802943107,325.61619104606336,4.852707292911036,3.803456432445349
405.46425756727785,324.5977715547673,4.859530260466492,3.7992912246518196
404.9837190879812,325.6886665419726,4.867882032129192,3.79515882036824
403.8934978877774,325.48516757553773,4.8696987134813625,3.7936644309151344
403.1422939818295,326.44033739682084,4.874263223132819,3.7896708093872777
402.38979064480446,326.4422327046266,4.881373813656645,3.7858801937758506
401.5017383137807,326.9207363179792,4.886626943289587,3.782408407601415
401.2262384837153,326.2418383772741,4.892654240911495,3.7777733827395323
400.5407066816672,326.7209771316847,4.901121066097727,3.7733136191553145
399.7201399932818,326.58710147153755,4.906458610290295,3.7684323006865292
399.9220307826663,327.54382847969197,4.911631793144794,3.7634338386206148
398.4881470923437,328.02278513473294,4.916768990888893,3.759730589505746
397.534007754379,327.5475682629657,4.916375578116427,3.7558282886893397
396.9866050164023,328.50314116381384,4.921068489396798,3.7523794751708683
396.9834461274294,328.5050186604022,4.9273862673425715,3.7486244819942036
396.09634532911275,328.57536164928956,4.929499800801181,3.744252970617514
394.79842276197144,328.9179899920424,4.936113514299591,3.7403729747918226
394.38587297903086,328.442902430449,4.943336235842276,3.7363584462503905
393.2923883481422,328.99043602151465,4.948588500869475,3.732149762494177
392.8119631009842,328.85585520876106,4.9548589734644395,3.72857423893819
393.0129142821709,328.7216847553991,4.962173571223629,3.724103838907011
392.05781201627605,328.7235398536527,4.962162695779494,3.7203936423998516
391.1034453322187,328.72589829435725,4.961532335217481,3.7156767609906876
390.4877249827583,328.7964017766104,4.966305555276793,3.7109661830245577
390.075973004008,328.93500017854154,4.972057630931148,3.706353339777714
389.25488062841794,329.41432181074975,4.97859407855958,3.701838252433143
389.11658331355085,329.8940610838184,4.9825296010805795,3.6966665815419946
387.2749658060389,329.8285481731529,4.985537012156319,3.691387676800873
387.2727519713925,329.76295383544533,4.989964681449172,3.6863123598668164
386.7932994370968,329.9014991040248,4.995132714805605,3.6817181184893215
385.76914857892484,330.4488339884846,4.999663477824551,3.677059524676455
385.97076939815184,330.99622886728145,5.0051534388911145,3.672220699137731
385.28662426485954,330.65794681662544,5.010964605993638,3.667545250708602
383.85357827758895,331.6823143951651,5.015607853080041,3.6627020418112637
383.51377351179184,331.0025635624356,5.013964958903357,3.6596988557284367
382.9683498112428,331.07192728243194,5.0154023055364805,3.657147672543955
382.55565106360626,331.4823459713346,5.023862606037206,3.653247489510789
381.9394500070285,331.8928593760351,5.030279703993305,3.649544023576117
381.53037068626566,331.34980999537004,5.030895802457077,3.6455860608237636
380.23411944824267,331.8971018795294,5.035571378954283,3.6406136186309657
379.61969904006486,331.4907654617903,5.038696614247503,3.636142733400813
379.61740495266235,332.24159039137544,5.043284789052556,3.632302617176911
377.5749929359175,332.3108846576854,5.042980536739397,3.629885027417101
377.2331167815751,332.58543967832105,5.046099957458177,3.625281296518641
376.6200900965654,332.7235363427383,5.047270072443009,3.621284246580617
375.8699250848268,332.18147840399257,5.051048788489831,3.6169991732137285
376.1419923096451,332.7269638196731,5.051061787593818,3.614323239333822
374.5771318191218,332.25226271357144,5.052943255728877,3.61177429543349
374.09787790898497,332.9340977125601,5.05959410121177,3.60789997572869
373.34678949529376,332.52841189008683,5.065589370635846,3.6031725890616917
373.07255513014513,333.3468138904918,5.069940414804286,3.598721646638249
371.77659055678123,333.3487685233043,5.077452361163613,3.594812381013302
372.31772171619883,333.41912287596836,5.083759743102924,3.5901748882819433
371.15829330572194,333.55723098919356,5.08908338991369,3.58613903526008
370.06607245125264,334.03561030893235,5.095858623773907,3.582109478629266
369.5171486481589,333.4929581976221,5.104585150406451,3.5782926216949207
369.44643248117535,333.9721168322147,5.1098084145449665,3.573438841309747
368.2181549160734,333.7019427994809,5.114621576497578,3.5689553582771216
367.3331218664028,334.3846944457864,5.114002157965564,3.5655178486453813
367.6719914579329,334.38671562168764,5.116965222458601,3.561475496842952
366.6530652915883,334.45645533362006,5.113041064374604,3.558114505696354
366.1117243575327,334.79687115794974,5.107693801791755,3.55730106372072
365.57086400968853,334.1851303953936,5.102138968632482,3.5575976188794365
364.82285138334856,334.72968186071057,5.104029456621475,3.5551381534753355
365.2282609099098,334.2566265832593,5.108120597802759,3.550520148356822
363.73333627347677,335.0038125235036,5.110284960374845,3.5499907230152004
363.5948491794631,335.005516412061,5.115603559437143,3.5465829459003353
362.57617779382696,335.14072446816704,5.115169663671589,3.5478703892932235
362.3713065868097,335.209168570072,5.117312557435076,3.5468486922403235
360.9431687680322,335.5496696720767,5.120066809698111,3.545256341872035
360.19373136581373,335.95945729721853,5.124072134421678,3.541064444159202
360.05703032776927,335.3485160556811,5.125697470510506,3.539951597233707
359.0368177425354,335.68836050168613,5.127705211635385,3.5397351816711637
357.61098465098223,336.2310555023215,5.12502590041269,3.541714892525771
358.22288626456884,335.8905911075956,5.124444355056356,3.5430760809683095
356.93149084264405,335.82059337289036,5.124617415516001,3.547144298621368
357.1361062511292,335.81899984387627,5.123377981900341,3.5503313566495205
355.9819354315577,335.8166569514491,5.119190839545632,3.5550171415038774
355.4395901300078,335.8814904124824,5.115518778591355,3.5613955524441163
355.71154365604036,335.8787484104659,5.115992790092986,3.5668795564769846
355.30315999192874,335.9451011717484,5.115602058001358,3.570367043964541
354.6195755389439,336.01349321158307,5.120323928691554,3.569827667823154
352.50793233149926,336.71906405386864,5.127358275017506,3.569722368912555
352.91672161825795,336.17123361008885,5.128249540640012,3.574090137618915
352.3714481376847,336.71531195068303,5.126818500827324,3.577911457389798
351.4850052746822,336.23700709807974,5.124700558220485,3.578749956420703
351.8243995171308,336.7841854512472,5.128515035646671,3.576557989803204
350.39097093591386,336.37583696479146,5.12798976408946,3.5740028387172464
349.1094050528731,337.12769164222834,5.125644433048599,3.5717197036732355
349.51703867377756,337.1282447777739,5.128889669829335,3.5706134325821934
348.08301420177054,337.12759021009606,5.131499337320106,3.5719225679378295
348.48837838481006,337.12924057638867,5.139834156460386,3.568621835352546
347.73653647437646,337.1977639777345,5.141117519294052,3.568156892482225
346.9817776902903,337.47264815834865,5.148105998446515,3.564762745442864
346.1587810934404,337.8818061048393,5.154383733819215,3.5663045816251118
345.6773649540874,337.33636748434805,5.159873582222222,3.5630761879756236
345.6726792761918,337.88534393455603,5.16924493801346,3.5594646793675504
345.3946890661161,337.40809198441707,5.177728022451824,3.555848242147599
344.02141816815316,338.16170601548185,5.18542080751379,3.554987135993092
343.263809478028,338.0948361729461,5.193151881976054,3.5516826114475144
343.5338233816853,338.09581512376064,5.201548316141071,3.549724709818445
342.980761527149,338.09756148230554,5.2100704314443185,3.5462319927286257
342.0857432665205,338.64819086707473,5.215587058995628,3.5431393116244507
341.6012419153185,338.5124256824819,5.22347140794703,3.5400644369665946
340.91145828040624,338.37685781161514,5.229334579842787,3.536459359114328
340.3575409533156,338.378710936713,5.237977849154542,3.5327531089186635
340.35386966998647,338.3801684289663,5.245320415812806,3.5298381244121284
339.8689202951207,338.45026129806564,5.252511113996411,3.5271821078630086
338.8315301717673,338.451520617118,5.263383697014856,3.5246634697584085
338.343825111248,338.727273422492,5.274784618679171,3.5240202586528935
338.33925339857507,338.9344644184756,5.283928044025064,3.523267459323472
337.85129979745136,339.3489577380672,5.293825546020783,3.5222891346416816
336.80996680240645,338.7961124132334,5.304482578166269,3.5229083400722523
336.1827964129077,339.27993483071515,5.314083603511911,3.523394424615763
335.97153701266967,338.7958344610638,5.321232024427445,3.522397611610524
334.8569354820274,339.2815725849184,5.333673040260618,3.5207547587862784
334.2266140669106,338.86508561603154,5.345951116910856,3.521485527504523
333.8744539563561,339.4207267869849,5.355752510821643,3.5214333091150944
333.52343069353304,339.00279201098795,5.3625486541554555,3.523002402334353
332.5440432185823,339.7669795940361,5.372828197518564,3.52558791280385
331.565650102775,339.7662813595782,5.378355663410564,3.5269843817196556
331.2122531389319,339.7665397200303,5.3877402889473816,3.5264676608154635
331.41775573910917,339.90603284083863,5.395577419558701,3.526709639842762
329.94607575877797,340.395841449213,5.40448655029195,3.525242699737189
329.94173314231466,339.8379766558065,5.413171783218545,3.522212443378265
329.3061353443258,340.1887551881915,5.42504465994022,3.5202791115281733
327.4118301699054,340.74691703674216,5.431749888886867,3.524519894395599
327.6184417113788,340.1853567110797,5.439252342970127,3.525705780306879
327.4776058121024,340.67483396478,5.4401758980607875,3.5293701250236076
326.4219167495736,340.1814240192373,5.444817515915644,3.5330463127476888
326.0003110849702,340.74171977052924,5.444548698027293,3.5370950062907123
325.9984945444626,340.3888706040666,5.448181779042548,3.539575714873572
325.08075469773087,339.9677461583316,5.454049487500065,3.5373883055715845
324.58373342131455,340.953183909125,5.462555839137383,3.537585206375059
323.59426622287623,340.95142982809887,5.468586332745282,3.54109336842739
322.6034849539886,341.0210449154551,5.475159734430265,3.542933846292864
322.5978680445622,341.0196272226344,5.486393553283028,3.545769231934222
322.0268506087788,341.0901873216649,5.49710345858825,3.546064654655926
321.4571856666917,341.09127772466377,5.503784809308167,3.5438838486582327
320.3898272160552,341.16379905220623,5.5138301315731395,3.540485965507174
320.10043280568317,341.5190607392949,5.5256649084676495,3.538655146141915
320.591654573338,340.951107616554,5.536417578712025,3.5394800138475677
319.2422384171529,341.4483986328697,5.536110485721702,3.5393177621385057
318.17448134358193,340.8813382549204,5.540834754702083,3.5370172496843
318.52611020266,341.3798400563156,5.54800168404252,3.534608153389093
317.099069038632,340.8839317915095,5.559045464445596,3.5313611913227083
316.5248528820636,341.59694883825415,5.569374666184206,3.527955987081199
315.2417415160664,341.45519854998645,5.5731094234410845,3.5267356775347225
314.8828573377593,341.3133253077051,5.578898366985698,3.525690396869527
314.7343171541176,341.2436378330299,5.591048802144725,3.522600380157826
314.15965648691645,341.17474111878624,5.599610862993922,3.5177988994508422
314.5823990127652,341.8902108972753,5.609980588673199,3.5132839714341033
313.43628388853733,341.8205595961641,5.618662641716215,3.509864811443265
312.07439576908325,341.7513557710084,5.629350091096585,3.505478314937483
312.64041521458284,341.68222843015644,5.640352801705293,3.5008527964403044
310.99733934860006,341.6106052471175,5.638266596718946,3.5011322956942323
310.70925502153216,341.6121414696809,5.642673602598078,3.4980598505674196
310.0637471207584,341.6121164181329,5.6470977401916125,3.4981099536633913
310.2064544035907,341.7540133893903,5.647726192244941,3.5003590288665576
308.4128113014077,341.8986759957436,5.658296174073526,3.4971711139629487
307.9782550514022,342.115011820793,5.668371415710365,3.4940180930512668
307.8332049686525,342.5452830078963,5.671931089828608,3.4930971929878356
306.9690696776014,341.9725645856083,5.6805071408090475,3.4920710168158853
306.96344083419166,342.2614986024845,5.69176482762851,3.4878772126623767
306.38357364094264,341.6898508475717,5.703371693509004,3.4830452018705103
304.72684178728105,342.26664046447223,5.713858108881642,3.478327634834813
304.720487959183,341.76525210125357,5.726565765077712,3.475312084307647
304.13925153165155,342.33941677565457,5.738453200516684,3.477568155129536
303.0590972391223,341.83153801363295,5.738188188401349,3.485058000491711
303.78151218519537,342.47822647118585,5.734962390979178,3.489124770637502
302.2614565444945,342.0456944859407,5.747276716486494,3.4891038965865975
301.3191446883432,342.6932443957973,5.755169415668067,3.49327939364942
300.3795202005472,342.2564112110594,5.755244921119172,3.499634930752506
299.9385849588741,341.9680154383807,5.769155844523213,3.497786769481756
299.93298831448504,342.6213908934286,5.780349133301381,3.4945602843406802
299.3467670250378,342.4760475631918,5.793204453045617,3.4953501300267704
299.19908835236777,342.8383896553994,5.798255540315443,3.496431590787106
297.5971854329477,342.2589515769704,5.806637180089252,3.4933353116209247
296.9382435686161,342.4056916134398,5.816648703508298,3.490493506514185
297.00733082318516,342.55164201973463,5.823894408423197,3.4894331220303783
295.1848428176792,342.6977154008535,5.8311168509067395,3.488306645275005
295.03567545954627,343.06147908916324,5.838254386103105,3.4887722213290706
295.3942779192631,342.40567156007063,5.849612570116119,3.488973693310097
294.22192476940074,342.91632737663605,5.860159576332296,3.4888567510893695
293.9278288425722,342.33287104920237,5.864192133416901,3.4874508128115282
293.1943701381801,342.84434631823336,5.870349092423051,3.4870325895941736
292.75092582704605,342.2614199178912,5.880274601408813,3.483601239235397
291.9443727168653,342.77369423158865,5.884629770745846,3.4828032806744074
291.2829855179666,342.1886536362859,5.890692113423023,3.4824737556174092
291.0592440591496,342.70206463553376,5.8990174510143225,3.480352777221316
290.24837517624957,343.14337932233514,5.909544396304675,3.4765656693511655
289.3689393780335,342.6308065969007,5.909623332669061,3.4757487351805287
288.7063743548472,343.14258080897525,5.915772672338594,3.47807419402278
287.967129331982,342.7028893883637,5.927422001709986,3.4773526054304904
287.9624597120012,343.2865045366424,5.936761241671492,3.4848812138647705
287.3709368438729,343.0645144030142,5.9429197246428345,3.487528761139133
287.295525046255,342.69396144327334,5.946496174811834,3.492398955286993
286.77865275845215,343.28106666079134,5.9485622720678,3.4972496383649645
284.6408672962039,342.9110904457532,5.94676752654122,3.499725228782108
284.19587716243063,342.5417547640677,5.951684330200953,3.500843705580798
284.7106469203976,343.12984922222796,5.955362459753097,3.505474955530244
283.1619630078347,343.05279988473,5.950285415500124,3.5118381605557762
283.3839269457472,342.7574189999758,5.9496604268409055,3.511529413843202
282.93918206056486,342.5346569330135,5.952631450194221,3.5137941742621766
280.79761132059673,343.12363173315504,5.94854203167202,3.5185289597606895
280.43015935542513,342.67877037735997,5.944171936261957,3.521122840446918
280.7233607979148,343.26680427738023,5.949103799831617,3.527724537504192
279.2427080783598,342.8215615866937,5.950038904328804,3.530098818493433
279.75945083555973,342.52416016011745,5.953061045034152,3.5326115830144063
278.72437656281693,343.1886660719,5.948971152157562,3.5370387555392018
278.2789316165288,343.0402349758722,5.950817916337567,3.5375532381294454
278.2801901249496,342.89173507738815,5.9483008994958295,3.5381330366355384
277.7631946983538,342.8901195554203,5.945015183476817,3.5413640805711712
276.7234386614615,342.7429710552675,5.949894393624929,3.5392849575001613
276.0538083855582,342.59497763892676,5.9551253578643655,3.5388207707222317
275.90609250440764,343.3349948572235,5.95396623357038,3.541740767104922
275.1631339178185,343.11250582132135,5.956608233544921,3.541736286948127
274.6410598418979,342.96408785406123,5.962189324676299,3.5418387755512075
273.822718768907,342.9620873732851,5.965905761463855,3.5458397371034853
273.22613252778723,342.88603292139226,5.9704842766778405,3.5493743950109797
273.2230463394006,342.8122111532315,5.976656653451152,3.548315926776784
272.7000414306128,342.73510702232807,5.98123523436909,3.5537482976325334
271.3624571096401,342.5837333226006,5.975561240611284,3.5586242931203595
271.28556450143554,343.25306531555447,5.980412786542815,3.5603633415100235
270.6100207002092,343.1036469871803,5.990183848380033,3.5611296558993417
269.3403563561925,342.8796730661513,5.9932248911534645,3.5614973252643347
269.78667267499554,342.80344580561086,5.9960611221076325,3.5647070349185475
268.06467793428334,342.43082518772206,6.005203463751618,3.5632423707438186
267.98486674490294,343.4031005428665,6.015373487242169,3.561572278967585
266.8614374380121,342.87986598816764,6.018602578743805,3.561014277967905
266.40703924123534,342.35784139190395,6.029715803660246,3.557766440418775
266.62659309484087,343.25606548787596,6.039780395856027,3.55800744610237
265.64784065832544,342.9582744241762,6.048875274756389,3.5540788060770874
264.3668257218875,342.43514115480326,6.061817377843992,3.5507209690278354
264.58611674473303,342.96045493857486,6.073480456478791,3.550665358245024
263.3776260261392,342.3598410660679,6.086399332101414,3.54986182247647
264.1293231071331,342.9602215292556,6.087325716539646,3.5525573332418805
262.47054032208615,342.4346246607045,6.094079588500308,3.5503109845744145
261.9424597638936,343.0359093996019,6.096365257014547,3.552170590060698
261.6393814180693,342.50860041687355,6.100045772349794,3.5524552469690014
259.9771082456803,342.81093326699335,6.109665555743565,3.5505034669809987
259.5268363153142,342.2797679234352,6.105480502697631,3.5573170880227556
259.22250679172976,342.88067077068047,6.110773710187945,3.562243072889392
258.99543649245805,342.34937984898545,6.111904037356947,3.5678009497391243
258.5422689515066,342.87409913631825,6.111553314567967,3.5761624805473335
257.78333319971614,342.34250386547313,6.116918533985251,3.5805986233229254
257.17422202076074,342.87274148474216,6.123898066643365,3.5799608568808776
256.7128066562774,341.8901841197453,6.137739777367395,3.575599380682185
256.02440666621663,341.96720151762963,6.149871905066673,3.5731943462937754
255.641468863506,342.11915668421784,6.156902338596608,3.5728220818738987
254.88682120251576,342.3438749718315,6.147527446566619,3.578986570849844
254.50718152483535,342.7190330408029,6.147644998509592,3.5878322363248905
253.36824842541688,341.8802564236068,6.145752855894115,3.593562686985349
254.04935278853708,341.87992353029597,6.152019409557644,3.594228473607061
252.83374795363338,341.9522194308045,6.14871552035893,3.6017937700278813
251.76551028899985,342.0284304489633,6.153885589586482,3.6016078237130746
251.6145796717634,342.10143649116725,6.151127425622496,3.6079054385236846
250.85389764362031,342.09875327118095,6.1487383863658955,3.613271878496202
250.1667101642807,342.0963211289263,6.1512378428341306,3.61813616300548
249.9360417611939,342.09272507087604,6.154924645397988,3.6253282791060677
248.86396702483086,342.08989533061873,6.160904777822571,3.630987759620616
248.40101854703607,342.08708776799125,6.16933630977913,3.636602884875611
247.78667415892807,342.2398939197409,6.172976356442242,3.637252763764576
248.0932016997632,341.6260725238075,6.172705885002936,3.6393263351693923
246.8701596090134,341.8537203535021,6.16715499615823,3.6437122514696614
246.4061013611671,342.15968610515813,6.1759583441085,3.6446561799858594
245.5598809497754,342.2373535872139,6.1813774296459005,3.6426868283512888
245.02134406845224,341.54591285613117,6.1845614068513,3.6448528520926824
244.63432089804334,341.85090498089977,6.191124016408861,3.6488555875636415
244.2534344522568,342.0013802137303,6.184587359443447,3.6552289413179584
242.64120895204042,342.07611653907094,6.18191533619662,3.6594288155738837
242.9496498504792,342.22757403475003,6.1798486939452975,3.663921401528793
241.6440560623413,341.454852459229,6.177303718497667,3.671874816263001
241.56342698584328,341.45620849557014,6.184716399130651,3.669162743580676
240.8652046499256,341.4570082091629,6.195972289719521,3.6675633163952397
240.47623549853768,341.45646358201463,6.203659892450222,3.6686525706917057
239.62864469386489,341.45365724161576,6.202830819048154,3.674265251489439
239.0096258263279,341.3759116864573,6.206746114265134,3.6754910568243218
237.93091006575216,341.29256277329716,6.203358763316322,3.6878446779945584
237.39240262802952,341.2879327480908,6.1988560138264175,3.6971047284073904
237.54678868063547,340.97566659495766,6.199267701097921,3.7032694497067014
236.45984145795083,341.5910683522451,6.2073333033843365,3.7100824168934787
235.60827132512705,341.12469582722343,6.206166598437711,3.7132054829762073
235.37384480769782,341.6659433896897,6.2101026269676405,3.7155167061437826
234.67323032758537,341.1210441032397,6.215702640916389,3.719826098606827
234.13007916962317,341.58495609708916,6.215423685073849,3.723357486708092
233.50987647070332,341.03964966159083,6.213578535476134,3.7270011286969864
233.433881754026,341.5036905849918,6.210252648124363,3.730811206133415
232.26913574743,340.8812221122265,6.209793481210713,3.7331075222742958
231.49222649135152,341.11334308393265,6.2099923662326155,3.7349514670026145
231.64963753370242,341.5782780978924,6.205962302918887,3.7374575032473025
231.18309124337466,340.95576081850515,6.206785269878354,3.739465910427212
229.70613159072806,341.0323965681109,6.2076415075816085,3.7416187831939998
229.7065158501285,341.10921843836275,6.206872988780712,3.743448446351309
229.16057250229068,341.18650728557014,6.2103100996064,3.744363549772221
228.0710939122489,340.32893257197344,6.211435816819858,3.7483596847104828
227.451208477932,340.87203386679454,6.206058742436842,3.751661545208081
226.3594640973219,341.18453512210107,6.210880642197061,3.7491352807264264
226.35599298799605,340.5630404027588,6.217822860848819,3.74693834953493
225.8121307759193,341.02780863906537,6.215544890636138,3.75168964352141
225.26714552670109,341.0286303579849,6.215189898810302,3.750046205682381
224.64516567681224,341.02682782989905,6.213327154144505,3.7536512618540874
224.09930346378073,341.0252303390735,6.214725873826584,3.756846243505188
222.5402012527315,340.7131647048775,6.216220876681123,3.7576356280484045
222.5390773752992,340.1669459678942,6.21846863154573,3.758975878608851
222.38507529816843,340.00795326223505,6.214618620649244,3.7651071247690555
221.37143864537342,340.6300935959687,6.214242636378411,3.768610635677738
221.29524034331843,340.2359517955011,6.210612817573237,3.7767621220370615
220.0471690070621,339.76313272301434,6.209002108032222,3.785742748740538
219.03326403077537,340.2312046264917,6.205734619280204,3.78701929932061
218.4103684670187,339.60433320022526,6.201849696227931,3.7910861012879433
218.17139488703168,339.75965759333303,6.211136818638287,3.7928773401149596
217.61759389614684,339.8369194863287,6.224018729401894,3.794742135695886
216.75205892403233,339.91409587487175,6.232357171107302,3.797001313384778
216.12158290672505,339.9132587520766,6.23911530453605,3.798675558974974
215.49062113412384,339.99176912364265,6.245813870004109,3.7985579383097456
215.65000678011853,340.1463077355058,6.241044488362839,3.8034826249315286
214.23579032559883,338.96542675769786,6.24324755691669,3.810053046809487
213.29568540916307,339.5915616774012,6.237583495793775,3.8150324700657254
213.05612385688679,339.5110034311288,6.245240126461379,3.81899347131557
212.03411719420782,339.03712321620225,6.243882114582927,3.8227363609058087
211.63949392131627,339.664089840391,6.246233859505997,3.8278347939042727
211.71917621359825,339.1112856213363,6.244369034153849,3.830944917530982
211.08932737993567,338.47938791080276,6.243872752173877,3.834546389292999
209.90920860999034,338.79264598737143,6.240449492676574,3.8383397826591232
208.96435685977542,339.0277794343559,6.239071935758214,3.8408431530272114
208.4113477426956,339.2592064059114,6.241808907275185,3.8508240367631434
207.54720822949724,338.1493448394425,6.234066444389055,3.861065274250033
207.6286313460401,338.0638625707134,6.229096799951117,3.8741532230603593
207.07614234365334,337.9779709410276,6.227920266082203,3.8879144054830768
205.41536494610543,338.60603250372134,6.226532529351854,3.897674149362712
205.416194117362,338.12596060829173,6.224874186838716,3.9075482669608648
205.34074130842285,337.7249774230512,6.217260801065793,3.916919619185869
204.5506476525681,338.35543833440835,6.211826059963505,3.9244954387209097
203.91872556975042,337.79726789101045,6.206807754955071,3.9305816637034314
202.73282361774133,338.19140981766617,6.199092090822332,3.9354709997755952
202.97145422383304,337.6335960024634,6.197633971714968,3.940891413003585
201.38159401954573,337.7095104868294,6.203956440545256,3.947732341258729
201.0630193993799,337.78684456558085,6.205589899547745,3.9519431290881566
200.0300255182756,337.7842546764431,6.204917994438787,3.957122907363615
199.08002429765915,337.6217285423707,6.196315809387539,3.9640744044610225
199.08442799410167,337.2995373168691,6.187508416502536,3.9723056036745636
198.13402160118738,336.8196065410072,6.179799744463313,3.9779064264645743
197.5803978440913,337.37238818228207,6.17389660308157,3.9854937994887347
197.74246966998692,336.81112074377967,6.167872443857206,3.994610452509335
196.94904933435927,337.0487721543062,6.163497134155905,3.996672425743164
195.359279259938,336.09099175764544,6.161229250928582,4.003148399822905
195.3598696901387,336.16911571674825,6.160048390527146,4.0060648977843725
194.32130969221365,336.1703792969545,6.167628902905701,4.003537737371975
194.001394549018,336.16901092824963,6.170391668093228,4.006274474781714
192.96577440156838,336.1645394728167,6.1700304993912,4.015217385647506
192.40913357690343,336.15978680891527,6.166828357732383,4.024722713450407
192.08401571858383,335.6793571403315,6.1786316240246135,4.027933375097498
191.36546661325906,336.2356464240763,6.177181415644156,4.034225800186763
191.1289503944474,335.5949882910542,6.170448334632144,4.036167349870156
189.52321002791004,335.6761102553247,6.184865890262565,4.033776580201434
189.91831578750973,336.23582851929075,6.194802605958758,4.034547581123218
188.6372331576857,335.43451404663546,6.193902804750292,4.03526086339844
188.7951412578081,335.43441137882144,6.198466525901792,4.03546619902653
188.2358460442778,335.43132176759394,6.195224059019959,4.0416454214814586
186.71463991686707,335.26747783166377,6.191628231889936,4.048700863662674
186.95785050918468,334.7820335096362,6.186346587302997,4.057310427621255
185.8371185406599,335.41906265001,6.181594380279295,4.066804229201228
185.7502097269934,334.6158752714549,6.194881244862383,4.0678713588119
184.94446955606426,335.01441606142316,6.198881333545785,4.074529905462778
183.89747877582568,334.5295127238672,6.200916378095828,4.078822803993079
183.74110170730654,333.9644153729881,6.191628519346862,4.0818705204958174
183.10385150476148,334.52467310679214,6.1786708775293535,4.08788084393205
182.78606462805467,333.8778742906722,6.170894130546304,4.094777475378606
182.225284379481,334.19724325900336,6.1666062824974475,4.099381450256886
181.5843947881182,334.19571813595286,6.161604804617068,4.102431696357949
180.6227975613021,334.1923053243457,6.154922034144044,4.109257319572283
179.81463602358585,334.1115275530965,6.162884599726232,4.109976811085574
179.24847925903666,333.78804430087564,6.168423930457283,4.113072345031751
179.24577502827623,333.54543623494135,6.173832391978124,4.114981048244558
178.27433878983072,332.901672160418,6.18211865265538,4.11278505314877
177.70865296287468,332.9773467425489,6.184365141670674,4.122739483872253
176.3330652094355,332.9752261255815,6.189992639842837,4.126980717807015
176.33410680394064,332.8910602675336,6.187909450832562,4.133654510880642
175.9338206777766,332.6475545249476,6.1797942499606835,4.135453524132718
174.39302545254668,332.16291298178226,6.190123628103888,4.134864692889779
174.1441221655345,332.7289569108193,6.202557514336105,4.135313106330778
173.65683855888142,332.15975228420155,6.2052127942701425,4.1398251039654745
172.35635673203637,332.2410532650915,6.212572796763741,4.139323370385234
172.51560314513029,332.32416730664517,6.218485082479456,4.135297843229627
170.8922885966973,332.324083126731,6.22062366603205,4.135466203057917
170.81198515393717,332.3225400499006,6.218971079891469,4.138552356718772
169.83994174586093,331.918636065951,6.215626693857841,4.134930657040518
169.75803676039254,331.5965457338652,6.217261211832334,4.130409509363107
168.70102693451048,331.0301861820944,6.2236577157891935,4.1282546102392494
167.32627124388586,331.1115656432934,6.2160213650459175,4.1276808485466425
167.48540546610732,331.1925288189945,6.221874624586792,4.127815349136305
166.182989824576,331.1924222424136,6.232288968553119,4.128028502298108
166.66857317517142,331.1127023099364,6.234988888133154,4.1251572637907135
165.12228006535827,330.62749621929646,6.243800867417886,4.121746000752204
164.79181811366107,330.1423071098703,6.255206662250146,4.117847056761308
163.89256828581844,330.6304082525636,6.266361062355838,4.116560365327134
163.48381462326614,329.98160767271446,6.270708420746434,4.113105578283045
162.26160554867096,329.9792616940189,6.275530770612066,4.117797535674154
162.42153243636017,329.97734947299745,6.2812575129992165,4.121621977717034
161.60537033276105,329.9787142103423,6.284182471086716,4.118892503027399
160.62832772509915,329.8151402193253,6.283007276939113,4.120163750149376
159.97450288073122,329.40992443371357,6.28712174277434,4.1158858070599305
159.97539907642374,330.06200156572794,6.285329351389293,4.115190695212513
159.40855462769636,329.4099150559527,6.2787608634075465,4.116212417121395
157.69439127639245,329.41161850142294,6.288028347487581,4.112805526180894
157.61046902870322,329.41435450753244,6.2929781657039,4.107333513961885
157.20665804451747,329.41375931064937,6.286211341589048,4.10852390772799
156.47114967910036,329.0904247773114,6.2920635037049335,4.104008721640263
155.1691638717146,328.6028312349399,6.2910972540514525,4.102344107223899
155.66164589830507,328.2753000084996,6.28273143317846,4.106341071899229
154.52736911511414,328.8428907296177,6.273380439898598,4.110111909493864
153.71317276600223,327.94451859871276,6.275473531432605,4.117926603944995
152.97824045390456,327.78278639448536,6.2802142120024484,4.115807913816298
