399.1960144042969,233.25900268554688,50.26300048828125,33.527000427246094
396.9246930061458,232.3893478850577,49.86685101304845,34.26631002822444
397.0718446719293,232.0812952575165,49.572547681481424,34.88241528330686
397.0457412282897,231.9717710792167,49.62475456876055,35.10146363990648
396.3285198009176,231.8233064870837,49.72983589534067,35.39839282417245
396.354510751756,231.7288732782737,49.67785399366395,35.58725924179242
396.39296438831656,231.71879075461078,49.60094672054279,35.6074242891183
395.9389005272073,231.58304334004453,49.171741833077206,35.878919118250806
396.01295875256625,231.53699160223823,49.023625382359334,35.97102259386339
395.4110953320313,231.50156955970334,48.89280549867243,36.04186667893313
395.581570172985,231.44485959988273,48.55185581676521,36.155286598574385
395.7236016534394,231.44684792818535,48.26779285585632,36.151309941969124
395.2070271836764,230.70471900415436,47.97493485413227,36.30956084878107
394.3556434127839,230.8882406781395,48.353569551654715,35.94251750081075
393.53861890848947,230.99184107299396,48.66372305957263,35.73531671110186
392.40930566809936,231.0725580814011,49.597134959129136,35.57388269428758
391.54861136023186,231.0669122340201,49.98180051763157,35.58517438904961
391.4001893238981,231.0769821676817,50.27864459029905,35.56503452172635
391.2371787626631,231.14493673812808,50.604665712769005,35.429125380833646
391.1356121828768,231.09817929764506,50.80779887234162,35.522640261799665
389.7462544411719,230.20449164396285,50.878121088918995,35.95581893574783
389.62129222045127,230.1900335781392,51.12804553036033,35.98473506739513
388.8118570991065,230.12014871791763,51.380252768682496,36.1245047878383
388.1653043462572,230.14363521774942,51.30057624283083,36.07753178817475
388.18088343465496,230.01754112038728,51.26941806603534,36.32971998289903
388.02773762434873,229.88350485003076,51.57570968664777,36.59779252361206
387.91792818761996,229.70740134795176,51.79532856010532,36.949999527770075
387.91863133722774,229.56454638371682,51.793922260889715,37.23570945623992
387.94167391108925,229.52149471959243,51.747837113166725,37.32181278448873
387.9131567004671,229.45087196183795,51.80487153441105,37.463058299997655
387.2381366038997,229.42658179833268,51.75366064618284,37.51163862700824
387.2767469473573,229.47164574455383,51.67643995926761,37.4215107345659
386.62911550095254,229.49310113952328,51.573082231373625,37.378599944626984
386.44817074506045,228.96089288530263,51.93497174315779,37.0466685128191
386.5823164530877,228.93081049929074,51.66668032710332,37.10683328484289
386.5864366912647,228.91551350743907,51.65843985074936,37.137427268546205
385.969637502275,228.9430681857713,51.49836047938713,37.082317911881795
385.36760532353253,228.9480038032062,51.31207957131718,37.07244667701197
385.39851145129535,229.09048575451112,51.25026731579155,36.78748277440209
384.7302643369796,228.56581783350236,51.20502523988826,36.455082311884794
384.64842538840736,228.00416703758265,51.368703137032725,36.20280401185691
384.7180226240903,228.17280269803348,51.22950866566689,35.86553269095526
384.67808614158423,227.63058117750685,51.30938163067897,35.58374588715901
383.9932761951245,227.66243781891123,51.31621964186692,35.52003260435026
383.9360087037959,227.76268442311036,51.4307546245242,35.31953939595199
383.07570815339847,227.81871457840174,51.7911122052909,35.207479085369215
383.101660353972,227.1655659968309,51.739207804143845,35.14995665455715
382.3436174623065,227.14837337529647,51.89320938299291,35.18434189762605
381.63550911524106,227.07732522351773,51.9444520249793,35.32643820118349
381.5855572111134,227.1286514347181,52.04435583323475,35.2237857787828
381.4621394001278,227.0585371306979,52.29119145520586,35.36401438682313
380.6769715244228,226.26662093007425,52.48758002241101,35.57389960386577
380.711789567889,226.21290697799282,52.41794393547869,35.68132750802864
380.7718789170548,226.18559071972206,52.297765237147146,35.73596002457017
380.0509934122785,226.17424118311737,52.35932541426759,35.75865909777953
379.3225136877683,226.1096353740227,52.43477012727533,35.88787071596888
379.469207913045,226.12881326113273,52.14138167672198,35.8495149417488
379.5993977811994,226.1549438424974,51.88100194041316,35.79725377901944
378.96489499107696,226.2434096828164,51.775067751736444,35.62032209838147
379.00674705507527,226.345465045894,51.691363623739775,35.41621137222627
379.0086016752782,224.8059629007127,51.68765438333384,35.76366805667602
378.35049395446566,224.78963421291826,51.632403384880746,35.79632543226491
377.6758155029659,224.80844094084696,51.61058801350984,35.758711976407504
377.6328411567265,224.7712027677747,51.696536705988734,35.83318832255203
377.5097117266966,224.9186217012455,51.942795566048495,35.53835045561037
376.8486297317761,224.2328864816605,51.89337250899901,35.538233847889984
376.29465739843357,224.17798476924744,51.630477207051044,35.64803727271611
376.30830694090525,224.19186113958403,51.60317812210765,35.62028453204296
375.6019639743721,224.26298876970318,51.64804355989321,35.47802927180462
375.524520790286,223.58674569844226,51.80292992806535,35.46437161922898
375.02845986588136,223.50448435013902,51.42679841802595,35.628894315835446
375.1521731413654,223.42752712508545,51.17937186705795,35.78280876594259
375.2679407762708,223.30892520470502,50.94783659724711,36.02001260670346
374.65400035071633,223.27094533595906,50.811198290036536,36.095972344195374
374.050543339963,223.223770324144,50.65440899503971,36.19032236782548
374.2270985266024,223.10999851915645,50.30129862176091,36.4178659778006
373.64294160405177,223.14369043273103,50.10833873435891,36.35048215065141
372.984458937031,223.27909385036452,50.068064192149116,36.07967531538447
372.79501415477387,222.86254564493848,50.44695375666331,35.560593041725674
372.0185636242499,223.119359398697,50.65048676549039,35.04696553420866
371.20843331304445,222.52396332015326,50.92678544415732,34.893795747552026
371.0810661860905,222.69858011259007,51.18151969806526,34.54456216267839
370.84325742885477,222.96177629863752,51.657137212536625,34.018169790583485
369.98139147866516,223.1312339674288,52.03881941688819,33.67925445300091
369.8496475244665,223.23081071467982,52.3023073252855,33.48010095849889
369.0763975611337,223.23913124156127,52.50605758149969,33.46345990473601
369.08943490942096,223.2916852748236,52.47998288492519,33.358351838211306
369.0572042431725,223.25947356877185,52.54444421742212,33.42277525031483
368.4920899356895,223.1815526451976,52.32925690023117,33.57861709746332
368.5238828306718,223.10837012580114,52.26567111026648,33.72498213625624
368.50674264586695,223.12876896592115,52.299951479876235,33.68418445601625
368.5824701371209,223.20067051919648,52.1484964973683,33.540381349465584
368.02849728728904,222.51374353425874,51.91498920224571,33.57278232455476
368.07616214600085,222.5307528725968,51.81965948482207,33.53876364787865
367.44228431958754,222.52745219115857,51.75091721392492,33.54536501075506
366.5936267902192,222.65004198908596,52.11265480046976,33.300185414900284
366.5556903572537,222.6685830679885,52.188527666400724,33.263103257095196
365.88279298312364,222.7520815461794,52.19690390235053,33.096106300713394
365.96324224848087,221.98762638675345,52.03600537163608,33.29026643461194
365.92911854154227,222.05790960615656,52.10425278551331,33.14969999580575
366.0001543265984,221.9397096890313,51.96218121540092,33.386099830056274
365.3412756574739,221.94526742362493,51.94385367915031,33.37498436086899
364.67781827268664,221.86284681197873,51.935143796967694,33.539825584161406
364.66371861454473,221.24879734780404,51.96334311325159,33.42967782400008
363.99769000769044,221.2283090267387,51.95857017846097,33.470654466130746
363.995873465531,221.1937801356615,51.962203262779816,33.53971224828511
363.2565796408628,221.2055959225786,52.10214056530731,33.51608067445099
362.41413881984556,221.12992429964953,52.44666956532615,33.66742392030911
361.5542540934281,221.0817312959632,52.81839721231854,33.76380992768172
361.6508226308897,220.98984607869832,52.62526013739536,33.94758036221151
361.28577610519744,220.19153887967758,51.999956905744575,34.18879847721774
361.37091377063575,220.2229955143045,51.82968157486801,34.125885207963904
360.95315411280626,220.21052704318856,51.31876691185335,34.15082215019581
360.4819926534818,220.2452570071182,50.921917558996526,34.08136222233651
360.4470026010888,220.34368353545568,50.991897663782574,33.88450916566155
360.5932184402674,219.63822491286496,50.69946598542536,33.96559501282902
359.77049740031464,219.723805034705,51.018126650435875,33.79443476914891
359.36057128645365,219.21230410200138,51.8379788781579,33.48870897672792
358.2809618977067,219.3970452755572,52.661260507639156,33.1192266296163
357.53061280033756,219.4701429752365,52.81987719802193,32.97303123025767
357.8884987223186,219.3188057281455,52.10410535405977,33.27570572443973
358.13217500553486,219.23397741316086,51.61675278762734,33.445362354409
358.33427477692834,219.15658906589832,51.21255324484037,33.60013904893405
357.87978199424765,219.09170849492477,50.793125051220215,33.729900190881175
357.84226560715206,219.14721957788174,50.86815782541131,33.61887802496723
357.8686138690632,219.16836685600296,50.815461301588996,33.57658346872479
357.3014566532919,219.12992411275098,50.62771723442188,33.653468955228725
356.443729012666,219.00366164541765,51.022656449610885,33.90599388989543
356.2844118557874,218.95550531638912,51.34129076336798,34.00230654795247
355.4577027318933,218.9479515596612,51.6576677950754,34.017414061408324
355.26634449224633,218.2620340573916,52.04038427436928,34.04720398271236
354.31536470884146,218.3063196581826,52.59405717962092,33.958632781130376
353.35869662340934,218.31117258481908,53.15228019262372,33.948926927857386
353.2066188126754,217.75610824598982,53.45643581409162,33.695742771647105
353.0826572772274,217.787423153178,53.704358884987684,33.633112957270704
353.0728390846518,217.70651082476095,53.7239952701389,33.794937614104796
351.7847235585615,217.63612871884223,53.56164920932552,33.935701825942274
351.7524810849642,217.5915196378545,53.62613415652014,34.0249199879177
351.16025827337853,217.56563256309852,53.43890405250436,34.07669413742968
351.1974221884506,217.6084468841282,53.364576222360164,33.99106549537032
351.2438900338726,217.5943860851953,53.27164053151611,34.01918709323607
351.2321431696232,217.60329891387488,53.29513426001495,34.00136143587698
350.5568368589238,217.59656561261025,53.27941879561148,34.01482803840622
349.7611527645181,217.63686444735254,53.5044690020952,33.93423036892162
349.7396471028398,216.9845269048505,53.5474803254518,33.870567562016106
349.0333953639369,216.95892629535996,53.59206806361502,33.92176878099716
349.06383855990555,216.98155257666122,53.53118167167776,33.876516218394684
348.9636379595483,217.04029664623218,53.73158287239224,33.75902807925273
348.9598752022939,217.14178446044363,53.73910838690095,33.55605245082983
348.9156704384933,217.24479679491012,53.82751791450224,33.35002778189687
348.17508770980197,216.9684393254146,53.9453101010211,33.902742720887886
347.37874899264153,216.8057809197397,54.163584525339836,34.22805953223768
346.601046627043,216.67886563779055,54.335873937548826,34.481890096136006
346.61970274572866,216.57334356883095,54.29856170017757,34.69293423405522
346.50413899390986,216.61808147490797,54.52968920381516,34.60345842190115
345.5753341572061,216.6562976219601,54.992423769185415,34.52702612779691
344.64129742172844,215.91651318155195,55.45998239855924,34.6060801670317
344.55511466598176,216.0293389399465,55.63234791005255,34.38042865024255
344.49668461868646,216.18745358397152,55.74920800464318,34.064199362192525
344.4995654586588,216.23587498533513,55.74344632469845,33.967356559465294
344.4506749244755,216.41626273351628,55.841227393065125,33.60658106310302
343.7066739105102,215.81838250342514,55.93152481456275,33.404636916852326
343.75729864983487,215.86105018598437,55.830275335913356,33.319301551733844
343.8838971158982,215.8398704798006,55.57707840378668,33.361660964101446
343.1845713157252,215.1516218463436,55.58608617648427,33.34851440336702
343.32145732238814,215.07762592266397,55.31231416315835,33.49650625072624
343.57121804478885,215.08692082861157,54.81279271835693,33.47791643883105
343.5880631564887,215.08095591299104,54.7791024949572,33.48984627007215
343.70823247045814,215.05728753901397,54.5387638670184,33.53718301802629
343.17466221075847,215.2152477745654,54.22877474968371,33.2212625469234
341.74526622521296,215.33449643539865,54.35317508026513,32.982765225256905
341.6694661022025,215.41058560589494,54.504775326286094,32.83058688426434
341.68746004654764,215.48100912841488,54.468787437595765,32.68973983922444
341.79895277208027,215.37474669761036,54.24580198653057,32.902264700833456
341.83478967779325,215.4058015395048,54.174128175104556,32.840155017044594
340.57891268041345,214.5380080589398,53.965945761442065,33.21577377396359
340.52845296836415,214.6966951902876,54.066865185540735,32.898399511267954
339.8526489916752,214.67437020351758,54.05912231853762,32.94304948480803
339.97168450282237,214.7561182179332,53.82105129624332,32.77955345597675
339.969286777373,214.9052238741735,53.82584674714208,32.48134214349621
339.1720437834525,214.3733608429537,54.07159553238694,32.196331003339715
339.1659809142004,214.52036327556658,54.08372127089112,31.902326138113963
339.1910151242532,214.65941998209084,54.03365285078551,31.624212725065433
339.2229724058654,214.76421666920314,53.96973828756119,31.41461935084082
338.4328617899133,215.07648051612983,54.217104224212704,30.790091656987464
337.67333844308297,215.29620271598546,54.41022491599873,30.350647257276172
337.66728368587036,215.35544095629427,54.422334430423945,30.232170776658563
337.6145587732508,215.40263059059097,54.52778425566301,30.137791508065185
337.6328836662657,215.36499689784569,54.49113446963331,30.21305889355574
337.6160341929556,215.3234724122979,54.5248334162534,30.296107864651333
336.3479057594416,215.35915549811634,54.41695231356601,30.224741693014444
336.39177187824373,214.01082831613127,54.3292200759616,30.28287917825068
336.4234730522277,213.88875163604538,54.265817727993706,30.52703253842241
335.9449083748297,213.84962193824785,53.90077392837087,30.605291934017483
335.9161952987967,213.8428433618765,53.95820008043683,30.61884908676018
335.3645521390919,213.08648810721994,53.74230359653429,30.812376792761164
334.7537539595973,213.11026815266374,53.64462760636215,30.764816701873542
334.82317535423357,213.0480013996541,53.50578481708969,30.889350207892775
334.81513288171186,213.02504417075534,53.52186976213309,30.935264665690326
334.79263078418177,213.12509808633328,53.56687395719321,30.73515683453447
334.1233055237219,213.23555396678853,53.590162139649706,30.514245073623954
334.0399958824381,213.22249026708835,53.756781422217216,30.540372473024316
334.1278785351017,213.30411263303193,53.5810161168902,30.377127741137116
333.51936695548795,213.4578132010114,53.48854857256292,30.069726605178243
332.32310756644233,213.46566393925457,53.27527963386045,30.05402512869187
332.4905297612755,213.5779021194309,52.94043524419412,29.829548768339233
331.8404723111322,213.57954374357263,52.949851053255074,29.826265520055735
331.8602880478519,213.6947918254191,52.91021957981576,29.59576935636281
331.30930049802583,213.13374995026473,52.72592198574125,29.43158041294496
330.76952740543015,212.50376552341967,52.52471661942522,29.41079771512768
330.55431049570916,212.40315809639696,52.95515043886721,29.61201256917307
329.87674700676524,212.3332704928881,53.023063831713756,29.75178777619082
329.953674787183,212.19189596594435,52.86920827087826,30.034536830078324
329.9107950997796,212.10300878781638,52.95496764568513,30.21231118633428
329.34102705071416,211.358933884997,52.79708296437304,30.4030402125302
329.24039031931187,211.3050386656118,52.99835642717766,30.51083065130059
328.57407766841754,211.2125379615441,53.02785118956885,30.695832059435997
327.9886870592285,210.56081296863323,52.89192765705127,30.69257729436204
328.1964631930023,210.2972999700267,52.47637538950368,31.21960329157508
328.29394182455917,210.16050208062822,52.28141812638993,31.49319907037202
327.67629838273376,210.15589975074712,52.20761357973886,31.502403730134255
326.9840064587754,210.29826578105758,52.28404962114237,31.217671669513336
326.2754151925165,210.35208385089058,52.3967485118678,31.110035529847302
326.47778979539214,210.2906122135317,51.99199930611659,31.232978804565125
325.79651682787437,210.23846600416465,52.05414847720426,31.33727122329919
325.77957306522893,210.14461085537107,52.08803600249517,31.524981520886314
325.36905455985436,209.45231671333408,51.60232541495873,31.602822206674716
324.282627060445,209.33449729403677,51.17354049188485,31.838461045269334
324.31481173365086,209.3350771909282,51.10917114547318,31.837301251486483
324.1650548845,209.3001364073657,51.40868484377487,31.907182818611503
324.9079461360477,209.34311463482697,51.2259467172407,31.821226363688947
324.2108793376764,209.3971729842492,51.32120685180533,31.713109664844453
323.9424336856514,209.05602847698856,51.858098155855245,31.096918489666535
323.10489571382425,209.1756104651372,52.23706440551685,30.857754513369223
322.9301791352278,209.2816013406706,52.58649756270984,30.64577276230242
321.4340946765801,209.30402877121125,52.980048119775944,30.600917901221145
321.4002395178503,209.21965388983807,53.04775843723554,30.769667663967454
321.3923610046615,208.4683596935768,53.06351546361321,30.964004741032237
320.6998655404042,208.3652523587542,53.13672967639094,31.170219410677397
319.8994801546545,208.31228422926463,53.42114682944447,31.27615566965651
319.547938893202,208.34515081026973,54.12422935234938,31.210422507646356
319.45889359716307,208.30418969568143,54.3023199444273,31.292344736822955
319.47174758173117,208.20313801741338,54.27661197529102,31.49444809335906
318.75528029562474,208.07324795500256,54.370786207509525,31.754228218180657
318.1579912853551,208.00755911288365,54.220806840728294,31.885605902418465
318.07142326265324,208.0116529241191,54.39394288613194,31.87741827994762
317.3604013089393,208.04654916475977,54.46900073126793,31.80762579866626
317.31105782077316,208.00905089149256,54.56768770760016,31.88262234520065
317.291329860807,207.98408211188976,54.60714362753247,31.932559904406254
316.579739482461,207.95990676279445,54.67924000350763,31.98091060259689
315.95931878860785,207.2988987971419,54.56710842560702,31.949953568295154
315.21079664393176,207.40965765412116,54.71336829981334,31.728435854336617
315.17878151172675,207.5127338818604,54.77739856422325,31.522283398858132
315.33544804559625,206.9942997649558,54.46406549648427,31.212493728873856
314.7091046010519,207.03736636656848,54.37999458333043,31.12636052564851
314.84406072888504,206.95570713300086,54.110082327664145,31.289678992783777
314.25683929749266,207.06944145334188,53.95170512283649,31.0622103521017
314.001675216476,206.90335264185907,53.13541855252807,31.394387975067318
313.4270752809824,206.86940155840182,52.96449370686223,31.462290141981846
313.5213509457781,206.82956447593773,52.77594237727073,31.54196430691003
312.82532450929943,206.77591774471495,52.85072264161276,31.649257769355607
312.37488796593203,206.68571081421356,52.4314004648253,31.829671630358355
312.02557031899426,205.90817485107382,51.813042613791566,32.06775041172856
312.3710052465038,205.75860026901378,51.12217275877258,32.36689957584868
311.8246306457241,205.75544179750887,50.90845354269975,32.37321651885849
311.13327856850333,205.78942464037902,50.98778113766575,32.30525083311817
311.1936731235443,205.7669594028842,50.86699202758376,32.35018130810785
311.23855196829885,205.71872432943476,50.77723433807468,32.44665145500669
311.24585154918736,205.7230507499398,50.76263517629758,32.437998613996605
310.6601209953147,205.71926520297646,50.63181906939788,32.44556970792332
310.6160665664584,205.6033654356915,50.719927927110504,32.677369242493256
310.34109413309625,205.68318255441443,51.26987279383481,32.517735005047385
309.6763949537076,204.98403663859847,51.28806877632364,32.60482446039081
308.81181847248826,204.9768700243197,51.704289961369106,32.61915768894835
307.9385443226834,205.0606965696996,52.13144047073362,32.45150459818862
307.1353048752506,205.0701966414733,52.41494884131191,32.43250445464116
307.1219792979423,205.10495236552902,52.44159999592853,32.362993006529706
307.10598307191,205.14988308594013,52.4735924479932,32.2731315657075
307.17692137350684,205.2098659591529,52.331715844799426,32.15316581928199
306.45781551403746,204.61258869520745,52.44897823610559,32.026771019540305
306.4658031399955,204.5925429615251,52.43300298418953,32.06686248690498
306.48399919487696,204.61300489886446,52.39661087442665,32.02593861222627
305.9641647606371,204.5575012271274,52.11650208001106,32.136945955700426
305.4449583382874,203.88984561590675,51.83744851686593,32.15479077029716
305.66508632120434,203.8430562092248,51.39719255103205,32.248369583661
305.1137500640787,203.12819589634574,51.19126990985293,32.36949505398877
303.75248682974643,203.19727393685224,51.29870562991101,32.23133897297578
303.68556409858485,203.31538519999592,51.43255109223419,31.995116446688435
302.8975869608118,203.33522093336114,51.70362892839535,31.955444979958
302.8725151305646,203.5040554447159,51.753772588889724,31.61777595724847
302.9597412981831,202.84430446063635,51.57932025365281,31.633948678623007
303.0370646750435,202.89097491620643,51.42467349993194,31.54060776748288
303.0633374614,202.85879534727323,51.37212792721894,31.604966905349286
303.0776856294256,202.85395254791973,51.34343159116766,31.614652504056274
303.0666109066416,202.75271761233,51.36558103673576,31.817122375235705
303.312024248964,202.55522832374962,50.87475435209089,32.2121009523965
303.4117226248066,202.591475826266,50.67535760040572,32.13960594736377
302.80077477491443,202.54262622927473,50.60127310124034,32.2373051413463
302.9511985522674,201.85026124494223,50.30042554653432,32.32552910413007
302.39420688075813,201.8153247224822,50.12093320870423,32.39540214905013
301.6267137915895,201.89098890816828,50.36396668228915,32.24407377767797
300.1286535609464,202.0277625627492,50.77395430682247,31.970526468516116
300.0523285182135,202.0911302766649,50.92660439228826,31.84379104068475
299.3150251953666,202.18116693904088,51.10642976966909,31.66371771593274
299.47224186713987,202.25516408389913,50.79199642612263,31.515723426216233
299.4074941281606,201.1058703122817,50.92149190408125,31.23977664418443
299.3731108780553,201.12815171113664,50.99025840429185,31.195213846474537
298.8724382679369,201.13707687530194,50.706763928193844,31.17736351814392
298.9756597026291,201.08904582115463,50.50032105880938,31.273425626438573
298.49588408381953,201.01889440636916,50.18102671003431,31.413728456009515
297.9395949045596,201.07647652843298,50.017173810682735,31.298564211881825
298.54428784221113,201.17350505779305,50.07984025225309,31.10450715316169
298.37308484907146,201.26020150447314,50.422246238532466,30.931114259801532
296.9863087598604,201.2190135109422,50.6519393397466,31.013490246863377
296.92530820532045,200.53560552139433,50.773940448826444,31.10356666191013
296.6890563858173,200.5608775775851,51.24644408783274,31.05302254952859
295.1806107782958,200.57745788918757,51.69080701204629,31.01986192632362
295.0255584631596,200.64985021187002,52.000911642318655,30.875077280958724
294.7701878571233,200.68382487525753,52.51165285439127,30.807127954183706
294.07805210194357,200.6809220278805,52.59499515901014,30.812933648937737
293.54588503638723,199.84753718763173,52.357064391957095,31.17743843126957
293.6667660244349,199.69375400765065,52.1153024158618,31.48500479123173
293.13992705228566,199.5842292718122,51.86250017922917,31.704054262908663
293.09661795484743,199.57062968685463,51.949118374105645,31.731253432823788
293.0625846504497,199.47966126906573,52.017184982901036,31.913190268401603
293.0377839976511,199.34423408928154,52.066786288498335,32.18404462796995
292.52752607325556,199.09392105822286,51.76978642868639,32.68467069008736
292.68549059789586,198.97982317653046,51.45385737940582,32.91286645347211
292.742098384047,198.89707003214664,51.340641807103594,33.07837274223974
292.10295946975157,198.89211541259223,51.29728609778037,33.08828198134858
290.8573572637536,198.14365368523124,51.14619191789564,33.26405614013029
290.88091974622256,198.1943643900972,51.09906695295777,33.162634730398324
290.8648052312979,198.16510797315414,51.131295982807046,33.22114756428451
290.9565949026733,198.09344195273738,50.947716640056214,33.364479605118014
290.86827125178945,198.19199797400057,51.124363941823994,33.167367562591586
290.0134748437,198.29502568319717,51.51407980859521,32.9613121441984
289.9548605619827,197.67618811420874,51.631308372029864,32.8767113832518
289.98708846209263,197.79274074855402,51.566852571809974,32.64360611456124
289.3312515042158,197.69208659586283,51.56077481354648,32.84491441994362
288.67082037973705,197.59667243249447,51.560608156479105,33.03574274668031
288.7809829263143,197.58281469878924,51.340283063324634,33.0634582140908
288.7747705749759,196.92995062373797,51.35270776600142,33.04780724745159
288.1642413275805,196.93702212988484,51.25246234809556,33.03366423515784
288.2355931187207,197.0424936154761,51.10975876581515,32.822721263975346
288.31588620658346,197.1191294404696,50.94917259008965,32.66944961398833
287.7107718337553,197.27337653857734,50.850462612718594,32.36095541777286
287.18432707742676,197.37828570640838,50.60104851325675,32.15113708211076
287.241895576821,197.3435629276303,50.485911514468285,32.220582639666915
287.3341303122171,197.41156131857923,50.301442043676076,32.084585857769085
286.62142565432134,197.494133324815,50.437387180074914,31.9194418452975
286.4683781738376,197.43190280426865,50.743482141042335,32.04390288639027
285.7614982457956,197.4368663020993,50.86184482660221,32.033975890728925
285.7902938491762,197.39080507374678,50.80425361984112,32.12609834743401
285.15487838438696,196.7224273456103,50.777402329179985,32.16517158346737
284.65228507016667,196.63554040141338,50.48465431686186,32.33894547186123
284.7519935957747,195.88476333742162,50.28523726564579,32.5440403848011
284.224154472681,195.89300324245409,50.04401929767738,32.52756057473621
284.3566015029246,195.92957853339067,49.77912523719019,32.454409992863006
284.4281550933152,195.20057400080836,49.63601805640907,32.624607678058844
283.81753757032226,195.17890236137632,49.568753868877515,32.66795095692296
283.70477967835376,195.08801525219735,49.79426965281448,32.84972517528088
283.0163970182992,195.08723486675947,49.87641167937632,32.85128594615663
282.99484227904935,195.1192210150672,49.919521157876005,32.78731364954115
283.00676192477016,194.44157512766188,49.8956818664344,32.84714030739086
282.45532267164015,194.44825844168042,49.70245706116734,32.83377367935379
282.58881386594675,194.46330512471837,49.43547467255414,32.80368031327789
282.64152820993496,194.42297402229167,49.33004598457772,32.884342518131305
281.9943855487493,194.51387013612387,49.336108603056225,32.70255029046689
282.12838368811305,194.62482693284738,49.068112324328666,32.48063669701986
281.4527848358543,194.71297676080488,49.141736729722666,32.304337041104866
281.41488366592137,194.78375855661744,49.217539069588504,32.16277344947973
280.83756206175707,194.82075408093536,49.09765769092883,32.08878240084391
279.62000518717224,194.79419564720595,48.98978614169349,32.141899268302716
279.63170252510406,194.92550269227132,48.96639146582979,31.87928517817201
279.56460116427616,194.46255519967715,49.10059418748559,31.539148992206666
279.46360243030335,194.4644575649658,49.30259165543124,31.535344261629376
279.4283936503124,194.5877170871629,49.373009215413134,31.28882521723519
278.7686470129074,194.580732009624,49.43024377309673,31.302795372312968
278.6656065651037,194.62533350747344,49.63632466870421,31.21359237661406
278.63525239095134,194.72814565956446,49.697033017009005,31.007968072432057
278.6096352299976,194.2059460458701,49.74826733891641,30.78997058646411
277.915244147065,194.20696658587525,49.877546251822366,30.787929506453793
277.36211817583956,193.56571415003415,49.722399980331396,30.809036164194215
276.6597985675653,193.44941304454903,49.867601922017656,31.041638375164467
276.0342688539832,193.38706101949316,49.853152346429766,31.166342425276177
276.0648641000329,193.32005426102447,49.79196185433033,31.300355942213564
275.8836775147164,193.35461232460185,50.154335024963295,31.231239815058814
275.75107064278944,193.34265275299538,50.419548768817194,31.255158958271743
275.08210708296696,193.3857480440915,50.480142635121524,31.168968376079462
275.0091658180195,193.44013517966977,50.626025165016486,31.060194104922964
275.00090072657616,193.30982079636826,50.64255534790312,31.320822871525998
274.375418314642,193.27354293088538,50.61175587286883,31.39337860249173
273.83023959142054,193.17617406500995,50.41959054286483,31.58811633424262
273.1651129237059,193.16784732738665,50.46692453300916,31.604769809489174
272.6826115579517,193.1678224581383,50.1480214621881,31.604819547985933
272.78394854996975,193.1420240180074,49.945347478152016,31.65641642824773
272.14055985852883,193.12069336237735,49.95515208771499,31.6990777395078
272.13754783578327,193.18256878200688,49.9611761332061,31.575326900248744
271.4986756480569,192.6493221961231,49.96306834690591,31.365967910263272
271.45352483806954,192.5708161133576,50.053369966880645,31.522980075794273
271.61086466181916,192.40732420630258,49.73869031938134,31.84996388990434
271.07714184110574,192.26222592980244,49.52901945714858,32.14016044290461
270.44145936734833,192.27144744953438,49.5215645552118,32.12171740344076
270.3911139407296,192.26986453754228,49.62225540844934,32.12488322742496
270.37170381736786,192.27112910987995,49.661075655172795,32.12235408274964
270.39585006426273,191.55503426061114,49.61278316138303,32.27404116638698
269.68891454474107,190.85835410690652,49.744345266560956,32.385092539930696
268.9019310872491,190.83966072460902,50.032178187300495,32.422479304525694
268.66008219954216,190.83440541526312,50.515875962714446,32.4329899232175
268.64786897481747,190.21299263811127,50.54030241216377,32.37731730507503
267.73629413747716,190.16174529883796,51.06551827069566,32.47981198362171
267.5484922870362,190.24575572368326,51.44112197157759,32.31179113393105
266.6201674949432,190.37467956967154,51.98745701113643,32.053943441954516
265.8878677421959,190.32120931574627,52.137909873446624,32.160883949805054
265.64007581587805,190.33358709573392,52.63349372608233,32.136128389829764
264.88809279727263,190.23621990198276,52.81229745634871,32.33086277733209
263.475513292352,190.20321188851642,52.97524991257805,32.39687880426479
263.413102180853,190.20147102237178,53.10007213557602,32.40036053655403
263.3608051851773,190.26781981824425,53.204666126927435,32.267662944809096
263.35615009376437,190.32797418952399,53.21397630975336,32.14735420224963
263.57107601873,189.6544420364531,52.784124459822,32.16041930556038
263.161195107245,189.7658281691415,52.27607027643017,31.93764704018352
262.6937365393811,189.79641411668166,51.894491790623256,31.87647514510328
262.80940192752786,189.85585970109932,51.6631610143298,31.75758397626796
262.15724395154865,189.92235762299046,51.66314796215331,31.62458813248565
262.19783270942463,189.94664408111151,51.58197044640137,31.576015216243555
262.2073681852458,189.99264157905898,51.56289949475898,31.4840202203486
262.3800320755998,189.94333440416185,51.21757171405104,31.5826345701429
261.74765761861875,189.37965876060755,51.18757847698169,31.415243706220103
261.83937400280456,189.31914627896035,51.004145708610075,31.536268669514513
261.1816904556857,189.35287910174242,51.02873412198162,31.4688030239504
261.36206766498236,188.05726049932633,50.667979703388376,31.480015489601186
261.3783528781194,187.99314567608937,50.63540927711428,31.608245136075126
260.6984914336703,187.9078788656689,50.708650957044014,31.77877875691611
260.00456327245064,187.93432280837646,50.806072504025025,31.72589087150095
259.319015788879,187.74346019124658,50.88616389969836,32.107616105760734
258.68029191712424,187.71107531679937,50.86501393089588,32.17238585465517
257.95204888053934,187.60256555781345,51.02213411694588,32.389405372626996
257.703081682244,187.6573492196953,51.52006851353656,32.279838048863255
257.74660192200247,186.93939663103154,51.43302803401959,32.404784373870655
257.9263340225651,186.8679564357194,51.07356383289434,32.54766476449494
257.37416261180226,186.80157908615377,50.86914123618267,32.68041946362624
256.80579128527756,186.7879021065588,50.697960649420104,32.707773422816175
256.0893643853006,186.23527300287262,50.82499922794078,32.50721640875519
256.1355580806391,186.34012154632092,50.732611837263796,32.29751932185859
256.3158397715399,186.39357179603826,50.3720484554622,32.190618822423914
255.77661151576243,186.29919045325306,50.158211011593664,32.37938150799434
255.85298729442468,186.33027730984782,50.00545945426915,32.317207794804816
255.84765137735087,186.3679344018782,50.0161312884168,32.241893610744086
255.14300717913375,186.40303770796453,50.13760022616761,32.17168699857136
253.48945649626066,185.8322484946096,50.867768233625426,32.02479874613711
253.29680401023393,185.8758202854614,51.25307320567893,31.937655164433455
253.27879673854127,185.85851230011923,51.289087749064194,31.97227113511783
253.2888841485258,185.82643294926066,51.26891292909517,32.03642983683497
253.3061644249608,185.83012273440053,51.234352376225175,32.029050266555224
252.46010066421556,185.8055351217669,51.623994560214854,32.07822549182247
252.35318437943837,185.7468033416281,51.837827129769224,32.195689052100064
251.65085955627978,185.69213266369516,51.92818316008903,32.30503040796596
251.69723127369778,185.62454771834783,51.83543972525301,32.44020029866061
251.79496198600827,185.57813273788258,51.63997830063201,32.53303025959111
251.90835187108038,185.474544498573,51.41319853048781,32.740206738210254
251.43093830443073,185.41319679569133,51.05095672706041,32.8629021439736
250.66048091862874,185.5312870733113,51.278176565510364,32.626721588733666
250.6019559961651,185.73186161755834,51.395226410437644,32.225572500239586
249.961497533608,185.84846357632108,51.36795964808324,31.992368582714136
249.83917376351602,186.03556497371727,51.61260718826718,31.618165787921697
249.00704284568982,185.5395576081449,51.97563774577172,31.308949240918643
248.9991313008995,185.02857754108635,51.991460835352356,31.029475394714517
248.27912896773947,184.4948123721705,52.134509729130926,30.80004996000477
247.611719481537,184.59145649039522,52.174121188553784,30.60676172355531
246.88486033851404,184.60706364384887,52.335311999307905,30.575547416647957
246.9115304323806,184.48882650157128,52.281971811574806,30.812021701203125
246.43558752926646,184.3958384730242,51.93625689319062,30.9979977582973
246.7808814117767,184.27664951434852,51.24566912817012,31.23637567564868
246.25465124829998,184.16621776410742,51.00879023482551,31.457239176130884
246.452098625514,183.28581430142214,50.613895480397446,31.928525562623
245.98463689826156,183.32375884997802,50.25729162879637,31.852636465511242
245.33842412942542,183.3202153665371,50.264793841199136,31.85972343239309
245.35361246199164,182.5887286641558,50.234417176066685,32.03754267337451
245.36048378641908,182.66428088216773,50.2206745272118,31.886438237350657
244.94019532084616,182.54199202190767,49.77631033278547,32.13101595787079
245.10481364363716,182.4987916644773,49.447073687203435,32.21741667273151
244.4790893203765,181.83751124465405,49.41964315549191,32.26109833414517
244.5824145129261,181.72985313655516,49.212992770392695,32.47641455034293
243.9752296713657,181.74832695101279,49.14768289808025,32.43946692142772
243.2331517456319,181.8146889865793,49.35375506799463,32.306742850294654
243.2899877649574,181.82905458591253,49.24008302934361,32.278011651628205
242.6171965237309,181.89062481355006,49.30888257594724,32.15487119635317
242.65946646820078,181.2649235789707,49.22434268700751,32.13051027175184
241.93955510977977,181.33651325381365,49.390076434122804,31.987330922065972
240.55046673856484,181.42300538743663,49.619879385235485,31.81434665482
240.51875822506756,181.58426984241433,49.68329641223006,31.491817744864598
239.91016521498884,180.81633959726386,49.630184607055945,31.75738040983397
239.87655164392157,180.89459752414163,49.697411749190444,31.600864556078403
239.7548597533747,181.06690232200066,49.940795530284234,31.256254960360383
239.76549723771797,181.0361825879818,49.91952056159767,31.317694428398063
239.7277045194998,181.0643769249297,49.995105998033985,31.26130575450229
239.00703958601784,181.0849906509907,50.16533795045102,31.22007830238025
238.27406314191336,181.10045979514288,50.35834176427055,31.189140014075925
238.1715024582585,180.5746527594814,50.56346313158032,30.96544282886954
237.3510363539798,180.61221669464135,50.9297829118875,30.89031495854968
236.57023936163046,180.59071540374077,51.212569506615075,30.933317540350785
235.78164052430344,179.95821524227034,51.50602393886436,30.914574620886945
235.71103661591286,179.88355379251925,51.64723175564552,31.063897520389077
235.7782126676788,179.8273513694374,51.51287965211367,31.17630236655281
235.09663073193065,179.74158707591783,51.58373481091246,31.34783095359191
235.1571266693433,179.51285905752044,51.462742936087125,31.80528699038672
235.17641392549922,178.5960539054189,51.424168423775285,32.33675686518951
234.6872272886298,178.33670566031063,51.09206224881697,32.85545335540603
234.18916706880486,178.2221022915508,50.77399630693411,33.0846600929257
233.48763812419696,178.16593410134874,50.86381130854999,33.196996473329804
233.46363611693232,178.2296460998203,50.91181532307928,33.06957247638675
233.4324045061036,178.11079949833163,50.974278544736705,33.30726567936401
233.29987699432982,177.92161432746192,51.23933356828426,33.68563602110343
233.2556555639979,177.92300570276095,51.327776428948155,33.68285327050538
232.51305904051273,177.874819330796,51.48144837709019,33.77922601443531
231.91438523277102,177.8899104687066,51.343362881914615,33.749043738614105
232.00844539798786,177.95974372198935,51.15524255148099,33.60937723204859
231.29542909749375,178.06679705335802,51.253567926582235,33.395270569311265
231.42204472699436,178.18053765602463,51.00033666758107,33.16778936397805
231.55083910422374,178.1534928116705,50.74274791312229,33.221879052686276
231.66749014890246,178.1411838191161,50.50944582376482,33.24649703779513
230.9596688960354,178.13630539622892,50.6131198714553,33.25625388356947
231.00766235592113,178.12421708280132,50.51713295168385,33.28043051042465
231.12792873409288,177.4386784679243,50.276600195340315,33.33885894828087
230.4664660140972,177.32900818306757,50.28951815622973,33.558199517994325
230.44601569795213,176.64490819676465,50.330418788519864,33.612551547640464
229.5427277306718,176.73561434053144,50.82162862051537,33.431139260106896
229.42762800408644,176.74152681479677,51.05182807368607,33.419314311576215
228.48990338390988,176.87068223274855,51.6042882425806,33.16100347567268
228.50141636537467,176.76742074154527,51.58126227965102,33.36752645807924
228.46121916816196,176.82089918668956,51.6616566740764,33.26056956779066
228.53617769115093,176.78140344150447,51.511739628098496,33.339561058160825
228.6954010002675,176.78261715475867,51.193293009865315,33.33713363165245
228.73829761928698,176.78782057247108,51.107499771826404,33.3267267962276
228.09537256902485,176.84944695918122,51.071068431571604,33.2034740228073
227.41577042940972,176.96321401356357,51.11059276668095,32.97593991404264
227.5932617185132,176.9796427221354,50.755610188474016,32.94308249689895
227.12953734597698,176.86998821847945,50.37245276023518,33.162391504210866
226.375534289923,176.88640777177469,50.57194777547075,33.1295523976204
226.1494312015767,176.58322968515407,49.71319471020792,33.735908570861625
226.5817939587702,176.41049518419922,48.84846919582092,34.081377572771316
225.44737719570398,175.65153605496266,48.515712144831745,34.29850054268366
225.5722406459493,175.5434745962872,48.26598524434107,34.51462346003458
225.62089427787325,175.46813605004849,48.16867798049321,34.66530055251199
225.7241665185525,175.36888575511148,47.96213349913472,34.86380114238604
225.60366445281437,175.35108184366936,48.20313763061094,34.899408965270254
224.83110033660213,175.33450158685764,48.44376353668466,34.93256947889371
224.817759787025,175.3308739119813,48.470444635838945,34.93982482864634
224.8917318130627,174.632729041391,48.32250058376356,35.026894829158444
224.1625555273497,174.57850971359815,48.472445850431136,35.13533348474415
224.14726733188127,174.54328570084436,48.50302224136797,35.2057815102517
223.23592932942452,174.60685432066853,49.01161398243845,35.07864427060336
223.13512329763282,174.50374211245838,49.21322604602187,35.28486868702369
221.65071036108617,174.39816855106812,49.529748981586025,35.49601580980418
221.69094372356798,173.55849951397968,49.44928225662237,35.84093290908054
221.73685665974017,173.44655519090762,49.357456384278024,36.064821555224704
221.12418889486833,173.39621106317347,49.24163717961354,36.16550981069298
220.44984004725285,173.3873037611149,49.24928716953051,36.183324414810116
220.67576666779408,173.3136921497475,48.79743392844808,36.330547637544896
220.7659864287991,173.32231482619045,48.616994406438025,36.31330228465904
220.27074044894633,173.31102558615478,48.27351467967154,36.335880764730334
220.34452329605958,173.35241964114138,48.12594898544506,36.253092654757175
220.3745203209852,173.3888522835861,48.065954935593794,36.180227369867715
220.60558399930468,173.28515461955251,47.60382757895486,36.387622697934866
218.93614179223226,173.4626565228295,48.30321546208038,36.032618891380956
219.04184039863097,173.37080384192024,48.09181824928297,36.21632425319942
219.17187821668293,173.30343865622137,47.831742613179074,36.35105462459715
219.27754199110103,173.27866190378242,47.62041506434287,36.400608129475074
218.66074926652482,173.2540085258039,47.5337873891522,36.44991488543211
217.1678410373091,172.83000513197476,47.88021324943999,35.97822637401853
216.4789927688914,172.95363484346552,47.940633916693955,35.73096695103705
216.46353469462073,173.07264230183472,47.97155006523529,35.49295203429867
216.44798317251227,172.55908536534412,48.00265310945223,35.20934198054813
216.40420711471867,172.7458773518165,48.09020522503941,34.8357580076034
215.79467678784295,172.1481258422343,48.007522194409034,34.7295173423859
215.85361077671533,172.22956634965846,47.88965421666428,34.566636327537594
215.0755345461384,172.25503509000583,48.15152693245967,34.515698846842824
215.03279931021768,172.26581858306866,48.236997404301114,34.494131860717154
214.28271797172178,172.21444668056324,48.43880931382326,34.59687566572805
214.31755888743066,172.10958344162125,48.36912748240546,34.80660214361198
214.35223522326226,171.45758117950714,48.29977481074228,34.80511323831537
213.74433240622102,171.26172696528894,48.211162721337246,35.19682166675174
213.80186214060154,171.1056644283554,48.09610325257617,35.50894674061888
213.79591695572861,171.1056007953191,48.107993622322056,35.50907400669145
213.15690958452853,170.44642567256287,48.0729463372822,35.51436222476391
212.62228702603696,170.4269495103614,47.829575444301504,35.55331454916685
211.36564824183688,170.33070150058225,47.72374568765143,35.74581056872512
211.53127134524814,170.29494800148507,47.3924994808289,35.81731756691948
211.77038254196546,170.34097065799602,46.91427708739428,35.72527225389759
211.91488838266224,169.69430051229892,46.6252654060007,35.72018790635148
212.0108046482997,169.83419823385773,46.4334328747258,35.44039246323386
210.64764875226604,170.0154210418561,46.58685914888728,35.07794684723714
211.2969608662774,169.59109336289964,46.57109809795267,34.643739028062015
209.91717027981298,169.7306260084356,46.779637319624484,34.364673736990085
209.11825499281372,169.87332979025166,47.10334933138135,34.07926617335795
208.99764221320711,170.02268321030127,47.34457489059456,33.780559333258715
209.09122777678246,170.01342794915143,47.157403763443874,33.79906985555841
209.06550425038532,169.9508987434044,47.20885081623816,33.924128267052474
209.06591472215024,169.93807179020308,47.20802987270832,33.949782173455105
210.15785615518652,169.02514894307882,46.297952034137616,34.50182284020178
209.72212697855616,168.81330743035844,45.90036755854251,34.92550586564255
209.70509342317732,168.13617370116353,45.93443466930018,35.00986179763079
209.99218497779194,167.88240075136025,45.36025156007092,35.51740769723736
209.43705671675488,167.7602855718921,45.19920437139825,35.761638056173666
208.69690214174395,167.7258898869165,45.40670708251764,35.83042942612483
208.50190783727433,167.705714620549,45.7966956914569,35.87077995885982
207.74009388226298,167.71629810296707,46.036598626369575,35.849612994023666
207.57826347076139,167.71062622482327,46.360259449372805,35.86095675031132
205.84059210929985,167.89752821115272,47.25124137018783,35.487152777652405
204.6652830048418,168.03559419704015,48.30218956455903,35.211020805877496
204.56591673044812,167.85234947285633,48.50092211334634,35.577510254245176
204.25203927405266,167.84136549694216,49.12867702613726,35.59947820607354
203.21102664971812,167.98623978306395,49.88065999802491,35.30972963382992
202.2992803452024,167.50142884115172,50.367486588537304,34.94268549913535
201.88573188784906,167.05824705358987,51.19458350324397,34.491083089454634
202.06950127739157,166.99792655041398,50.82704472415893,34.61172409580645
201.51178255152715,166.97266465332274,50.603061496863624,34.662247889988905
201.30451837063495,167.10509063233718,51.017589858648044,34.397395931960006
199.3828022553983,167.0797852030629,50.84481217976755,34.448006790508614
199.49693194885998,166.6099024239175,50.61655279284419,34.0507977555598
199.63419511826345,166.63230009595316,50.34202645403727,34.00600241148851
199.0575509475815,166.6055631405193,50.17324212836425,34.05947632235619
198.36927272877494,166.59177369542337,50.229381061592775,34.087055212548066
198.3391038095088,166.67752555207613,50.28971890012511,33.91555149924257
198.6073064196894,166.62486542171314,49.753313679763906,34.020871759968536
197.74655383633674,166.00151520351284,50.16136913089282,33.954122480792776
196.88063305314265,166.00411173556992,50.57471883650758,33.94892941667858
196.07234084890501,166.01109163088702,50.86667539257328,33.934969626044406
194.48155277443846,165.98210086224483,51.3906764679533,33.99295116332878
194.7222018574883,165.81507685099407,50.90937830185362,34.326999185830275
194.91123332790494,165.70560674121208,50.53131536102037,34.54593940539431
194.81563687018246,165.71489161111612,50.72250827646529,34.52736966558623
194.09703681230735,165.6390853107262,50.82326071453289,34.67898226636608
194.26985419424437,165.4647474977679,50.477625950658805,35.02765789228266
194.36138945061066,165.32716301385415,50.29455543792628,35.302826860110144
193.77819288455945,165.32155629126538,50.118136920076886,35.31404030528766
193.89354595246954,165.36880196369253,49.88743078425669,35.21954896043337
193.96382285940962,165.498390813126,49.74687697037656,34.960371261566436
194.05841986117704,165.68467952094505,49.55768296684171,34.58779384592832
194.30767468305208,165.72012688482096,49.059173323091635,34.516899118176525
193.18558928081632,164.98896274725456,48.681007863915625,34.66805926148553
191.9135936549027,165.0146214704858,48.609123319057296,34.61674181502311
191.8841433515944,165.08027213784166,48.66802392567396,34.48544048031137
191.75687957119266,164.62953201496745,48.92255148647743,34.08218778928206
191.19692638082992,164.5168805697655,48.74053012510765,34.30749067968595
191.28432063615844,164.50201470977632,48.56574161445059,34.33722239966431
191.48705583451414,164.40747702350134,48.16027121773922,34.52629777221424
191.7593628958466,164.324299204923,47.61565709507427,34.69265340937098
191.8278693883451,164.48616101314624,47.47864411007726,34.36892979292445
191.91892445880418,164.43452043793565,47.296533969159114,34.47221094334564
192.11811673457873,164.43666065625467,46.89814941761003,34.46793050670762
192.46977644650693,163.811343455354,46.1948299937536,34.44095288367188
192.894719733648,163.6916320880792,45.34494341947147,34.68037561822151
193.99887453417742,163.61531577800457,44.39407428790372,34.8330082383707
193.47177271120586,163.6442333716915,44.202880718009595,34.775173050996834
197.42314371106676,163.3078276315421,42.50779648405771,35.447984531295695
201.97331591749682,163.08370254995114,40.765797399595485,35.8962346944776
202.19093315384595,162.92383432257444,39.12389587040605,36.21597114923102
202.85289924262952,162.8902455832511,37.79996369283889,36.28314862787766
202.37230813910844,162.88100258168353,36.42794179864425,36.301634631012824
193.10397955566356,162.73467288154256,37.78439053787075,35.44894680278382
196.51104760876518,162.7925814352156,36.382512900294685,35.507543681464526
200.75709881729068,162.95571667147786,35.8151518681508,35.181273208940034
200.4731763338776,162.62589385590428,35.26495403749997,34.7228760426102
200.2284180754304,162.69735649992995,34.652308266877235,34.57995075455886
200.6215744886579,162.82232670527029,33.86599544042224,34.33001034387819
200.92010598716766,162.9841384711122,33.26893244340271,34.00638681219435
201.2012173579217,163.16570652638788,32.70670970189462,33.64325070164302
201.5342141264793,163.24914387463207,32.04071616477946,33.476376005154606
201.8240712680953,163.3101191171773,31.46100188154741,33.35442552006418
202.16423413467564,163.27509648949473,30.78067614838677,33.424470775429334
201.8962283207912,162.83671588412352,30.305797422758722,33.290341632774805
201.57362410018575,162.96968421325374,29.949767616804436,33.024404974514376
201.73345135296861,162.53341139006136,29.630113111238714,32.90552691434246
201.90313337038765,162.6529181409168,29.290749076400626,32.66651341263163
201.46040729904198,162.77091563351155,29.20085843167846,32.43051842744209
201.02123173351035,162.8008770802434,29.108969912314073,32.37059553397844
201.06122589304553,162.7152094471904,29.028981593243692,32.5419308000844
200.57713380992368,162.82557079601605,29.02793972435579,32.32120810243309
200.65410828297604,161.91762688465013,28.873990778251073,32.20553543051474
200.1997808687389,162.11892109666525,28.821121081442136,31.80294700648454
199.8237924020009,162.1253928211692,28.618677030899292,31.79000355747658
199.29527368783113,162.30852343050282,28.72472444317657,31.423742338809426
199.34988138551952,162.28052870166988,28.615509047799755,31.479731796475278
198.94373052764718,162.25801570319067,28.4816977821902,31.524757793433697
198.99081870594125,161.33573808166994,28.387521425602092,31.479953589654087
198.49913358073235,161.4394484423439,28.42841129208081,31.27253286830622
198.5627707840751,161.06929023857748,28.301136885395323,31.072943682132575
198.1533600913947,160.7744665356619,28.185188135956768,30.727820953164407
197.83935293884895,160.6895201294144,27.8856545627519,30.89771376565936
197.46436937486288,160.62077845303165,27.710203219445585,31.035197118424882
197.03302171151466,160.2379245959941,27.648144667968282,30.87615095432626
196.5931372124771,159.84665763530737,27.6066217664814,30.737392976137684
196.11410446582656,159.92488431401645,27.646214643977135,30.58093961871954
195.6742231259265,160.0703699802832,27.609305480035797,30.289968286186046
195.19623228971477,160.11756237276904,27.653731911876672,30.195583501214372
194.28541345893095,160.2115140929967,27.653783656336053,30.007680060759036
193.7967975751627,160.15493193490724,27.72315005511514,30.12084437693793
193.80470148234772,160.11278862425064,27.707342240745096,30.205130998251143
193.7971618983414,160.0065942941619,27.72242140875778,30.41751965842859
193.36137715330904,160.2778084558482,27.678647238411937,30.790434995466594
193.32487518742474,159.24576601327084,27.751651170180537,31.013626117494738
184.24811411353284,159.26696486063295,28.32863551702745,30.971228422770455
181.36155435334962,158.93646285846484,29.433633635343597,30.69860814669664
190.9185095225943,159.29832347588885,29.25796435311865,30.921798964661846
190.46849707476434,159.25354608702324,29.210366998634665,31.011353742393048
190.54271293602486,158.630481739616,29.06193527611361,31.30921491215165
190.58739043037195,158.55324340469758,28.972580287419447,31.463691581988506
189.1730374385622,158.5464165167323,28.946635778502312,31.477345357919038
188.80154623409868,158.48990684033737,28.738268098979056,31.59036471070892
188.21128881222205,158.5881546012521,28.9689911948782,31.393869188879407
187.76276538905785,158.60818685858342,28.915633588842574,31.353804674216782
187.90160483444942,158.54674544003188,28.637954698059474,31.476687511319867
187.96250218394349,158.55993043138216,28.51615999907133,31.45031752861935
187.51121822470816,157.60006788039266,28.474656597634645,31.481899990783617
186.92390624269095,157.78595877044776,28.705379784981496,31.110118210673427
186.38223587968605,157.89156112091004,28.846934492359452,30.89891350974884
185.89644059350593,157.89807265854833,28.87778431013156,30.885890434472273
185.409135013218,157.93174785083423,28.911368070586146,30.818540049900484
186.45201103081757,157.42856925236762,28.706633221249657,30.884388653902356
186.10575688709628,157.52894588763294,28.46085689800629,30.683635383371737
186.17592173572322,157.5026643203909,28.320527200752384,30.736198517855808
186.12433201031897,157.5865306893998,28.42370665156092,30.568465779837993
185.17519088074627,157.66781249056257,28.464274750463087,30.405902177512488
184.69701534440097,157.71906814653929,28.493662489960947,30.30339086555903
185.21615221890093,157.7419782413997,28.381216932868654,30.257570675838224
184.7967709113035,157.63581673799388,28.29665227147742,30.469893682649847
184.7826703952931,157.64879527410125,28.32485330349816,30.443936610435106
184.26698290384437,157.628688591517,28.430885957148767,30.4841499756036
182.8234285224017,157.14846536185004,28.535029819462356,30.51694146808027
182.9374299881586,157.00484540369143,28.307026887948542,30.80418138439751
182.4776190402059,156.94824030618466,28.29597129949507,30.917391579411067
182.09546564313447,156.42836204905353,28.128012667344294,31.02488266737967
182.089851520066,156.00537656816812,28.139240913481252,30.939591278356197
182.09764474977948,156.09552078063226,28.123654454054332,30.759302853427947
181.16677921550087,156.14831013903864,28.13126871179656,30.653724136615125
180.62295781255906,156.25453896425765,28.293376690640674,30.441266486177117
180.6318691198975,156.12736414038866,28.275554075963846,30.695616133915095
180.12095786841536,156.04507948458556,28.368892254939553,30.860185445521303
180.14864901922707,155.9728287272412,28.313509953316164,31.00468696021005
179.64077558457694,155.9622424070591,28.39535236403155,31.0258596005742
179.13270932503815,156.05798858533592,28.475947024869782,30.834367244020594
179.74283063802105,155.60729529729235,28.189540470687003,30.801917748324684
179.67927720575364,153.39972348991407,28.31664733522183,30.573203439122686
179.2061893251994,153.94817959062243,28.335594098349212,30.40352023568702
178.34501402778776,153.89842092570166,28.20818049182414,30.503037565528615
177.86599686815774,153.8892409702075,28.241805290697457,30.521397476516867
