151.53799438476562,151.0,6.691999912261963,5.308000087738037
151.88097682144885,150.96096539556558,6.7039921492266155,5.3293788023463815
152.63207452554246,151.6151384470675,6.715337095770116,5.345380509731907
154.05889568683278,151.60159194143216,6.706084657963111,5.372473521002566
153.95484693339472,151.68750937660383,6.724258725606692,5.390562089891768
154.8105053801103,152.34157057930162,6.727399863827348,5.415907042447596
155.17749006207052,152.14226911521763,6.75724710558823,5.432601667774905
155.92920736722303,152.90416656435,6.78727292574619,5.442267199973188
156.9684470747364,152.61451822800356,6.824091024470087,5.44466455073407
157.62170908836927,153.38652424809197,6.867889420587539,5.443878137280856
158.08453192696018,153.4760128284516,6.910051791093519,5.458462586099214
157.96164646905376,153.57364306908212,6.961378598226545,5.457646213517931
160.1836254432472,154.15143647679986,7.007398925920277,5.473358078799164
160.1613722641591,154.04591393845143,7.051905284096449,5.4882273190891615
160.3324861798193,154.0453515681534,7.103873869634975,5.4893520596852285
161.89888346468982,154.42782634740084,7.137649493744027,5.5160450496528775
162.97928828222516,155.01724307561895,7.164313926953467,5.530379266823964
162.95872090030318,154.70002337865833,7.205448690797413,5.566312616270365
164.14479236874152,155.39029201393947,7.241892501911935,5.590784282036285
164.93164476422703,154.97109960870267,7.28155393491291,5.622485980523876
165.82780499740105,155.87156061900845,7.314369559698519,5.646700051045985
166.11331089117886,155.9627128653875,7.3544232803901135,5.6680840610369625
167.83733369350577,156.77290950071426,7.38540285281619,5.684879109009206
168.02824118961405,156.54430300186203,7.414378303777046,5.731301663536276
168.83998623537667,156.52825520863541,7.443639861045136,5.763397249989487
169.34402956781946,156.71864832534823,7.473371249522932,5.797738237909263
169.7483341637669,156.70294172011248,7.4990699031636305,5.829151448380753
171.40388263173438,156.79837085380012,7.539668647187525,5.847774161002863
171.9164023954485,157.3132780238025,7.566651839272213,5.86998254051105
172.10676550406203,158.04004992724114,7.608282391583565,5.894687427018015
173.15198360432618,158.0207197974922,7.640013029146772,5.9333476865159
173.77282262759522,158.1138074421532,7.678320218831556,5.960503269897723
174.62529321720308,158.63304036045017,7.6882453864821745,5.993828900095263
176.01147470251965,158.29529933917493,7.7115619142689225,6.02415413531804
176.53761513540104,158.50157924714296,7.738791260298307,6.043398404098854
176.74095284370367,159.138802479373,7.765378693292364,6.068740488436675
177.7056788815969,159.02490850923985,7.792978018752113,6.0790782730089274
178.56940509763288,159.01409623946762,7.809848338230409,6.100702812553385
179.32476997258425,159.43565334696973,7.8296687726701775,6.13218870288774
179.75271297991017,159.8646963432331,7.851643305040143,6.151963257382838
181.05718563031553,160.62259843187286,7.88417118073228,6.177018433063286
181.9135534155679,160.62322326633353,7.939657061830043,6.175768764141915
182.89237113707665,160.9514680869897,7.978724281205462,6.184846676960545
183.7595078689355,160.61036821402325,8.025256125369001,6.1992444324379585
183.73632625494199,161.06414837676607,8.071619353356034,6.185868010932387
184.6282073069632,161.72588475697466,8.08014400090961,6.2066103142122095
185.63536602235183,161.7229806122404,8.086363398761922,6.212418603680689
186.41619072727173,161.83177152944256,8.0975698893236,6.219530469333737
187.65596925993353,162.16676701789615,8.09280032394962,6.224481537867364
187.99017636004376,162.95827805085426,8.099351815938684,6.216379420439964
189.11916303803946,162.95877465138835,8.090943636256824,6.215386219371787
190.36212537148307,163.29996609373399,8.077950815358376,6.207439292677453
191.2770183688018,164.08438152395078,8.044037818488942,6.209997305290933
192.0668482994179,164.08653187832576,8.03243381511444,6.205696596540975
192.4014888098028,164.19963411480393,8.034434880220951,6.20325281887678
193.30537818592555,164.4170745853714,8.016667779542665,6.215874790633633
193.9845194411022,163.74398458140575,8.000498625846861,6.219941441907377
194.98736464724783,164.7498444231698,8.006349955534583,6.219763500358249
195.21518614357333,164.6384718209773,7.997889315580389,6.218917528394878
195.9967076692837,164.9818178308229,7.998982910310104,6.202569785625235
197.66777272754362,164.65010703887987,8.00483384125534,6.196395160018336
198.1049792127622,165.54709940371976,8.023171301099973,6.187911290902128
198.10402353856756,165.5497513516745,8.025082649489244,6.182607394992633
198.88881965200784,165.77232359879315,8.018396594828381,6.1840075213895505
200.57063994069568,166.44037055958722,8.002651337458357,6.187071727803662
200.80154837411033,166.3240705373809,7.9868393617604285,6.196669326650619
201.81426506561212,166.31327355796358,7.967660076790452,6.218263285485249
202.60304862288194,166.41133687759395,7.95091999108793,6.245111936058391
203.28127722735303,167.07386507345976,7.9333970184319424,6.258989780612972
203.61757627601955,166.95994804591334,7.930137761171093,6.2637108890150754
204.5212798837291,166.83962671476766,7.907848242469903,6.281213839216724
205.41777330841975,167.96013327569457,7.899520697406404,6.271024847760115
206.20343498695212,167.2902698706554,7.8877237708799814,6.27401471737704
206.88334014966685,168.06888173049077,7.863856894587287,6.2753916883658505
208.32316910898933,167.95660528979067,7.87427791842476,6.277630804959703
208.33482221235116,167.94949221759333,7.850971711701106,6.2918569493543695
209.11682311435922,168.1667957903133,7.843651688952735,6.302016027133793
209.90609399687392,168.7136081030438,7.822158023252375,6.320568615479265
211.0274501922561,169.48783801072773,7.803506083630074,6.3289511159108365
211.92508968009938,169.48427969476086,7.7862696336027115,6.336067747844583
212.7017408211903,169.48781306524558,7.7877070598068245,6.329001006875175
212.8142093355341,169.60255716407374,7.784783481835673,6.321526259935266
213.92183701730016,170.04917000231444,7.788004319914119,6.315691064098048
214.81669238115484,169.94027625718297,7.77271501723496,6.311675876232258
215.70454899537611,169.93773197410502,7.769024855194641,6.316764442388152
216.48154734273152,170.14715268675067,7.765727758632514,6.340980045139282
216.81011585721427,170.47716588259857,7.774199041056466,6.34656196483299
217.6971705319644,171.25142323537116,7.776808727242295,6.352676415513068
218.4685416417134,171.13556123550939,7.789668369891246,6.3621715777870795
219.0213497001336,171.01783856973063,7.796952215900164,6.375036916774692
220.02869734298162,170.89107411850955,7.788356194086546,6.4056659010076675
221.02325049660556,171.11557453273568,7.808613343364524,6.403190285116757
221.57985077160984,172.0077644749556,7.813083658790256,6.407083785371805
222.46577108255292,172.23389900891797,7.830569622251197,6.402146363783779
223.475860330263,172.80079283129012,7.825085031391894,6.387633110462199
224.37651746432238,172.5815930775528,7.812058486880871,6.378960687034891
224.37493888085484,172.8132634067623,7.815215653815927,6.362011122540895
225.27758503077303,173.37935883730367,7.793683335479549,6.344670249895613
225.9571526952688,173.3794121063465,7.768700263827598,6.344563711809924
227.51478408117487,173.60592543316974,7.761060317028731,6.335483176022494
227.51943983999797,173.82715146871845,7.751748799382568,6.3364487730174455
228.40366671831777,174.0574396695194,7.755945590349849,6.3190350083172655
229.29035465338265,173.953641710995,7.75348397746933,6.305266643209904
229.4022572734786,173.95940096201062,7.750782521540899,6.293748141178636
230.29070236922175,173.9625041736738,7.740899968726289,6.287541717852276
230.9623969167887,174.0746741795595,7.721253352638236,6.283825452588455
232.4999459063349,174.52330196612883,7.729820757101542,6.267617131894335
232.8252995388608,175.19369406481286,7.739507116484039,6.247620183394975
233.596470133249,174.98185824221426,7.736859723256252,6.231379315578319
234.25406745842213,174.98967542669442,7.739580845650265,6.215744946617983
234.8061883330376,175.21338841354986,7.732544693179065,6.207201211611021
235.91158977194533,175.5457865555367,7.713689312995499,6.1999891769268425
236.78696827631816,176.21321298589734,7.713241392503273,6.177868132395669
237.55927601448616,176.21927479836356,7.697589104942278,6.165744507463195
238.10339126440223,176.33634576874383,7.6992924304291455,6.149589331766483
239.74745117812662,177.21166809531618,7.677437511797773,6.140952629991074
239.96112813103701,177.2171786346939,7.68463535854033,6.129931551235647
240.82542059173448,177.32138565635134,7.6937107330242025,6.138725044905648
241.36392121067638,177.42233455718358,7.7041557827943805,6.154316500771959
241.35520691463162,177.85463296613008,7.721584374883907,6.161328492854249
242.1230229486172,178.50420534024042,7.713933970538231,6.171882313455418
243.53433947282065,178.3999944153248,7.729680737505418,6.161967254411707
243.63213651364507,178.39040703296993,7.752504218434318,6.181142019121444
244.50591604955457,178.38548574837696,7.757572217154732,6.1909845883074075
245.25779455486776,178.94065929833502,7.78902501868532,6.177215925646301
246.03380170430515,178.83125331753573,7.774031001391622,6.176453561304741
247.578856310115,179.7121563347838,7.754573080398265,6.169305407166537
247.583529073449,179.82538436977035,7.745227553730199,6.161767437260925
248.33773881504862,180.48583327533035,7.767376255858113,6.1527852135642025
249.10252164251065,180.3778734164311,7.76973384921495,6.14985875303681
250.52048352446718,180.37313124375996,7.778662271820263,6.159343098379102
250.6243152969012,180.48944348900312,7.790124221601344,6.1458441025418225
251.3921925262912,180.59752642148334,7.78794260274955,6.148760071856911
251.83142106543264,180.92462695263788,7.785868673571916,6.151846371376745
252.81357905744733,180.7086048464105,7.7935800162981606,6.145662288996911
253.69433179910607,181.4782502034911,7.7851288433497565,6.140294096408683
254.4606863884892,181.48389344691003,7.7848261831821866,6.129007609570823
254.89704650127152,181.490803707975,7.787014970171094,6.115187087440853
255.88469512413195,181.4920070269279,7.778543469865196,6.112780449535061
256.75776844290635,182.15490360328783,7.779336412677365,6.097191982085832
257.4211476621103,181.9340499609346,7.761335369718564,6.102646801642593
257.6398422943008,182.81274084338563,7.759824978614848,6.088780529849779
258.84144276435336,182.8148026944885,7.7512249381782485,6.0846568276440465
259.6012578595163,183.24759037815804,7.75404141113889,6.089050982182959
260.1432782306691,182.71162500397364,7.7580351130264775,6.072947286358475
260.2538674853622,183.477253467027,7.754262837715499,6.063533998777507
261.12970419890945,183.4833221237271,7.740153272384251,6.051396685377298
262.76212147866335,183.59701661429122,7.727053542533764,6.040790026226199
263.4191466624174,183.92992169447092,7.711460147691509,6.024208352199733
263.6377413598951,184.68874206828556,7.706073488154629,6.0178771785351675
264.5071389854967,184.58541397437062,7.69300645616727,6.008817338963067
265.3609116261513,183.84430684316456,7.708412021844004,5.983449610262529
265.7949745631163,184.49867818189693,7.701052750363113,5.965856836471632
266.21943855455703,185.36361817319775,7.7112960123354055,5.954319343577651
267.6041593947443,185.36959064816236,7.733752654172447,5.942374393648414
268.56886438234966,185.70206300448172,7.73852982897016,5.922158731012571
269.31365068775267,185.0692310550887,7.751528303870351,5.899904556336129
270.07166629891145,185.9315412720554,7.736914774719227,5.891190057450106
270.1917045835503,185.93285660901543,7.710961385318483,5.888559383530047
271.0413492020525,186.04662680160735,7.72114743503099,5.874703409185806
271.902147867844,186.69358765417013,7.708459593241566,5.862463821405429
272.1080938994108,186.06510660734273,7.723008448213446,5.84010316074365
273.4971366334507,186.91710823720234,7.714925670346529,5.840716941155346
274.35328272674616,187.0196178899921,7.706345321332366,5.848661615272932
275.20286166445345,187.44776718742693,7.7108908236791684,5.844214709283934
275.95257299827387,188.19182354200822,7.702185380024484,5.846819224107554
276.05552694940934,188.09020633257182,7.709146905418591,5.837184215315214
276.90503876961634,188.09032957587542,7.712668991290965,5.8369377287080635
277.649691105894,188.19840724780346,7.713439386169342,5.833650251628238
278.17791767649385,188.52088514935863,7.721115808066594,5.8271721863759405
279.3505259323226,189.3661972357488,7.717106847314318,5.839244414253981
280.20423715533576,189.36330845754443,7.713469768130356,5.845021970662769
280.95009846319317,189.46935879610766,7.712831805398423,5.845933386819556
280.9554783231745,189.57594402261654,7.702072085435816,5.845780185939567
281.8047087069641,190.00528554765324,7.706417218416517,5.838500086146146
282.66586698269197,189.89288696596319,7.686485480797924,5.850499147796602
282.99307736746306,189.78487933930873,7.670135065550722,5.853824283007193
284.06264290718036,189.78279269191057,7.655954042222242,5.857997577803519
284.9133559704178,189.78385037659064,7.653301767409893,5.855882208443401
286.08236656366836,190.41862341083515,7.650270002748127,5.859966733684957
286.94139614687305,191.36100930368116,7.630547713014885,5.885823934253612
287.16155651460264,191.4569449564721,7.615051880186648,5.90636507998722
288.0127654448937,191.67018537432372,7.6127158281708205,5.904904696425553
288.87619100855,191.1359241358627,7.58547075278776,5.91117339089169
289.40484080685644,191.9851041855523,7.588852766508009,5.909903868045566
290.4654987205422,191.98340612740301,7.58921068727338,5.913299984344147
291.2142928391694,192.0852597009501,7.5772191288751305,5.921820934229429
291.85336920906434,192.1954410290242,7.572166308675833,5.9136415980129495
291.96329070802045,192.30519062814545,7.564296341826429,5.906115430833337
292.81659012238134,193.05205859330047,7.551539745004964,5.894491453436106
293.44579182193183,193.0627073893634,7.561213264235722,5.873193861310271
294.9259288121128,193.07161204144015,7.557004818788396,5.855384557156775
295.2460378888383,193.70239583274846,7.549166669545819,5.858576982957088
296.09558325807296,193.6908739606631,7.535880176838262,5.88162072712777
296.83180152784496,193.68887664337714,7.539725138343882,5.885615361699679
297.0455550973754,193.7873439370348,7.534260245996576,5.899701897741264
297.99734406336046,193.99733613414506,7.531181668157886,5.902050693327696
298.7416341257416,194.6255350596631,7.520705313485874,5.9125989309404146
299.3868022015398,194.6170630562242,7.4973820061509,5.929542937818235
300.65487469366883,194.6163224214871,7.494280393229869,5.931024207292437
301.5018695752719,194.72323782791594,7.488798585038905,5.928256888811634
302.1363352133031,195.0464884503046,7.485474982188895,5.9145594806404755
302.87195196220017,195.89335341579542,7.488870790594344,5.9061201853155705
302.98168371428875,195.89705684318002,7.479983559443674,5.898713330546343
303.71514068202083,195.90702538506795,7.485309022616752,5.878776246770477
305.18169098397965,196.44265221974587,7.493293742974769,5.857910193227392
305.1909427833122,197.08115631363674,7.474790144309641,5.84006490889604
306.02770882220415,196.98596965662685,7.4755564656454405,5.821150923025848
306.7627771256556,196.99626197425712,7.468359432550955,5.800566287765341
308.23490474117443,197.10691888981276,7.443753787655422,5.787798855664196
308.460416686043,197.09844977542375,7.408654983897361,5.804737084442261
309.8222839237096,197.20107130396067,7.385037503170021,5.807195334645796
310.4540504433267,197.40912362217222,7.365783727371397,5.805850452701255
310.36390615103335,197.7212325233148,7.339008992398697,5.802822609094393
310.7734168608398,198.45456422386113,7.346404344173653,5.782388557930326
311.90875727634347,198.4564376989796,7.345964544194819,5.778641607693397
312.6186198851984,198.4646319267717,7.370464919750756,5.762253152109226
313.2262219114509,198.6780798935159,7.393819378162457,5.748210055593072
314.5777582381302,199.40223019473794,7.375962605185732,5.745794927200702
315.306994388525,199.50468690870272,7.36118990389939,5.7471242992001645
316.3382604649696,199.6043007641971,7.359043189003202,5.753935132010698
316.02416394404514,199.81466108444272,7.368886817814044,5.7454474335448475
317.56226339718916,200.5367763965379,7.384622368980283,5.744119556166404
317.6584295672992,200.4317642279189,7.398637953626114,5.7477959685385684
318.6885701794238,200.42778699345752,7.404576510496687,5.755750437461373
319.4088442007491,200.63125724077682,7.411923832313265,5.762494332670541
319.61714570253383,200.7408803824412,7.409449312979771,5.75031229145976
320.85780790152273,201.4623307593352,7.410062861010764,5.755208672843482
321.68504623493135,201.35898548719996,7.410924050078161,5.75498198512838
322.1999859393585,201.36625958857087,7.415678162938768,5.74043378238658
323.23803447528945,201.67227361637316,7.40720629421171,5.7486932877224035
323.95714584243836,202.28966320342184,7.416356284367016,5.754519306013412
324.3655400868413,202.29109099699366,7.427576560670947,5.751663718869792
324.3651382223046,202.2906135974781,7.428380289744214,5.752618517900871
325.1919620010705,202.39794272577845,7.431972533868732,5.745115236507283
327.06881012649,203.11863766225179,7.405854417773348,5.753339082627527
327.2737626596584,203.8441717434217,7.409594320797052,5.7500283130497385
328.61289165100266,203.83917989857363,7.4200711648729465,5.7600120027458495
328.1971342610949,203.9445854112195,7.422992482638821,5.756349342966511
329.5330581040619,204.46154577467811,7.443878861454944,5.758095564030088
329.4198219635125,204.35988655023914,7.46287020759392,5.7539330779482665
330.24738476876,204.4690585977321,7.469370246900674,5.7432921891875965
331.80351640469894,204.57662325790776,7.471543001803467,5.735791937288286
331.7960758411178,205.204295094408,7.486424128965721,5.7256882011576025
332.72587975604284,205.10586191899128,7.495237381074036,5.714952209551219
333.44450383543125,205.93758684440454,7.5109208212301555,5.711995614648054
333.54152224002155,205.94274364130538,7.524636592957543,5.701682020846356
334.7807550208928,206.04868266382155,7.53969062291274,5.697597275122165
334.885091008467,206.04891091583062,7.538974646820777,5.697140771104035
335.7104277647317,206.15492773985355,7.551802193853848,5.693044755503506
337.16246176017484,206.5706742580109,7.560660162758481,5.693816279129003
337.04408182772335,207.20124629050278,7.589206353100548,5.6819542615112075
337.75263569160046,207.0993929152324,7.631279371284489,5.677206619775128
338.05136362842063,207.10353571885707,7.6608741999090135,5.668921012525768
338.87238445946593,207.31854762831554,7.6934825421768664,5.657559694698427
339.69825089137373,207.95146956307087,7.7188744669312985,5.649559416615271
340.3111226018968,207.9574540965307,7.752501262369747,5.637590349695611
341.7782119383377,208.06486564567084,7.7612485011195735,5.632976245103275
341.77075529331245,208.80369063494015,7.776161791170021,5.62718776119076
342.39181193715115,208.70749017606437,7.79643071210423,5.609191644173732
343.86197455245576,208.7063236925478,7.801824449077719,5.611524611206837
343.84931467887816,208.92414521189318,7.827144196232849,5.596938796191347
344.5751537152422,209.56344408736337,7.8501719446803495,5.582374606258533
344.7791978123471,210.41145477509357,7.863646029897294,5.572602348504809
345.6093017293819,210.41508115800437,7.890030696089871,5.565349582683231
346.33591978116254,211.04450347663845,7.914520165069892,5.573126864736213
347.17473770635587,210.51601805913418,7.929702467818703,5.5720863540350924
348.22707072944115,211.57188667320963,7.943183029976463,5.578495734212505
348.96291002056137,211.5629310693446,7.956373898432853,5.596406941942576
349.8054004953978,212.09070616416588,7.972346023214468,5.603952423834038
350.334644363276,211.9857716410518,7.9787837892668,5.600836369700398
351.1893396200454,211.99050484110364,7.97364137426558,5.591369969596693
351.9231841140094,212.10116271974616,7.995531847258803,5.582851278157571
352.45840957294456,212.85147195099634,7.990017126056033,5.573143490991727
353.2972326991691,212.54257853450022,8.014319763131235,5.552699490412332
354.02706769627105,213.39602793874607,8.04405948979153,5.547983220051086
354.235884187076,213.4982342485676,8.052713853847767,5.55671427324114
354.96561860320537,213.70845619280985,8.087175743519333,5.563107733879583
355.26601666402684,214.5666872745698,8.128512742941288,5.559000559866236
356.21391152285173,214.671807573167,8.164120777631553,5.5633597129318755
357.39904177829055,215.20371555914986,8.161155593222407,5.575587071179062
358.14594077377296,215.1028801734168,8.174923293992387,5.561891315254536
358.7861508711664,215.21650366026932,8.186585782537724,5.549991455438123
359.2244395884374,215.86701005829798,8.171310554076157,5.540931968501532
360.4106959533199,215.76774019094546,8.163195783918688,5.5245264341512845
361.2812489119306,215.76590710518371,8.138498018752081,5.528192605674781
361.7230895739027,215.97840366662385,8.111775914733059,5.531679092757061
362.5844752497252,216.71846740016116,8.100164022775807,5.548816152909276
362.70109422463895,217.57036690854434,8.08092977834963,5.557046779353038
363.45585464887915,217.67374716539382,8.068357983995229,5.564136130529231
365.061773612762,218.41280077867378,8.063182421853451,5.5824713412604465
365.0670825624848,218.294561038241,8.05256452240778,5.6049482356607445
365.9366707440459,218.5029983203719,8.027097940448161,5.616501116689558
366.700266584227,219.24155402630603,7.99804468767795,5.637528132413335
366.8171954385388,219.13159580247762,7.978114487779637,5.643517071344859
367.6853352274916,219.23260012192688,7.951633192264792,5.655233217745173
368.32655995665624,219.98106279624923,7.950286261693643,5.6529274848184246
369.5013480920254,219.97899909265266,7.948755911970249,5.657054892011571
370.3409919772196,220.08568345079718,7.9774964223719484,5.657189710821274
370.6425891916384,220.62356366200115,8.016124293636201,5.651133121916565
370.6240353295909,221.48662342303817,8.053232017731103,5.640415977093791
371.3678069622791,221.48922072885676,8.069355148393523,5.635221365456574
373.07680909230567,222.24707240091294,8.090828634450366,5.6242895352673665
373.1773845394113,222.2491076023988,8.104788882854221,5.620219132295666
374.0375854659058,222.4677946797571,8.106424350690592,5.613354307785407
374.899264136545,223.11984214719558,8.104394029748251,5.600254638160478
375.22487112922516,223.01398372094687,8.097935966302698,5.597052850019693
376.1823302349947,223.22559440433545,8.115931825842477,5.603367943482308
376.8251592014057,223.87424868178536,8.12113936295077,5.596924858512687
377.36443305850287,223.87263494554983,8.118172894229067,5.6001523309837635
378.4393757748496,224.0904460202608,8.119536236110513,5.594779936476808
379.19480901198426,224.94736348168487,8.114065814200801,5.601397644896641
379.95086333744615,225.37062049422445,8.107541664348325,5.6152176204297
380.05600984283853,225.799418432692,8.112462200719168,5.618475932116886
380.9257962123451,225.79362287167055,8.0956229721298,5.630067054159806
381.91374729457254,226.21232797870942,8.057231839010898,5.653772854009134
382.4718842433042,226.9617453331752,8.016409840932464,5.660570804216363
383.44745086854914,226.8503011923044,7.99654372006554,5.668873849333162
384.31596540759347,226.958917333791,7.974886929953204,5.6660631023570565
384.64121467823855,227.60565736071283,7.966530793384158,5.656867857955702
384.53440660626404,228.34054518561578,7.966377427210195,5.6834787790110415
385.2971025639783,228.4379350182839,7.940423704186283,5.702904569732649
386.91776565713667,229.18490460869512,7.9110773977102795,5.707889332835945
387.4666570177733,229.17695853598673,7.882140458724735,5.723781478252716
388.3348317151949,229.38573849903293,7.85452250673056,5.7334044128725585
388.88257576881193,230.23296678645082,7.825685938130325,5.745590299850847
388.88673230502155,230.32665430750123,7.817372865711001,5.771307620244689
389.7525697921889,230.5320516742912,7.79279911037279,5.787288191413856
390.4072383430783,231.3740656141917,7.763116959883444,5.809466913331905
391.48366890438075,231.47553038662832,7.742127800440541,5.81972456477487
392.33511538754294,232.2071143806969,7.743517884082557,5.84780424535818
392.5515231182611,232.20389703952515,7.737733293368135,5.854238927701731
393.40956019127884,232.93980323669794,7.729918365610059,5.877153349348749
394.16002377291437,232.81741568700497,7.725503077734346,5.908141037963942
394.9262023617532,233.34293872600261,7.692725437564473,5.928223201045639
394.9373378447332,234.18678278916565,7.670454471604533,5.952956641181274
395.58849546090113,234.17354321029222,7.652830764614426,5.979435798928125
396.5641159085266,234.38473269940332,7.630079490058535,5.985610069749249
397.4212541128665,235.23488369161697,7.628034894093483,5.997539898036763
398.0723238208605,235.3361506669746,7.611044824717909,6.009197505090247
398.8273402230743,236.08812820157692,7.59985788609879,6.004088301693997
398.82625771127897,236.0927898339115,7.6020229096894845,5.994765037024811
399.5651558073413,236.84710246480165,7.620464944105335,5.982378001784969
400.40674573366135,236.73851714580366,7.647919770195924,5.985719304939598
401.1391004793756,236.85518477624285,7.683336047350303,5.9666877252873345
401.6660251652271,237.60206989274846,7.702164706918152,5.9746667360551395
402.21363097307216,237.71041195160282,7.681719194854388,5.972935839071756
403.06838555165325,238.46069595586204,7.689110642727149,5.974655859958883
403.7074293531135,239.52988290504516,7.699544293818164,5.983817384945082
403.82312350568304,238.88642880404777,7.683218095686623,5.980352944894737
404.5711158805804,239.74971779701474,7.690526572605374,5.971824360919092
405.8621218327242,239.86021078730948,7.685263876976037,5.965567481051074
406.3953457168602,240.7197643071277,7.691550288329207,5.962835128815018
407.2629213574284,241.14123943234142,7.673186399958053,5.978278574770144
408.0143360638252,241.9971115508438,7.67234042984431,5.983086843685315
408.3349292840883,241.99908872221567,7.675057027000346,5.979132500941628
409.20533804404965,242.7455918168728,7.651131943158761,5.988407193198428
409.3155633014657,242.74430860215898,7.645077944894022,5.9909736226261066
410.0764407439523,242.74000080277807,7.623742450041652,5.999589221387924
410.3938006031569,243.37566426351066,7.631500203732636,6.0132172441233465
412.0139710960492,244.9781827011836,7.608648584562175,6.025669735391598
412.1236335347602,244.86594459423952,7.603675289050084,6.035794367369861
412.56345307631335,244.8597504594685,7.581795083900735,6.048182636911927
414.1820949857043,245.8191669390985,7.559091775304294,6.058097983763243
414.2954496102944,246.24645017386948,7.5465005200113335,6.060003489770369
415.1597814896152,247.10284014011157,7.529482626449545,6.058869422366103
415.4825056896921,247.11060470701483,7.525063012313117,6.043340288559592
416.448966535597,247.54273208520257,7.512353252277253,6.0325130574169465
416.98676975151153,247.54480360239296,7.501679204246651,6.028370023036175
417.2062386545084,247.76193108550856,7.488252593933567,6.019626252485591
418.179662532282,248.60921377620673,7.453076380655522,6.024324464217318
418.4053302021698,248.60550470734762,7.425629375093251,6.031742601935563
419.36195483090313,249.45427187863172,7.417164619024896,6.027350038388157
419.79121849101557,250.30158959486897,7.404403836955602,6.024247682224824
420.7501257189864,250.9307705986048,7.387348103441013,6.033058156371231
421.8132590932515,251.13989527683628,7.371839187160997,6.036960366358246
422.56147310165323,251.98312428842053,7.351714250864753,6.037705863769629
423.3027353735688,252.71964779394523,7.343410779977952,6.038879925664518
423.41737489207367,252.71589327485918,7.324625998691892,6.046388963836601
424.15952315616835,253.54757152403664,7.312614852304984,6.065644330398776
424.37043191883066,253.44644875991168,7.311701979522115,6.057437532377754
425.2143326268608,255.13113641729595,7.306347474455649,6.052956039596944
425.74252057772475,255.13133821838164,7.300727164621634,6.0525524374255895
426.6912442437486,255.45075427247818,7.293802506870399,6.043894553997966
427.43464461280047,256.2849972157761,7.27568417335143,6.053902844070463
427.8464342939683,256.92040892785207,7.290881579418252,6.041244572522177
428.797447688429,256.91707258937316,7.276371194001364,6.047917249480006
429.64815384533557,257.54223443314953,7.25182483373154,6.055243027084747
429.66023065878915,257.43867656569347,7.227671206824436,6.053010551569595
430.4957975485764,258.9998278602772,7.228057204663814,6.064807545053137
431.2420036199307,258.9976387707033,7.199596869513322,6.069185724200939
431.3436557101626,259.42063487945205,7.205060235484273,6.058263692442394
432.1828903851931,260.25187649791195,7.195998582045122,6.065188152144529
432.4975744720377,260.8799973788976,7.192573459518813,6.060832492498883
433.33300343867734,260.8767681627741,7.1899133433149975,6.067290924745822
433.96870436345563,261.7068232066367,7.17003741070787,6.075882059619926
433.97317714949907,261.70382365666893,7.161091838620992,6.081881159555571
434.81441977831025,262.53098368939635,7.145627041573059,6.094581554675161
435.8676902481017,262.6276955245443,7.122515253511177,6.109500799531341
436.5931468006182,263.1457153275362,7.129180535543834,6.1145886128801115
436.6899521545231,263.9846785945615,7.143980059588375,6.103943933664857
437.41536796789586,264.6168221769964,7.152423989397257,6.090464388698765
438.13852044973856,264.72834259614524,7.164791058509895,6.075805269372255
438.1305637057665,265.3593984904498,7.180704546453952,6.063715150343338
438.8567314273231,266.30683712484193,7.187085221378008,6.044330033321063
440.3185262842891,267.0439771213142,7.177936684604558,6.0272706289558435
440.742337960038,267.0472997655071,7.161347545334549,6.020625340570062
440.84081926365764,267.8858818099069,7.171780652071341,6.002626963578405
441.6689233867468,269.03442253428886,7.173705540835554,5.985478575360542
442.2949522955761,269.0389190253918,7.163767316641588,5.976485593154585
443.2208489449151,269.66410216373083,7.172470532813646,5.9664503263766155
443.3222663932612,270.483786737448,7.176329746449794,5.980634061569765
444.2569354707095,271.00465258616026,7.1698319713416145,5.973813686249845
444.87711248380924,271.9316768581967,7.170111127203663,5.980714915269247
445.08500796239997,272.6524037578979,7.168095686098714,5.987475422134738
445.91558179384754,272.86418191834696,7.162673426181401,5.977850451981104
446.54789010237266,274.30224209101675,7.13841869616876,5.99590784306249
446.6598529712473,274.0925480167227,7.12113701766388,6.0020078731618955
447.3797640639964,274.29837045491536,7.126645033287828,6.003314482811441
448.92972577376,275.2249009475973,7.125447770608324,6.009489191556234
448.81999632805736,275.5455727141359,7.138243985192649,5.988133688941945
448.9159536430275,276.48334538619275,7.152845501589982,5.971233661867078
449.7384122367215,277.20671631575414,7.159679404752492,5.969774006976063
449.9548744366882,277.2038493280084,7.13985631304367,5.975507982467504
450.7862849096507,277.6193886896815,7.127736084346832,5.969779617735409
451.2051435260918,278.4498286066008,7.114252711089934,5.957367503147315
452.03890498916644,278.55453507710064,7.091934872427157,5.953605198083514
451.94878936164827,278.6580642784391,7.066920173307451,5.951792749562597
452.16954668705245,278.65809627963637,7.0350675007814685,5.951728747168139
454.10664567814615,278.66695757826545,7.043301100049597,5.934006149909971
454.966366422354,281.31177860615,7.06762578878049,5.913924697721731
455.5755379390994,281.9561694152108,7.093566762344317,5.886666586714548
456.2070133149663,282.5732904864762,7.113635267081444,5.875888835232876
456.8534669579491,283.20799259294853,7.137432921187369,5.847925191071819
457.48015010496505,283.8087468788691,7.154104338852804,5.8335006564770815
458.1231877479813,284.4597377843465,7.167372767634079,5.823530629625622
458.7853275641623,285.0819533847262,7.1652190539013345,5.833538722239031
459.41409275983176,285.71900341082204,7.1918152605600065,5.810946639116053
460.05724379732345,286.375056964755,7.218401806368984,5.787959307063278
460.70373276451835,287.0308238321592,7.21823255353093,5.786843919108943
461.3520828237172,287.6801823031038,7.242885060921469,5.758454530657415
462.0073544173951,288.347988546111,7.265001385007256,5.729533197584059
462.9422566955703,291.30832277449406,7.233724679176737,5.733010036937395
463.06122292550714,290.99586826987576,7.199650577097032,5.746343972791884
462.97746516261117,291.80558301381643,7.163613581819864,5.755334653463354
463.09734595637866,291.9066616534412,7.1269975787660815,5.75632295869517
463.62042181918326,292.7158381019053,7.0938442093028655,5.758767431600371
463.13163056921144,292.71380557107835,7.060775949846498,5.762832493254294
464.0491597986151,293.4190188574433,7.040907857220783,5.764220649776752
464.86603427815976,293.8232211876938,7.0183976631437845,5.761435371782012
465.47041070451564,295.34385733460806,7.015727023866233,5.735368611538837
466.28416368970943,295.3460203890228,6.992632409062143,5.731042502709425
466.8992075757644,296.1509894732079,6.9633032823338885,5.722115861514752
467.0108783871704,296.95120419073186,6.939492836925899,5.71793584569857
467.3201332556345,297.05682279041474,6.918275242084221,5.7057960270282955
467.2325361335184,297.84766955200126,6.894894584069005,5.712701721834456
467.3326676504969,298.53941682427285,6.892958040760572,5.717492611831509
468.02843019034873,299.6330580272258,6.8900507446791455,5.7123238659033735
469.6189644161731,300.9272359783973,6.880915360682634,5.7011635810278944
469.82414246218895,300.92607962395493,6.866409472982554,5.703476289912617
471.12334990257233,301.5159626224515,6.83860223008494,5.710144587320585
470.44790697804854,302.300660260682,6.807560679084301,5.720094910914775
471.25005470608727,302.8853805613043,6.780065262817322,5.733254339527836
471.26295084104885,302.88207511866455,6.754272992894103,5.739865224807389
471.8574464832203,303.66219472126136,6.744857038978864,5.752393126850721
473.2460980646904,304.4489031427649,6.720680170892332,5.752191309474292
472.961698897749,305.3346959272779,6.700653253063325,5.747081495583546
474.63553793517696,306.80139204039483,6.682994136524097,5.751941291393791
474.541529196668,306.7023306884481,6.6753231344710615,5.754375516216322
475.13692435124347,307.38422236973,6.658186334612077,5.759854581159592
476.6149622614935,308.8409708612892,6.633586497352712,5.777833581281962
475.94011935426335,308.64654104255635,6.615897549085687,5.776014715111253
476.72690351757683,309.3279141534613,6.602618313479807,5.778521447944806
476.83391321686594,310.4026615345585,6.583469486675654,5.77260297526553
477.32724666871826,311.17794913568247,6.569197782761898,5.777860092682834
477.2370796016684,311.3716674943089,6.555189924345511,5.7791073604620316
477.33748253648724,312.3473226605488,6.548528807729433,5.769244558197938
478.80397630870795,313.79660015629645,6.5237953917376155,5.778943695152236
479.49307968006195,313.5067387991058,6.501174563731435,5.777701017518418
479.88859576037987,315.1490236939722,6.483279160624654,5.778962447284231
480.4688431574894,315.43459608128387,6.4809434619008615,5.786897220408611
480.27761341849185,316.2003090573702,6.477168875636905,5.800407525271908
480.76437612180814,316.9754904737057,6.470014530604825,5.796238391161522
481.54260266265806,317.06762629148477,6.458333202773286,5.805063224836941
481.54619484681365,317.83526591272,6.451148834462034,5.814230684985702
482.22834914472276,318.6055821738352,6.438473499086137,5.81832188897503
483.0055793056448,318.7920246637378,6.42768216225005,5.8313541554219075
483.49452489969497,320.2425208237435,6.414783872748446,5.825340531206581
483.3124844336769,321.01826083017465,6.39346084611661,5.8154763530165745
483.6095965476146,321.7823256666203,6.375875189138813,5.825049535852536
484.9576887418976,322.8397172365908,6.368973038917767,5.823273868896687
484.38839415798293,323.5088701248089,6.355827389459348,5.82865871262951
485.6358134563729,323.99437348684614,6.3548667703569475,5.816835826123223
485.92312729351187,324.96029361270695,6.355139696804511,5.801330910153358
485.7404601405255,325.8145935523587,6.337692381215072,5.815248327879418
487.28224029864003,326.4846838856498,6.315582889406456,5.81445239698106
487.29436110108725,327.14838980318535,6.291341284511964,5.823924493934863
487.96810323223514,327.62520588025393,6.279149617909702,5.824072765293054
487.87596186993346,328.389903358984,6.272864100729927,5.8192237420981066
487.8720860800943,328.68393262794706,6.280615680408378,5.802344432798462
488.16274634395614,330.204081222278,6.270031853351881,5.805976314361688
488.8329414463457,330.20185354610055,6.260609398839641,5.810431666716623
490.266045113807,331.14910384049875,6.245333307743243,5.8165519071376295
490.0854182871227,331.7142443364467,6.226745079229726,5.825796560888217
490.09511558067555,332.7552049892914,6.2073504921240845,5.831428273941307
490.8645213592345,334.07461837235684,6.185050602523632,5.846496925966152
491.63292059408343,335.39702558967196,6.163887617107969,5.854044588829498
491.73670869736253,335.4880108128345,6.145554459816991,5.861317191771596
492.1258365225312,336.1474467558462,6.123584197364855,5.865944734547229
491.945683392688,336.3386469100965,6.106289295803902,5.861145587294011
493.2737554892941,337.6536163366905,6.0884962894735,5.869557920987709
492.90307526030495,339.05499826221074,6.076625053851357,5.891412920948871
493.7550830509118,338.85739290150275,6.068816042401696,5.909688849083886
494.517433104623,340.36495960129287,6.053185623168886,5.912694825882807
494.526015616754,340.45453243265507,6.036020598906893,5.921984978282146
495.1965084213925,341.5842744467163,6.013225343766344,5.922255842964729
495.01689458263473,342.3341418999132,5.996535083712226,5.9261926868489905
495.0252232344328,343.0891071913819,5.979877780116056,5.918331507902973
495.126860288569,343.28234155587984,5.963976419759324,5.9066082747383035
495.4150680349726,344.21896622250756,5.94837431459122,5.9027369002798755
496.07142272207756,344.96709962208126,5.942084227421895,5.899520714893081
495.8874943826931,346.35792176709714,5.936977573324974,5.915101421355585
497.38622136349323,347.0056926279305,5.925872952801871,5.926087536410163
497.01596210207254,348.0306106797524,5.919811287377169,5.929346950498438
498.04664233759394,348.87456638570353,5.9110607386187946,5.920843656828905
497.6812942810757,349.53184617147616,5.896440103034697,5.910588395369719
498.43137057760543,349.9921393078238,5.883786896328321,5.9196892391450495
498.52922201757394,351.3920209094543,5.873965315368579,5.908145520543021
498.9009699572414,351.4910735666124,5.872648865400482,5.895585063568498
499.6505229804062,352.6909144825632,5.856154263626209,5.90514682906934
499.7527712514784,353.43159134378396,5.836874659787368,5.9055286130719855
500.2257899865933,354.16545902628735,5.815431921693615,5.917144819482913
500.2347846929979,354.71814289171465,5.7974425088845445,5.920356602193324
500.2403058780804,356.01413664435864,5.7864001387194595,5.911785337019672
500.9863544493482,356.65145935244544,5.768068978456892,5.926685155334839
501.1776351324915,357.29291520951216,5.7538378552069345,5.932929291829807
501.82994907868215,358.21059540652396,5.737477184883394,5.937950643602999
501.3764770697438,358.94271963466775,5.7251300578198245,5.944568019219654
502.11712311898134,359.4070390479002,5.713971159276486,5.934762442712205
502.7648000623021,360.96054202468883,5.702671970962263,5.94617504221522
503.23293989700437,361.51293208124025,5.683574249104267,5.942013266168389
503.33406705573503,362.96861400201203,5.664388740297167,5.959750363091638
503.70391742500743,363.0606627854279,5.656858140196277,5.9586953308708726
503.2545874750961,363.8828460955427,5.640984732781534,5.960488663668613
503.8966337473963,364.5289283386785,5.635673513846485,5.947105503062346
503.89838577186737,364.8980358051743,5.632169464904455,5.938448508092608
504.440840234035,365.90732339907225,5.640451518080492,5.924056779067478
505.63062703373544,367.26637753748804,5.628237059659419,5.937516741827902
505.63586253175635,368.0867055894127,5.617766063617612,5.935954804085071
505.6442159685818,368.8935996324295,5.601059189966732,5.959546703594825
506.2832211530152,369.34648524050215,5.597293132064542,5.963949995281551
505.92091436445145,370.25539514307286,5.593730992516435,5.9665694818292
506.27970099327183,371.5193993165094,5.604270950350806,5.986957389119472
506.8264578309726,371.79835103775986,5.605842212685,5.976596415486376
506.19158464443603,372.7133749609632,5.5989478714159295,5.970321018140007
506.92114698523716,373.4459764610321,5.597181131277694,5.9624759594662615
506.9241261578226,374.8121103926469,5.591222786106796,5.960494879211663
507.0149662290404,374.90276772055546,5.591436218672691,5.961073798395957
507.29258451572787,375.9924843571921,5.58191767095541,5.964512627753318
507.93526494067123,377.3513094740905,5.569216956353539,5.973991255281391
507.3983332230262,378.1705796994513,5.552551209191779,5.971244578237557
508.21850904213613,378.6203881990829,5.545223929537939,5.978863333733209
508.6735770145493,379.2514302181695,5.542335812099648,5.986926253903428
509.21508737454894,380.5263435175083,5.548491674874057,5.978511681697927
509.0384397927918,380.52409554717576,5.538794777882055,5.983007622362983
508.8567725837521,381.4296983560335,5.5393052141525,5.9859219136920645
508.76960003295625,382.7900918669428,5.532184747923815,5.987118409179395
509.4028952929209,383.5122920007865,5.535191072809801,5.993685964138112
510.13183157494706,383.780211231934,5.529488280268328,6.002411166159563
509.7755793374056,385.31399042432923,5.5157266216697325,6.021483849515276
509.5927273847357,386.1372178804311,5.518141116761313,6.009831283428592
510.68075379551135,387.40154566637165,5.5201073177244915,6.0221979044810725
511.04594448438496,388.03590358433974,5.516628288323884,6.025561178151274
510.4968354008101,388.4972088702574,5.524510953642076,6.011563524508864
511.31872929738813,389.58038659896494,5.515392986776732,6.024767835481471
511.32624887135376,389.6726142605578,5.5003538388455,6.022003064225532
511.33490052306723,390.49003043651294,5.483050535418507,6.019842210645094
511.432671328056,392.47919767997047,5.468607525334656,6.0256769213908745
511.8002687398963,393.3834123986313,5.457249499246419,6.026839478049954
511.26586558224545,394.2835746350062,5.4412787652103205,6.034476754196666
511.9971777883383,394.91543567201415,5.423935861560574,6.035376000149913
511.91468434442623,395.4530575993914,5.408525378963243,6.042516367925353
511.9233011400744,396.80254541502313,5.391291787666852,6.047474578543622
512.0224216480995,396.70969559842104,5.373114711333303,6.053110272031271
512.2088411715586,397.51557245259676,5.35999740900138,6.060104414318398
512.7550359687907,398.2323395448313,5.34616550646882,6.064647152425062
513.1206690976062,399.21662284451077,5.333334295058266,6.071776930172026
512.7691990016464,400.48088274345815,5.318218852422846,6.056451853219894
513.4931307125116,400.3921918506266,5.302630085939219,6.054799306977075
513.4982762587016,402.8913100830671,5.292338993559216,6.061816799902096
513.497179610818,402.90000428069027,5.294532289326468,6.044428404655681
513.5007620703218,403.4362370271438,5.28736737031896,6.042774856724322
513.8592929155925,405.3941748742053,5.283618742809514,6.050121009277381
513.3298300720048,405.6559928735149,5.272252329080305,6.061631061110484
513.9582222952417,405.82618779061016,5.264114544611364,6.07799741606416
513.51745414216,406.8079167317078,5.253146179646045,6.0780498103523835
514.1474332329884,407.4283689659254,5.241468448791424,6.08542579271933
513.9692875983011,408.8502118731735,5.241254798686592,6.093779334058338
514.0529190257299,409.4770443570437,5.2523701539793475,6.088761837370433
514.1389971864022,409.9287789090756,5.258692872597909,6.077687933122463
514.0483057884951,411.2740723233196,5.261666497227444,6.063238672405651
514.0440776262786,412.7053867237007,5.270122821660303,6.052341796985531
514.0421303004262,412.6233106280068,5.274017473365347,6.038293868743759
514.0408279917634,413.2520757138273,5.276622090690918,6.027078426473367
514.5759933916644,415.20699514384637,5.273768858197774,6.0313239799016145
515.2835085053335,415.393065723079,5.282202640692336,6.015048823894401
515.1935552181508,416.8224842295915,5.2842933491166075,6.0012656659293215
515.1073047078588,417.44965093464936,5.2791587174850685,5.990381821321929
515.019921625716,418.69880539331325,5.276540181593379,5.975458706472356
514.9359340807646,418.5229301093789,5.267403918605912,5.9729865685602075
514.8486949859677,419.2369403814692,5.26495529304919,5.960380545583106
515.6466957420872,420.6460499910737,5.259182804876769,5.969235146936885
515.6531626709864,421.17661938103697,5.246248947078452,5.96851877745692
515.6560751746517,422.24352923233903,5.240423939747751,5.952926154914062
515.0449712993316,422.59320553365546,5.229344191893422,5.958309265706578
515.6658662109428,424.0052606240286,5.220184329366686,5.951638995122029
515.3161716062876,425.4991730879206,5.216213829197726,5.953092832625289
516.0184283036054,426.02726619884,5.218091387731258,5.951699825663323
515.8403950653247,426.12381080598396,5.222543160165695,5.934417963438824
515.7521859575984,427.08659418167366,5.223350635576712,5.94056935251953
515.7542548281457,427.79569991111373,5.219212894482027,5.928110189176157
515.6693431938603,429.29045933633455,5.213576533115079,5.921405047679221
515.5859185773799,429.9085696832478,5.205160321128124,5.912042468486783
515.4986758135173,431.22565592272093,5.204660289438976,5.90265338075604
515.5039221683583,431.74357855607497,5.194167579757136,5.915799878389842
515.4189294457999,433.2374230411245,5.1892852006832895,5.900863919529636
515.3346771627441,433.24480852161554,5.183231648512684,5.88609295854758
515.94369995536,434.644931790997,5.184811448157982,5.873561585217857
515.4249026792136,435.77984491247383,5.178027145994659,5.866556193585385
514.9084670559205,436.9922151376027,5.1678228085819775,5.875658772658436
515.6113106749139,437.59912489226184,5.152725680698437,5.878605609680548
515.4452417745135,437.68404102811365,5.1376080748658834,5.8824010412935195
515.1907115499546,438.9005757397216,5.126335523968659,5.877552284814992
515.8893376874967,440.1142691778925,5.114591961149436,5.874805654936893
515.375672098584,440.1987371908952,5.104176179782845,5.87882745546344
516.0678140027177,440.9840407971034,5.102717167046801,5.863898138020023
515.8128837586531,442.3695778593331,5.094781943932053,5.854401140195357
515.6405711557532,443.3191964984575,5.094758532144057,5.850731258679796
515.4707214312311,443.91541899594574,5.08992376881841,5.86415600699774
514.9584922930326,445.29027797090305,5.079997416964394,5.872797065752282
515.6523041975852,445.54849871763116,5.071349223384128,5.873471428117935
515.0550137942802,446.23402172164356,5.060224680275422,5.880374391200191
515.661287263161,446.9190808757618,5.052880548678806,5.887630718580658
515.1486778149507,448.21258492489676,5.045102874193242,5.8831140475759165
515.6680119283725,448.29703739893694,5.038262800740027,5.8861804583939525
515.1568769370052,449.67488718529086,5.029079529616839,5.881022895973629
515.844780799318,451.05011660804865,5.026724841941055,5.877470124357644
515.3323197378479,451.82238468819537,5.0221135871706615,5.877234030629927
515.5888824501043,453.0300473834645,5.023521621438193,5.863064781066206
514.8185531989894,454.4008862249822,5.022346826009697,5.862424071645418
514.8199172718184,454.3231870097334,5.019618680351673,5.846536465554598
514.8213013500734,454.92621541881,5.01685052384158,5.8374560799019966
514.8212200686214,456.4675304766508,5.017013086745685,5.82943825656224
514.8210115171677,456.473896521402,5.017430189653081,5.816706167059657
514.8197029374991,457.75503896848215,5.020047348990368,5.811924376663734
514.7313711431774,458.5267867438729,5.026242701677095,5.802642949492264
514.6467072300826,459.03907249243576,5.025146508914071,5.800615566081836
514.3892715495884,461.0889784697819,5.0288926897053745,5.789805052965951
515.0723768028053,461.85198619941974,5.02482467260914,5.79619989419471
514.5669691363917,463.03328499996564,5.0138306548275375,5.81782411118997
513.8880965537811,463.3802350063284,5.0078980228895675,5.805762997044129
514.0637573937618,463.7997001477151,4.996932245284665,5.817722470161812
514.2393796709379,464.13413843961,4.98606139366923,5.82959329184573
514.3247642000784,464.8235456095214,4.985488051767179,5.812344683055082
514.4140658545297,466.7722982785279,4.976804666379477,5.822997585878813
514.334590711592,467.45429197983503,4.965809890999836,5.8185706733032685
514.339240186215,467.713330108019,4.956510941753926,5.8095943413410955
514.0006392857741,468.64993144063254,4.956065347401546,5.799922013007553
513.8318447004284,469.49962069812835,4.9551440103782145,5.7930960365901205
513.6620132561893,470.18081276388176,4.956536948853145,5.783791705095996
513.2430336399176,470.9330450130844,4.949428388496105,5.80044923391186
513.9222247700632,472.2872647267308,4.944300033195156,5.798517616599616
513.2497094725196,472.8742152231204,4.936974864013432,5.807927917555684
513.6764232008721,474.2226240106108,4.928907605297124,5.81626297613933
512.8367713173316,474.2145446450282,4.917501647971898,5.832421707304599
512.8399002424823,475.39479997071516,4.91124379767043,5.83982594767154
512.5823703722931,476.6625650242394,4.918852842175176,5.841549319990467
512.075769601369,478.0184014061144,4.916258395436734,5.838665859139166
512.4164088055312,478.7825455301239,4.911832320813607,5.833295361947971
512.6749907087798,479.7912040546911,4.9018454658391315,5.844686118904213
511.99843527886856,480.4749243323084,4.902365880428984,5.829836008902292
511.99988488059233,480.894884373389,4.899466676981391,5.834181933464131
511.8338599930973,482.84096802620724,4.893769393995774,5.826105794548864
511.6669716400836,483.26206772364844,4.890231630219465,5.827192574175928
511.751732338052,484.6068117208284,4.889327245151125,5.835576753712058
511.2488800253135,484.78100605646347,4.882641659848088,5.824651486035263
511.25235548465906,485.0293564272098,4.8756907411569825,5.83331744875201
511.2561259823993,486.53513236625326,4.868149745676524,5.854354166739554
511.85151515228216,487.2027276121784,4.858129159073392,5.868601107075104
511.1811362704047,487.78543449514785,4.848987686522076,5.884349172904222
511.4276647810919,489.1409365109631,4.8624272997507,5.874660525822793
511.4194054811817,489.22816596200676,4.878945899571168,5.869101666629444
511.32901252733524,490.50212780951836,4.890650872733735,5.857391989559734
511.3255424112149,491.099170590893,4.897591104974435,5.846931253986931
510.7338342473577,491.6854137009494,4.8977282834324205,5.8577241831302365
509.88484574837355,493.5523207794826,4.903620813187179,5.846495856133749
509.8805148332899,494.2351445524901,4.912282643354545,5.833890759518243
509.9589257360106,494.9092797081454,4.924536255920307,5.838223792265316
509.95441253552724,496.1781942916209,4.933562656887049,5.840487519617885
509.9520423240627,496.1740096457702,4.93830307981619,5.8488568113194175
509.3617267689131,498.043920053447,4.930858029565825,5.842989643406973
509.9595094024083,498.882612626771,4.921896442505323,5.860752610944428
509.371918269666,499.5512756169685,4.909567201111419,5.880582638410593
509.3766099166071,500.2333772358942,4.900183907229279,5.874391556101736
509.29883210871543,500.9075428290422,4.886234653993844,5.882099321955355
509.3053659387469,502.2588468962729,4.873166993930857,5.8898698997546965
508.8018327497277,502.84961179250365,4.864388475030852,5.893492487054767
508.21218025643606,504.2064573099984,4.8591426205846755,5.887346231561285
508.3847445068409,504.2886499399046,4.852098678442378,5.8920032510828095
508.47510327493137,505.5560554786875,4.84038135037774,5.892195295261436
508.4818412303411,506.5737104233149,4.826905439558263,5.88265244570826
508.1489699223097,506.6553715599945,4.818850225921263,5.887779629774051
507.46964139840156,508.4248180177583,4.830322196326451,5.885247542450218
507.4638796646424,510.2841209904058,4.84184566384488,5.874622058245373
507.4627850553352,510.87217667296295,4.844034882459205,5.878481296273142
507.9712445582199,511.54806998942485,4.839087615617744,5.875990315252983
507.7989617945164,512.3135983904862,4.846565650387598,5.861827229997376
507.28705152997327,513.7486022272763,4.8597070606189074,5.855410393172893
506.6088012675581,513.7516536448675,4.867729415184926,5.849307557990416
506.6073031941573,514.5098240920404,4.870725561986552,5.850323177073114
505.93491589778915,515.6960722873753,4.866227148129463,5.83905454794146
506.7812706129767,516.447321501244,4.857647709360155,5.852273112649223
506.7848435929558,517.2834111961471,4.850501749402074,5.864876130879061
506.70574971132277,518.7147201700304,4.840132537962025,5.867726753115377
506.5400086421651,519.1335050106132,4.834747735211121,5.872324424615696
505.866922583043,520.2314008483977,4.833581726444657,5.865957205439135
505.9505159996428,521.0745404956896,4.834695369109131,5.862682669496339
505.870654716776,522.3386336706549,4.826149862795334,5.858517400275821
505.78896391426355,523.0969097185247,4.821465461844784,5.854559358315244
505.20438177542513,524.2740148350852,4.815123461225646,5.85136168178643
504.19570002018145,524.9525902701503,4.819152667796184,5.83643368093415
504.2773060638983,525.708531525856,4.823553801485977,5.833070159634949
504.01997273292756,526.9719980152732,4.835322992101532,5.820624537430694
504.4403332164777,528.315806721366,4.832755820797197,5.81509927179225
503.85231546811804,528.6583338080775,4.836261498298018,5.800062137922728
504.0225821394306,528.6616650749744,4.830386464023289,5.793399604128872
504.1057763454326,529.5832492113965,4.831129842423067,5.78868102572697
503.35330013538686,531.4216620904816,4.832442624893211,5.787418826186184
503.43337549465105,532.0834345688893,4.839364688380278,5.800456125494569
503.4354550207981,533.0799396535373,4.835205636086252,5.816068959191219
503.26803866629103,533.6728202538353,4.834920934513538,5.803218695648959
503.18334286786313,534.1808459046343,4.836956358940813,5.7913044286221504
503.10068896683373,535.3575482125883,4.835058749819485,5.778775569236011
502.68187807892565,536.5269456306944,4.837771829175388,5.77772508311249
503.0128143772009,537.6090784142596,4.843936287370502,5.784579943905859
503.01127469363746,537.6982132370673,4.847015654497431,5.773524550900467
502.8382012362526,539.0352841829196,4.8589757311423885,5.772877364193915
502.4153850223879,539.7893122968961,4.86822793704992,5.7703055355201505
