154.0,248.375,22.25,27.125
153.4736163159352,246.53485701304243,22.302767368129597,26.698842058440874
153.81583959651198,246.73050932469516,22.38922295732952,26.307537435135387
153.81120505929906,246.927609154166,22.398492031755403,25.913337776193696
154.19669046497185,246.7153524232753,22.38783389193539,25.577538566449586
154.2000553978083,246.50712460926243,22.38110402626247,25.239051664644226
154.29022852467398,246.24311410447754,22.20075777253114,25.017486678682374
156.24273062238882,245.5191086411971,22.012071399555765,24.978970476261495
155.95665081363794,245.2013025903397,21.844583447008503,24.874935007927206
156.04062512717485,245.20728510288296,21.676634819934694,24.862969982840724
156.0424887094664,244.88997811628627,21.672907655351576,24.76510635375097
156.0926535080732,244.97522505573411,21.572578058138014,24.59461247485529
156.147772800059,245.02937447443927,21.462339474166384,24.48631363744502
157.31749149520107,244.63445110739235,21.292528995950846,24.55295140084933
157.39741623139236,244.64980275837615,21.132679523568214,24.522248098881704
157.45451297651414,244.5702195670178,21.01848603332466,24.681414481598438
157.83337051553232,244.55063251253227,20.97987626218053,24.720588590569466
157.86160040852658,244.22393038556396,20.923416476192,24.65490346928071
157.83646184616885,242.80741154964394,20.973693600907517,24.619272357949583
158.50774080626834,242.796553642648,21.06598652087638,24.64098817194143
158.50231067821534,242.79380346558807,21.07684677698241,24.64648852606131
158.44387045850618,242.12677726883334,21.193727216400696,24.54153346833234
158.32931888938768,241.83146437986608,21.422830354637732,24.412401480471715
158.34113643612133,241.5374803756203,21.39919526117042,24.278938760402017
158.30296012014725,241.61818089306527,21.475547893118552,24.117537725512104
158.29825587200048,241.67036399959778,21.484956389412076,24.013171512447045
159.0226711150645,241.33275143574127,21.468584602557993,23.97216729052317
159.41930380134562,241.32778753543099,21.39065004245537,23.98209509114374
159.8316758417476,241.35042292532518,21.280145964797377,23.936824311355352
160.54922390351925,240.66454454681315,21.268591723184585,23.885039186448928
160.49083822077392,239.58857734035112,21.385363088675227,23.90462672404824
160.43646164493205,239.62851822068876,21.494116240358924,23.824744963372957
160.41962006133718,239.6526391982067,21.527799407548667,23.776503008337038
160.37112673455732,239.6806767382709,21.624786061108388,23.72042792820865
160.70929787257393,239.36943117021727,21.662350966771704,23.629011882619434
160.76450392440165,239.29374667018715,21.551938863116284,23.780380882679648
160.8029949207331,239.22672980447183,21.474956870453326,23.914414614110303
160.82541332855428,238.88907569783,21.430120054811013,23.875187710817347
161.18534665796884,238.5260258970245,21.423463004291257,23.888077704118977
161.93639661401326,238.46446171908065,21.347970351843962,24.01120606000669
161.97821022362797,237.7740889596169,21.264343132614545,23.96393186488836
162.03125710474905,237.08474561993842,21.158249370372424,23.918740470124902
162.4247455700918,236.73501033306798,21.080813439807283,23.90867004374538
164.16300568855672,236.77500307376067,21.14502230080943,23.82868456235997
164.11006248634283,236.7928107800302,21.250908705237265,23.79306914982088
164.09608711842293,236.49802688241448,21.27885944107703,23.67356544584267
164.13033124103484,235.43675069378847,21.210371195853227,23.67313471880802
164.15040741550825,235.05048771532404,21.170218846906383,23.739099869160917
164.50924722053372,235.03549990336666,21.159483283671197,23.76907549307566
164.49278440922447,235.0264605395418,21.19240890628968,23.78715422072534
164.48424906826133,234.9985773544084,21.20947958821599,23.84292059099216
164.50466662428784,234.97758483984663,21.168644476162985,23.88490562011571
164.55443243072648,234.63953338943696,21.06911286328571,23.851826235080026
164.54215872001654,233.95059465813307,21.093660284705564,23.81554979639357
164.89162122696266,233.96507353742442,21.10164210650354,23.786592037810852
165.2216166098379,233.95257050682648,21.14823645753968,23.81159809900675
165.57368455492156,233.69237810030586,21.151818811037916,23.624264668382384
165.5556429338525,233.37051356199268,21.187902053176025,23.563127370423715
165.55440339059425,232.73622267102655,21.190381139692555,23.422724330778266
165.56516583560713,232.7627466831457,21.168856249666756,23.369676306539972
166.8209611986212,232.70122041971757,21.461985939949457,23.49272883339625
166.74670629781735,232.39756628519515,21.61049574155713,23.39226944186153
166.66491919602717,232.12233122927196,21.774069945137498,23.23417347179616
166.5935748067024,232.16638644953832,21.916758723787062,23.146063031263452
166.53341587290234,232.18330411275147,22.037076591387184,23.11222770483717
166.5119606741199,231.07674390199037,22.079986988952015,23.19246133128064
166.4641474700932,231.0670637529017,22.175613397005446,23.211821629457962
166.808943511107,231.05451539803556,22.200737501017546,23.23691833919025
167.15735989270763,230.63573878670678,22.21941185674838,23.358964442915763
167.1715079567798,230.63745784137217,22.191115728604032,23.355526333584947
168.19443937378534,230.63240807114298,22.29688695079799,23.365625874043353
168.2065276127062,229.916845427027,22.272710472956327,23.3586602657204
168.30357436401525,229.86261751319688,22.07861697033822,23.467116093380664
169.0414711837293,228.4415818614184,22.037167947103875,23.44049816455017
169.06624058963513,228.7894371707213,21.98762913529221,23.460886016331965
169.13418431865037,228.36030043542974,21.851741677261693,23.603528854923066
169.5632134066138,228.31549734815854,21.70938162413678,23.693135029465438
169.95170332642084,227.90153850380912,21.64723140571673,23.80622309697027
169.93298197426216,227.5425687789728,21.684674110034088,23.80856201179464
169.94422327585698,227.63065637981725,21.662191506844437,23.63238681010577
170.28509902720407,227.74320478001306,21.693571732641228,23.407290009714153
170.67381583809973,227.36474891660146,21.626259707536448,23.45408013985074
171.07699074779782,226.28752803619057,21.529690598062526,23.47917977090576
171.44128424440805,226.25465774563162,21.50973847484035,23.544920352023638
171.39616662425053,225.51275776405168,21.5999737151554,23.610037925893806
171.3817991085406,225.5011575786887,21.62870874657523,23.6332382966198
171.7671449075848,225.52646768133076,21.570628940324184,23.5826180913357
171.79785495886728,225.57117653085317,21.509208837759218,23.493200392290884
171.77304410424938,225.23409999310377,21.558830546995026,23.45882630974887
172.09082440319688,225.30440319795275,21.63205155446315,23.318219900050927
172.4241781581085,225.3863114365308,21.67309781385131,23.15440342289478
172.40399940254335,225.07743179516302,21.71345532498163,23.066314167357717
172.45646604937107,224.74375375993117,21.608522031326174,23.028557478238795
172.85281896734315,224.396028301683,21.518673395691188,23.02115119442594
173.13535517478098,224.10275819481427,21.654915763287796,22.90637662569109
173.4210721273163,224.133990186991,21.785165305676607,22.843912641337607
173.3328244026086,223.8458496016697,21.961660755092076,22.717423131367063
173.6609263457528,223.5107349099874,22.00903932328658,22.684070060248704
173.99723018675584,223.55428900530137,22.040240065433927,22.59696186962078
173.883886553462,223.56687356578857,22.266927332021652,22.57179274864638
174.15975063749232,223.08006524775934,22.421316659654018,22.839291889011793
175.1706526945335,223.00313898114428,22.537786217387296,22.99314442224194
175.14884511812582,222.5771089996745,22.581401370202602,23.128190820186443
175.11846649074212,221.52139864750697,22.642158624970023,23.0801418593604
175.14001791009724,221.47902164848,22.599055786259804,23.164895857414386
175.12341416605585,221.14745173939087,22.63226327434255,23.10735729595538
175.48146176335032,221.1157282209464,22.636467350940613,23.17080433284428
175.84702557885703,221.13463386808823,22.626701807393506,23.132993038560624
175.88039159211462,220.71824237155775,22.559969780878298,23.24516194293547
175.90109797034205,220.3965096593029,22.51855702442342,23.167306887210152
175.93874586821846,220.3968586045363,22.44326122867063,23.166608996743342
175.9379910376787,220.41050128542219,22.444770889750167,23.139323634971575
176.0035835890916,219.99304414689993,22.313585786924335,23.256398988141125
176.4433735290125,218.50049589256605,22.151605063558396,23.3710988709056
176.4656519656601,218.4475314872734,22.10704819026318,23.4770276814909
176.9066799701001,218.15137575525236,21.942770589682006,23.351560737234156
177.33510096082676,217.80933319991678,21.799138904189945,23.322435551944075
177.75124969685774,217.81728687637812,21.677316167857562,23.306528199021376
177.813982449937,217.7998512845678,21.551850661699042,23.341399382642038
177.84392300246898,217.42768154726264,21.49196955663506,23.378898979850614
178.23746999989885,217.06023801600531,21.41134719472199,23.40731440941856
178.6145969942712,217.10874519742583,21.36272390052818,23.310300046577552
178.61911825053193,217.1312841187281,21.353681388006777,23.265222203973003
178.58320475287488,217.18225102073745,21.42550838332083,23.163288399954318
178.5845422203991,216.8826646973814,21.42283344827242,23.06040860469274
178.90969238253066,216.8597151662165,21.472937940471873,23.10630766702252
178.84736386596455,216.87863897558225,21.59759497360408,23.068460048290994
179.20614758295943,216.22788697851723,21.583334628027245,22.96334986559529
179.17668293746098,215.98230727531833,21.642263919024106,22.753070843284494
179.15732977722462,216.02987669269058,21.68097023949683,22.657932008539984
179.529802617673,216.04603020794534,21.634232611731555,22.62562497803051
179.88945043209964,216.07212598187692,21.61189889915744,22.57343343016732
179.87217219181784,215.69520392335582,21.64645537972103,22.631486732876454
179.88821366203,214.96018246026276,21.61437243929669,22.707035081598466
179.98690102117706,214.90901398460886,21.41699772100259,22.80937203290626
180.41381257420792,214.8865947667398,21.259566582138042,22.85421046864442
180.80042286564583,214.55872953023157,21.180937668201352,22.81534927272174
180.7824983732762,214.15786041671814,21.21678665294057,22.924352118306125
181.78885403028156,213.08687162916632,21.28909333984394,22.98131169249569
181.8072693835756,212.76385300503853,21.252262633255828,22.93030455101193
181.8117253608235,212.79900999459187,21.24335067876008,22.85999057190524
182.16945957763994,212.81306131960315,21.22230639064435,22.83188792188268
182.12267250001224,212.49232126631313,21.315880545899724,22.779716962944743
182.0792361562456,212.51292605293187,21.402753233433025,22.738507389707237
182.03682060963743,212.13998682898534,21.487584326649362,22.78932744871831
182.40672841547544,211.41698330767753,21.444967574877083,22.840936771526515
182.4012247530677,211.0334783294091,21.45597489969254,22.910617537814396
182.73886731737844,211.38614838778477,21.479282375569912,22.90387002556188
183.10716216148114,211.05620045728057,21.441549952287794,22.864908621647032
183.0910877718872,211.075792953975,21.47369873147568,22.825723628258178
183.05873184491242,211.03421650509435,21.538410585425225,22.908876526019462
183.0484914247085,210.64408046148546,21.55889142583312,22.989274522483306
183.0346453051566,210.2791974318683,21.586583664936878,23.017585076000522
183.7079254802482,210.29458511427129,21.64469826455928,22.986809711194546
183.69708324737542,209.98595614251155,21.666382730304875,22.901288711858477
183.6763674832091,210.05025643435079,21.707814258637505,22.77268812817998
183.63733037693547,209.77194271278523,21.78588847118478,22.628885404291253
183.93282923342105,209.47097911157448,21.894304518992872,22.531398845933474
184.2783752012002,209.10318278614915,21.90281197407006,22.567392106148688
184.60431390633798,209.1558533864117,21.951233187332978,22.462050905623613
184.60328534970841,208.81107330196278,21.953290300592123,22.452200843135078
184.63393577986997,208.40812997750794,21.891989440269,22.55879945330694
184.67027288269122,208.0121854364161,21.819315234626526,22.650695802941495
184.6791800070905,208.0023490006657,21.80150098582793,22.670368674442265
185.06096904020535,207.909980804723,21.738233906612667,22.85510506632766
186.11813888627398,207.17462295802588,21.730500934194957,22.921416279908883
186.52235713882007,207.09713095212004,21.62518169935677,23.07640029172057
186.56263229957912,206.60212487345527,21.54463137783864,23.362543276596973
186.56115634424287,206.17119867057698,21.547583288511106,23.51734096225386
186.56427643828036,206.16219668108843,21.541343100436173,23.535344941230967
186.6481870710142,206.0993485648511,21.37352183496845,23.661041173705623
186.68745799039968,206.11040251124416,21.29497999619753,23.63893328091953
186.6969885031685,205.7795849786312,21.275918970659852,23.59318839661849
187.06445905556527,205.04640310980122,21.24734236070104,23.646823144609016
187.40228578297473,205.0157653706522,21.278431139927083,23.70809862290707
187.34441784446926,204.65989134552063,21.394167016937995,23.711655746398776
187.34715249666812,203.9544103234754,21.388697712540306,23.70243081264175
187.69571615573395,203.60091797731545,21.401433161154667,23.69955273821561
187.99896510684627,203.641341345351,21.504956454918744,23.618706002144506
187.9360552550648,203.67258610420689,21.630776158481694,23.556216484432735
188.28510890830637,203.76567345043986,21.644113513134386,23.37004179196678
188.32586671688048,203.03621047218616,21.562597895986144,23.411459634346276
188.34302210718437,203.10177529747415,21.528287115378383,23.280329983770315
188.78167713364172,202.76712774090683,21.35648970883281,23.24411245053573
189.1785462244871,202.43421997235345,21.264965934294633,23.207713580489923
189.2004007299963,202.42512809799865,21.22125692327628,23.22589732919953
189.23300383174603,202.41809699171608,21.15605071977675,23.239959541764698
189.19084492611728,202.0515869442611,21.24036853103426,23.274022448069314
189.48774435981613,201.06195399344313,21.347400780945406,23.15079499777866
189.78591877481617,201.10699593651637,21.451667053162556,23.060711111632184
189.73663005955527,200.76442131297824,21.55024448368435,23.04499253103294
190.05184663379686,200.829153029932,21.621999901087513,22.915529097125436
190.34491136622282,200.882056558603,21.737174887591504,22.809722039783423
190.6724399359241,200.91458433809981,21.783592848523256,22.744666480789842
190.69587607037496,200.93329222006147,21.736720579621544,22.707250716866522
190.66259671731737,200.57680867620763,21.803279285736735,22.72035446575966
190.66614713203384,200.25185774479547,21.796178456303757,22.669133926885983
190.689497252259,199.9399286553754,21.749478215853472,22.59278470307593
191.06971011040446,200.0299296713484,21.68732428083164,22.412782671129932
191.47257687208315,200.07882870642996,21.576057138245897,22.314984600966874
191.5203870965011,199.39862056253378,21.480436689410023,22.293054851424955
191.89977598678772,199.43732698467852,21.410975535661652,22.215642007135475
192.27783419816316,199.17061472555463,21.341863243702683,22.06206239459134
192.28553239074787,199.19583095150134,21.326466858533273,22.011629942697958
192.60095120108147,199.26003415959684,21.37809762764076,21.883223526506953
192.90513251784444,198.95787599841262,21.451004032017494,21.806270810972702
192.85342047357665,198.66931434256873,21.55442812055312,21.70218293965176
192.8310614044204,197.6970922971755,21.59914625886559,21.60301059076799
192.79228223447018,198.1030801501246,21.67670459876603,21.47138381095524
192.75779121818982,198.13944922814267,21.74568663132674,21.398645654919136
192.74486572035906,197.74091396038736,21.771537626988255,21.516283381811906
193.05982350119083,197.66451770251797,21.823317071064118,21.669075897550698
193.40104495141887,197.62316737512032,21.825792668144473,21.75177655234595
193.72222828019284,197.56566230705027,21.869686695730742,21.866786688486076
193.7129848903324,196.51606588982287,21.88817347545166,21.899689442932356
194.09427673578872,196.4456761425682,21.815162422961105,22.040468937441673
194.12769036374294,196.0853092683868,21.74833516705271,22.07056510041416
194.19672841200773,195.71113187110507,21.610259070523107,22.12886313797435
194.2336300185799,195.74692570399014,21.536455857378794,22.057275472204175
194.27151501227033,195.759044330083,21.46068586999794,22.033038220018497
194.60955877978247,195.4893267749329,21.469524045232376,21.887547620059948
195.30398477115565,195.59075299095883,21.446233255240553,21.684695188008025
195.3185983719247,195.68248116239283,21.41700605370242,21.501238845140044
195.2546035423614,195.02550054582974,21.544995712829035,21.46344498427967
195.2073605069629,195.1014770140435,21.63948178362604,21.311492047852123
195.17458690880176,195.07410332362073,21.705028979948324,21.36623942869769
195.50434844412763,194.650042653699,21.72378835498838,21.536078322849395
196.191145883281,194.69260140797812,21.712705755910676,21.45096081429113
196.5030034629909,194.3670332282754,21.768730252659797,21.42235751752764
196.78898234705736,194.05008740092063,21.876941627045998,21.376080029718096
196.77141258199674,193.76650958441058,21.912081157167236,21.262097132570062
196.72375565309778,193.7868274293707,22.007395014965155,21.221461442649783
196.72618162150007,193.7816708290158,22.00254307816053,21.231774643359575
197.0152089774739,193.4260892088773,22.105316713596746,21.2621095362528
197.3218646533567,193.0549349600601,22.174924682413845,21.321498713304454
197.6476268978598,191.2411136152769,22.20835027614864,21.524390989166093
198.01590693519688,191.26790833048045,22.160473731318557,21.470801558758996
197.6903877364828,191.225560253495,22.12442689130728,21.55549771272992
198.11233947114994,191.10659785939635,21.968381663065788,21.793422500927214
198.07967485799736,191.15703747834667,22.033710889370926,21.692543263026543
197.9823281780944,191.30307666665485,22.228404249176833,21.40046488641019
197.89203508480276,191.43376819436497,22.408990435760145,21.139081830989962
198.22479986735533,191.54799009903843,22.429184382988602,20.91063802164305
198.88882530809457,191.66716908286486,22.465957785478707,20.672280053990136
198.86228589222782,191.6922333206522,22.519036617212194,20.622151578415487
198.85633631803228,191.65455531190716,22.53093576560328,20.697507595905574
198.85753628445357,191.3114700225831,22.52853583276068,20.703068375737658
199.19589850572015,190.94467907507854,22.53247230393906,20.75598935703522
199.52066959011478,190.9530746683685,22.56449466635353,20.739198170455303
199.49735734723689,190.94488172395066,22.611119152109328,20.755584059290978
199.7941179758339,190.5764096244389,22.700381799748648,20.809744353481165
200.07728975572417,190.24214264248872,22.81907533841335,20.79324121893626
200.48237733084306,189.5180375272355,22.69552305789739,20.868205709999046
200.49838661104528,189.08761989607365,22.663504497492987,21.043148898808667
200.91280524674303,189.02119040786917,22.522842717963044,21.176007875217636
200.92754420062272,188.59208096397364,22.493364810203673,21.3461376060933
200.92220979299827,188.27051164214078,22.50403362545256,21.29894948502435
200.93303188237425,188.3238120751614,22.482389446700594,21.19234861898308
200.97350404783808,188.36949140024566,22.40144511577298,21.10098996881459
201.30982634888167,188.09384280626412,22.41380170049226,20.967285969971137
200.9543489951096,187.81295760063443,22.441684626869723,20.84598460006385
201.66005489164883,187.8478435807597,22.393432388988284,20.776212639813288
201.6648959428519,187.91946662607677,22.383750286582135,20.632966549179166
202.27009841162294,187.29582505782093,22.527922003655423,20.525673031075513
202.28444265144898,187.34846401871724,22.499233524003333,20.42039510928289
202.2508484162395,187.42386519010282,22.566421994422264,20.26959276651174
202.29096807985957,187.07981936116954,22.48618266718215,20.283343987373794
202.28259473254468,186.4530300922417,22.502929361811965,20.190297574396972
202.61763351931282,186.4808896563143,22.504939427076682,20.134578446251812
202.9478570820774,186.13749416270633,22.515721332022398,20.150140402992854
202.86142538896556,185.73669929562277,22.688584718246066,20.28008503760008
202.79591013705365,185.7079173774464,22.819615222069885,20.337648873952855
203.0932685961278,185.3352131965149,22.90425922089164,20.40369631884579
203.04003555332307,184.5913964067711,23.0107253065011,20.527868347388367
203.3925488988579,184.53856082475153,22.991066984738325,20.63353951142757
204.40694270538685,184.4921751715422,23.02253188162515,20.72631081784626
204.350856339286,184.51437121623186,23.13470461382683,20.68191872846686
204.71180880457686,184.55744005196675,23.10255491302541,20.595781056997083
204.37567920485495,184.5556452355798,23.08693447465415,20.599370689771025
204.7433244656383,184.61608348891568,23.03933837628499,20.47849418309925
204.78210278163874,184.33394277528765,22.96178174428411,20.357752120645063
205.22077622928876,182.98141555907105,22.766324025704456,20.335249846196618
205.2261384730373,183.41009796585067,22.7555995382074,20.15637999900472
205.6301128298116,183.4800275382382,22.62312004310996,20.016520854229682
206.38594441177256,183.54615310248448,22.453810210750905,19.884269725737123
206.0721820594561,183.5617193665787,22.41490055399003,19.8531371975487
206.46111346943997,183.59520921561804,22.302370419220594,19.786157499470008
206.46057521837352,182.9324402516846,22.303446921353512,19.786664872554876
206.44734914032458,182.98618163908384,22.32989907745137,19.679182097756375
206.81508147229448,182.65608622671846,22.255665419526448,19.67814191647226
207.14061237875737,181.99738168490575,22.264666578971287,19.675425055356534
207.15379599911913,182.03648939151626,22.238299338247757,19.597209642135525
207.2007213674135,182.06883104607888,22.144448601659033,19.532526333010246
207.23557959864746,182.1035826895244,22.0747321391911,19.463023046119247
207.62062831540632,181.44579629765798,21.958449249471546,19.47096674225581
207.65651974090315,181.4580861696327,21.886666398477878,19.446386998306387
207.97246534371592,181.4731901176405,21.90540575013446,19.416179102290783
208.29726532081764,181.1643342615488,21.906244167810186,19.38345244259501
209.0086849517946,180.83397737737602,21.78326079113526,19.394238268301034
209.08453018621742,179.83292833644765,21.631570322289654,19.451761402608696
211.35724407453537,179.84680620483718,21.61341978276949,19.424005665829608
210.0331270188007,179.87721760728093,21.677539138660958,19.36318286094211
211.62803751315425,179.9117757210149,21.71798625577524,19.294066633474195
210.63032095980347,179.92748498001166,21.776688268977015,19.26264811548065
211.30199207396055,179.57044656163427,21.725317090466383,19.330739427333636
211.31648569979023,178.885468992381,21.696329838807017,19.40814039388866
212.34812587838329,178.1623740703857,21.574240578325757,19.56020284007599
213.66170881935813,178.11926798611867,21.53744414999395,19.64641500861005
213.62416019894204,178.09604423809296,21.612541390826152,19.692862504661502
213.57807707396125,177.75581903861118,21.704707640787717,19.723009750939173
213.5186693025357,177.37740166985174,21.823523183638812,19.827626120525572
213.14878384408155,177.01066235067063,21.907558788416587,19.90536944675721
213.08117752520613,177.00495360809407,22.042771426167413,19.916786931910316
212.96848675003633,177.0309334331858,22.26815297650697,19.864827281726896
213.26885520079216,177.03821685186796,22.330657659695532,19.850260444362554
214.16700733996254,177.03205518862487,22.52629111704555,19.86258377084872
214.06617789441628,176.72937344522015,22.727950008138087,19.80073550371742
214.94944109713182,176.40230104196166,22.969462657625492,19.785533958594918
213.8157059628335,176.4321242409972,23.218412535308875,19.725887560523773
213.73405108323217,176.10148251254702,23.381722294511526,19.71144218440432
213.682670079845,176.41903297074379,23.484484301285878,19.754358144414713
214.67670085663644,176.44247097724954,23.537301484468784,19.707482131403193
214.99497371952643,176.4536935841221,23.58110797969281,19.685036917658074
214.64767093093,176.4688062542283,23.59504791894752,19.65481157744571
215.32920434503308,176.47235040139444,23.59276738273682,19.647723283113407
214.96418666569062,176.15468034187862,23.64255901706253,19.602819677785828
214.64419155850078,175.45969936190622,23.602262904948958,19.632208984744167
214.96872658881858,175.49676058448688,23.633332663477304,19.55808653958287
214.5443442700476,175.54627503080354,23.80267480660384,19.459057646949507
214.85684012993835,175.56955963276994,23.858111180064988,19.41248844301676
214.7491991374268,175.27997836976354,24.073393165088085,19.311123898464576
214.63438052190548,174.99818254674545,24.303030396130744,19.19252461271885
214.54279889619383,174.69449419464854,24.486193647554064,19.11611497294402
214.4472498266622,174.69740481780713,24.677291786617307,19.110293726626907
214.75633513332758,174.37659445985196,24.747294793942554,19.063740821881222
214.68139723000272,174.36914400390353,24.89717060059229,19.078641733778035
214.61067579315724,174.34933764878664,25.038613474283256,19.11825444401185
214.58872954699643,174.35884981858652,25.082505966604835,19.099230104412058
215.34354253983614,174.00381953758313,24.961236978448298,19.115112167657454
215.6813219196223,174.0100552551798,24.978265876787106,19.10264073246413
215.28157014606788,174.04124184907,25.085125312870428,19.040267544683708
215.93598045267547,174.04493719244508,25.162816777337166,19.032876857933577
215.88880768385505,173.03372650136575,25.257162314978,18.972339763314253
215.83541773901823,172.71590091336424,25.363942204651636,18.91322353682974
215.76855719863153,172.7949256060977,25.497663285425066,18.75517415136279
215.7979453514858,172.81678576308016,25.438886979716507,18.711453837397865
216.8877203308531,172.5008038050656,25.33911736475556,18.650157638835744
217.67526963112536,172.5356232699942,25.145497544575345,18.580518708978566
217.3733956474921,172.60036086056203,25.06258984585796,18.45104352784292
217.68778488522975,172.327801315423,25.11708507521841,18.312888913285228
218.41535124815258,172.35652903286118,25.025622170673387,18.255433478408854
218.4258760414351,172.40552436287223,25.004572584108338,18.157442818386734
218.82512885986029,172.06641515456332,24.883642134920972,18.158086047341534
218.8471124627563,171.73966399078907,24.839674929129018,18.13583777645431
218.54768951225464,171.7854930346091,24.763802796164132,18.044179688814246
219.58108489933193,171.8036277774142,24.713197707570682,18.007910203204062
219.91931427136532,171.8056313507683,24.707437408588987,18.00390305649586
220.25936563310373,171.11530451104807,24.69787992297468,18.043466260211304
220.641666670761,170.7683916935813,24.60432738975185,18.0662423530531
221.0230456318111,170.4168770690259,24.51157203245098,18.09926903736451
221.99368386459216,170.394918750259,24.5776995151543,18.14318567489834
222.05486060897096,170.3692157636657,24.45534602639671,18.19459164808496
222.46851146189172,170.6931287785473,24.29788530325327,18.216606601019848
222.1743392383451,170.72104389098934,24.218424724599913,18.16077637613582
223.5821541924078,170.71707357590827,24.065524146948412,18.1687170062979
222.98035539974927,170.38047569685648,23.94215479239011,18.178429294463868
224.0192120621172,170.33743162295679,23.849727177520357,18.264517442263248
224.05059011056278,170.31000178675507,23.78697108062919,18.319377114666672
224.0705877844586,169.96025314017635,23.746975732837555,18.357181380846857
224.45843202306753,169.57577757365448,23.63298527919521,18.464434490315057
224.41327170704758,169.58816678263472,23.723305911235116,18.439656072354584
224.36823836991235,169.6083549819122,23.813372585505576,18.39927967379956
225.03357760109574,169.56731914143344,23.809489808895435,18.481351354757106
224.95902156850434,169.23165779215728,23.958601874078237,18.48799928848627
224.8791708611312,169.2447432356441,24.11830328882453,18.46182840151259
225.55989234894997,169.20144201841677,24.09500519304502,18.5484308359673
225.50980286095077,169.18747198781247,24.195184169043447,18.576370897175863
226.7851702766744,169.17187068038297,24.332902175768254,18.60757351203491
226.7625009143299,169.15717588312688,24.37824090045722,18.636963106547057
226.82056879366127,168.77026613531842,24.262105141794486,18.734887949667808
227.61540979455197,167.9847993176374,24.02385893357965,18.95438579146332
227.70035223993358,167.91586006550963,23.853974042816436,19.092264295718845
227.7802020653923,167.86308368657004,23.69427439189903,19.19781705359804
227.84070634753226,167.8015502667619,23.573265827619082,19.320883893214322
228.21315248758177,167.77478335376387,23.50304160192206,19.374417719210367
228.56302872372964,167.73574605072645,23.477741695056576,19.4524923252852
228.56246395193222,167.70243367965196,23.478871238651436,19.519117067434202
228.603696756881,167.64940810234617,23.396405628753875,19.62516822204579
228.64758860969044,167.56743151182047,23.308621923134986,19.78912140309717
229.02489584476157,167.46882913909326,23.2321460611956,19.986326148551587
229.04247141755886,167.39888109457883,23.19699491560099,20.126222237580457
229.41006857303307,167.36991869057442,23.14362739763737,20.184147045589256
230.09341392201492,167.34612462743783,23.14079493137353,20.231735171862468
230.09787237246948,166.98211788541988,23.131878030464392,20.27710087835015
230.1174498969528,166.57277047078156,23.09272298149778,20.412559414284694
230.4390482069816,165.80977590929166,23.134323816625518,20.568953626893883
230.45622791440164,165.40065332534164,23.09996440178545,20.699254699143093
230.47217020364482,165.37471200865355,23.068079823299072,20.751137332519264
230.45511963092224,165.3214469344787,23.102180968744236,20.85766748086896
231.44932638802214,165.2762857298637,23.189933800760414,20.947989890098956
231.48886288406047,165.24577971055913,23.110860808683753,21.009001928708102
231.84795819977052,165.2640473846925,23.08727402702124,20.97246658044132
232.12290811486946,165.27177683749645,23.23102853219064,20.957007674833424
232.46704812722882,164.91823666149764,23.238392688155567,20.96844384614738
232.80414126096852,164.87848303431676,23.260147591730092,21.04795110050917
233.77853161571693,164.88682992284993,23.404010520166512,21.03125732344283
233.73370000570029,164.87292178024688,23.493673740199824,21.05907360864896
234.05959705707969,164.87355414002852,23.54323576813864,21.057808889085646
234.05373348696148,164.52967701074908,23.554962908375025,21.043457186862497
234.0291628137157,164.17253720607206,23.6041042548666,21.05567793729528
233.9292382002091,164.21676926467396,23.803953481879795,20.967213820091494
234.22348766326854,164.23295514603683,23.920158404245345,20.934842057365763
234.06821929701977,164.27694555285868,24.230695136742867,20.846861243722074
233.98541175655257,164.32951899293312,24.396310217677293,20.7417143635732
234.22621055533105,164.31263985531183,24.62496494554547,20.775472638815764
234.13520721519149,163.98904744824551,24.80697162582461,20.7083327357339
234.41564125540498,164.0659334873548,24.96215308575525,20.55456065751532
235.05257530495652,164.13070667770518,25.12020093980803,20.425014276814583
234.96856164128027,164.18446951864934,25.288228267160502,20.317488594926267
234.90674362075788,163.86501301588623,25.411864308205256,20.239268623463218
235.69003094909127,163.786842270173,25.280811308236462,20.39561011488968
235.6480154999842,163.78955956159382,25.364842206450568,20.390175532048012
235.6191149102083,163.82492023831333,25.422643386002413,20.31945417860903
235.98020840367087,163.80192075702146,25.419682782430435,20.36545314119274
236.31724317104837,163.82546844828232,25.465539870617818,20.31835775867104
236.25407300345734,163.8230915587083,25.591880205799892,20.323111537819067
236.26338273682745,163.76282938932715,25.57326073905969,20.44363587658139
236.57051333437403,163.4493218924082,25.68254858988916,20.34710182449662
236.8989520016477,163.07114512566133,25.749329196450162,20.37979741688201
237.5588859491813,162.3685922076952,25.87988436202637,20.334480192170897
237.84323275201643,162.05708294248362,26.037664981552776,20.231024497397378
237.7000882020808,162.09607179168273,26.323954081424077,20.153046798999156
237.53855666298256,162.1354839529088,26.647017159620525,20.074222476547
237.84631275537726,162.14378595105157,26.765450058684706,20.05761848026147
237.77513775801154,162.16582019210296,26.907800053416153,20.01354999815866
238.1997543012004,161.74286324619158,26.79548910009977,20.122541756920153
238.44878330553087,161.7860549081065,27.03442711445058,20.03615843309027
239.7963418543521,161.74660010029797,27.296182205821086,20.11506804870735
239.76838872060893,161.29596403251975,27.352088473307447,20.27185050866754
239.6764232753383,161.24272804665299,27.536019363848695,20.37832248040111
239.58270489196624,161.24275438900415,27.723456130592808,20.378269795698778
239.4812979176209,161.18776958320214,27.926270079283473,20.48823940730279
239.80673267182055,161.14539199654274,28.0355810112274,20.572994580621575
239.6569219011771,161.12798997762917,28.335202552514314,20.607798618448754
239.65875382462218,161.03568315155846,28.331538705624126,20.79241227059014
239.60199203196262,160.5630922221379,28.445062290943277,20.966269604900006
239.51972459004816,160.52572479646696,28.60959717477221,21.04100445624185
239.47987434099187,160.44259070521915,28.689297672884784,21.20727263873747
239.79119088708873,160.0490059557353,28.85022569597186,21.210881022424367
239.64456953815423,160.03573505226836,29.143468393840838,21.237422829358245
240.4303547875347,159.60117207509145,29.15380558951094,21.315594936496552
240.38355304927458,159.60142369276957,29.24740906603122,21.315091701140304
240.34266936936672,159.58237684835413,29.329176425846946,21.353185389971223
240.31738439760073,159.5249897757399,29.379746369378914,21.467959535199643
240.336109241727,159.15121958082983,29.342296681126385,21.417175667468456
240.73269781711608,159.10906253999278,29.346041836918996,21.50148974914254
241.1136680937201,159.09270402375722,29.382463923797214,21.53420678161364
243.12056437435956,159.11254470256165,29.365933562378473,21.494525424004802
243.06690312794842,159.11524360190043,29.473256055200775,21.48912762532725
243.00341499366792,159.13455663881757,29.60023232376178,21.450501551492945
242.96145304496656,159.14314557913684,29.6841562211645,21.43332367085439
242.86530975396985,159.16657540700544,29.876442803157904,21.386464015117223
242.8205505330087,158.76095016189686,29.96596124508015,21.393197269185315
243.1449854541387,158.84279596179064,30.123075299819007,21.22950566939775
243.5446462933341,158.89074487843243,30.12941799949637,21.133607836114155
244.05966713889993,158.7916703276928,29.9035545392281,21.331756937593426
244.00262889121421,158.8624169219638,30.017631034599518,21.19026374905141
243.97819211515645,158.42947420138205,30.066504586715016,21.252726682175417
244.70385472180843,158.4500928815851,30.22556257992998,21.211489321769303
245.10537241628774,158.4820394370113,30.229443928101933,21.14759621091691
245.07964822574112,158.1876986876441,30.280892309195146,20.930356867087937
245.05236791749957,158.2171734965166,30.33545292567827,20.87140724934289
245.4762227611039,158.216647341224,30.290699906485965,20.872459559928142
245.896629556932,158.2170410062172,30.252185242701675,20.87167222994173
245.94750537334323,158.14842202208368,30.15043360987923,21.008910198208767
245.95405193044047,158.14018047088433,30.13734049568473,21.025393300607426
245.9391526559557,158.21220693463795,30.167139044654288,20.881340373100237
246.36290476539617,158.24176548324309,30.12021598002497,20.82222327588993
247.17348888516693,158.27321276417837,30.096838685673347,20.7593287140194
247.1782572512755,158.24865823605066,30.087301953456183,20.80843777027481
248.07546752664513,158.18290582522593,29.88922293026385,20.939942591924236
248.10347853770926,158.18077526424256,29.833200908135556,20.944203713891017
248.13023404744405,158.15676353489394,29.779689888665978,20.992227172588212
248.18763598388318,158.11024628253696,29.66488601578769,21.085261677302192
248.63378126333473,158.11505890605343,29.568950069455074,21.075636430269235
249.48349539002587,156.88329270672085,29.459009274389068,21.154937641459984
249.8853730490558,157.2856050616743,29.44963752419384,21.14469649941774
249.75970522608225,157.33963903661547,29.70097317014096,21.036628549535415
249.99180064842238,157.3977885839643,30.032881767968096,20.920329454837738
249.90435835820296,157.377270590628,30.20776634840692,20.961365441510317
249.79649518923534,157.43491916163646,30.42349268634215,20.846068299493403
249.67356836276616,157.4888725472398,30.66934633928051,20.738161528286767
250.0691532251978,157.12560758051418,30.683958122245155,20.65890995391011
250.83189888338953,157.21183859954695,30.767840027684006,20.486447915844543
250.72010269122697,156.9124177548701,30.99143241200912,20.282205575660072
250.5987853890885,156.93551845772944,31.234067016286083,20.2360041699414
251.42364674514513,156.94556326521317,31.19617017759621,20.21591455497396
251.80440910552653,156.88102680349766,31.239655029736447,20.34498747840498
252.23917191732826,156.81781881043818,31.177943849981872,20.471403464523938
252.23409614072963,156.78290985212809,31.18809540317914,20.541221381144112
252.1997488680658,156.74277647010734,31.256789948506835,20.62148814518558
253.05181496450118,156.24140293770188,31.178012788789673,20.8115576934197
253.04143846438888,156.13250411983736,31.19876578901423,21.029355329148736
253.48895004895832,156.03440077506642,31.122325601254957,21.22556201869066
253.4849512696693,156.0214512789471,31.13032315983299,21.251461010929305
253.91473715707735,155.22985833504305,31.091985685066362,21.19217829863851
254.38174698267912,155.2406998920097,30.97764044693437,21.170495184705196
254.79726819536575,155.2106994787395,30.9641898067381,21.23049601124559
254.7229618657745,155.24848534684594,31.112802465920566,21.154924275032712
254.64345898389362,155.23478871835488,31.271808229682335,21.182317532014842
254.66705438317436,155.22365683305176,31.224617431120862,21.204581302621058
255.19596111599918,155.13308636698395,30.988682338154717,21.385722234756734
255.2322482707814,155.03307150531447,30.91610802859025,21.58575195809567
255.23325221760123,154.89637814104344,30.914100134950605,21.85913868663775
256.1662504395582,155.23923509970297,30.704124827856,22.001435337728378
256.0249638397261,155.1982190517073,30.986698027520177,22.08346743371971
256.0374286489458,155.16002346610193,30.961768409080797,22.159858604930413
256.39925055105414,155.19244611939362,31.071809812540494,22.095013298347066
257.3066785015369,155.0891827277357,30.92552168249128,22.301540081662914
257.2850308964293,155.18695318500684,30.96881689270649,22.105999167120604
257.7318622147851,155.29524249928673,30.90805969411569,21.889420538560845
257.71107225666077,155.39328721181843,30.949639610364343,21.693331113497457
258.51684457900285,155.42426888619192,30.989721167393206,21.63136776475043
258.45314180874766,155.5223115230172,31.11712670790363,21.435282491099855
258.4948693891659,155.5548883139644,31.03367154706708,21.370128909205512
258.94756623620077,155.53646058405812,30.950019173600744,21.40698436901805
259.46438608961165,155.5303179040686,30.73746806242506,21.419269728997097
259.5584423553484,155.19709134052056,30.54935553095153,21.26764057090869
260.07091337801955,155.1835447331528,30.337149774785743,21.294733785644205
260.57506736508475,155.2096280091828,30.13881896794859,21.242567233584158
260.70512285815465,155.1103924975462,29.878707981808766,21.4410382568574
260.7567487122294,155.12380564813168,29.77545627365926,21.414211955686447
261.9105248739644,155.20097393681806,29.878234743743157,21.25987537831365
261.7305378498077,155.32083932419908,30.238208792056568,21.02014460355163
262.143913959511,155.37825106745694,30.215404857945433,20.90532111703587
262.06398062186514,155.7983799786195,30.37527153323718,20.866769456215813
262.00504951859205,155.82314397215077,30.493133739783335,20.81724146915326
262.4040024156336,155.8257694585855,30.499665523636267,20.81199049628379
262.34285747365317,155.7880974061636,30.62195540759712,20.887334601127648
262.31396985527107,155.82081291304144,30.679730644361364,20.821903587371906
262.7165881331632,155.83936117542947,30.681820596419072,20.784807062595867
263.5465683203947,155.81463708050921,30.63534608854915,20.834255252436407
263.5324686774409,155.79696937207834,30.66354537445678,20.869590669298148
263.9720299151046,155.71798750901365,30.592295951470668,21.027554395427472
264.41518968485383,155.7074872804215,30.515391203312056,21.048554852611822
264.3955177457098,155.75305359631412,30.55473508160014,20.957422220826547
264.4143914154617,155.74644123410343,30.516987742096326,20.970646945247967
264.8912615635466,155.72337641910119,30.370584587000618,21.016776575252415
265.7324585982202,155.35568670727093,30.29997287026037,20.94626482260948
266.55998194481526,155.3501850942975,30.252245264790687,20.95726804855634
266.5086357576666,155.4506524712115,30.354937639087986,20.756333294728353
266.8375652509883,155.57638795047475,30.498424274296916,20.504862336201846
266.84330024943,155.5354246621867,30.486954277413517,20.586788912777912
266.7800143242888,155.63144893447173,30.613526127695874,20.39474036820785
266.7322898054718,155.67051345302286,30.708975165329857,20.316611331105605
267.15314886609303,155.64062571907252,30.666632175272362,20.3763867990063
267.9969730649646,155.68859250206032,30.578449711873315,20.280453233030723
267.96035498406525,155.7055127965374,30.651685873672022,20.24661264407652
268.35430862734745,155.75376958850168,30.661128404889844,20.150099060147976
268.3375297520821,155.7939987825925,30.69468615542049,20.069640671966347
268.3323012611338,155.76060137667304,30.70514313731718,20.136435483805233
269.53986279472616,155.74424643273997,30.678974932870574,20.169145371671405
269.9836997893519,155.7073385981232,30.587771116695116,20.242961040904948
269.9498245264177,155.7080472515564,30.655521642563492,20.241543734038547
269.8730651025152,155.70757115245542,30.809040490368425,20.2424959322405
269.8712134012949,156.01899866976896,30.812743892809028,20.419285310671903
269.9860046326675,155.54100499641794,30.583161430063786,20.57263041822091
270.39983829579415,155.46172643753383,30.55723168560567,20.731187535989125
270.4201810248089,155.45107130132118,30.51654622757615,20.752497808414443
272.0455489974572,155.44742696529585,30.48068100313311,20.75978648046511
271.53012664988785,155.81552269755952,30.708227648016383,20.826893066193172
271.9557607262482,155.8674723257403,30.664797973393725,20.722993809831635
272.34467560263505,155.9032700494414,30.692429657434367,20.651398362429404
272.37839607332614,155.90503466000004,30.624988716052137,20.647869141312114
272.7143206045984,155.91291947489677,30.756755424368052,20.63209951151865
272.7316435824317,155.8804112969953,30.72210946870156,20.697115867321628
273.11344384067473,155.89316553425596,30.764403844994938,20.671607392800286
273.8823578980465,155.93905729646724,30.838791825737303,20.579823868377712
273.8618821198455,155.9239856113484,30.87974338213933,20.609967238615404
273.88814601848884,155.8580652114227,30.827215584852652,20.741808038466765
274.6775189242652,155.9168093618482,30.864906929259718,20.624319737615778
274.69350189694205,155.93537189939332,30.832940983906038,20.587194662525548
274.7954529328908,155.90687475386733,30.62903891200854,20.64418895357757
274.7980021636105,155.90036610037518,30.623940450569158,20.657206260561843
274.81894852086594,155.96148696068963,30.582047736058254,20.53496453993296
275.2549060802743,156.0071812463897,30.51122818021753,20.443575968532798
276.47778051602904,155.97945126038442,30.461017038655545,20.499035940543383
276.4321511510101,156.05097014020885,30.5522757686934,20.35599818089451
276.44112187555004,156.0248660914239,30.53433431961357,20.408206278464426
276.86298677860077,156.01137778199168,30.488877158136294,20.435182897328843
277.0009798798277,155.97572990409793,30.21289095568251,20.506478653116332
277.45562897438305,155.95563065556308,30.09865796733329,20.546677150186042
277.47798123718076,156.39182229434002,30.05395344173788,20.468303918116533
277.81042054091665,156.33146628203025,30.181112731019397,20.58901594273604
278.179506640771,156.30690502432714,30.23889469497404,20.638138458142294
278.1518236126499,156.3176963397495,30.294260751216346,20.61655582729758
278.469339335539,156.32895074761626,30.457344878747755,20.59404701156404
278.8435902063306,156.2979379079096,30.50904204800776,20.65607269097731
278.81647943305876,156.23194685500195,30.563263594551483,20.78805479679269
279.1912539044816,156.2605675400517,30.61872549857667,20.730813426693164
279.52911783328364,156.20527239877518,30.7478949899957,20.841403709246222
280.2567768047927,156.15755311785514,30.909930119372063,20.936842271086274
281.0811062769805,156.0960856425774,30.886670108596515,21.05977722164173
281.51681119111004,156.03055899723853,30.82964692202111,21.190830512319486
281.9643449656645,155.96576297469457,30.750276233413437,21.320422557407415
281.997113780391,156.3383472763377,30.684738603960447,21.39189638744433
281.93507541650393,156.33410802727786,30.80881533173455,21.400374885563934
282.2130856878579,156.45367427127456,31.071642433660298,21.161242397570568
282.6363869005101,156.41719626211827,31.043895284451835,21.23419841588317
283.38747044197027,156.4468874233667,31.181019324238626,21.174816093386333
283.48884778775687,156.4506499977601,30.978264632665436,21.167290944599493
283.9027069397707,156.49251127452743,30.968094454291737,21.083568391064844
283.5815419666616,156.44101491354448,30.79441653122892,21.18656111303075
284.39171829057653,156.50545653576765,30.8042534662179,21.05767786858441
284.3203336237714,156.57896486543123,30.947022799828222,20.910661209257242
284.2684157996385,156.65300932103452,31.050858448094054,20.762572298050657
285.1302700393678,156.70942398621645,30.951006278887647,20.649742967686784
285.2666244703597,156.69362348678598,30.678297416903902,20.68134396654773
285.7503847735874,157.09974074029535,30.515750498431245,20.674083147511716
285.7814710357379,157.1447502255158,30.45357797413016,20.58406417707083
286.1607212409424,157.20249330673397,30.495054172391992,20.468578014634463
286.5257514806911,157.2977819212721,30.563678092209415,20.278000785558227
286.9047466536614,157.46378756018836,30.602237364537036,19.9459895077257
287.35241425023486,157.92336665288232,30.498502682017403,19.818431832965096
287.3821934706433,157.98408971298795,30.438944241200502,19.69698571275379
288.0396258205491,158.22731000361608,30.694076634201622,19.21054513149755
288.0640765626882,158.38824323990502,30.645175149923357,18.88867865891965
289.1017574296845,158.6347257764692,30.893458801548597,18.39571358579135
288.67154375888464,159.1636065265801,30.98394201280103,18.10789621591679
288.4285611020926,158.77541216199558,30.70348435936024,18.11786197806107
288.89707650173943,158.3788490371264,30.528880218963756,18.148561568902203
290.44815468561194,158.5318528966564,30.468125166054037,17.842553849842194
290.2307116731412,158.50518193992596,30.14873630209513,17.895895763303063
290.3413118262956,158.509010961252,29.927535995786247,17.888237720651045
292.2053165947927,159.05693582829846,29.934593064850183,17.53940130776973
291.8004250088488,159.1821968265546,30.003152353092773,17.288879311257446
291.8164858017078,159.66503907240732,29.97103076737477,17.061191846429406
291.87089152867367,159.78211777102243,29.862219313442985,16.82703444919915
291.89287021793757,160.29548233042308,29.818261934915228,16.528369954449076
292.2848025703706,160.4253428841952,29.756724772527264,16.26864884690485
292.6643632478434,160.241722171179,29.71458916666637,15.91890452385245
292.7493115304135,160.6397854026874,29.54469260152629,15.833158393948072
293.1628128197564,160.73669875238616,29.42409900989184,15.639331694550535
293.8791553512635,160.83560096014367,29.394035102566924,15.441527279035514
293.9008392484118,160.91092605665503,29.35066730827026,15.290877086012832
294.2090114319599,161.25140515665782,29.428567914500707,15.304163859333823
295.23024936719304,161.2835742299326,29.47294589152308,15.239825712784246
295.2085103623621,161.70398841521632,29.516423901184858,15.094159497922327
296.18690913592366,161.42779340117744,29.639495619843075,14.953259770739633
295.11625484628775,162.18190537053448,29.70281984162988,14.830358737015477
296.79666349158424,162.17249643970413,29.79932001070544,14.849176598676198
296.4512292358613,162.57113483409177,29.79698680109939,14.745101530952796
296.49152820725504,163.26193777542505,29.7163888583119,14.746225839522427
296.1989626915035,163.15432663980025,29.611314433021526,14.961448110772013
296.5556341952966,162.8038432122519,29.590361441625976,14.970024949678038
298.27738077993945,162.8127007105225,29.60802396194101,14.95230995313679
298.231632380928,162.82842840922768,29.69952075996398,14.920854555726486
298.1386220796685,162.84683574028486,29.885541362483,14.884039893612135
299.17191034406727,162.9042180394149,29.904166393758796,14.769275295352028
299.2217963084986,162.5388195455861,29.804394464896227,14.806720567640458
299.32175323379823,162.7403103618964,29.604480614296936,15.096279820732825
299.4714666464984,162.57731786530633,29.30505378889653,15.42226481391301
299.92217916789156,162.84075830939997,29.09946190586568,15.591217085481127
300.6148673353179,162.4889659542721,29.105498299961955,15.599095431262421
300.97100116859417,162.8856828257297,29.089160889585298,15.501591944523016
301.23219731252067,162.92919987736207,29.260786999596984,15.414557841258283
301.2059363668638,162.6507329435566,29.31330889091074,15.276441867030856
301.9136009989419,162.63301427608636,29.284875228789222,15.31187920197134
302.22431163741743,162.59427407227554,29.357093398081908,15.389359609592988
302.2187542688317,162.54595384241495,29.368208135253397,15.486000069314176
302.21747201151214,163.17470758296048,29.370772649892466,15.624205737815402
302.5054613221719,163.2062677726517,29.495060322419196,15.561085358433015
303.5362162517834,163.1766879682603,29.53658531040351,15.62024496721579
304.2164477034619,164.25274989846628,29.581398661979776,15.576035489203548
304.1806792754219,163.56123451826988,29.65293551805973,15.553990092329947
304.1654479609653,163.15122985995427,29.68339814697287,15.670788337304993
304.4751993076711,164.55680587020564,29.769560847986018,15.68229789450124
305.50651644503205,164.21983178396522,29.828317263562468,15.649115836882634
305.1205341847308,163.45085855915522,29.892857758057666,15.772214234287926
304.87740871269676,162.29840805259673,29.668621001708996,15.94565214615491
305.2267094768654,164.4604310084604,29.680180955944515,15.882575129864277
305.61304689054833,163.41224280940756,29.616757197438254,15.851198321390836
306.09122664529224,163.7298742024237,29.368177073647832,15.923714921055907
307.63096168302513,163.30423124914202,29.110140487273444,16.069642455346422
308.89705616969474,163.13735080631062,28.690084417328727,16.403403341009227
309.3836172258859,164.54743076655296,28.42047501070267,16.397294243550057
309.45663063878635,164.2350262368373,28.274448184901864,16.322689764785572
311.1618593422819,164.48207374730762,27.64792461869522,16.52457820404113
312.0664112940137,164.09426382128794,27.2190088850926,16.61010397115004
311.90604637008107,164.0707386707043,26.854590055300235,16.657154272317296
314.1350345488431,163.6068658469492,26.479635161952107,16.90439634246481
314.31041193252474,163.16103042002192,26.128880394588947,17.117026962679084
313.8381519512827,163.04172403572767,25.71873820111591,17.355639731267534
313.94642003499854,162.60215065987927,25.502202033684306,17.559653719493014
313.95963508278584,162.61475057276863,25.475771938109666,17.53445389371431
314.03861317704855,162.56642091660174,25.31781574958426,17.631113206048084
314.4535224336305,162.55115214530954,25.161644782740158,17.66165074863248
313.9804692953965,162.66639573117675,25.435959127938712,17.431163576898115
315.9045224429352,163.47589901575805,25.620596142553296,17.15640477763284
315.23347205909545,163.52000876697895,25.621999673938376,17.068185275191002
315.4028031655382,164.713503297586,25.952241463061572,16.687908220003024
315.58284276967754,164.4814731837607,26.25968662866666,16.48444407376982
314.7726986231029,164.5902934269311,26.542533308019937,16.26680358742894
315.3165319668457,164.71290643830082,26.793446211120965,16.021577564689526
315.30490285935474,164.73680976025273,26.816704426102902,15.973770920785752
316.334360362778,164.3957278668611,26.763095314843873,15.987499409039788
316.22279171099984,164.8210929265639,26.98623261840016,15.804639013271379
316.2646177861117,164.09694574002734,26.902580468176453,15.91674221610144
312.6668453304018,161.43631027951278,26.073141115230335,16.556772316250424
317.69374880468257,164.0107042027745,26.026468704966007,16.745122890152178
319.6925953698591,166.05161551484352,26.046327594659527,16.680852286060613
318.58320127105964,165.7814400136378,26.258668572314164,16.55238754849069
317.75229964765344,165.5599552015836,26.580784066532633,16.32551329630213
317.60263476384245,165.5813297012606,26.88011383415462,16.282764296948105
317.44604787951573,165.641032501262,27.193287602808013,16.1633586969453
317.3199825095716,165.6845718021738,27.445418342696215,16.076280095121728
318.5666111364733,165.44360047519552,27.670199360429926,15.87871318119404
318.43869470769005,165.7699576552031,27.926032217996458,15.905494536161482
318.59675257918633,165.19768230517028,28.293656650585415,15.68256488506412
318.9498490328191,166.44180510333908,28.272846615234688,15.935850776385909
320.1449978868654,165.57027672055435,27.95071738605615,16.300128556012723
320.9356807789142,165.09069301133593,27.75094977172466,16.568496889566443
322.4442395735968,164.636217144962,27.503302717979718,16.785080988409256
321.7430887512092,164.22420836036702,27.5209445598675,16.916768656155522
320.61464786486385,164.19359948252787,27.6934041308602,16.977986411833804
321.94512186836823,163.87485745189562,27.826089862392735,16.917062038462984
321.5654534716786,164.8581069434807,27.88606547413979,17.048646600189265
322.2258365646111,164.47045002858275,27.97023763476767,17.121491256738747
322.18957934331496,164.08533853911266,28.042752077359822,17.186765045304426
322.81361717363853,165.14531207504055,28.208932453268744,17.188202028282742
324.61849505930945,164.72248566743937,28.147323590347064,17.32422546180108
321.9430493629945,164.11846492270143,28.521227364924933,17.11027048897639
322.9529143147555,164.136292828771,28.640398439052387,17.074614676837264
323.5900992596176,164.12182034370937,28.794304888465305,17.103559646960488
323.9267385101033,163.66104683524838,28.837941677970065,17.30819137340625
323.86682167620717,164.3712588472774,28.957775345762307,17.329802756169286
323.7498432655842,164.45822227490424,29.191732167008244,17.155875900915582
323.5864075087595,164.91288903151812,29.518603680657634,16.97024716556269
323.4969692031204,164.56795079983652,29.69748029193595,16.934713853966272
324.9514626494888,164.94719413242325,29.69832019596003,16.90368388798305
324.9199726341822,165.75749250389148,29.761300226573248,16.73697117198729
325.6843395459741,165.4044673289462,29.68264492294247,16.717982261901344
325.9509278850299,167.02317446619935,29.873020902076224,16.37477861637595
326.6894069535688,164.97320187918018,29.837092261794808,16.151635300025042
326.4236859254951,165.35508179053352,29.652364102167162,16.104045693093312
328.30010524069206,166.78641289524373,29.462689259714665,16.09191451402608
327.63453524794977,166.79955133419259,29.37457333837099,16.065637636128354
327.7732521688567,166.71823403833804,29.09713949655711,16.228272227837486
