569.9000244140625,248.2310028076172,5.800000190734863,3.069000005722046
568.7816229491755,247.45218482176404,5.794767498049593,3.074620145224243
568.9911297195968,248.07035133871614,5.7898242210026245,3.080497902706924
568.6487521720364,248.067519619962,5.7843217792622355,3.0861613402151975
567.5464541117449,248.2022527003971,5.779835814143038,3.0928304400578166
567.2035505524124,248.47505817590135,5.77506343910184,3.099683084014439
566.100321240893,247.43558874492922,5.770913604884517,3.106176517281169
565.686646282057,248.05447055974003,5.768984859109885,3.112330882829458
565.0656446470218,248.05224529435546,5.766377585920193,3.116781413598571
564.7896231860127,247.9806976524458,5.765109262697567,3.121548886107626
563.8226106936576,247.90870619173964,5.761664506891752,3.127141111768809
563.3396535905168,247.83625813486117,5.758529681449075,3.1336016495651706
562.5111776336289,247.7643992261556,5.753483633818531,3.1388196368590435
562.0288219691438,247.69189599870685,5.7485927323586905,3.145311487409408
562.0305823611163,247.61891134755763,5.745071948413587,3.152727407012803
561.4785971376139,247.54611435389486,5.7400176101979525,3.1596932961857522
560.4408898223992,247.7508305258464,5.7353458499693755,3.1662782304142363
560.3048864840528,248.23315841971944,5.729920864764714,3.172633259310482
559.4057755406441,248.577057988971,5.724469117802679,3.178554749183931
558.8534418068255,247.88006361786304,5.7190200458566745,3.1848978169207305
559.0643260271544,248.29318880659505,5.713628123998062,3.1914004770549984
558.5116759818978,248.70651166829168,5.708342009125258,3.1976944077010487
556.9864003760845,247.93938866915641,5.70414216488999,3.204564878040512
557.0576498703809,248.28325887465357,5.700550356789081,3.211360369506343
556.504437881889,248.55806170469822,5.695216766623723,3.217633492991708
555.3945834522264,247.78999665356807,5.690965694898799,3.2247911426550697
554.7717071065744,248.13466846387922,5.685211763511024,3.2307289790837053
554.6353776849693,248.34014849715416,5.6797265260798655,3.236985033495889
553.9423289672494,248.406389015068,5.674852849916821,3.2436011088285093
553.457736488153,247.42889286882973,5.670076783402227,3.250671351890569
552.9036869641417,247.70459839048797,5.664683374815096,3.256006536879026
552.7673278124355,248.04947626838432,5.659007342329213,3.2622366208319056
552.2828607336859,248.46419481207505,5.653410499377766,3.2681118195509837
551.5894853185605,247.90462490563672,5.647807801005853,3.273368809529633
550.2681414530009,247.97193667864883,5.644909546527478,3.2779866311684507
549.5048607070186,248.10854998200475,5.6394281900197045,3.283313269633488
549.3676457494455,248.52331757653997,5.635287053163365,3.289491236570395
548.4631401330985,247.89377894924405,5.633025431731696,3.294610361382814
547.9780626122289,248.30915806242402,5.627508123005968,3.3001427211355923
547.9096918465775,248.65489926075085,5.624856184883641,3.305627671607301
547.0761480985274,248.02481371024143,5.6185812049958805,3.310776915635125
546.8699370641245,248.23123974275336,5.612681036645174,3.316247087767705
545.89650860474,248.57686648997316,5.607300176476595,3.3222213715200937
545.829546305603,248.01609863299527,5.601758231516516,3.328024739601179
545.3442972674277,248.5012909563774,5.595880979226281,3.3340154214778597
543.812669831771,247.73088118315664,5.590224874481256,3.340379479890246
543.9544418442056,248.0766966027658,5.585719335918118,3.3463448564368123
542.910262971238,248.14358721613544,5.580784188369397,3.352116489263107
542.4239960072962,248.28039458190034,5.576280777969628,3.35765528295708
541.3094311485402,248.27818590033513,5.571760674102977,3.3620726460874892
540.906691151015,248.2809840466689,5.566078410513669,3.3681280193389305
540.5583671095754,248.27804871084288,5.564588095430921,3.373998690990974
540.072364101726,248.4147089138311,5.558663608203087,3.380087000136483
540.2147160050703,247.9225190281618,5.553397007146818,3.3864365517616153
539.7275667398519,248.3387818224526,5.549466654684492,3.392392862807597
538.7514839602309,247.7761774758534,5.544591732762727,3.3992927096267276
537.704360332548,247.98289646317133,5.541359584338357,3.405350615748826
537.0771121038604,248.18988636326588,5.536885656980635,3.4110276104707276
537.0081059620352,248.46674153134674,5.534983674318009,3.416974339560631
536.3088067591198,247.83354422496217,5.533724143841442,3.4234968096530665
535.0505288663803,248.32054760057537,5.528902165013526,3.4300258556570475
535.1219309700067,247.75777534333898,5.526212142738913,3.4346568903056167
534.631873320469,247.89611621228408,5.525265192888792,3.4382786521083415
533.5808615342937,248.10537222048114,5.524313006907897,3.4403617873805263
532.8801589776967,248.45406439083533,5.523526970157977,3.444073021644127
532.881583205823,247.9604849683483,5.520678513905625,3.4493444323166265
532.25058555801,248.38024630305065,5.5198343485022,3.4517147369314944
531.0590711447524,247.81690656037748,5.517038459095836,3.45565317949123
531.2004071289487,248.2365672468907,5.515100262456904,3.458533121725224
530.7795829436245,248.72578297414702,5.514431453165573,3.462805043808585
529.7982580976911,248.1615383730389,5.510812016829017,3.4677118870516366
529.2372131061675,248.6517442117604,5.509094740888096,3.4706315612233496
529.3798423995506,248.15768728420088,5.50483443905558,3.475251419073856
527.97682320103,248.64699866431607,5.500616601520837,3.4802183409451453
527.7648386104195,248.0818876942937,5.5029871123734075,3.4861771600074216
527.0633853133166,248.5710441037227,5.499212803973627,3.4925409729731753
526.5007534395517,248.00498234817223,5.498731629671802,3.498919562242187
525.5880758726662,248.49498524626418,5.493457682637605,3.5046371172609327
525.0971473799722,247.92919421526537,5.489474556840115,3.509544766475081
525.1682630020101,248.41991410179844,5.488100029382801,3.5141020097392994
524.5363495196304,247.85480572135432,5.483716259039761,3.5170203394253003
523.3406266353117,248.41672259494524,5.4799399311094605,3.5203499318049074
521.9302020873934,247.85271974873814,5.4828994544081615,3.521199795204053
522.2818441800788,248.34632252140221,5.484380309473607,3.5206653064866136
520.8699320156932,247.78241939913616,5.488879418532852,3.520741463133875
520.9394700583301,248.27589564229328,5.490838255168257,3.521033430184863
521.0108479959003,247.92287546247786,5.4891515185089315,3.521728097410824
520.2367169533641,248.4854831250578,5.485803303672024,3.5249566267303596
519.5313709408508,247.98981770003695,5.485902693796016,3.528872632340392
518.4039131888836,248.5517715544121,5.482799634292513,3.533974205309068
517.6901175402331,248.25777419441854,5.476423559565258,3.540145816617414
517.4074433893612,247.83214781291468,5.477082566087283,3.544364636792424
516.4902762682405,248.32490488680511,5.475132889866924,3.547618752798714
515.9957788144515,247.89882384345668,5.475184050003711,3.5521147702602165
516.06569790726,248.4628193231486,5.476699317096571,3.554951432555607
515.7135829748539,248.10655364473553,5.473811718879565,3.5603653263525152
514.5821346046317,248.5999737754964,5.473180770970116,3.563818428485468
513.733202067566,248.03297801527756,5.4728227031715315,3.5656611876364184
513.517311217182,248.5287293643052,5.47997256205815,3.5649661206378607
512.666698345151,247.96135776164547,5.481523043946977,3.5665924845084613
512.242233475634,248.59681419966498,5.480312900364283,3.570889432394761
512.2391475220894,248.09897345624543,5.486484807453309,3.5743666141759105
511.7421649764097,248.66376418577283,5.4871917028391,3.5799373790910187
510.74850066236246,248.1640695293054,5.486555344420716,3.585344198769421
509.96595127751897,248.59086588412126,5.488795399528168,3.5842198789083586
509.96608563524444,248.02127431127866,5.488526684077231,3.5866595090832196
508.89591501423257,248.3781709905854,5.496924444071729,3.5835139778128156
508.46672646158834,247.87951233342372,5.5020827405583415,3.585409348533994
507.6840696916929,248.4481773721331,5.5019630140039295,3.586576192093571
507.2581542154484,248.01747348300486,5.499815337879273,3.5940053417364073
506.6188921141832,248.51254546768493,5.49654716313526,3.6008109991453425
506.19230080226754,247.94057598979745,5.494815442434308,3.6048641622105113
505.7612691179756,248.01080282610886,5.501715337491688,3.606937735175432
505.048844168009,248.15119093607828,5.499911653309061,3.611492232059768
504.9783617711293,248.43451598929357,5.498162307498295,3.6156986839098297
504.76709362145516,247.86044737462532,5.49242484517568,3.6217725487906742
503.6978208833172,248.0732921406969,5.489377238616866,3.6244016332144358
502.77040099746614,248.14419664237312,5.488195948969999,3.6253634807349986
502.2693961807113,248.21527882431613,5.490821801283861,3.6259682284484414
501.19794331579266,247.14469131203847,5.4914482375439295,3.624863959426593
501.409790591218,248.0744596745114,5.496182646065721,3.6218527250944024
499.9062404443969,247.79154238754506,5.503839410514995,3.6163647220379533
500.0476181385607,247.79275958638647,5.506792521601084,3.613930324355096
499.61523588213686,247.7944805534046,5.514408776190179,3.6104883903188085
498.9700068116123,247.79624941902364,5.51863164623376,3.6069506590808023
498.3946253146925,247.36990024956458,5.526038990775738,3.6021322610257633
497.3196022072409,246.94315422741826,5.531830951285588,3.5979226035610288
496.7434610465356,247.51672276046273,5.540377471612397,3.5945213385558823
496.7391839654883,247.09019310474662,5.548931633706918,3.589350160153587
496.4494785848868,247.80729604996876,5.556020868499996,3.585948085734141
495.3732749724089,247.379622485126,5.561480273820882,3.582516087565679
494.79834303368074,246.95131890303557,5.566109224582035,3.580197056725211
494.7245603730235,247.5251612071456,5.570489552646508,3.5779923945047205
494.15015333947656,247.02568828033168,5.5735933100937745,3.5744417271917355
494.07520452932954,247.60038256632978,5.5802899717786065,3.570660824069483
493.5752822431007,247.09810645239943,5.577468106142487,3.572546613836395
492.5013689685838,247.5991664863659,5.57688482338297,3.573017800740321
491.49694310756007,247.02702403629507,5.580566090454303,3.5714910123241888
491.13565724476643,247.38643109494888,5.5868574532682205,3.568957257790061
491.2059787993193,246.5993322041571,5.589522263796103,3.566767923402607
489.55658338630485,246.66987192203365,5.592155244974245,3.568999698295151
489.3376159391836,246.74232515201453,5.59992631484488,3.56748117979072
488.61775849817633,246.7427574720535,5.60485247251256,3.566616539712756
488.11152062718816,246.3851507070641,5.612561242045347,3.564139375089068
488.180033066553,246.0981708623221,5.6191484176200115,3.5636508473552033
488.03628294613566,246.8158872540687,5.619243787757677,3.5652424173473705
487.38826471787763,246.52892895924748,5.62170578544898,3.564237025289904
486.3084179436183,246.09865609792317,5.625141766104089,3.562279720793129
485.7308373543647,246.74725516931858,5.630149771709733,3.5590038975164635
485.5117919540175,246.24463278091537,5.6368729253719305,3.557724164580859
484.93798932340866,245.88302728715175,5.6335315352946544,3.561593495048797
484.5049269640667,246.45876529997346,5.636357364528243,3.561182655338919
483.6436228585927,245.8816486023474,5.6319431920218355,3.564067794954651
483.5734328393597,246.45473632169666,5.628422417564123,3.5690988596459396
483.1448268850138,246.23719351769734,5.62204022137016,3.5723874152016593
482.4953482627137,245.5177915750737,5.625970501533181,3.5722724510742423
481.3421196721545,245.6613190909193,5.629247353057066,3.5731149605823185
481.77759483459783,246.23471611879415,5.622368408277491,3.5784160783086154
480.8425614530357,245.58411959274943,5.6204658009805515,3.5836303354911867
480.62392965176224,245.79995609185093,5.6255602925108406,3.5841264483048576
479.68743803993823,246.0153168822016,5.624711533235875,3.5858276328934147
479.5392453590147,246.01774187775064,5.632783562176768,3.5809776417953407
478.527967709017,246.02005157014494,5.63658986243186,3.5763582570067705
478.09307407424734,246.09468514843616,5.641320993190805,3.571267123554378
477.80163627882735,246.09744109255584,5.647550206010173,3.565755235314983
477.36875448519817,246.09929698863365,5.648338907821077,3.5620434431593764
476.28575550302236,246.10103805936896,5.652655129475164,3.5585613016887905
475.7071751641823,245.8157718725137,5.656869213732328,3.552620378687791
475.8523112468969,245.6729397694147,5.654760607722683,3.5501210254662396
475.3491591930658,245.52997115429918,5.653006048985919,3.5480414938690763
474.7037375980311,245.38826183507825,5.648323464471537,3.5435655157366877
473.55292131853565,244.81202247909033,5.649119022654675,3.5456257273086127
473.6274450191961,245.38608969643843,5.6439203511384965,3.548281131049999
473.0531659288219,244.81215106707194,5.641954348881929,3.5456342067779265
473.0549018578164,245.31311704574622,5.638482490892882,3.549894750855942
472.84308833954526,244.73679224040666,5.630825730042318,3.5524542351540593
471.6924979591418,244.8092807537452,5.632972018254941,3.5511668630140614
471.1164278077182,244.88290038364246,5.635510827840909,3.5476277898772364
471.1158828213448,245.02764107596585,5.636600800587692,3.545504134130007
470.3954293442082,245.0303922263365,5.640911936772777,3.540001833388725
469.1728063815865,244.96109662916905,5.644416888882538,3.5349612057745476
469.02540654810366,244.89225064592506,5.652017133667605,3.529053461172234
468.80616701774113,244.82323982189914,5.659653588376964,3.5234609072187904
468.15910634403383,244.61108448456753,5.661064916418376,3.5168682420910162
467.1517951427765,244.03931038307448,5.666058800653472,3.512057291774469
467.29631680839964,244.6868193821789,5.6640928564177875,3.5088875351133004
465.64510337260305,244.11414153468584,5.667028683219019,3.5065941710412756
465.71548941854394,244.61783046192207,5.669718035378506,3.5034464248583195
465.21151028698654,243.9738850615557,5.673535279968658,3.500298773202261
464.3528092865887,244.40531468849727,5.669503624417084,3.498156347492749
464.2100151086667,243.83406871524863,5.668378659845874,3.49379501232948
463.3499364257198,243.97813430129708,5.669336756571734,3.492197051760561
462.84825399316765,244.05119196428728,5.669923268825824,3.489335776187315
462.77603715493314,244.05246750474453,5.671142225732201,3.486784695272855
462.0594963612128,243.91175227678013,5.672323529511055,3.4818350944692393
461.8425204007643,243.5569087034391,5.676902103392514,3.475899996125642
461.1965034492302,243.34478699281567,5.681099639801905,3.4708646284862024
459.7673270963952,242.7704609001454,5.6780360580603695,3.474950298862132
459.9117542572899,243.26985186543072,5.675369465289849,3.477825419857497
459.4116433697192,242.69742413389085,5.67387405205116,3.4778612390742922
458.8423571542577,243.26766247745994,5.667800403728304,3.4820306311819733
458.8452597894081,242.76523278467215,5.661995133427489,3.4854680605297577
457.84606271437497,242.90782323548518,5.657948834901989,3.486350080131049
457.0601581211227,242.90713749918032,5.656912913835928,3.487721552740785
456.98847129555736,242.90775765024924,5.657293058662814,3.4864812506029206
456.8471679086401,242.97818100996847,5.653943153674247,3.488612870576069
455.70366877366587,242.62054212139077,5.653514683926421,3.4890697915763464
455.06288452602814,242.19179345354337,5.648394095812662,3.4887744050117115
454.92055438577796,242.76238166469003,5.64728620564701,3.4906706653827615
454.2807777987792,242.1898974976101,5.6407447690550345,3.4924437901296184
453.64167223075464,242.83001464268213,5.633471956545908,3.497693448543745
452.78180226979936,242.18760625723363,5.639478532774513,3.4972102101794103
452.7107078066277,242.61618373446936,5.638774787753746,3.4974112838926144
452.0696475107991,242.04269311613052,5.634925508423494,3.501308190803705
451.1376669707501,241.5447907655624,5.641271338846264,3.496858526730245
451.49463729759646,241.54595712371577,5.641898333850509,3.4945258104234904
449.9939776510477,241.40413760874205,5.642659397347615,3.4923973899328096
449.49476390699505,240.83195193605738,5.641071455507697,3.493893958221888
448.9968177706362,241.3312180050047,5.6369383066212,3.4953872419313243
449.1426444880371,240.82930065718287,5.63093317025041,3.499452893066637
449.0025858045729,241.2556705533001,5.62544506527358,3.503529516547796
447.7161375425834,240.32747308596058,5.628136214334427,3.5036650137859873
446.85865295122613,240.3991725208955,5.629125598666486,3.5030977937812806
446.42890282126154,240.4002414739376,5.631604412908239,3.5009598876971126
445.3569836571364,239.9728142145307,5.632872020844695,3.4987861183854134
445.2868078745593,240.68736164739713,5.630403091937477,3.497896193267261
443.9267518938967,240.1885003890585,5.637909818554221,3.4962378339992672
443.63997005796386,240.18560957206407,5.640061767883523,3.5020194679881294
443.13648534069193,240.39874214896292,5.646156476548397,3.504700625281362
442.777971292484,239.7531963534723,5.647594093663964,3.5077293535221106
442.85327729738276,240.18057833291124,5.640172476907352,3.5121077528895466
441.5651522480758,240.1777318284486,5.63966778500625,3.517800761814839
441.13615137383664,240.1054923914335,5.638223486949017,3.519038628089092
441.2080000123657,240.1051399072874,5.6377664065558575,3.519743596381292
439.7044483320778,239.96132850435293,5.636720726840956,3.520876017460613
439.77585211491265,239.5315836685629,5.637161724476924,3.5208743092069494
438.7693798900834,238.96060754765767,5.644534460021934,3.516785571524008
438.69851131450537,239.46074221485773,5.642974946430073,3.519592890360146
438.0556115053463,238.9568795422513,5.6388903844001135,3.5240749841912624
437.5525713346753,239.02856862900305,5.641628386281398,3.524031430610755
436.9823206557973,239.17071810977504,5.635131407594427,3.52648205317752
436.4075638161192,239.24352788381714,5.638094527985409,3.5241813249639984
435.7642483985607,238.31209965078583,5.634804741045355,3.5238191147220634
435.7662643789921,238.74134654771515,5.630772780182567,3.524941069376808
434.61858598743436,238.52774638779078,5.634483786889007,3.5224578061487803
434.62156219038764,238.4544601578656,5.6285313809823885,3.525788595455393
433.4733582025235,237.88200902230153,5.633602112837187,3.5250222446467916
432.46754943163705,238.24160170205525,5.639418712772377,3.5221943643670475
432.61372379193176,237.7382374179647,5.633691943171662,3.5257461040874394
431.4669380024346,237.73789280190178,5.634703938124446,3.5264353362132903
431.18190151527506,237.95152333209495,5.631530313514948,3.5291092250233347
431.17999533239663,237.95295159528055,5.6353426792718855,3.526252698652117
430.6061892230371,237.9546733422145,5.636409848304333,3.5228092047842146
429.45754107043666,237.88473111829447,5.641284757920965,3.519417315400277
428.306757074556,237.38598431630595,5.650176363346292,3.513865000355357
427.8732419684761,236.88671022496433,5.657215080810849,3.509089772560739
428.0860901375794,237.39122377235432,5.661589325169409,3.503560703765985
427.801265447118,236.7451692964436,5.657921405145561,3.505705728457357
426.79744607037804,236.81716137794243,5.659211835011392,3.5050321600035406
426.22253761625973,236.89056261549393,5.66248036597018,3.5015482320602604
425.07479068366706,236.8202116877674,5.665032973577359,3.49894125891465
425.5034150283587,236.8216031107898,5.667603105731514,3.4961584128698724
424.42985024623243,236.60837252420586,5.665311563187575,3.4927353646784747
424.28743869295664,236.6101981168235,5.663728581567677,3.489084179443166
423.4281909368815,236.3260547393084,5.664807104948187,3.4848986048834605
422.50060811082767,235.7544786913369,5.660142883957679,3.483540009689114
422.0000635016526,236.18439030474968,5.660432086870536,3.481545367524098
422.0730035945299,236.47009213476153,5.657494125006485,3.4819106030623215
421.5703888962317,235.47126573014827,5.662391756246169,3.478899881575336
420.5678821711197,235.47323029612505,5.666427362017077,3.4749707496217495
420.4227924328001,235.47418147782182,5.670764598924755,3.473068386228256
419.3464986087245,235.40520541920165,5.679045187632289,3.4680666995056533
419.27398339118884,235.40544556718473,5.681082499977233,3.467586403539481
418.48713532691806,235.2633179719875,5.681609127271572,3.465810775525373
417.3426316467816,235.54930614306585,5.682722349172619,3.465807967961646
417.20210362985154,234.97599129128733,5.6777585274321005,3.468358249115657
416.56003966131027,235.40380882552807,5.675076827658058,3.470596271871908
416.4907051627655,234.83008236739192,5.6707693064577755,3.4742370418262696
415.63155056938723,234.90204248055545,5.673396181468201,3.473290341478021
415.4884299053126,234.90159744383965,5.67364396520866,3.4741804149096818
414.4875780252575,234.83051110547288,5.673131638998546,3.4733376569060375
413.7724566050301,234.33199085417618,5.673438241802361,3.469422793143704
413.77443181903857,233.83187045350397,5.669487813785412,3.4691371217396876
413.0593248972156,234.40411847806894,5.671015105275253,3.4675903143345668
413.20437936964436,233.9042650389965,5.66663697672341,3.467239335409774
411.56428927444273,234.33155684494412,5.662549741149405,3.4694211389869065
410.7092283089565,233.80598975169306,5.656226369118377,3.4740248826793665
410.85281180615993,233.6633229050559,5.65456556066887,3.473852389996229
410.3538437752866,233.30668788360526,5.653423654140232,3.473495312700886
409.1406472588089,232.80859343326733,5.653876036616004,3.4707674749439477
409.4990799828053,233.37811633713991,5.6503270079798895,3.4730279381695284
408.6454559806838,232.87883118173713,5.64579481390757,3.473059799957826
407.71944118831675,233.02154505425693,5.644267694848405,3.472794624732557
407.21971210471276,233.02301588435586,5.645847515793893,3.469852964534682
406.14876700884923,233.02555066106356,5.64981509624453,3.464783411119295
407.0053805241908,232.8854629149371,5.646613528722917,3.4599546595119386
405.93934704964965,232.460439022532,5.643082595763726,3.455763291505532
405.15627591516494,231.89304876649337,5.644474152479844,3.4525432855803495
404.94315153108346,232.39139172319216,5.644072946899554,3.451373977583665
403.8034658599162,231.46878404284203,5.6483881344375515,3.448106212511739
403.37956020230547,231.82340117498083,5.642997266942985,3.4498737671640827
402.53032168442286,231.89317269425067,5.6356774179815385,3.4524804690183153
401.9633594411071,231.82263306681673,5.63292630381165,3.451475273786003
402.3208373019353,231.75136340149055,5.628103218917842,3.4519880770858484
400.61930713761075,231.25433802142314,5.624045991702468,3.4522962167602222
400.6933650133562,231.749842556335,5.617838148560502,3.454642505378546
400.0563113310437,231.181845043015,5.615252671591221,3.4557994506014196
399.49017238737235,231.18166433910787,5.612845456731442,3.456160858415682
398.50046316560906,231.1090565308402,5.606982672872373,3.4595706729948383
397.93674059655103,230.6821457171673,5.600222824635203,3.462738560575842
397.9389974488458,230.1844825745721,5.595709120045712,3.465969119827472
397.9421729031673,231.10411147940633,5.589358211402707,3.469004242204498
396.16037618557493,230.3546942578722,5.5835908066919995,3.4749617298989106
396.6586823643395,229.85580310107196,5.5787724131921115,3.4809500794701744
395.38507283428345,229.99551808385826,5.575151228230911,3.4849468077946075
394.75103361002976,229.9941390806688,5.567693159830796,3.4877048141735
393.6168335481186,229.49875283544455,5.56951586773398,3.486849685157369
393.54446834484384,229.00429017953908,5.572572285904129,3.4840570783121305
393.04850483714506,229.50133384488404,5.572789475648667,3.4816795732752444
393.1206725956603,228.93521367423824,5.570090168052383,3.480830239092356
392.6252907294258,229.21783899943028,5.56978240563536,3.4819061572146035
391.63649985859234,229.28747604537855,5.565032945337171,3.4842271511727225
390.3646167675456,228.08329986583269,5.560664409182682,3.4860078319191405
389.9427362682484,228.64754557513086,5.555259739820135,3.48973730393222
390.36954783837274,228.15212814942765,5.550692638257637,3.490006776871511
389.38187883755927,228.71692701344685,5.545792397477303,3.4919737587801425
388.8175184820112,228.15129777151625,5.543270811528807,3.4919899455968215
388.18120269768343,228.2237757212448,5.543591646730999,3.488401905412305
388.1083519616958,228.2253315430165,5.547980567590669,3.4852902618689554
387.61308729576683,228.15635896646654,5.549227743042814,3.4819093926251146
386.98065454186997,228.01419799166305,5.542501197473902,3.4836553303737885
386.20690582368763,227.5208670060975,5.536614642998847,3.481800216425066
385.7109404551549,226.8160002937343,5.540861811502954,3.4805571146352303
385.21875852378923,227.3097055160007,5.537243515192721,3.481128829144029
384.72738107118084,226.2527389258184,5.5323277900751755,3.4786249445065565
384.1648588873052,227.23885672664244,5.529529178816477,3.4801145561260887
384.3085121573658,227.16667100055713,5.524149623712778,3.4835225157879246
382.6912223038103,227.02352542599763,5.517105961026297,3.487933371881083
382.5528833504892,226.7390782338014,5.511966522397215,3.4931930657307935
381.49545329630564,225.96441358275922,5.5130290442839405,3.49240413772953
380.79099742605047,226.03543970956022,5.51271548652406,3.4912744139545846
380.7892678350736,225.9670789395259,5.516174668477845,3.4870970232957825
380.08521601465344,225.8280786437569,5.515470887991889,3.483336130568526
379.6648709456836,225.33491403476978,5.5113175378430554,3.484014612439508
378.89399578580213,224.77153713719235,5.504746431393104,3.484716461257674
378.89745344885256,225.26207892759817,5.497831105292264,3.488322588281468
378.2674824272758,224.69876540454118,5.492131417554858,3.4899347624924406
377.07469031714277,224.69918980875153,5.488050264221738,3.4890859540717316
377.56987238605177,224.69810937420934,5.481139092812016,3.4912468231561133
376.0250958600847,224.20640671017858,5.481320287002522,3.4916701964810195
376.37784415826263,224.76740215955647,5.478002621159255,3.493165586545354
375.25665055691,224.27454486610452,5.473811675604298,3.496002233585407
374.835742348766,223.2228293002941,5.473253147425089,3.493496004038233
374.2746105464714,223.99666756079108,5.472752260324096,3.489620659118191
373.08095542607293,223.50773622521524,5.47541699425758,3.485570474502533
373.5015367936756,223.017773807183,5.475726751006176,3.48377740328739
372.1687789421474,223.36963790747174,5.477061321948322,3.481149500634679
371.4663797348797,222.38984950701467,5.479899025723597,3.477981306484728
370.7665476573193,222.39126434907465,5.477707936782927,3.475151622364785
370.7684573835092,222.39106732202748,5.473888484403119,3.4755456764591193
370.28155840248206,222.31904922412227,5.467302565383937,3.4795270321161773
369.16163875251965,221.83016824642078,5.466775606256489,3.477128749183774
369.5841570098248,222.3200271658994,5.461588425619907,3.4772351331957667
368.5346027121531,221.76130891835984,5.46221144905971,3.475479323259701
367.62509911496426,221.9731998311426,5.462791714882049,3.4713344812069584
367.6250647578784,222.1146690320796,5.462860429053806,3.4680327627622214
366.9258177246384,221.97753862425876,5.463713205982249,3.4627653204936144
366.43825605373667,221.56077478976104,5.461015355384792,3.458160538859586
365.8121462458602,221.07368827401973,5.457093144181056,3.4553343715981715
365.3235879706312,221.4234404933137,5.457952319657756,3.4531566294253913
364.2792181383863,220.72700649733306,5.455065925730746,3.451607249108735
363.58203342482534,220.72859718205325,5.455709071879609,3.4484258796683553
363.5106986418088,220.5920092547966,5.459049649991806,3.4429437583398723
363.02211870810186,220.1769600032386,5.461199492785127,3.437319383209691
363.51184776113683,220.94243523495985,5.456316959616615,3.4378448200410663
361.9832606874678,220.24646129618387,5.451951574949612,3.4381838194088323
361.56325255277426,220.17950337944933,5.457360072396317,3.4329983575545144
361.0050201115146,220.18212925330283,5.461062583147204,3.427746609847509
361.07506259104554,220.18395665703432,5.460040264136331,3.4240918023845626
360.0331744500294,219.69958271258176,5.459024919942825,3.419936932384363
359.54909443581164,219.21385358805213,5.454875902221709,3.4190861352870727
358.50842657651873,219.49336472400194,5.453836145517452,3.415363990131402
357.74618540560925,218.66307185930958,5.452100378559779,3.4109845099415033
357.67808677944254,218.87232751833477,5.449649887360212,3.4084164224900233
357.2648523530627,218.87308894065785,5.444710296802465,3.406893577843821
357.26768902321305,218.66408065659553,5.439036956501709,3.4095039239824367
356.57535169687884,218.25004880083407,5.4394343380650545,3.4070012728423498
355.33057294860265,218.52752891298277,5.437940976704895,3.4056079058588833
354.7791098536955,217.83660002250886,5.434098829940602,3.404005266083407
354.71252178743094,217.9748841795154,5.429013197273369,3.4039604824629808
353.60984678593053,217.49095345477315,5.423402902875053,3.404526801835377
353.26645974452197,217.07806578518597,5.419623660142871,3.4016381503504762
353.47386394327776,217.70086246831625,5.4188325806554705,3.3980967381623857
351.95908096272944,217.07971609579954,5.41383740591904,3.3989781094458786
351.2319821320043,216.98195231936378,5.415063591422849,3.3949319580486055
351.23112221252075,216.50216234281126,5.416783430389946,3.389735312665101
351.02388340172143,216.09104955884527,5.417969612540047,3.3853780016998423
350.40661886037356,216.77755363136214,5.4131224297262746,3.3894545961211175
349.37628578139714,216.29285084512844,5.408222498248429,3.394929326854168
349.10385301040833,216.77269941243426,5.402196256694883,3.399292813422075
349.7264870294361,215.94442136590678,5.396282053823981,3.403377126230916
349.04093772198524,216.35540289121695,5.390520952210007,3.4075299055200103
347.17786972365036,215.67951656685142,5.385493165422109,3.4112134954235223
346.5906829946835,215.47364957586163,5.381246977871799,3.4198369929942976
345.99005112022036,215.2694861016371,5.378809573796964,3.4307009894614735
345.4118233855241,215.0706533192135,5.374275101900265,3.4383441649537105
344.83051382574587,214.87129802807834,5.376827676871482,3.449339193761417
344.41905782446185,214.80068152583527,5.370757696363637,3.4524085344015534
343.80036816086016,214.52288417627403,5.365020896432382,3.455507177019777
343.09622474241394,214.27692869219308,5.359352317490898,3.459765921130398
343.7205313786274,213.92945852247112,5.353422775279018,3.4643264104548157
342.0095779413015,213.88994219878825,5.3477883803724495,3.466667608891738
342.4267743168791,213.81976864380277,5.341502432624439,3.4689969182947817
341.8091261546831,213.7490289303032,5.335137157306009,3.4725139453260856
341.329298596609,213.26481332822078,5.329313166892081,3.475466042928969
341.40135014213905,212.7809175240799,5.323097513757294,3.478045585734064
339.42024737823476,212.91155109930864,5.3201268603837155,3.4810534726592497
338.79907115213695,212.7049160194473,5.314700583544658,3.4839879635072433
338.19338582607674,212.49758437422616,5.309955801761194,3.4859109838032905
337.5856934418253,212.27421657617063,5.305093590736086,3.489562777424349
337.0259396119631,212.093433418329,5.29906980902574,3.4931346025828365
336.41908973512625,211.888822099997,5.293743309237247,3.4958753134486122
335.8140363552104,211.68792879162436,5.289096890466211,3.498231644425695
335.20559066255464,211.49409589273233,5.283067727033655,3.502036838749656
334.624496845923,211.30968011765742,5.276963765437707,3.5052695896889623
335.24644397659114,211.10169949438543,5.271447150446273,3.508438287451339
333.5263770501962,210.89542108224026,5.265712139496957,3.512413807425704
333.80385486344954,211.1683252547893,5.2609449784540905,3.516793927791466
333.80655802433955,211.5790503834596,5.255538656674093,3.520632876834635
333.25923337153057,210.82008434359733,5.249942797695514,3.525727855239036
333.2621582266884,210.88643650527007,5.24409308737987,3.530554586665038
332.7836407563794,210.9525632784127,5.23846604603634,3.535824180660017
332.1674596799315,210.881411646425,5.233095320598495,3.540601569265062
331.9639375347448,210.67234305430767,5.227566849233054,3.546165991760794
329.667583502505,209.74716133923417,5.225181849413873,3.54949863701462
329.097736427724,209.56336571268469,5.220292981026665,3.5543006987136976
329.58070799708065,209.28595797175606,5.217259358022969,3.5588821715940253
328.8953834087939,209.07746094939702,5.212021611385245,3.5631101393487286
328.48516711753706,209.76278232644754,5.206975556046937,3.568265115001037
327.02479574238623,208.83523246057416,5.2017403463537635,3.5738509775524467
327.0276624612407,208.90151499826194,5.196006908644759,3.5788884645018326
326.54850266589256,208.76195605101032,5.191130492194702,3.5828074998204276
325.72559246473804,208.41525201195847,5.185862731925588,3.588262176849939
324.85343962375566,208.0964886532951,5.180705749336067,3.5931841554367616
324.262175293254,207.9054526225178,5.180901716514456,3.5892682017799786
323.6835272722263,207.7440490674295,5.175323570298754,3.5905561843399982
323.1615638648979,207.55194975739278,5.170033845131291,3.5957428259309157
323.85160773409217,207.34356800570714,5.164806462126098,3.6000482226872363
322.1684227548805,207.20191053697224,5.159104445604387,3.6033377506002147
321.5847061011011,207.0178348179485,5.15816428851375,3.6058734015609915
320.9959904701812,206.83211692460787,5.154338592941101,3.60979173129472
320.3980378461765,206.6492918271163,5.156966271760162,3.606123333555351
319.7966952390382,206.46184199216427,5.153360685514203,3.6097832983420104
319.1949424264966,206.2806637056343,5.153194285156428,3.6113481784829267
318.58432025536007,206.09554699812438,5.153902953227577,3.6120080299938926
317.9580589729646,205.90844131804798,5.158725352576035,3.609726651858365
317.3824589622224,205.71322619487177,5.166129448597907,3.6054977515537727
316.7484739034296,205.52284007172227,5.175749767055696,3.6017788299956197
316.12801681965084,201.59880882582888,5.177615198025431,3.602532656726456
315.64296108659806,201.11901242489347,5.183737702812355,3.5981364972785976
315.2314516387534,201.67004863968415,5.180361462618169,3.597924248875148
315.023906719297,201.05199718425212,5.182417192936675,3.594924833956062
314.5438306015724,201.12057229700685,5.178952888346186,3.5954341141665234
313.7871789039312,200.9834686312556,5.178484498593186,3.5944102120262653
313.23487816698804,200.503610566205,5.182352985065933,3.5909849781405714
313.4424393252561,200.0232015830679,5.180010911528161,3.5886490440854026
312.2755789117364,200.57315131664288,5.175901185387283,3.5889051313732727
312.75957855463145,200.02209561563686,5.170133343988323,3.5913234540810466
311.7319105258954,200.50065339171573,5.1642516673441445,3.5961095111775516
311.1164898360874,199.94929019526344,5.15845015786466,3.599597780441616
310.77587733613774,199.94831338068144,5.152801432594352,3.6015514096056176
310.2291811468307,199.94643476641465,5.147620528526197,3.6053086381391877
310.1616913149975,199.46729604728725,5.145294797517943,3.6024483136718506
309.2033347480783,199.46734731265792,5.140885470710386,3.602345782930522
308.86305041751194,199.4654838077011,5.135680624134797,3.6060727928441505
308.86314455752466,198.91924557572014,5.135492344109346,3.601448994439443
308.5205845623597,198.6471500105682,5.135320401163843,3.5974065781230804
307.4922057914331,198.78683415424592,5.137241880875576,3.592016432386502
307.1486198208192,198.17334653254446,5.1397681741927705,3.58662950955046
306.60236237101446,198.38092864995016,5.137256273476084,3.582100324861356
306.6052348911338,198.5841651723263,5.131511233237303,3.5859240906166163
305.65001520977273,198.51620514756658,5.127563257570897,3.5851021873940208
305.584129802692,198.51455847889642,5.122665342588181,3.588395524734302
304.7658133884093,198.03760632231905,5.1195092341356325,3.5857562912952203
304.7676524654649,197.4229228687814,5.115831080024455,3.586102848598746
304.3604711680919,197.560059398587,5.1111460005419795,3.5848456803970277
303.4076343664366,197.56188130191367,5.106990231138669,3.5812018737437077
302.7976584560935,197.22100586040455,5.100301136510649,3.581485581587331
301.71367070181,195.47902016372365,5.0994279473400725,3.577083373492079
302.25798464838556,197.04675497781676,5.099689352044446,3.5721704766407987
301.1692183370857,196.3013188628272,5.100677486053709,3.5666683707138955
300.62454815469243,196.43995463212886,5.102352759881834,3.561313104850187
300.55603262147343,196.5103149344375,5.103488802581261,3.5564875239713385
300.0133948442247,196.51201146647455,5.102104452620968,3.55309445989725
299.4051048911438,196.58042219050438,5.096884579847394,3.552028542830381
298.59163493534663,196.10760388501924,5.095915531266243,3.548051593698262
298.660191968667,195.6352962008038,5.094380215211832,3.5436157080247126
298.3230135445814,196.1774210580887,5.091325663609911,3.543224233091844
297.57750196191046,195.36683275723104,5.092622340224947,3.539244665286968
297.3732684536145,195.43695949656384,5.094938818781621,3.534374699299724
296.83074306221494,195.43934244005993,5.097285516150198,3.5296088123075933
296.69399950592816,195.37393472009745,5.100183311854022,3.5251295937976685
295.44166576803127,194.66324286324067,5.102213076738919,3.5211243986115486
295.1702590504952,194.86856008359652,5.104111585985124,3.5161761522693995
294.29017142669744,193.99198844881198,5.1070050074923605,3.512037595750219
294.2230693342651,194.06101255483705,5.1060584931912425,3.5091400828657995
293.81901203973575,194.0614844721174,5.103642242203267,3.5081962483051137
292.90671989195664,193.928181306214,5.103437961378092,3.508618725804525
293.5156415036785,193.59115711664182,5.1009576079599395,3.507465510490126
292.57131599786265,194.06498871720524,5.099835109988295,3.5046890641649884
292.09778039275216,193.19015505984814,5.102459706123998,3.500384095578168
291.2909247394838,193.2583611346337,5.097499697620082,3.498861222260393
291.29179282859144,193.32727182053645,5.095763519404682,3.4958291184695773
291.09172831955044,193.32781949570315,5.091753848966864,3.494733768136227
290.01589505793044,192.92324239796795,5.089271629121122,3.4960821849494375
289.3450287522151,192.45142406761198,5.084812463311128,3.497384601592968
289.4795979715452,192.92391830604817,5.084820966932888,3.4944104227072796
289.2796416562091,192.45209850244925,5.081160450773688,3.496379353965261
288.5417766729498,192.85474274326967,5.07737119199469,3.4981013588504095
288.81245456731546,192.31530071426724,5.073907694279072,3.5012008348238544
287.8055482719554,192.3144792635714,5.0706390158855825,3.502843736215524
287.7404477667559,192.3131488315559,5.066390096276163,3.505504600246544
286.6663210999942,191.84318124733628,5.06376660656483,3.50443115852061
286.1276168790985,191.3078781599677,5.066195408884336,3.500057693786012
285.2529515633135,191.7132903171869,5.069147683344574,3.4952541595520987
284.78162617393394,191.84999418959728,5.071685168017214,3.490450213041752
284.7798747627504,190.845349763508,5.075187990384328,3.485828459822119
284.4427160459098,190.8475289570301,5.0783201152916995,3.4814700727779453
283.9051487247873,190.8498664410739,5.079757523131843,3.476795104690345
283.76941321876916,190.5163342588712,5.082915682398149,3.473077337170714
283.29816401252975,190.92090308273418,5.086416807317426,3.4687945073529654
282.76059002302844,190.52051166820942,5.088570401576827,3.464831547845113
281.75214150447385,190.52262897418854,5.09410105103847,3.4605969358869055
281.6827491742878,190.52463120028256,5.098781468929484,3.4565924836988295
281.2118512667705,190.52658201914153,5.1018187608455605,3.4526908459808694
280.67568953793415,190.5276258763344,5.101426972783561,3.4506031315951122
281.07962770457164,190.52825641036472,5.097843928409004,3.449342063534516
279.202097080752,189.99443212082886,5.101632870933003,3.445198555430455
279.0659103024395,189.3938479806839,5.106081758542045,3.440705825148104
278.05926572759074,189.39612706212787,5.110049400107313,3.4361476622601237
278.1926819311311,189.7316565146747,5.111094661018741,3.434782927146939
277.38812205081683,189.7328158504809,5.113031504069457,3.43246425553457
277.3892958963553,189.66592676076823,5.1106838129925745,3.4323198740146283
276.9219906914797,189.53135101484634,5.108100355767233,3.433701689579433
276.9894207679956,189.19550400754298,5.107109104081027,3.4360511974579775
275.8530238113473,188.7251655414679,5.103722317429844,3.4394772531590645
276.8593773607218,189.25896314569707,5.099498187863581,3.4430729615981015
275.9903845275925,188.5218908303718,5.096849723715562,3.4443733280584423
274.5195698008229,188.58741026252153,5.093193353606492,3.447211092106632
275.32528258134624,189.05381955124858,5.088191432336067,3.451472971188673
274.5245633247993,188.24832496114743,5.083262299333485,3.456094505294515
273.5198890274498,187.64627140404951,5.084616049878447,3.455404712997947
272.98195806696026,187.8485820502872,5.089475684113771,3.4524092780515
271.9751652902264,186.91285367828942,5.094578669741082,3.449282292062759
271.9743693360276,187.04647095294715,5.096170578138675,3.449895436588575
272.04380430652844,187.446041316909,5.091258625807594,3.454502640688273
271.04177840646946,187.4443890658743,5.085904436688674,3.4578071427576393
270.03610946664264,186.84156054071775,5.088224591778943,3.458053558332789
269.7684435381495,186.30497849262636,5.0876622302323,3.4594292174496615
270.23658619632084,186.77471517583945,5.089292088983288,3.457871026117105
269.29954844204775,185.8375100290463,5.087555035090578,3.4564687572644863
269.3001345832811,185.90434670490288,5.086382752623852,3.456732605024369
268.69901194490876,185.90320943491218,5.083312823588992,3.4590071450057094
268.70042556759887,185.9013619361095,5.080485578208787,3.4627021426110898
268.43415162773323,185.89968061058926,5.0772975523913555,3.466064793651604
267.76677569578135,185.8310081371075,5.072633071682901,3.4694681061538746
266.827140888778,184.82866537360655,5.07691506110919,3.4652383211052644
266.89349413381717,185.03127739295653,5.078130750239903,3.461780820032739
266.89594266048056,185.1649079342372,5.073233696913076,3.462286185535334
266.16106328872223,185.09915035440355,5.070996742469607,3.4599835544789617
265.0930418081353,184.89808619729888,5.067104799420569,3.460874074146518
264.5603738060875,184.76398322097918,5.062824640907619,3.461675986133773
265.03031782773945,185.56544055073596,5.058492064642213,3.4625706986861946
263.4952814761228,185.0979310929403,5.055758355032071,3.4623876625424628
263.49679901569834,184.56296876838837,5.052723275880915,3.4638640618843652
262.96386210421235,184.6963070491546,5.0503194195832855,3.464256920169308
262.9644867119581,184.6963394262836,5.049070204091721,3.464192165911287
262.8975985864672,184.76402020736558,5.049361401870079,3.4623156569508655
262.22935960756865,184.7635314099495,5.051255542973504,3.4632932517829866
261.2278485627746,184.6293161788677,5.05173071425642,3.4647174581726494
261.2295024703708,184.49445570783854,5.048422899064169,3.4673706607683727
260.62948609310763,184.15977633106397,5.046704551354971,3.469089913075687
260.3624746946541,183.5596305798748,5.046605606672172,3.467607496876951
259.9637007204286,183.82607533235074,5.04312709222171,3.4687356338593696
259.9636431111153,182.82597345381,5.043242310848456,3.466880234027234
259.6319621280801,182.8915955464232,5.039396048637447,3.469077694457206
259.10006853980485,182.89039030495684,5.035823329320097,3.471488177389888
258.2349116732002,182.88884536716097,5.031859531676871,3.4745780529816837
257.96953601249555,182.82084953625608,5.02902181366544,3.477172454936255
257.90066466955267,182.28846529148407,5.033367162685474,3.474762249555594
257.70118412327946,182.68818184166176,5.032059084222869,3.4758674912182608
257.0351948142118,183.15463066623232,5.029821744362768,3.4769210126739445
255.70071984477286,182.2222988795304,5.030666641040131,3.4739110565374243
256.1000979333002,182.2900767509008,5.032119828640992,3.471723541239204
255.30168195414132,182.22317631756684,5.028704070696663,3.472170431551923
254.56808937712856,181.7571545749812,5.029481158778125,3.471045147486092
254.63548114650249,182.1572221902259,5.028000559613654,3.4707275544970226
253.9676861819487,181.29258786862871,5.030837041764803,3.467416716648134
254.0998195793512,181.42686715156356,5.033097007844794,3.465384911663406
253.035252905488,181.49440793108735,5.030008549637064,3.463567215486718
252.63784177133027,181.82776174311206,5.025707637985275,3.462795574743333
252.63989330370876,180.8950482740249,5.021604573228279,3.4646888957778517
252.4424142444784,180.76081478256825,5.017325828328854,3.4669979697844115
251.64605541434864,181.35902033952465,5.013412599954433,3.4680600223470854
251.31348860525267,180.8949330552547,5.013490844805291,3.4651570682093893
250.78357782947904,180.4954351154251,5.009598356513764,3.466367417989542
251.18481588757706,181.02651651504237,5.004675351400639,3.4676087668655375
250.1244482075621,180.49424122492186,4.9994630641293805,3.4691855234559377
249.19354101686267,180.5619207484131,5.001810061105899,3.4666455753608005
249.19483405332295,180.62797355057714,4.999223988185371,3.467352522222002
248.9983970216689,180.75942812274917,4.9937424687867455,3.4700137663491106
249.46540747594227,180.89073354820795,4.9889464167993784,3.4728957315913136
248.47261557100146,180.02671870368215,4.983706321938831,3.475544703199714
247.47841798946396,179.49628672269174,4.981808514940736,3.4749190811415804
247.41377567212615,180.02617435151996,4.978445953119755,3.476321395457729
246.4189215496419,179.03229563496436,4.978860878306763,3.4747855087874098
246.42074192834983,179.23066814029553,4.975220120890905,3.4758418799363753
245.42696637192577,179.0971960331109,4.974327753528433,3.4776602969442534
245.4936747166036,179.0301640875675,4.973490503062956,3.479144749140773
244.36400324977595,178.50135707735257,4.978781424922966,3.476028411078763
244.03001788702315,178.8339009312829,4.98365322553974,3.4740396281068944
243.23074497982938,178.23776725043734,4.990272585700639,3.472362149128081
243.29605775428018,178.50400839126877,4.992379844712869,3.4708110991202696
243.2277701372238,178.63831007077985,4.996216073082781,3.4676857515836614
242.8306359598654,178.770670648986,4.9940127019215375,3.468455170464056
243.09802520947113,177.8408673826144,4.990133137439402,3.469915431654585
242.10536611731774,177.7737611878727,4.985097145763101,3.47143754273911
240.97705873715975,177.24479678057043,4.986842665130329,3.468251420426627
241.5060123583917,177.51207539168283,4.989840169788443,3.4641465717628295
240.57686090441348,177.5804788238465,4.991875671020975,3.459930236487177
240.64389215883475,177.91245761095539,4.9903647360872565,3.4587305318133836
239.58433584689712,176.91870120448388,4.989334427407566,3.458609345486113
239.51922787799614,176.98421094013614,4.987058989255119,3.460081250136057
238.9886880420439,176.71976606129456,4.988287854476281,3.4590456044775313
238.92191094644934,177.25162428642636,4.989359258916825,3.455191448202399
238.8567817896623,176.85527592424606,4.987182321246581,3.453276665096986
238.3264277535716,176.32768447201104,4.988924510044249,3.4494936861833305
237.00185329098633,176.52843564422477,4.991383721257407,3.4449947988494487
237.73067897386593,176.92675031189046,4.989001546620696,3.4421486586757566
236.67251878929576,175.9373059643047,4.989895054671268,3.437824671575632
236.1426684105665,176.00551553280758,4.992346739834876,3.433561668606714
235.48281777588946,176.07312903460803,4.990822142847086,3.430457251639997
235.01941944942172,175.67785367473473,4.993281270567056,3.428718664059048
234.2936040341183,176.2734561544159,4.992290219535744,3.4260225169461567
234.42621864186253,175.94482936179458,4.991054929280667,3.4232912891052467
234.42834592839552,175.6144645995955,4.98680035621468,3.424355193600019
233.43800634856422,175.68117979591872,4.989180953124575,3.4228113718037063
233.04367363511574,175.7462311760691,4.986464861618783,3.424605531236758
232.38603455443993,175.8109615326126,4.98288648101723,3.4270304723450833
232.45423552250588,174.82092092757412,4.978356355798851,3.429034518719117
232.58870774975028,174.75393702250028,4.973085160953819,3.4311656990449384
232.45948557727286,175.67534233532382,4.967944801997455,3.4334480007760697
231.4740168535238,175.60835275965627,4.962594366451621,3.4356746265748996
231.41072189674517,175.54136945130048,4.9574756949863055,3.437932658263904
231.3473810660156,175.54012305522397,4.952488717125518,3.440425450416889
231.28319770850783,175.53915958610474,4.949220892962351,3.4423523886553546
230.16693162568373,174.68275946621483,4.944263540587091,3.444131232299566
229.08592500513808,174.4240420864758,4.93980027477517,3.4486947642364947
227.4433667657486,173.63233204321227,4.935429459416721,3.453160949577596
227.51127200530303,173.95941678196735,4.931206170257177,3.456927421814037
227.05318113783088,173.23396540594965,4.926289174505745,3.4603893113276065
226.13459292101544,173.23205943219702,4.921508937792126,3.4642012588328814
226.13688287942207,173.23026755349736,4.916929020978864,3.467785016232176
226.00772409484495,173.22842609417378,4.912149011389631,3.4714679348793243
225.94411593276652,172.70025521712944,4.907828124189673,3.475511998113375
226.01212185366794,173.0928835364043,4.903354782055329,3.4794863575742982
225.75140010003327,172.69644203979342,4.898653091638347,3.483151554266501
224.56988471504565,172.82562131861914,4.8942245561098625,3.4878440305599185
224.11163197196896,172.2316150798925,4.889979760539028,3.492034717224937
223.12724080661792,172.36101881518277,4.88565497398502,3.4963081956118516
222.99773419170054,172.6222574709216,4.881577580633565,3.500012130506666
222.73612260111963,171.8305944042891,4.878622796381513,3.5048043675300744
222.73844780356762,171.82874751377312,4.873972391485528,3.508498148562028
222.4120035599114,171.8270699016525,4.86901675116612,3.511853372803298
221.49201200511772,170.77376967532038,4.867315674284493,3.513671898074382
221.09818443831838,170.64137375959675,4.865652961159422,3.515357780613727
220.0478187724014,171.23129507218368,4.861496706742317,3.5195144227060533
220.37768924923887,170.63820118251323,4.859559522998148,3.5216554161716727
219.391620283084,170.83483229114276,4.858199219086233,3.5230928461569397
218.47185126476626,169.84698251855968,4.8557638413429505,3.5252494473457903
218.73572207730282,169.84635922899943,4.854294254498326,3.526496026466329
218.670784421201,169.7139631156443,4.852603378884174,3.528155877541021
218.0800659559172,170.370723268262,4.849930184457266,3.5303134889661587
215.9116105202671,169.8424876028021,4.845273391164969,3.53428356786358
216.50585880383872,169.31416540642917,4.840791229043196,3.538470711701475
215.58721224115837,169.44381065530635,4.836274671302553,3.5422958829615565
215.5236586026249,169.5731202733004,4.831829931176605,3.5467806813591887
215.4595896301578,169.70318486386236,4.82840979944893,3.549767653558959
214.67272613736665,169.70149932520872,4.823475515459177,3.553138730866217
214.60943767320245,169.63408428019758,4.818517037965728,3.5564334150666532
213.8225006017931,169.1719656044322,4.814222516338792,3.5600723790041484
213.75901496508752,168.64390047555753,4.809685381774236,3.5641353729472707
212.77440409627167,168.64198760353915,4.806317300052534,3.5679611169840006
212.44789907902177,168.70606947573003,4.801740198635625,3.5713147997855543
211.46214380171577,168.64044941086823,4.800709900371426,3.5710522059840857
211.06955995910724,168.5080700147065,4.796981066904505,3.5728454920795
211.59749857374578,168.4410427582632,4.792746917292891,3.575444620007955
210.54839996525595,167.97930611799282,4.788008096135214,3.5788833838636407
210.48507964826032,167.4519844960868,4.783231074785561,3.582185384948048
209.5675755146685,167.58151926966767,4.778653905860479,3.5859137572303794
209.56899671182697,167.64597920265308,4.775811511543564,3.5883841404722085
209.1770383035425,167.71007656006515,4.771404171474034,3.591576785087857
208.25978207880115,166.72284820213784,4.766702636800868,3.5954470893468815
207.6052580314059,166.26099978304865,4.762110127201654,3.5995955044524774
207.2791600857578,166.71944138302413,4.7574966998602894,3.6022453505940613
206.75561337259055,166.12680693893574,4.753911407384725,3.6055006801095266
206.75698527206984,166.51993042539954,4.751167608426152,3.607253812198321
206.23339545300826,166.5843595242147,4.747786075976672,3.6097157608895762
205.18468806842193,166.58502849561745,4.744260383872009,3.608377818084107
204.53032613703985,166.5846980900446,4.740652415999469,3.6090386292297323
204.59801078911147,166.5845393349333,4.736472062581523,3.6093561394523648
204.14077354752092,166.32204999579562,4.733033884954909,3.609813297266209
203.29030430664528,165.99381986273642,4.729862160082885,3.6108465608372207
203.42280532793268,165.92800893386288,4.726967872842454,3.6114145409171106
202.7672762147176,165.47011373680579,4.727836191806332,3.6100719998049264
202.89938929759262,165.86319286813486,4.725630701220793,3.609975762640259
201.29732491568677,165.22124945110704,4.7260633873705435,3.609647603195021
200.78277663402895,165.08536515715176,4.729301602003603,3.6075085358608634
201.30532399282941,164.7593190695131,4.73213385312538,3.604646355686417
200.58444243065807,164.43347064052668,4.733035935586047,3.601406376440183
199.79750033009128,164.9581413810402,4.735541131029811,3.5996508992063023
199.40359909964104,164.2399249284635,4.7375968074722765,3.5955480328533596
198.94589243602053,164.56893273822143,4.7365550052567,3.592143220092183
198.61691802529583,164.50553965857148,4.740250372548837,3.58807868856065
197.63330320157928,164.3109433905267,4.744870403013251,3.584749301256448
197.30421845110482,164.05056388401496,4.748756601364067,3.582081672201392
196.77877582945013,163.85539073213883,4.752663563384125,3.5798111204701986
196.77923298175835,163.33276627009093,4.7517492587677,3.577902476272984
196.45107596571754,163.7270682891918,4.753815406915585,3.574395898791769
195.92770726099562,163.13950763498605,4.753962985645587,3.5721036476502666
196.1915245273471,163.79268873497216,4.749482468703909,3.5736264870811456
194.68962538213566,162.8114677440079,4.746141973550855,3.5748910001557874
194.82288469616776,162.81050033068544,4.741053252287131,3.576825826800722
194.040335145943,162.35308264782444,4.738123706413143,3.5769778155006393
194.36935101670375,162.93993890143895,4.733226493984109,3.578907460637985
193.3924829670665,162.48211967774654,4.728205431910862,3.580459232727211
192.1511129360208,162.48380689291233,4.730825380612536,3.577084802395626
191.10564321724652,162.02857186437797,4.733485605891872,3.5739327040965514
191.7570892058999,161.5735765572471,4.735658550664905,3.5703778729024993
191.16936227702448,162.22787274523708,4.736778787975367,3.5666006307451186
190.06059175958,161.38208956765806,4.7368933882520485,3.562487947670251
190.1909060802074,161.38401617547933,4.73700749399071,3.5586347320277314
189.01713805493458,161.38620179862272,4.738961360640789,3.5542634857409525
189.27625568593066,161.32309852241445,4.7417996951360415,3.550201639035578
188.23374797897984,160.9988682841153,4.7428922409467695,3.54743621935554
187.25534163432556,160.41451750778015,4.746456318227504,3.5441886048091904
187.18841705859768,160.93704392624426,4.750087787004664,3.5408772293097575
186.92784020306757,160.48241543498824,4.7503664935309,3.5386029538874606
