150.7100067138672,594.2999877929688,18.93000030517578,25.479999542236328
150.27848910821973,593.0719593933352,18.793035516470724,25.541124738914107
150.30729675812384,593.0807121277436,18.735420216662455,25.523619270097324
150.80231613140646,591.3055791290849,18.44032171697309,25.599184033035492
152.5699977720167,590.9701191620042,18.361163214740778,25.578863011399427
154.32209738934193,590.2957571911081,18.305119551403518,25.548324724666116
154.40127289306915,588.9377441757126,18.14676854394904,25.511365255686435
155.07392908236602,588.7184376294808,18.171615752321145,25.264898554667376
155.4546845486766,588.4814210666477,18.091860386483006,25.05717611355044
155.8302178654339,586.1724127825292,18.01808918912585,24.934124628685048
157.24762561379282,586.169488220132,17.88014220501155,24.939973753479492
157.1878089504712,585.5827898373785,17.999775531654763,24.76929581042432
157.1753986057491,585.3182530542077,18.024596221098975,24.62695322903032
158.1369833401863,583.0220827575998,18.11041591415315,24.53165244441294
158.10878173369582,583.0059183022754,18.166819127134072,24.563981355061753
158.14617688416703,582.0439379740421,18.09202882619168,24.474827744316563
160.44600211817996,581.7196841694265,18.17158097239197,24.454877837229812
160.14136753439283,579.7481129737336,18.111392997784577,24.381277375525794
160.1850553072335,579.7863840917896,18.024017452103198,24.30473513941354
161.7944260573924,579.1444266975154,18.12906340547512,24.259134946486316
161.80660211298752,577.897393867474,18.10471129428486,24.09006745776296
161.77365546788258,577.6040503688984,18.170604584494768,24.01394316945481
164.0656387191267,576.2928924066618,18.2257364904232,23.98534571768969
164.02325147753902,575.9981057284234,18.310510973598525,23.911726446103074
163.96797496276196,574.6517842134198,18.42106400315268,23.95055828542041
164.3240276902341,573.6647817718235,18.374806205530838,23.9270201966455
164.33509453183297,572.9204205458691,18.35267252233308,24.086273814805903
164.96196609373686,572.5544295842145,18.432535941817576,24.151452466469014
166.57646892746305,570.516229261442,18.54903228474072,24.213250699563325
166.564327570515,570.4799413349081,18.573314998636878,24.285826552631317
167.69289985597987,569.7518144800123,18.336510322895684,24.395186998963617
168.05175821040598,569.0700261520248,18.290040606829855,24.416269669366137
168.024929809573,567.0815283724788,18.343697408495785,24.368416328364265
168.34999836078228,567.1589729458582,18.364517076110857,24.213527181605436
169.28057133274518,566.8858242507384,18.51018166462999,24.090887727696852
169.60693296248064,565.2256008912799,18.52690073057012,24.064122819558897
170.25911471217228,564.9232535301804,18.56114958099485,23.999511366853767
170.60587809661618,562.933452892001,18.53650011166191,23.96584884588322
171.23806177601773,562.9210604403421,18.60805608063322,23.990633749201166
171.54546610424876,561.5969532400187,18.66275277941696,23.960826728864838
172.4723040110108,560.3146550206039,18.818896569753843,23.8456636958798
173.70098184717526,560.0757728304052,19.044404758121782,23.65271211110308
173.602258245489,559.811424390112,19.241851961494305,23.50999324979495
173.86988446739355,559.1669178096947,19.3790175982967,23.454170249406587
175.10364047487502,558.4643675048798,19.606604582318454,23.51172135954432
175.43861018867824,556.3845586362623,19.61499733890757,23.60134599160576
175.76507570275146,556.3843387231523,19.641914427589022,23.60178581782586
176.1913109046486,556.0987947732913,19.469733004335193,23.492584737007473
178.2495980587033,555.4357247788079,19.40813879695576,23.467064692397493
178.2245761520725,553.0631843455814,19.458182610217378,23.49104295328752
178.56852999422378,553.0763248764218,19.445894840822444,23.464761891606393
178.5466994752694,553.0742797272193,19.4895558787312,23.46885219001165
178.90093139390717,552.0985289899664,19.456876409523858,23.39300056031268
179.9276657426799,550.7634622065591,19.425674986781743,23.36677776072285
180.6218814960544,549.4328281291633,19.383607501111694,23.33531787335666
180.69302934840115,548.7654358784085,19.241311796418206,23.326064364370225
182.7118491591331,548.3999691895237,19.221154204284915,23.387417403918036
182.71238641510166,546.3827056025971,19.22007969234781,23.400752228783745
183.027385296505,546.4138266607807,19.26046839957457,23.338510112416316
183.0228161125652,545.0386168194128,19.269606767454125,23.40860531228217
183.41414449759407,544.6873794551631,19.158257190237144,23.439772847940862
184.04685460350186,544.0069275014278,19.232811916830848,23.460701817002327
184.7332269474054,542.6604720254585,19.203095456696254,23.46755631359586
184.74167889875415,542.0343633135586,19.186191553998757,23.377495146939157
186.39433701548307,540.686470210041,19.22828201212006,23.395356000711026
186.40289134725484,540.6640847355558,19.211173348576537,23.44012694968129
186.37495121173893,540.0450165287386,19.26705361960837,23.336567158487693
188.03973366726737,538.709041503274,19.288276335210625,23.32788710808968
188.02451741594965,538.7494486524051,19.318708837846078,23.24707280982736
188.3759819484405,538.45833285781,19.28539298984243,23.159691182039552
189.450806439784,536.5136962925611,19.138934073455506,23.042584179937126
189.79611566344698,536.5881005769215,19.11187998185837,22.893775611216483
190.51063278671077,534.9055930147293,19.004517296821096,22.954611831874978
190.7492876795575,534.9626086032473,19.187248769141334,22.84058065483904
191.33778882516842,534.6815689601888,19.33270676901552,22.741429795408067
191.69172192049498,533.4890992637617,19.28688155158545,22.478205295370074
192.73457259958747,533.6309099631184,19.172893299260334,22.19458389665678
193.48584324204228,533.4914070084319,18.97239541706199,21.82256810467408
193.9235067777233,533.3505113435707,18.739116609080313,21.462311171016243
194.35984881282744,533.2300209288259,18.499162663884857,21.070561875492903
194.51869751667405,532.4463532454623,18.181465256191647,20.769448507768207
195.000623073164,532.5928631622403,17.830675779861465,20.476428674212116
195.47058789848796,532.1205995519437,17.49364779687741,20.215152559477723
195.94048702526953,530.9887774806988,17.14730214861279,20.104986280773755
196.08372986134358,531.098384895009,16.860816476464656,19.88577145215343
197.0815619515332,531.202778562486,16.59974039984076,19.676984117199403
197.76862260204015,531.3127425281967,16.36716494706919,19.457056185777947
198.14181786414136,530.8496911213406,16.18441052013856,19.255886804946574
198.21762416946885,530.6897417230163,16.032797909483566,19.018194931693778
198.79435192017803,529.7509245692695,15.982309149075991,18.68989575716568
200.98133451110567,526.1471477303335,15.909161301811272,18.560261767195698
201.50678099450695,525.4878866211579,15.897143823479256,18.45529490669223
202.11052450665943,524.7984332713424,15.708406815422677,18.487219029875124
202.70674987697885,524.1484750237204,15.511620354671074,18.493824908965827
203.39700035987462,523.5310657665709,15.270947664714253,18.462131672320428
207.7353372078995,515.0573927388098,15.084433854018135,18.429157957135637
209.69940523250733,513.1916949431201,14.846106886406867,18.470744466910702
210.1191914922875,512.8801426787396,14.530432366407684,18.5699509961105
211.80620848822122,510.5308874803793,14.278165665977557,18.585810455675052
211.93499876412892,510.5061391583646,14.020585114162161,18.635307099704562
212.04233306212393,509.22999438904304,13.80591651817213,18.622693107420286
212.3497878402064,508.20791388624247,13.700283396732637,18.62974837411966
212.62415132260486,508.2310330226905,13.659209084191342,18.583510101223602
212.88283522644917,506.651270535383,13.648118018964102,18.705374621070128
212.82673138895342,506.38132839099023,13.760325693955648,18.737313599612715
212.68294690899268,506.45233619623883,14.047894653877123,18.595297989115473
212.74699469565297,506.0507676112908,14.43261657832135,18.372800163481774
213.09469455050285,505.8342204597673,14.768593482938702,18.290206159370104
213.15951121882506,506.1060830393574,15.15883217059598,18.266353024491767
213.83984877209602,504.9763513860589,15.375592620197281,18.422568922897643
215.10213817977552,503.4982855004134,15.509581336940219,18.720133162086846
215.0414167850836,503.2990328794687,15.631024126324037,19.11863840397626
216.3345884015795,502.0644794622784,15.777427436304734,19.401548003978874
215.9886743279695,501.86913891374553,15.915991409426754,19.792229101044647
216.1579437578904,501.3841602554746,16.13895781759465,20.200681149576784
216.2947284608133,500.94498651824983,16.4367718235882,20.50764521218694
216.17106280060477,499.01326799171704,16.68410314400522,20.885573257157535
216.30218048538455,498.8352768040347,17.012590583544963,21.2415556325221
217.079751006394,498.084769080199,17.261969049851746,21.539558074643104
217.57428428055115,497.3222240524348,17.49313984347681,21.8444107882322
219.30738166880352,495.3072211044317,17.738189866580296,22.16317188463024
218.83703370209372,494.86004094507774,18.051484629741054,22.43013103307927
218.64548568607574,494.3812508771243,18.434580661776963,22.751138398632058
218.88858701634717,492.6346643978447,18.59608082674631,23.005797229630367
220.40721679840408,492.2411761823979,18.829955854948082,23.138546742060782
220.66414923924341,491.87643852466823,18.976140970037477,23.20797206075213
220.59926758753198,491.1265082279488,19.105904273460354,23.38087160091861
221.58675557527658,488.7201301432799,19.135635733993755,23.515977086203666
221.5400825010282,488.3969026537053,19.22898188249055,23.491639265292925
222.1881523225468,487.6748081139184,19.276698053848772,23.591972530471402
224.2269406372776,486.9880547142427,19.244570663083483,23.616996250257287
224.5217159751722,486.6563281039642,19.329126683617577,23.60634277449101
224.83225623047096,484.2205703900663,19.38335600828414,23.75068935543841
225.17604040597982,483.81555393853074,19.374192943841805,23.88231697193416
225.8097654809921,483.08051825606077,19.46730157532381,23.99182955536756
226.14201502724976,482.71512080006653,19.486270359043083,24.039156591121404
227.81809312292222,480.8987889441534,19.55662247803349,24.24931199261234
228.16507394706352,480.5465680651722,19.551527783693903,24.264886796631718
228.4941070669666,480.58798629550347,19.58248502904965,24.18205033596911
228.85275471313446,478.8059570730911,19.553442775311847,24.3048435878043
229.61556035813246,478.4016119753789,19.407166793635888,24.423866129068628
229.90518315181902,477.03689090444567,19.517042474090253,24.39682319962531
230.9132593094382,476.72398854885284,19.57235624367015,24.33213921587153
231.24636299632064,476.72588260509747,19.596541715411494,24.3283511033823
231.17199022202388,475.032237573738,19.745287264004993,24.26200890126691
231.87635167169793,474.0692099098816,19.720794626932733,24.111718835566002
233.21514533274055,473.80083023832555,19.800844867262427,23.95906878807435
233.55457716980644,472.8392031450059,19.81033543851207,23.817260238569396
233.8620176325945,472.5635704033214,19.881778449819073,23.682201785055177
234.20711988573106,471.88722897497297,19.87696792715792,23.66409667452821
235.27544065801263,469.5471588366576,19.795438367712418,23.548975652551114
235.91751881059474,469.61034147666055,19.875180137526268,23.42261037254523
235.8842331562348,469.6164145953931,19.941751446246172,23.410464135080094
235.89032119632816,469.3563211561969,19.92957536605946,23.24848551415298
237.89559702846137,466.98640638546516,19.995826251575693,23.232045414203363
237.9131685301758,466.63720054093574,19.960683248146836,23.250180308959504
238.24026906473316,466.6713142544845,19.98647509121804,23.181952881861996
240.63782936033093,465.9877576854097,19.94681831119446,23.190362073962504
240.5905538371557,463.62009866280476,20.041369357544923,23.173762220838032
240.5471489570592,463.6538543845458,20.128179117737925,23.10625077735597
241.23612338531694,463.37114965763726,20.111136729418917,22.99120699707487
241.6200062519763,463.04958577775113,20.02176912932542,22.955936623621795
242.9634331106393,460.7031145585237,20.04059467647948,22.913940349236523
243.65071974990042,460.3968722274607,20.01816321101095,22.85035410483568
243.98319569163027,460.4011594682912,20.027937652994606,22.84177962317459
246.09883152001123,458.68641243226676,19.845165950792854,22.89752373308997
246.00263844060694,457.3407169979716,20.037552109601446,22.898178603452468
246.03433500264862,457.317771957981,19.974158985518113,22.944068683433663
245.98979289758688,457.0772952676629,20.063243195641594,22.74954914232401
246.58333721726441,455.4339825739038,20.223925201393662,22.666747917074424
248.65794285302348,455.5025377132085,20.125732354855046,22.529637638465026
248.9604628476323,454.92855579715723,20.19216373861457,22.33465872461323
248.9285846284408,454.2564015115277,20.255920176997584,22.339964839182237
248.9216775049539,452.9206249715476,20.269734423971407,22.329115549223857
249.6501600261779,452.31141119158025,20.15407342629704,22.20623906438489
250.34324951936622,452.30293936428916,20.101686043031574,22.223182718967152
251.68466209689242,451.9876405911218,20.084156913531203,22.1874562589138
252.02201988476725,449.94730212054634,20.074929990889707,22.27520128141607
253.0058408689818,449.56072072963406,20.10740643194392,22.381657926746197
253.3126382609545,447.5140835501786,20.162691101642505,22.46165556379305
253.59267005027155,447.6369232448613,20.27363294628894,22.215976174427716
253.80206547934043,445.3568664030021,20.523794982464384,22.0934195979543
255.10048439524004,445.4270560904332,20.611050861420225,21.95304022309197
256.0337945290142,445.4597324735516,20.755082650377588,21.887687456855232
255.94593583606738,443.81586057272006,20.930800036271254,21.818028923804732
256.5857535161765,443.9239391135085,20.997511987973585,21.601871842227812
256.8457459239521,443.68123471377567,21.148366732356386,21.416441081759473
258.9041310497793,443.4132637174499,21.053448144115343,21.282074463842036
258.946475312181,442.44273661054973,20.968759619311985,21.2230325386602
260.5997458629589,440.77230901707895,20.98439179393668,21.241714449421234
260.75308036099335,440.37791035851296,20.67772279786777,21.365536802303875
261.11334366005565,439.6932242047338,20.61927262533476,21.410756258679072
263.46361362611333,438.03208423556,20.551758839014706,21.423731807172846
263.82171470027083,438.0529596827593,20.496552381353194,21.381980912774242
263.77793056518504,437.6919511413515,20.58412065152484,21.444530386512856
264.06263757805254,435.32568053672514,20.676540471363438,21.54423467675071
266.3413537893271,435.32287867334605,20.773120999499262,21.549838403508996
266.37945410223625,434.69014277764694,20.69692037368096,21.482359720545865
266.69672744607414,434.3637504044078,20.72658552540959,21.470932627619767
267.98025700328463,432.69698941172373,20.81753440301972,21.48194462294896
268.70530402075843,432.65929696585783,20.69966633642749,21.55732951468078
269.05530576707406,432.6830266117814,20.66509307789166,21.509870222833648
269.43964620634233,431.3203255212078,20.56055153959589,21.5787150430181
269.7471679832284,431.01263179844426,20.60907005477752,21.530540419591418
271.0651460772998,429.11176275556727,20.627418853435206,21.350821025144562
271.3859307064032,429.18277405353103,20.646899698692753,21.20879842921699
272.36985521842405,429.2288069172226,20.656440684312617,21.11673270183394
273.05511807687816,428.27425657908583,20.601585499551927,21.05232757988629
273.3468469231574,427.9638007193936,20.674085340585425,21.017281765678792
274.65202820323907,425.9409299007886,20.68992838437518,21.12371499695907
275.01636121307064,425.934071361065,20.619736078875196,21.13743207640631
275.3628619780726,424.591598920138,20.58431511363864,21.192054699190827
275.64733163745245,424.205209776015,20.673253978590374,21.306954803725365
277.63810672034674,423.87636105570726,20.65822472930355,21.303565424923896
277.903672228677,421.61113156819357,20.78788976822122,21.208452010903603
278.39943894223524,421.3329512560187,21.11905918593697,21.10346121283718
278.891345624397,421.00153278288724,21.465088961093528,21.101376589360054
279.4410207168858,418.6660178779168,21.706402621083143,21.08008294191552
280.07157843173235,418.6173829096605,21.792856940016918,21.17735287842812
282.3988927379279,418.2485060358467,21.874980362671046,21.23842776390648
282.7107295391683,417.612607614584,21.930239568132293,21.15235899054767
282.69734752920994,417.300370374611,21.957003588048995,21.098394999801982
284.0604019323673,416.6188426811735,21.94291104904147,21.10544225302335
284.1062023296389,414.92072043398747,21.851310254498358,21.11221298958147
284.43943101359076,414.96902257051136,21.86141877458653,21.01560871653378
285.7769603023687,414.71562684560314,21.88714393500362,20.847204231856995
287.73843596638125,412.4330868066406,22.00178486069728,20.701760013776692
288.042625900193,412.5201577899863,22.065823851383623,20.527618047085348
288.32642154814556,412.60617032691397,22.1688860601858,20.355592973229978
289.6498913524637,411.9310837117968,22.200044896895747,20.366716980791118
289.6964297346538,411.885325102512,22.106968132515604,20.45823419936073
290.00349777781,411.17915728088064,22.163024467633747,20.530184999762298
290.676430263579,409.46609150585647,22.161581624610125,20.59526122852469
292.6679389878617,409.43404098955835,22.21790305794871,20.659362261120894
293.0019172341129,408.735682349679,22.225067562794845,20.705837546182416
293.7093316616481,406.7490651403705,22.16218152057779,20.623243526239605
294.36851590427176,406.7031844180115,22.191167532304487,20.71500497095746
294.74899718291516,406.0485499578561,22.105792750079942,20.673098341143834
296.5065863822814,405.67681967607973,21.958558676614377,20.74297003964324
296.9187234964999,403.9895882509259,21.806681345215516,20.755448404759985
297.9877562229364,403.9405185295169,21.67927183426512,20.853587847577977
298.6120435266948,403.610964062059,21.770251747215205,20.8429195222605
300.24294789647143,401.3049786773109,21.863612193628917,20.75765343140275
300.4805134246922,401.74195222840336,22.0596256761626,20.554850868193064
300.78505612452096,401.4899137655846,22.121529789456734,20.38793828087884
302.4078111950218,400.307435606715,22.222525938725035,20.075689566402147
302.36426167272384,400.36958706785,22.30962498332096,19.95138664413218
302.40723755669717,400.0676813394606,22.2236732153743,19.88992945213726
302.43939208437524,399.4450002656326,22.159364160018228,19.80938817036427
304.76121560077917,397.81295897260605,22.140380250838696,19.770139953825737
305.48028090009115,397.79193344457616,22.021738181383036,19.81219100988556
306.16268992673963,397.42146921808245,21.974064660697678,19.894547196567178
306.53207251938727,395.42624643558213,21.894444345655543,19.930123540049046
307.87897905970215,395.4124913447049,21.834523191240066,19.957633721803543
308.2637196015881,395.1134910164967,21.7230203622002,19.897656123488
310.13770119661143,393.22639507241064,21.90677386884614,19.740131314967467
310.1114483909995,393.1775903272908,21.959279480070023,19.837740805207154
310.9766407416037,391.2045848599966,22.202921115061265,19.835699067396224
311.586585681523,391.22421213832024,22.306557358129947,19.796444510748998
312.88207622173456,391.2296486786364,22.366555276334292,19.785571430116697
313.2711597797361,390.88122275149954,22.25189001545668,19.81892142926508
313.6225004351618,390.536461639798,22.211464143146053,19.846188214127306
315.5942154067096,388.6133597087065,22.240414184849268,19.7200120915114
315.9649239533656,388.66579627383214,22.159493125310995,19.615138961260232
315.9845987646776,388.3210887491389,22.12014350268688,19.64699091501581
317.2534657962908,386.7736125077516,22.212256689330403,19.45463433545317
317.59233966119126,386.73628117369503,22.190321108438518,19.529297003566317
319.51893241308386,386.3665432952442,22.277141575897495,19.612105098593936
319.85201109688194,384.6505373600454,22.27032353536866,19.747420333655267
321.1301389866942,384.62396655454404,22.359661710203376,19.800561944657957
321.47824956385523,383.3885453369448,22.327075236320617,19.616865658098924
321.75592910405146,382.7780214350991,22.43190584318074,19.517534087285323
322.0748334659849,382.42474590467884,22.454319534486885,19.563862732952785
322.9944597719601,382.14606483338514,22.599003318099964,19.459912743685614
323.5721580675868,381.845353523656,22.767374282356936,19.399451585388753
324.9286840180412,379.9173569922525,22.70838142836388,19.274356077822155
325.52025970524176,379.9760915500762,22.846414670174987,19.156886962174752
327.55008924085377,379.61639996431995,22.751741885095097,19.215439085996664
328.1709759669345,378.6398650701168,22.830595732381532,19.187567925230987
328.7510448972398,378.2790105105196,22.9926204923176,19.248195734151977
329.41518593620685,377.94015016134483,22.9934503955021,19.261360441942188
330.38089008782947,375.62058022639167,23.05638477825727,19.247034044514155
330.7132493860348,375.6533209284411,23.057186164177963,19.18155264041537
332.4068141884685,375.66173017256546,22.99243955843305,19.16473415216665
332.41013405137534,375.0401934506311,22.985799832619314,19.08139157300548
333.7644763869136,374.0864473143006,22.924162040830947,19.003598686200316
334.09793540319816,373.09850862041174,22.916801651712536,19.00080314362632
336.38230991156,372.7889584084979,22.963847134073063,18.9605043532991
336.4292403975855,370.78474501006804,22.86998616202212,19.012092773575013
337.41519368651547,370.8296965251784,22.874660764262398,18.922189743354295
337.747701288255,370.8790622701295,22.867127517604143,18.823458253452067
337.75049515768166,370.2250701968681,22.861539778750775,18.819898107951825
339.04678355646115,369.90232711808045,22.891477742154162,18.809755575286502
339.97833585016144,368.30037422635075,22.996149380313884,18.734034316145404
340.86189979727146,368.33153529151167,23.197953812785418,18.67171218582354
342.13135823535845,368.33548521968106,23.29264063134815,18.663812329484855
342.3864234703287,367.70464402165965,23.44223567528383,18.606043697775096
342.6734258900094,365.7871206334066,23.529312604952672,18.474599860099794
343.29276396223065,365.80515031393617,23.61119736059913,18.438540499040634
343.6381859085254,365.1814672330288,23.581300312174207,18.364012972526396
345.6484906201652,364.84970408163656,23.51635547893023,18.368261843638212
345.99721347587644,363.2442719504017,23.47726327343431,18.287358576474958
346.9603109837788,363.2715415468461,23.520387694704617,18.232819383586133
347.9426523149726,363.27848036874485,23.52433912942824,18.21894173978861
349.2311230584916,362.28535329456645,23.57158087763174,18.237058461714298
349.58022155886334,361.96791433924545,23.530446413976037,18.21487383526846
351.18321530297686,360.38611437222556,23.60482334407888,18.098109350978298
351.55478708821323,360.372962169609,23.516985928594487,18.12441375621146
353.15774373495043,360.3489426409387,23.583042364150174,18.172452813552162
353.81693795454515,358.41160247810285,23.577024520594914,18.110021352321144
354.1337889510623,358.3995392865765,23.59839857154248,18.13414773537387
355.4038843076461,357.4033539321148,23.681390067223905,18.159131787660474
355.700104413444,357.1212181158825,23.746419408081366,18.065933867671646
356.3602110274932,355.5263097050979,23.740088866062067,17.971043974043212
356.6573439871373,355.57286587631063,23.80111860205051,17.877931631617827
357.315963058116,354.30777842898704,23.79328820558999,17.78929103527134
359.2216360236191,354.33885145726,23.90075251503214,17.727144978725498
360.2435550127383,354.37128809979225,23.818172471835,17.66227169366092
360.88848047282397,354.3890700619668,23.83119055380771,17.626707769311942
361.56061013557905,353.0941711451336,23.789030976852914,17.612306105867326
364.1110175880431,352.76183814110243,23.889600271794833,17.6267990889459
364.0753785891882,351.42962606699615,23.96087826950479,17.68346657639097
364.7053622202586,351.40434056978484,24.00881322259358,17.734037570813566
365.6703388895405,351.0627931010655,24.045384968766996,17.761624146673157
367.2948654630129,350.7096041585035,24.07891313267808,17.811485769625925
367.59983907255986,349.38187612773896,24.12680877816964,17.83557037281312
367.8604509196859,349.05960167560596,24.26455060785951,17.821153753137153
369.55293638694945,349.04727144009956,24.183690793329383,17.84581422414994
369.8597137728017,348.0709657825191,24.230133959114774,17.818431726841133
370.5362209033891,347.72878335511575,24.197629238685238,17.8425418112753
371.49799759099756,346.43207071334706,24.254544245979844,17.795342584797297
372.79394738492306,346.0959328838502,24.303632387806253,17.807371311371618
373.8632773302564,346.0938478349546,24.14854171632536,17.811541409162782
374.2693293175,346.10042140164654,23.995339817724258,17.798394275778946
374.62588835015293,344.1183176729775,23.938579542995054,17.82445498965707
376.0613078384936,343.79133332550697,23.691425320306912,17.82250249609992
376.378226652123,343.46080435327264,23.70971501574197,17.831433117874756
378.01623668146595,343.14299667683827,23.69645415923319,17.81449663030815
378.0731015455133,342.55982068203053,23.582724431138537,17.67670253780011
379.39680619414906,342.2380873986885,23.527668844286755,17.672080676879368
381.3830280584086,340.96002778038303,23.438272834541873,17.63950143430732
381.29679452590807,340.9694090685866,23.610739899542953,17.620738857900236
383.1411105884082,339.0684597268134,23.807703847331545,17.537041468657755
383.13243251285536,339.05678048567734,23.825059998437226,17.560399950929924
384.07945278855533,338.44079019732897,23.8806297681369,17.492640313560134
385.40273093593856,338.42083757379856,23.832485976272565,17.53254556062097
387.61493159574627,336.18330546021014,23.954768879344606,17.460925565110447
387.31847704107696,336.17149620774876,23.897469773903822,17.484544070033166
387.9980981760953,336.1788775688255,23.837679513594214,17.469781347879685
389.9758017892205,334.2490451646252,23.773727703179105,17.437990740445017
389.9859651724761,334.2856572884386,23.753400936667994,17.364766492818223
391.2173294223854,334.3158815287011,23.872965498546094,17.304318012293226
391.18128471215954,334.3642883948056,23.945054918997812,17.207504280084226
391.1986316476603,334.08319958895805,23.910361047996304,17.123785161819832
392.0882287775285,332.8471128356596,24.06314802414149,17.019983687241197
392.4278350956862,332.5666649103641,24.0285325715246,16.936282354133624
393.592497765389,330.7440505447102,24.269981461473364,16.72534974140989
394.21437154902765,330.8451748077608,24.3119473245904,16.523101215308607
394.8782402418762,330.9455669376449,24.26449086872836,16.322316955540536
397.13526877634916,330.6860892929239,24.20310309583764,16.205176631260336
399.3538695646278,330.0507107432852,24.198490710464036,16.20947967591373
399.9211641410124,329.43452660203707,24.330359776618938,16.17538973948594
400.94625842015137,327.479300692797,24.18410814402712,16.277967706593714
401.89122465894377,327.50356965267264,24.196624911067317,16.229429786842424
402.4685363095865,327.26623415846467,24.30906628256536,16.07056843886657
403.1174353512958,327.2931579706191,24.27643281939621,16.016720814557665
404.6634069124406,325.7558169498171,24.34046997893163,15.93542257433665
405.6187464654693,326.0594636231496,24.322202196721115,15.95893300228716
406.5527874418851,325.7440475935134,24.34688387764433,15.958843850307941
407.1571076871466,325.75959086568406,24.400823830876455,15.927757305966676
408.47524130348313,324.77379169749497,24.290883468306564,16.00461048976743
408.51601019681993,324.7471164334633,24.209345681632914,16.05796101783072
410.11610983479324,323.7914715337479,24.163517526741874,16.07662814462817
410.2046456238156,323.773748934678,23.986445948697064,16.112073342767935
410.8687119428974,322.78796494278583,23.915156122576583,16.198377108487698
413.1731394840972,322.8011787703129,23.70776204347799,16.171949453433527
413.4536764778264,322.4668562739178,23.771905587010664,16.215376915232568
415.09134271502705,320.84788813885757,23.63109158115448,16.31879471680798
416.10897824198605,320.4748698881533,23.47529606130353,16.43833937352751
417.69799793145205,320.1481619733938,23.427827707649907,16.465640997990675
417.77378638783847,318.54036684891156,23.276250794877132,16.551995116897398
418.704067271058,318.83950502434703,23.290622134102478,16.57869646791459
420.266732935337,317.62076258838084,23.293466002416167,16.51364118234973
421.19318049587883,317.9158222186062,23.314389999346492,16.548128294570347
422.637546095499,316.115505014504,23.553115156676455,16.39581507489064
422.8836951014069,316.17075140727803,23.687404838065785,16.285322289342453
423.44331941654826,316.1919780361548,23.821731646570278,16.242869031588967
423.8090087000165,316.1398616418507,23.718463160459947,16.34710182019717
426.0656874825371,315.1766571474879,23.6030545338794,16.388675549582402
426.6587029499726,315.2006837297412,23.671471363182732,16.340622385075896
427.57039376512165,314.3013867478518,23.730476303548677,16.25682977819061
427.8979290182779,313.97403896787154,23.702371461740405,16.28455967364686
430.4395777992401,312.0678769636808,23.635080653090963,16.334878617072132
430.0766528432911,312.10545235591445,23.73411253825192,16.259727832604863
431.6108079638642,311.8417410884051,23.801144664135755,16.160081894217548
431.67512129801366,312.1139327867764,23.672517995836884,16.24212644264041
432.908950520938,310.8883912589183,23.70825267548179,16.189816372862843
434.2022376493862,310.8803909187321,23.62376197382247,16.205817053235386
434.26592751457326,310.8801839476915,23.49638224344833,16.20623099531661
435.82282398419625,310.57610648160204,23.495576148986814,16.19178855853854
436.42551545438556,308.711772143013,23.534885814412092,16.186379418304988
438.24628301002963,308.7371543548426,23.63044968978837,16.135614994645778
438.4919017038344,308.76573220704563,23.76266268094267,16.078459290239728
439.153022026262,308.47436358055774,23.689412007384668,16.036701557566907
440.9992242052234,308.24728037270984,23.733203869791126,15.868168603207833
441.3271630053266,306.9846632155004,23.697887438109703,15.91115824352708
443.1743255685138,306.398883927285,23.72802521788607,15.841229184574301
444.06816698509226,306.4560892744175,23.80044954548573,15.726818490309403
444.3920823473732,306.4953486425967,23.771840758912596,15.64829975395098
446.55260582277526,305.93082229708614,23.773191715668503,15.542381614240675
447.2163198012041,304.04471635748166,23.67724683163351,15.620144274981405
447.15209007951506,304.41023792042006,23.805706275011588,15.504697264320031
448.16128777667666,302.55978449417614,23.634114585232144,15.511996707720574
450.34888324048666,302.8419106751507,23.550959016869648,15.560892254236785
450.5939403305537,302.8712960237409,23.67355794425995,15.50212155705639
452.1296404356732,302.6117146612298,23.67003511184819,15.407708806513119
452.7762296139555,301.387447676833,23.600754842594064,15.408446600685927
453.3192872677918,301.0922177200798,23.73648354702602,15.387984508139962
453.5748084194371,301.1155299336737,23.838057813624367,15.341360080952178
455.3455019681322,301.1661356029059,23.976835048774007,15.240148742487774
455.9540856429679,300.2929615272,23.98716160706989,15.145256031948593
458.0485620718374,299.72131930538336,24.084401229746454,15.063914052606066
458.3767694348095,298.8832519366243,24.040390232192948,14.902837604952207
458.95214003202153,298.9207219858211,24.107737144036392,14.827897506558557
459.5255419070968,297.44582271801386,24.178513829178243,14.73374495394214
461.74582437621257,297.7293049134154,23.995783440985768,14.775042641716137
462.303210626072,297.7433005071671,24.09347496487006,14.747051454212732
462.92523941838465,297.44711629423676,24.063854102943367,14.732201518724022
464.7863973894663,295.8945377774073,23.980700186649834,14.804723530824688
465.34033191549617,295.91915977247606,24.085842397188806,14.755479540687254
466.8390410520962,295.9686828798145,24.12465559483659,14.65643332601045
466.8416892144734,295.66147701984164,24.119359270082235,14.664686753783306
467.79307043094485,294.4861825937499,24.035251806870527,14.590402312991673
468.7780296797219,294.19986094419943,23.876477348193667,14.559330932466853
470.3056688641527,294.1821711265266,23.82532850108828,14.594710567812484
470.9833572068805,294.1595787686116,23.671268936513925,14.63989528364253
473.354985458734,292.0703033749107,23.720970462139533,14.624607795378171
473.36262541823066,292.0784254192158,23.705690543146318,14.608363706767971
473.7076753977984,292.077187949259,23.614694305052026,14.610838646681605
475.53893150695257,291.5059651113179,23.538906962933112,14.557709363833983
475.92999905269124,291.46427714745573,23.352536095764922,14.641085291558277
477.4074060332246,290.8522639931674,23.36962115433271,14.676351992281122
477.6812562578697,289.37999590112855,23.417146891487906,14.64475724413148
478.66404912528986,289.64614949174137,23.23778148660856,14.707856839559536
479.603616437324,288.7324972171102,23.13999455405069,14.753813697311559
479.99416977175986,288.72512413284124,22.951976125010887,14.768559865849504
482.10756215443394,288.4081598217282,22.8588243866269,14.811969484223589
482.4571467573156,287.2255627520407,22.749502686543217,14.817773600879686
483.9490292306557,287.2290139895198,22.70726195952317,14.810871125921446
485.72740541951,286.90248097511375,22.67584613822432,14.87638106199864
486.40651580830445,286.5996813693051,22.49397774262286,14.893804082622218
487.03188441023246,286.3115650182542,22.414710158526457,14.884301974844153
489.0652425924471,284.58158399341573,22.438692757554435,14.837950627272013
489.35246306061424,284.57374160275856,22.448226822279043,14.853635408586364
489.69419970803807,284.8445972030101,22.349132712427753,14.896303393079627
491.57099098342115,284.5378463923099,22.097145713092804,14.926205755908136
491.97085231461296,284.5655819964449,21.877727425452168,14.870734547638099
494.4507203540892,282.899922065404,22.102710486607148,14.74557498298158
495.0200440739255,282.874991159328,22.11884130881804,14.79543679513359
496.67460280677903,282.3474097672316,22.280484631580535,14.693679316503108
497.5268356721072,282.34935656693017,22.313612056467985,14.68978571710597
498.64965415374775,282.0756534638642,22.38649676565772,14.657561505120176
499.168176254565,281.2125879890043,22.50982845609566,14.643128616731241
499.73055624149083,280.94848426672024,22.548664081132586,14.589538261855107
500.91208225301847,279.7801236391277,22.51155666972007,14.6003149053973
501.8205139345186,279.4907960763426,22.43802220693843,14.59786039756136
504.169670793661,279.4843083939988,22.37943596401391,14.61083576224893
505.0379550518188,279.47822063389646,22.38077754640494,14.623011282453586
505.06768824548067,279.1663274072428,22.321311159081255,14.667271320720268
505.66293993256704,278.59028414597987,22.289550105077996,14.66061552307678
507.16485313177066,278.31565791411913,22.17964097237901,14.631084533656564
507.96541191621935,277.75201217538273,22.308447281483183,14.605093425795042
508.79052646392034,275.75542784009866,22.392645395869156,14.551265273524503
510.4813820286658,276.0601776719111,22.481984252925404,14.520273940990661
512.0991286526516,276.05713307468056,22.722474932556178,14.52636313545175
512.360418309453,275.70803562287546,22.782930596400128,14.641523061615333
514.6440069362498,275.07224358305814,22.902670786959526,14.741377780211847
514.5749975881602,275.06899305496097,23.04068948313879,14.747878836406171
515.3796777919825,274.7626264778949,23.205835891913495,14.769109718398326
517.1005483517097,272.6870742691462,23.330071897715698,14.759907489763084
517.4183757033094,272.62743455014146,23.290451498373145,14.879186927772546
517.7805407081389,272.2553405386149,23.16355829258377,15.025938146956069
519.0317641587259,271.90855330492514,23.053056394301258,15.121526363612658
519.3614417563465,271.5698478970144,22.991622967532795,15.201015410961288
521.7939796153794,269.991495370842,22.913126929907044,15.36610816303109
521.5799496513936,270.25272420271943,22.741300439168075,15.443536917986771
523.4273562159946,270.186513927985,22.63799252829476,15.575957467455577
524.9111775421597,269.883598848596,22.666449485120594,15.582567704402368
524.9865926840321,269.23261148691205,22.51561920137599,15.685025311339304
526.7135052303503,267.1467317072341,22.65684928792513,15.66255382831229
527.3351162930012,267.4540252953991,22.615500836949167,15.648903489145255
527.9020921635679,267.7168984746537,22.68172320796163,15.723244186708994
529.6748409529876,267.39610096540974,22.75011959766121,15.762523543773716
529.9910073736334,267.39777682449915,22.721784239628782,15.759171825594922
531.7835609584571,267.1036368742278,22.757762924052706,15.743937417125746
531.9033973531795,266.17784264896324,22.518090134608062,15.784109105881967
533.7894168588742,264.9806238484051,22.351146211373543,15.775149981561379
535.2402619647389,264.9784064565258,22.440342118419736,15.779584765319978
535.0579147850705,264.91509939898975,22.20543725871267,15.906198880392127
536.5808368107514,264.6152241765031,22.150244219855686,15.907819122864423
537.7150801077712,264.320853329037,22.27104009402275,15.899240200745005
539.0728288635427,263.1181414779099,22.55058916714875,15.908626635264007
540.2404921420965,263.0744091362174,22.62884137804564,15.996091318648967
540.5266031633588,262.44204706296824,22.662639740274944,16.048774655639345
541.6340509631402,262.4673477836391,22.87734464347664,15.998173214297644
542.2265723924822,260.66099765057015,22.911925625440254,15.952001958492627
543.987800416758,260.70149566353274,23.046900660151554,15.871005932567366
544.2715399504574,260.44058177515984,23.08969186607729,15.782563435988704
545.8007220625827,259.5504597234985,23.078585674303753,15.734452719825187
546.1653997883894,259.24505838125043,22.957717506084034,15.736768120927529
546.5020593754132,259.1558271684485,22.891101886835663,15.915230546531292
548.9574604617859,257.56107321242087,22.849498546577724,16.061489188282
548.8948185354554,257.5769019202157,22.9747823992387,16.029831772692408
549.1784040454799,257.53497817324205,23.0194182158681,16.11367926663973
551.2411023559812,256.8815372039045,23.191081236842948,16.192829879035518
551.4821187867833,255.65242838803385,23.32681468193451,16.179982283993702
553.269072084093,255.29217677134892,23.47053228771726,16.2808814839632
554.1664103062886,255.2932303104047,23.54618034567513,16.278774405851625
555.1196817936618,254.87861002012417,23.51328313690682,16.483466397753276
556.0684174014923,253.22412506903086,23.498111387894028,16.65527052219279
557.9622425102895,253.23961474014632,23.49068310774104,16.624291179961883
557.891170706206,253.2312955580352,23.632826715907935,16.640929544184058
558.5153152719382,252.876266268262,23.648214343051386,16.71914974442655
560.3841421679946,252.90214907619074,23.710725975920358,16.66738412856905
560.6957769940451,252.26837739430337,23.720908946897435,16.66802224618794
561.328552327093,251.93271991572067,23.722592486582002,16.705720100463164
563.5955002942254,251.84088957955382,23.628547519716932,16.88938077279689
564.5469383933089,251.79663308084199,23.63327320705345,16.977893770220554
564.8565142068902,251.77134882189168,23.651516878677207,17.028462288121172
566.3971942959691,250.1794065897897,23.762673925943837,17.019829526900658
566.7227309958384,250.13972394914595,23.751646346576933,17.099194808188116
568.0025729152212,250.13416810466606,23.75669946474131,17.110306497147914
569.981049484036,249.44430211186784,23.648407595939677,17.207151393134936
570.2864192901429,247.87069165266325,23.679060436124715,17.147410049549904
570.5831621218518,247.86979966808966,23.726450986042714,17.149194018697067
570.960263356652,247.80864549462805,23.61387273366075,17.27150236562027
572.8690058866181,247.77470670774238,23.64793474782723,17.339379939391605
574.4792304561287,246.52306575352114,23.6452621398901,17.26844062296692
574.515930589849,246.51054649275193,23.571861872449475,17.29347914450532
575.2552395262314,246.17639679401785,23.37653815735375,17.320131463138846
576.5563663331205,246.12799804012565,23.330747552670815,17.41692897092328
577.4765352820273,245.82411686450078,23.410421413251775,17.384687402708273
578.1425028195828,245.4371887249921,23.359862750940543,17.517855475325685
580.3632598985906,244.76207909833477,23.4130344189808,17.583878778338644
579.4901590932119,244.3618466058134,23.227274794546627,17.740356684984214
581.5278403005321,243.66006983384378,23.014180253645534,17.85648760434371
581.9430752945811,243.29865638358956,22.826060297725867,17.936964472673825
582.3852775616299,242.93846328978844,22.582437799845998,18.01656862405836
582.7223368757219,242.33974797249897,22.54666199724048,17.937313607480384
584.9250579938671,241.17504057517422,22.596782821963984,17.720692367264796
585.049067160452,241.42036783958298,22.34876448879436,17.86379676666398
586.3820132930565,241.43664764578116,22.21200517882729,17.831237154267605
588.8865015319722,239.3104302938162,22.240293575325843,17.676065093158687
590.2828934922392,240.08512377950558,22.244742162633433,17.570100276154434
590.4842661386137,238.98912200408873,22.467920921708423,17.258407619691955
590.8635947743132,239.29678772132576,22.333528892103182,17.26734142701178
591.7394935293974,237.82734014729107,22.448807216828413,17.094443516925168
594.4989106571279,237.87585358593148,22.521668784094246,16.997416639644378
592.7353177251217,238.72816546929593,22.323899691388,17.155270351274776
596.3580727605761,236.31594328430018,22.523018473666255,17.016628819141655
594.557643006442,237.78086357778668,22.396916410367282,17.19258954180787
597.2941117439677,235.66075625095436,22.5229561916585,17.078044107206118
597.6467060240841,235.64900950351392,22.43992997655657,17.101537602086967
598.3779199436676,235.65633504256866,22.220061960294395,17.08688652397749
600.013198874405,235.29108775217077,22.037934412410976,17.199695042054998
600.6510781850492,235.2343563026001,21.995655646126004,17.313157941196323
602.4585065945784,233.41110451908952,22.08842359350848,17.252036741776706
602.7610163538168,234.54244038389194,22.101767363409273,17.462818165682435
601.355156594582,235.02446520694377,21.803523307988144,17.742753949135025
605.087395270666,233.39845919912065,21.802501867439666,17.88499266827311
606.2309924919527,231.9393848958006,21.922145634299895,18.031845229142753
609.0430359955335,230.1259874283786,21.954114040443187,17.887936555116795
609.6648652873218,229.8929705267896,21.963688333327266,17.72735392006436
609.5571525704589,230.44029365696585,21.979145317088555,17.634990465561636
610.6182189294063,230.0277767452946,21.935112458387795,17.5329776750341
611.7844913905213,229.49983848907365,21.755245451699846,17.548460172760468
613.9197083607654,228.97102999952392,21.811294596333713,17.369939127539393
615.0822852962718,228.12297153077054,21.950282605319018,17.21794965504759
615.5590480914788,228.18571476077082,22.228149029606264,17.09246319504702
616.4578619349682,227.60614161464747,22.284222561910067,17.015808674438603
617.7058400863056,227.58441687603892,22.258291386391665,17.059258151655747
621.8849239145319,225.33214719895983,21.93177363336821,17.239062942428866
624.2457216013054,225.51619102411368,21.520469534110596,17.486731188448182
623.1505804046024,225.4432749623725,21.256892105857585,17.63256331193055
627.5469540623377,223.87238701516034,21.028884224626843,17.715503694126294
623.54620154005,224.21841569941563,21.105721910454626,17.63303612244248
626.5720147293488,223.60949409098728,21.14855622740577,17.631987200189442
625.5275612442525,223.65141189188756,21.407195645492894,17.548151598388877
626.0703876789418,223.36965573979313,21.546976845675122,17.498946867797386
628.7506990155846,222.21695221800763,21.7129819351773,17.348074905684797
628.660203898069,222.58375009743347,21.89397217020855,17.22865299261944
629.4535721705431,222.5907545323167,22.152260269463767,17.214644122852995
629.6710129912873,222.63682301192526,22.33610957628213,17.12250716363587
630.6073314362393,222.67000430601652,22.32358675660756,17.05614457545336
631.5151447599334,221.41343753863106,22.364254321987794,17.094219159866345
632.4410120252295,221.34958773998133,22.37253833845966,17.221918757165795
636.2371371854305,219.237331534246,22.25233646245617,17.43744048518099
635.6365007624628,221.2591050899644,22.205839361050216,17.761088189438887
635.9370052661872,220.17420975146646,22.233256994742906,18.045598943010425
639.6024990001989,217.67101625878522,22.123956041191846,18.384719606620695
637.6273178987581,217.35845895664653,22.250805685593384,18.372582117818066
639.1554016742754,215.09203481965696,22.38968386283137,18.43236637221547
642.6430981426304,215.94622014524447,22.327906435706083,18.481142086210074
643.8218891980065,215.4167330363511,22.534424497041403,18.469666976386414
641.1544445919995,215.09899227676237,22.709793356024054,18.460208451434923
641.5242592649614,214.99977267579143,22.617646447175346,18.65864765337683
642.1590306148344,214.95188511557134,22.646648662692677,18.754422773817012
644.5293647307866,214.58345730605527,22.464833095555075,18.84001372645388
644.5719585638176,214.02592914252867,22.379645429493113,18.655382984955235
645.8667492205242,213.41646878905027,22.37228495096103,18.583193274471466
649.9862576112127,212.3091750721869,22.313486486081565,18.407722797786207
651.2244474922455,211.65601518836854,21.969187842528846,18.783806861806625
652.4047650045067,211.0085316691992,21.81057984610434,19.017420775603885
653.312173915453,210.7569017489275,22.123113767072606,18.619568532942353
651.9100169193877,210.91767802129453,22.36333293930325,18.298015988208295
652.7462322673333,209.80310266966242,22.6095090579154,17.9690242721347
655.3262952540441,209.47134817884555,22.55327529014402,17.994546728062197
656.047493743723,209.4242806922532,22.385955632986075,18.088681701246834
656.9478901111505,209.1392830935518,22.494654196545632,18.02217979917808
658.1100886580701,208.61603001460324,22.71860827366608,17.794510371595226
659.3634099581686,206.79077075906727,22.759256259871805,17.624093003063308
660.3514512104875,207.099667979093,22.68718838150604,17.640970105102568
661.2761623213984,206.79232822201186,22.739300929467696,17.621804696003792
662.4620171126926,204.9647317429563,22.904908907715978,17.471021312859683
662.9744396002657,205.0560813040849,23.14886435250476,17.288322190602535
663.2269405214389,206.073985646675,23.278994417229296,17.15790922663568
665.147211673812,205.45435275381138,23.248302429420423,17.127224906717228
665.4389433676408,205.16447655294894,23.29884475849275,17.072971591711877
666.9297210533548,203.9847040672431,23.48670854743766,16.896981234825304
666.8639667030322,204.3606786704979,23.61821724808284,16.778875383921847
667.171242128385,204.09582941900086,23.637557616521107,16.674682667772416
669.296281661835,202.62159977104517,23.814744554580855,16.460809102998184
669.8924138520604,202.72180467436775,23.88570403441418,16.260399296353025
670.4827561347548,202.7651034649318,23.963748620590295,16.173801715224894
671.6595825984788,202.51282048475983,24.126512572683442,16.04926345568354
671.9832576497445,202.1896928567922,24.108647061153658,16.066034120617054
673.2039687045666,200.33006100581292,24.185203982097185,16.008329276694283
674.4763791682125,200.3353308321394,24.159126812718803,15.99778962404135
675.77375734641,200.30613603652154,24.080845641342474,16.05617921527702
677.687622051582,199.98317995818144,24.026594003143824,16.073178409933007
677.7831067651625,199.64559636132373,23.83562457598279,16.119966084323877
679.0840771567764,199.63047307214393,23.738812121068662,16.150212662683472
680.6810834859394,198.4019563699938,23.671425854833682,16.105944953310853
680.7224342608439,198.10457612491734,23.588724305024762,16.077129110316456
681.5360984721443,197.52722372721544,23.826953796627578,15.98812862958443
683.8051100695687,197.1774870296794,23.656676895317155,16.06363826843671
684.0867339804335,196.87129562935226,23.716081998651326,16.053368144027313
685.6406732582132,194.7299203722188,23.725090450379305,15.972476848091716
685.900521861866,194.81429212706442,23.82756428527503,15.803733338400475
688.0327677238871,194.23977751528835,23.909434251194874,15.710944936249167
687.9864447410023,194.29608069590233,24.002080216964387,15.598338575021227
689.4421438956743,194.31966468865147,24.191222411685892,15.551170589522943
689.6961181734948,194.1151929991521,24.305429767531855,15.337958057034609
691.4672061994819,193.52205262312208,24.485050178564677,15.283639988092336
691.7034805471153,193.15870287916337,24.6345750858886,15.38826587341897
692.3893993707107,192.481780160134,24.514861131329006,15.489987618846353
694.557781518858,190.89400996575438,24.559935762351888,15.53564305952192
695.5494761867232,190.87709899307256,24.458792878324687,15.569465004885558
696.2251889802926,190.52047738097912,24.36030363442905,15.656240057450772
696.5502771370357,190.19895456235335,24.33657118496929,15.672841830676045
698.1952611828543,189.8701110443429,24.17843094651904,15.704163296059502
699.0610327253947,189.86672169843274,24.320441181224588,15.710941987879835
700.4011191776754,189.54270607312102,24.147308017721272,15.73221330323878
701.1130043325549,189.21751336391426,23.97257513898132,15.758080006142833
702.5956205800843,188.32630512760758,24.11897940193849,15.673514423946484
702.6901490006986,187.95742619591783,23.929922560709905,15.788157267320367
704.213259064064,187.64923940092848,23.994640040235716,15.782343336047767
706.3681622702044,187.32824843341967,24.046272193355662,15.801262618865294
706.7225798623086,186.97822299475905,23.961589925816167,15.877160579517476
707.9342270870617,187.02444885156348,24.03487182520905,15.784708865908598
709.5477588504712,187.02447218007936,23.926338761207568,15.784662208876856
709.6049069946555,186.3632687120885,23.812042472838925,15.862918095102607
710.5610731327816,186.33387818697554,23.76468861490128,15.921699145328564
712.7978115628863,185.44166544266454,23.644678980448838,15.840352965769041
712.8087433528443,185.46310189835,23.622815400532858,15.797480054398154
713.7553726105137,184.57676261895784,23.582736662689832,15.71697883568658
714.6566086939147,183.95298418731917,23.627623435692414,15.732963072427522
716.5973031140174,183.28818055984152,23.446595662208477,15.829116638475632
716.6288210707514,182.03754932024088,23.383559748740566,15.867979059909288
718.7358882237331,181.99747503127222,23.47649199667943,15.94812763784663
720.2767472006341,181.39884666852325,23.484892941224597,15.909336804005715
720.2403185372873,181.3644463315238,23.557750267918095,15.978137478004621
720.8645660466082,180.4421317103189,23.548745898584635,15.963530746452193
721.5678937081974,180.12385681166145,23.380825621051397,15.980713020944545
724.0162566954348,179.23012301482967,23.42107561475325,15.916814626541925
724.0947352876698,179.30953018028205,23.264118430283265,15.758000295637132
725.922224142362,178.4568978211725,23.279177166819863,15.628246790895718
727.0844557198183,178.20378621918576,23.39370003220879,15.524723489793857
727.6156115412098,178.26624499204968,23.55088548163055,15.399805944066046
728.1529990334296,178.0281645828157,23.696169899235418,15.265937061511655
728.5413077602802,177.40649752764767,23.529527715601702,15.289320631712727
730.623733821671,175.28493049234808,23.61974762894394,15.277382666188233
730.97596184835,175.59990166164138,23.52431256153391,15.256461313549782
731.6263634845493,175.5970836136131,23.437991548606206,15.26209740960633
733.9835996835889,175.29582394678587,23.571843608017506,15.258576186074484
734.3077628044285,175.32752242120765,23.531506400697356,15.195179237230965
735.1933645734229,173.81138991983002,23.579281852312658,15.195812590646028
737.3128893157538,173.84717870094207,23.589602474328963,15.124235028421918
737.5546119276191,173.87437377855846,23.71216916794662,15.06984487318913
739.6154894161816,173.619698258088,23.8389761498745,14.972258491408244
739.3652569419911,171.82856550691164,23.732241181569297,14.911324493643743
741.1532601354768,171.8471611420614,23.783735957564577,14.87413322334423
741.8110318249386,171.89531588299906,23.67765189387929,14.777823741468909
742.6708016113562,171.0613490760766,23.762701839267823,14.641167837090373
742.9636269589358,171.1125906632465,23.777556565077067,14.53868466275061
745.0837545414603,170.55036123161992,23.730330122342163,14.465135319628324
746.8208957007948,169.98664768464013,23.838424684027817,14.398436786802918
746.8653347491853,169.3661961945454,23.749546587246876,14.444239831868014
747.4885089882815,169.34830109894105,23.697193102228017,14.480030023076708
748.9895192001952,168.41007647590538,23.67927021845213,14.566020745117232
750.5182960236442,168.07301512627788,23.611706953118436,14.642145368059346
750.486328940653,167.14801247966338,23.675641119100938,14.697345112386618
752.6020925869241,167.21005554765756,23.645160538810565,14.573258976398265
752.6275898793727,166.87957489698692,23.59416595391334,14.63660940603145
754.1274089856124,165.6480608302575,23.58409640593626,14.707982607888546
755.6426531283893,165.34807121251578,23.548413143738678,14.709000838700764
755.958066500153,165.2917057155479,23.516031472850287,14.821731832636546
757.7258390674538,165.00385148441683,23.57958894040313,14.797589861206307
757.7780740080885,164.68371365143676,23.475119059133505,14.837469482082255
759.8674316432861,162.8876710974578,23.492919042247905,14.832541515603543
759.8605824372987,163.19796181712806,23.50661745422267,14.811645941131571
761.3398838286679,162.85824584989328,23.54571842123927,14.891537125650112
762.2771441035793,162.53807459486788,23.475587645707623,14.930416377603853
762.8907731492767,162.24682034949163,23.450458880971166,14.911860205027274
764.373414453468,161.37213524543697,23.487067309481382,14.860095791001047
765.9060162636173,161.41501883275467,23.42216205868388,14.774328616365679
766.7413335384288,161.38906100399979,23.544486422975144,14.826244273875458
767.0361932326298,159.27819896408914,23.555118480132382,14.84550823478071
768.2486452795213,159.24625269156724,23.53354669130375,14.909400779824544
769.9714663072837,159.21419389537286,23.697385903422514,14.973518372213256
770.2788158631648,158.93516144064864,23.687790915253238,14.926479158068684
772.0466432438094,158.95857124590813,23.777173655174753,14.879659547549714
772.3176566182357,158.665973867402,23.839871175092384,14.860130035791617
773.5282612254946,157.73414531121873,23.839995343791397,14.907787110745597
774.7650613931463,156.76902817209094,23.79093285466228,15.0196180043703
774.8561126321596,156.7251703532545,23.608830376635684,15.107333642043155
776.3475003543236,156.36148534367072,23.65614203165299,15.22868624134167
776.9565951248718,156.0628558190042,23.655459425549537,15.217191823178247
778.8148992796215,155.1650380197277,23.59015878470054,15.187173587406008
778.8103598721298,154.50167584712733,23.599237599684205,15.299754744016141
780.6959107331066,154.1760705558948,23.48265668953008,15.341878524514566
780.6913380527257,154.13591479660124,23.491802050292165,15.422190043101695
783.0994636162545,153.5673747401186,23.551677156653138,15.340238597712283
783.4047781679864,152.3239720417365,23.55009676928752,15.39084913008356
784.2583991403883,151.7147945567767,23.67246065153006,15.3894668819723
785.5075882755477,151.69096363656388,23.620807312156998,15.437128722397933
787.2836416615012,151.35510117647974,23.738905957289575,15.49715273972637
787.5887889198491,150.0969977739694,23.74308475271673,15.555466296254647
788.5877942196346,150.35178255449676,23.59159726629801,15.661404439584036
