150.8000030517578,525.5999755859375,8.399999618530273,8.5
151.58650889144073,524.061183752417,8.48839355385821,8.44845917528596
152.50297207305832,523.0143844075744,8.522520524717342,8.40828262600619
152.33736833412183,522.785432516236,8.587102698650218,8.332935800802995
153.38123301648807,522.2645473315862,8.630971600619693,8.308907036751531
153.764219606317,521.2260724503107,8.665271486715026,8.251795290627662
153.61248804224988,520.1901861335317,8.702344008709577,8.192443075068102
154.8160471990307,519.2709659817909,8.689489786561042,8.168677974117163
154.81372544704556,518.3570255637031,8.69413329053134,8.13839983565862
155.5954845399535,517.454897168684,8.720873954824798,8.087354633902613
156.64010061237218,517.086398609421,8.748837850907357,8.030403237083624
156.36365770202175,516.0516010883316,8.773364758002792,7.986562624840868
157.80591116858872,515.0035151516616,8.79135240996836,7.971829345381193
157.93219378567517,515.0021146180892,8.802695410019822,7.974630412526059
158.19938257819481,513.9456751603278,8.796576605361631,7.974474206524262
159.25519553399667,512.9026155157192,8.797204263726204,7.948339925773392
160.30684931010245,512.3819160884699,8.802893814062628,7.935240228997848
160.82679414673103,510.8152775460788,8.817020583994886,7.906467984211819
160.8342759970947,510.81201655584124,8.80205688326752,7.912989964687009
160.97328113425596,509.7566128876008,8.787182587864695,7.918709469809989
161.88985248879604,508.9843639847527,8.795012049063896,7.8852311295524995
162.4153899831116,508.0694515239995,8.794270245798124,7.876972976669426
162.53754920920377,507.17281233977786,8.812391683433393,7.833172116375344
163.32337880646978,506.3936009673285,8.812861143284204,7.819466206891308
163.97908644280483,505.6136176617632,8.81049383627678,7.808575259226566
164.90548672189502,504.56447390931453,8.788884129655028,7.814073219485634
165.05903199115193,505.4549291089639,8.743144796450272,7.862621257350663
166.11064357511358,503.36066272473903,8.731251239769794,7.868494803314635
166.50508383980466,502.837382030366,8.7263458273422,7.86975603612141
166.75441001075276,500.8969535882083,8.750231263364395,7.8315795860484405
168.1851005305717,500.78887373479427,8.760187643381892,7.786708618362341
168.18227678187034,499.35990987104555,8.765835140784562,7.779485261295103
168.31042941502676,499.3683530915325,8.769970324994775,7.762598820321175
168.82953527857518,498.8574431494639,8.77269684359383,7.743480458762557
169.87288782954406,497.4210385416156,8.765759718875874,7.756608705781967
170.14235949614263,497.0271579386472,8.746963221224629,7.764149658399958
170.02297592715243,495.9811022949216,8.725828019205208,7.7770422258525995
171.3450253223361,494.79150101325763,8.679532436211725,7.818221902544049
171.49090233505862,493.75019570633157,8.647497032749747,7.823083540531817
172.01188470310794,492.71632585467427,8.642724211434079,7.816439414280515
173.05218902015125,492.20637577105157,8.635057643909681,7.799868548244663
173.58340559580824,491.93952984437914,8.607561186258264,7.816092054758333
173.70748891330646,490.9226468023727,8.617959667113947,7.7813372119540825
174.6081508660444,490.0331264143631,8.623844049335997,7.753169700275259
174.75447855352925,489.24618489739686,8.589003266738043,7.78016517997758
175.79001445847769,488.868420839747,8.579559408518309,7.762582813398409
176.43023526337964,487.97541653519505,8.585498596832238,7.747658305137257
176.57359315546447,486.7016183743846,8.555913264506579,7.723950108318362
177.21787517670168,485.689687169618,8.548809690022441,7.697475769067067
178.25466410696268,484.79393595800525,8.521305288076933,7.698663916038205
177.50800612879632,484.2749261859153,8.482518594589314,7.715281693671184
178.2849803727216,484.2728588182908,8.4586416307816,7.7194164289202085
179.18212971208382,482.63518798929044,8.447285428788232,7.683579201563129
179.69056618291341,482.5150852620669,8.446245201752873,7.669826477354282
180.71154820363142,481.496947202937,8.434063250612358,7.676320505318641
181.48853007031954,480.60371210920033,8.40191949895521,7.687334047453006
181.75150888633468,480.46608360966184,8.382585044000486,7.709279457992291
182.78600312007578,479.31080040763754,8.340474386085667,7.73960832627759
183.18943389210932,478.40473304997806,8.29316918326046,7.779444912032016
183.21472862711968,478.129824979136,8.242579713239762,7.823101637594486
184.22969922329256,477.11871041625625,8.236488878146421,7.821480406101664
184.98486121136446,474.94971166993673,8.268186780100557,7.7921512653239
185.58829460255566,474.09862429188246,8.297658446284,7.767960504888989
186.1978993057346,473.19817729020764,8.327125277681024,7.7615087186631095
186.7995695872279,472.3321735735889,8.332121529752001,7.752916866801036
187.3905190159985,471.4427003690181,8.323858724790682,7.763534346224936
188.00221363364435,470.5500297243208,8.312919604647114,7.775741097542961
188.60886086119467,469.6498112105958,8.316630862553804,7.78526207654928
189.19630569865652,468.74750415224554,8.323415431773318,7.779391843539649
189.7912979825331,467.837629189251,8.339658161479916,7.780528365889114
190.39004456722608,466.92292010234377,8.363146739749492,7.783275827733638
191.00526560493267,466.0017135347668,8.396491112859396,7.764644599270872
191.6022281430349,465.1669314703451,8.435730804276215,7.732887493316272
192.22985249704152,464.27261623869435,8.469467893400696,7.702607695709291
192.85452719432288,463.3921738885005,8.506734554829192,7.6668062635301615
193.47582868912852,462.45457419347713,8.533359589862153,7.626891703833393
194.50541208654693,462.4534152206191,8.50932908405878,7.629209649549506
194.76537579320058,462.3396827271566,8.49751310146004,7.602618921120087
194.15523843936077,462.2105423824491,8.450550548913336,7.6074521584899175
195.4405122921087,461.30949753091994,8.407950649893978,7.639978397014609
195.5761475685347,461.31661177359626,8.389331033789901,7.625749911661915
196.59069332225653,460.3165223183409,8.377314104248969,7.608854244269975
197.0879491479211,459.33139574435694,8.389514274636044,7.565683748805463
197.09309629664352,459.08138544326494,8.379219977191239,7.563345927995371
197.3444827435516,458.95596988343635,8.378410734449496,7.563195222115301
198.47443253065933,457.7129706737844,8.377212683910319,7.539525281778923
198.72736205173203,456.9629568922621,8.372494622695092,7.536129902032801
199.86001013321652,456.2233669725218,8.36118500556907,7.5126520442848985
199.86860029517234,456.10403856104847,8.344004681657452,7.501416485093017
200.24589854937497,455.2399294346022,8.337746104536318,7.483512898322576
201.23270619044345,454.8868236335125,8.35663383374435,7.442535871247459
202.11052506834264,453.02012215660136,8.341907918584965,7.445413452271918
202.1231792556525,452.281750309441,8.31659954396525,7.431043139318492
202.2631411020622,452.28704806954823,8.284572176040065,7.4204476191040225
203.3930645326977,451.2707415216137,8.249791121924332,7.475224441946214
204.27159178576233,449.54154777658886,8.225677090974415,7.467730981637095
204.40294821548818,449.2957608365966,8.210032445386918,7.4651684338932185
204.89485761410208,448.30268657918447,8.213349137317634,7.477045970400614
205.88544072281448,448.0499219718934,8.208381401882228,7.488525564485379
206.87622023318642,447.32572701135837,8.203865514992327,7.454133135164998
206.5015729254029,446.7294588966682,8.213624192228751,7.4141094673276235
207.48479120578872,445.9832110492408,8.215391716755306,7.430452098208669
207.72656441466816,444.770899939347,8.224472718376964,7.391937221093524
208.5878869245681,444.7843577627247,8.222710011411136,7.365021574338035
209.31543184039046,443.80910601464564,8.239919206193504,7.352459701926748
210.298676702432,443.45759547867516,8.237028067626394,7.319131304299191
211.2821476794142,441.7440578225123,8.22906410353634,7.317995134344739
211.4125658696442,441.6305017540497,8.212958182004806,7.3003768123415185
211.29736155701062,440.7853055941403,8.199168017537806,7.281377604021262
212.76778300306694,439.80985970683344,8.182496942396904,7.282821500653903
212.7753503163976,439.3328789841293,8.167362315735552,7.263001851708589
213.26240118849753,438.36926244280346,8.164834572803134,7.247086931825355
214.3598613906314,437.2860034807311,8.153312573524325,7.230206450981171
215.21609847462813,436.44034626750954,8.13589595199727,7.226463330957923
215.7075054353289,435.7098446815864,8.12036569345345,7.236541008517669
215.84654275432626,435.0969344468824,8.084031955012549,7.2536569801562845
216.81577748049133,434.00841011798155,8.077161670364656,7.257656574315407
216.94670000808486,433.052090635896,8.0567235898272,7.239039741290204
217.7921719078329,432.33858739918884,8.051324492243475,7.2212936130653
217.79868748200064,432.2261476324098,8.038293343907991,7.205748291730695
218.28506765794984,431.27813407278836,8.025429492874487,7.181982409243755
220.1976546647225,429.95821777949243,8.030570635326956,7.188473326087187
220.19315417727762,429.4919166397712,8.03957161021672,7.162762629149242
220.9196477863275,429.0117271244081,8.022428005628916,7.165912584200862
221.99678155608774,427.92885719449083,8.019982755679296,7.179830154464479
221.9978936121165,426.3888243568367,8.017758643621738,7.149311721631817
222.00331130668187,426.6243588348535,8.006923254491017,7.155749956841544
222.8410899435989,425.08223825803066,8.00218323086245,7.137044788677097
223.80441451220244,425.19564198976286,7.982059689100158,7.148553024643273
224.64941351500696,424.3566609957548,7.959370425163102,7.1592062709875295
224.78309440368875,424.23557476501276,7.9300130902227,7.163374290048444
225.73653130252308,423.4032576392446,7.924055085587546,7.164707222680416
226.10706652244914,422.44289909243133,7.895613846151577,7.185079781863815
226.1211587073109,420.6543915076469,7.867429476428099,7.200715013620493
226.3725775920847,420.2955034879561,7.839062779512141,7.206784444054572
227.44091556028357,420.1843537404609,7.834398337349465,7.192193773018953
228.51281536587865,419.11393245765163,7.8198656270157745,7.203769437781001
229.2297714605062,418.28346261440555,7.805211068125791,7.208908555513887
229.12359392932456,418.15082594127676,7.781169926090957,7.237785697373246
229.9470330583271,417.20282712531474,7.7896536495137125,7.241941064808405
231.1316630584768,416.85135273976675,7.7871810276150155,7.234853622384262
230.54771104650084,415.79049382509066,7.772447575076036,7.227823994052902
231.7181994068742,414.7420035706866,7.7933290621755456,7.1991321157993955
232.430768658472,414.73382631036793,7.784522888996823,7.215486636436789
232.66303675722878,413.3222067773873,7.79234294131827,7.204588203388056
233.61561683515967,412.6195632857802,7.776197145419571,7.193114416630024
234.08157183425547,411.6833432915919,7.787057054138293,7.18001459118606
235.03114240289335,410.74993038442466,7.773143474016056,7.1616128483668575
235.39265540121502,410.27570091366096,7.755548625363067,7.169496925907056
235.39760282502436,409.5764936989859,7.7456537777443915,7.157942653344503
236.346848892309,408.5177950122481,7.724415080792906,7.1634299095003
236.8323352954824,407.3250968321378,7.691092823296238,7.204699897595573
237.78902830440165,407.66179834802176,7.654091978696054,7.234941305791989
238.02823376858433,406.0176242573887,7.644580522430838,7.240993182357207
239.09030808616387,405.766858563667,7.630004370188101,7.273730684708202
240.03875196413378,404.8211675825834,7.610618400310217,7.287610860813401
240.1665866868051,404.10527117022434,7.589552952561648,7.311779699967231
240.98714536179037,403.41208493235627,7.591030843301369,7.290213397951716
241.2161137556267,402.4809485555722,7.601770720548698,7.277779491839869
241.44676483371566,401.43464414550095,7.609088040040314,7.2616006714693535
241.9127828121687,401.2169019800882,7.613724442067148,7.228748822828378
242.8453241754176,401.1113009199691,7.618402352118951,7.206230863497943
243.66030435481431,399.9546504544471,7.622495612500595,7.1851694814346
243.78164705693843,399.1292068985148,7.612976358172076,7.203893543861266
244.82438547598346,398.4435720675926,7.627328216615228,7.1752774080167985
245.52725380632774,396.8159897998313,7.620099892873197,7.167255823997466
245.6363310839497,396.70841219428996,7.634789780828271,7.149566591881144
246.5715191541053,395.8890000452299,7.626758913969788,7.158838775730036
247.2757184582194,395.6513520284561,7.615249742492132,7.168504997027556
247.27588854387957,394.61061460499127,7.614909571171757,7.154883713639112
247.98113447652148,393.805789035988,7.599819484564485,7.136566109856391
248.90707620030489,393.346867198298,7.604259202532768,7.12624820246885
249.36717617339372,392.66624896975566,7.611843087585115,7.095808912708619
249.5959283201942,391.73870704979475,7.617500640368068,7.098245367094747
250.41496599249078,390.9283500817504,7.601381025039176,7.097003573919069
250.53735028411052,390.1220735865165,7.588048992436856,7.0895007099269645
251.9207420385784,389.19181452963085,7.594575617649987,7.101145400932334
252.72915499835216,389.2025000320577,7.597522130002613,7.0797743960786015
252.38159183912248,387.9341682252981,7.599340729830747,7.074309707949866
253.53430253642455,387.9470478357033,7.604360597223923,7.048550487139464
254.33874743299566,387.5026926739132,7.61046180333209,7.01440881114795
255.14472391711556,385.66131564715613,7.61036451835884,7.012921302910182
255.3725061841487,385.1004472536403,7.615279807592103,6.983458531692852
256.06538390941,384.4235348525808,7.6086096973692,6.958197993512159
256.868039200252,383.60875190605583,7.608688718058724,6.982374284188577
256.9815951856365,383.49972454559423,7.611304339164519,6.970701413236933
257.442602535437,382.5933326020848,7.607619562871941,6.94682545363895
258.69165617388813,381.57927573763203,7.6301050166947775,6.912636039223963
258.56978674265696,381.47190994097826,7.644894023667671,6.898417777042055
260.167273985634,380.5616413841752,7.655262891105157,6.887330117281678
260.1586291176948,379.66210590312846,7.672552626983639,6.854902091681709
261.17623352844186,378.87114938079503,7.695537660550715,6.835997693523133
261.85495294095455,378.19893792086236,7.710556669483117,6.807962779430709
261.84654898141935,377.18612860360395,7.727364588553586,6.776832865754021
262.76200026832225,376.2751698589456,7.722781225205827,6.7724311446125744
263.2170729071157,376.05850965395666,7.7252294466490845,6.749454805075415
265.03005330178974,375.26722946985893,7.744360812031086,6.737287355576379
264.9087737685436,374.25345757498945,7.759000329495173,6.713555204061239
265.3643334627884,373.4498159633952,7.7589431492287355,6.726479562859131
266.3890327591819,372.6603764777563,7.761292421772207,6.709554638880014
266.9598338213937,372.7747771210657,7.758374462464595,6.70849018528446
266.84614630087253,372.77999935669396,7.758074896718371,6.698045714027893
267.8610687752974,370.2932633730606,7.7757513778588905,6.66646529687437
268.76124124792995,369.6234791144837,7.79355602748395,6.6424216178604585
269.43280205331024,369.06729441372744,7.813379209262676,6.619003692256915
270.4476931136398,369.1851946124286,7.827379776127511,6.610290260135079
271.2405471833315,368.62700475548553,7.831811404095556,6.590855854484412
271.5795734568054,367.7316961635297,7.834513862769034,6.566126356739135
272.59833223542273,367.0585680271009,7.836051715438318,6.5530123563274705
272.1474291367173,366.83760921389165,7.832361455903876,6.542181754273157
273.38490981902044,365.83037739511184,7.844969711305562,6.521361157280835
274.6209772651034,364.93235811624766,7.858848560068891,6.509389721605988
273.8219457040609,364.937997680237,7.874758788617486,6.498110593627359
275.28750298562,364.04371601851227,7.882745197273635,6.477996395984836
276.98194511603276,363.24996850958325,7.88210226903313,6.484312125303123
276.74984536891674,363.03126776491047,7.894352016634365,6.4697638680178855
277.30738728485727,362.0284344906273,7.908909463405644,6.44207611501003
278.3239356764246,361.1352211834658,7.907152712816972,6.422867144847916
279.12229702778114,360.9117578835243,7.887997345375524,6.419060220367556
279.91560136682216,359.67917710243836,7.8764650336629725,6.409101778244558
280.5808512686941,358.68424282835696,7.8940012052077275,6.376916363474336
280.9102957655393,357.9068799271778,7.908375702763906,6.360694019590879
281.91590748319925,357.1372062661434,7.916563874761588,6.329387869301457
282.4712531418901,357.15556717032916,7.925859224993408,6.29266606092993
283.7000918489777,356.2757285122809,7.927167990148179,6.263989792059074
283.8052776951004,355.5125310054556,7.939895063925858,6.228693443547711
285.8113966445968,354.84519902721104,7.936620357296657,6.227036335915736
285.93289234309805,354.7371026507976,7.9162720996949485,6.220585949341687
286.7149577150855,354.0776416101361,7.907729958986281,6.206146370722421
287.607533084725,352.4238324936169,7.8974718063696745,6.185841003768766
288.2777682208887,352.2060923214354,7.885248996568771,6.1785721939563265
288.39181922478866,351.32822430991865,7.878216416768835,6.165752792989552
289.2816198644659,350.66928284615864,7.8646426733249015,6.159115068576756
289.7368315428895,350.6633237233807,7.835970880679242,6.17103331413265
291.07058283073593,349.66939690920714,7.8107822328727385,6.177151496565021
291.9539806284666,348.9086133447689,7.803238881852388,6.159372911555573
292.1901587730678,348.9020779423253,7.7698872715286065,6.172443716442762
292.9710607037551,348.0199855481078,7.742509181749555,6.182999051625894
294.07205684341784,346.80746908474504,7.730069659466288,6.19952394560497
295.06360931620674,345.93658920719207,7.71825614324079,6.189024652397697
295.71788442144714,345.178570738011,7.721792148288391,6.174294339310053
297.23997443050354,344.09174167277126,7.736563225662045,6.162987401584966
296.4871933663966,343.87514763327397,7.712348155295995,6.15909628098526
297.36706927937286,343.9813630129057,7.697438753764598,6.1647708247744895
298.35661870645964,342.56505024276106,7.680057999977897,6.163803553393944
298.37342445050547,342.7723192435159,7.64644651188626,6.1846383840116985
299.1501006927958,342.21697387192626,7.615650145414516,6.20778904282746
300.77963239932217,340.9234721566723,7.617729512840575,6.18587824895232
301.6384729001797,340.06536973422044,7.636745138373904,6.165386466607635
302.08355256887626,339.51942302643977,7.614775477792494,6.172042786154402
303.06390599381024,339.4116569829487,7.605429258705914,6.170757025271854
303.9340189337759,338.6563924858506,7.5984314101058255,6.16471149205341
304.16001663078504,338.1120099499008,7.579332432598735,6.171235522674858
305.4583561738612,337.1384244874741,7.577777502100955,6.172063330787358
305.5679220495793,336.28004840598396,7.574895592306293,6.158816760634763
306.21729923958594,336.06764504452354,7.5720891283141905,6.151640844881827
307.094394062919,334.4420768124367,7.544556496554917,6.165295406105397
307.97206768306364,333.89227931648236,7.514248132500589,6.186741100367248
308.19926841013233,333.8832352049428,7.4908672074434595,6.2048293234463445
309.92756137329485,332.91396554263997,7.481359880875067,6.20438693568893
310.148259582693,332.59607489960143,7.470541254978352,6.194301532416661
311.5478621936108,331.7344051841587,7.465810959596926,6.1979640854842515
312.5239310789227,331.300737169313,7.448185893023011,6.205516691153412
313.4907823545798,331.41205524398765,7.447649017221932,6.197676727972236
314.3570222366841,329.4750207631074,7.432461266349898,6.2078386597250725
314.4720544733312,329.4741844644224,7.416988127038092,6.209511257095052
315.33861594031083,329.0392847962358,7.398903698324008,6.221791340845718
316.19912976781427,328.403005071089,7.392266369405155,6.208558046573193
316.8468015554931,327.2267160416241,7.380822706113458,6.2073196000489235
317.1735749990579,327.2243993483622,7.36863651629687,6.211952986572688
318.13619341517676,326.90592920850236,7.366461475922014,6.207872669004763
319.6299249755837,325.30163498694606,7.369038458242942,6.212846715901483
320.43648118280225,324.13515006974785,7.3394424146514305,6.245992580601596
320.6510173375866,324.673109782704,7.337911191261753,6.2389258701369155
322.15012980862974,323.70124247749857,7.330552052261965,6.259961035706451
322.15697504744344,322.9495383069684,7.3168615746345536,6.26636513652007
323.0165572098686,322.3077339485937,7.307690009567112,6.267479283432418
323.34442280570136,322.3056447787492,7.2928345141625845,6.271657623121416
324.9498513450795,321.5532306148957,7.28391737127954,6.282247314087548
325.06058881170526,320.48726397582885,7.2759371881252255,6.279233091248839
326.02294369220385,320.0658649404176,7.271133831114817,6.268739426966009
326.98792500551326,319.31145014293423,7.258893163695586,6.286007498110997
327.74321916011456,319.521451134653,7.240480297391552,6.292341355501682
329.13868587435906,318.02653482065494,7.218345321626773,6.300391034410026
329.8908212179831,317.9094485683784,7.203469892658674,6.321792787780323
330.8623156776439,318.1087596892276,7.17642882208315,6.348936734692174
331.7765647779411,315.6851018537578,7.1719154488587575,6.3678674969193905
332.7115542881282,314.96417511161064,7.143489743228138,6.389098432631986
333.5751357948314,314.26524124447025,7.13302226148846,6.392872496723574
334.00465155081736,314.4763467226999,7.125696645479288,6.396514488245623
334.01605399124094,313.82683555301145,7.1028917646321466,6.418312092121676
334.7668130534268,313.9300447487891,7.091422370212114,6.424757804845143
336.4744252962823,313.28459738863677,7.080813765016837,6.438921569956356
336.7935178829686,312.007978140782,7.081176244337997,6.43796945489053
338.28530053456734,312.00280286119,7.077366507149793,6.448320014074504
338.2808333729817,311.2640925899064,7.086300830321031,6.435123175471791
339.4539904818031,310.72911101700646,7.081601380591304,6.440715972220264
340.1950229068169,309.7781846730559,7.089767082042673,6.426557951076911
341.14872766973224,308.82511833141564,7.09748055141767,6.417567639151822
341.8896944941634,308.08779617150066,7.104923331936076,6.4028355296010275
343.170184110572,307.9874138824421,7.0957292779312,6.390951342817028
343.91419244311464,307.13629225452513,7.093925727112521,6.3946653252036345
345.08087477215014,306.02083611646935,7.072598695286213,6.417872643868115
345.9402174621059,305.33601015792914,7.101140547023053,6.413650754354548
346.9055367091772,304.4811398933881,7.085364597810007,6.42129124349926
347.69810383777127,303.9702042185863,7.089948955834309,6.422084514751287
348.5760142131224,303.29236756619764,7.077685494117935,6.431811426715045
349.2041545710956,303.1964729735609,7.097527917123422,6.4109134221632145
350.35692306862103,301.9934748729506,7.114685920915869,6.393728907238683
350.3657938541523,302.093361112765,7.096944349853381,6.406611611876677
352.161895486366,300.7001391086109,7.100026045349478,6.401548432670518
353.0788518452521,300.01018313573803,7.105252827877674,6.413244537036418
354.0137391906945,299.3325644578545,7.092693175311096,6.41273498447615
354.9575831665211,298.64781603245746,7.081529756813438,6.420083227966945
355.07028685770086,299.0686094586333,7.0686824032485225,6.428736490794031
356.75499030428114,297.3448252239319,7.049373031353048,6.438454970654167
356.85444294900935,297.9829259087107,7.062820004745754,6.4363671781908165
358.56445949077766,296.08572183641553,7.06401394331477,6.427421333903057
359.53613324342456,295.3449040400617,7.060651883094448,6.421927373611017
360.489355033479,294.64626252385693,7.0535983946511465,6.42637750002785
361.4667351324044,293.94333266723623,7.07858520304112,6.399349866503308
362.4274288018325,293.21336675703697,7.0770750186038995,6.402487695290622
361.5884048958829,294.7993224935104,7.057441939606877,6.413727892774045
362.337158495503,293.95410300498867,7.0445216747913015,6.40749608761794
362.7691803351023,293.73974906591286,7.027611627663393,6.412637149734107
365.7482556196771,290.9317354880648,7.024564484991116,6.4159704018906325
366.69303076253897,290.2226746059994,7.013262187961377,6.417777061150179
367.6488797974403,289.5047119862528,6.998618721908788,6.415837775015367
363.94384649181586,287.8292089197659,7.016635002793821,6.387620899822739
365.3172295139647,287.3056430332574,7.013291861813516,6.37959001771769
365.3178376026825,287.4169106327981,7.012075684377878,6.367907311553866
366.3600090685378,286.0529817905056,7.034206109208415,6.357349632635277
370.87031371886695,285.7829129428488,7.0132212478729885,6.36685454578476
371.80598591143183,285.0076030598646,6.997594053801551,6.364500830980899
370.22807244639426,284.6952453568927,6.997906445119751,6.358113329173341
369.90856519976035,283.97109294626216,7.006108896247917,6.334523385442178
371.5861390378914,283.2468335693207,7.011315373434424,6.312887197191358
372.3308913209836,282.93037038653483,6.990115981320353,6.316539916732928
372.8613486287058,282.30485672149706,6.976633901791726,6.310648203709514
374.53698141186027,281.6838609292213,6.972293407568302,6.2975428862290554
374.6405534989637,281.275969123208,6.974055482948763,6.277701499906114
376.1090166084063,280.8622839190086,6.957767856636396,6.270603738998412
376.3145255042717,280.0412603693445,6.963251132438197,6.2466465681961
377.1505900063241,280.04715038282365,6.95474890647209,6.234866541237798
378.71005668160905,278.49375564534694,6.950312370602319,6.227159201491118
378.71035011302536,278.7038818720448,6.949725507769644,6.2217889524691765
380.4672236210434,277.77799953037044,6.960864168740455,6.207437689167284
381.7153370918667,277.4673780455971,6.9521167221585864,6.20681078494769
381.4036664645303,276.84681681048085,6.954025703100631,6.205068707719113
383.88950003755735,276.0177209816491,6.953860259050875,6.206093131381083
383.8816793487708,275.3008519465665,6.96950163662406,6.189713277262548
385.12323321940306,274.4683432457459,6.972082883317931,6.197604686931322
386.27295980611285,274.15150735789405,6.953006482129905,6.209355524753762
387.2094272154037,273.3220046080648,6.9448587776293955,6.210772478562282
388.1457968989564,272.6941578668396,6.935971220551539,6.223898087660917
388.86901098459714,273.00984572304026,6.939706283026875,6.214020904012487
389.69393896637365,271.88297096617634,6.946382195572703,6.190039088104573
390.1154253112434,271.98515312409614,6.930557647587419,6.192461807703509
391.762121937547,270.8578321894839,6.9424441966358605,6.174723813289851
392.59898394881594,270.8482465260954,6.920569014861983,6.193895140066738
392.90178467284517,270.44265999395924,6.93431071896119,6.179277334795575
394.8510355040026,268.80016283054374,6.957933550302603,6.161429982758035
394.95437196464525,269.5230095670137,6.957769565528958,6.1612990653993505
395.77229961989394,268.7078467445035,6.97394864023004,6.139590325221211
397.00683180587976,267.57836949327447,6.9817790313925965,6.12805796147289
397.8307533788821,267.6919188828741,6.9846931504496945,6.107303840406278
398.85818963385617,267.39003755606944,6.990394640797311,6.092894293926978
399.89673056474186,265.8431845752686,6.9724609236329655,6.0978780386179565
400.61612606665454,266.5673787974301,6.973688063542226,6.0895077380295906
401.6506431549363,265.12578845059846,6.960671675619139,6.094263527596378
402.4745130349737,264.41047728651057,6.956742395206189,6.0865516860678905
404.3285887072433,263.79304093969307,6.9438451099241005,6.0896730266171755
405.3600606646836,263.58684696904106,6.9323214814205905,6.0917769106459145
406.0842620403128,263.3764285812711,6.918898422513832,6.1026194883710545
406.9065000875213,262.2466383580194,6.9141224965373205,6.1076122032689
407.2160300285663,261.62966937693136,6.909967617407765,6.111740159523961
409.4595649445909,261.5364875049931,6.932236034589582,6.0931339829809055
410.17926364264764,261.02872200348526,6.9279611475904055,6.083577479486372
410.6864511261978,260.116012543457,6.937577305652007,6.065812374251486
411.5006588848811,259.71188592594626,6.946463468689972,6.055414769070615
413.3262981910138,259.9276195496192,6.978592262312671,6.033215011267911
414.5519836667118,259.2172158370474,6.984522463881315,6.020596763848851
414.85756737707476,257.6874586067153,6.987348059609131,6.010146142244174
415.06512893329705,258.4015172886042,6.98130548975626,6.0138106775372995
417.3074112310168,256.97967505886044,6.9958653481534405,5.994415939128859
417.9102627214812,257.7036238725056,7.016678323812917,5.977453594525019
418.4193120750838,256.892941950854,7.020921236437075,5.963070846101509
419.1353649896203,256.90154914857163,7.018933516046437,5.945856450666139
420.04985789543304,255.98260100032664,7.025902786334832,5.947797665242246
421.368309215916,255.68858358910217,7.04273966711163,5.9234310595967115
422.3790248038314,254.88123316587382,7.0613221943225195,5.906120943620052
424.4161938503503,253.76779146483767,7.067164542618098,5.888905102959055
424.8184842365247,253.7729215963887,7.077869972398037,5.878644839856989
424.70761591711664,253.5760265435057,7.095785624029564,5.864792971253685
427.1485775634407,252.05577118192014,7.10682186107751,5.847203988364752
427.0431863476378,252.6729233737159,7.113845134887448,5.835454551548587
428.46717599990245,251.2506866151592,7.117349294664799,5.828444604355295
428.4724468159767,251.14752621362453,7.106807662516254,5.831147403280682
429.1853342853825,250.436106924858,7.105529776111975,5.8294889284063345
431.4215042417192,249.93344693502246,7.109158783352558,5.817543244460638
432.3416076783818,250.13894070372666,7.09879504935387,5.81318751579149
433.45295613429107,248.8229433475836,7.110046064910595,5.805061950270527
433.54944472278777,248.9328984858186,7.120196683339835,5.788279469222952
434.3665520705019,248.93619499414314,7.110081016328079,5.781686452573921
436.1986743940906,248.22383404202475,7.095342330908002,5.7871560383495195
436.81071736144725,247.41697197984743,7.086930310752162,5.779981609960923
437.82569223602457,246.5074600320639,7.080650977691208,5.777702131043546
438.8366287588879,246.10771728347027,7.081114762999401,5.768252895816885
440.0424710386153,246.11675509289202,7.094486445667677,5.75017727697339
441.26494750342005,245.813408479101,7.073545783672333,5.750867437651904
441.9639532269116,245.11776621167786,7.087368155996275,5.730318153191142
442.87411518177777,245.02278710313738,7.0811769815950525,5.718706066346415
443.5853409525269,244.5162865093774,7.067736350850455,5.72527088904228
444.98243294124836,243.4175242369298,7.090172851993442,5.709736486477179
446.494176407893,242.71569109936368,7.085887392576204,5.704442073802486
446.49574439491306,242.71840973081868,7.082751418536075,5.699004810892508
447.70120495274773,241.81819963407906,7.083739032441513,5.69049345719067
448.7028442494991,241.61858027408084,7.0891570892619695,5.68799284712248
449.60172116826305,240.9196731618737,7.09961362129733,5.679421228543141
450.39967416992187,240.92868046514587,7.111177292316232,5.661406621998841
451.21281982357374,240.92515472419512,7.091436855397927,5.668458103900296
453.72261138377894,239.82667118160663,7.087618797575581,5.65848856153852
453.12236234979224,239.83071438805126,7.085654331168919,5.650402148649255
454.5260202662238,239.43339304902756,7.0818269720395,5.644048119915646
456.1306657994479,237.93961908627045,7.073935263325001,5.630284147554438
456.8193929218168,237.74736694356343,7.094683790187192,5.6153019267970175
458.3042891902512,237.2541808039279,7.122161332321982,5.602584179733608
459.00172751792326,236.96450502493434,7.127509773682297,5.581839267704515
459.296330591285,236.46954283988853,7.137634170577295,5.572879398431968
460.9849040827321,236.37331661276832,7.156849364447217,5.56554584227449
461.4708324349254,235.88116508961733,7.184795102171397,5.5500464464657115
462.87771679388743,235.1824136812997,7.17291875653686,5.546603076956225
464.3773349722131,234.98754134258093,7.172147597216326,5.536552394749643
464.1747093512601,234.19814099413074,7.177954420485086,5.5175754171015905
465.77332010262245,233.3047735187945,7.172759820401142,5.508795235038667
467.07127079741406,233.312063539614,7.167489061723113,5.49421519339965
468.7704623779503,231.92137164530178,7.151445480399418,5.490142857525165
469.3710125692209,232.12488767381146,7.142244499843168,5.4804106011673985
469.3733196779793,231.8323534936055,7.137630282326435,5.4704265121714055
470.4644761457522,231.04285843928992,7.134611215259617,5.464475625545117
471.6517601424885,231.0448197467959,7.135737500174464,5.46055301053313
473.13702689240546,230.15551004925373,7.1341201612318725,5.457822709082715
473.92926186535414,229.66391183919927,7.132518542849157,5.451726424495004
475.01616296906934,230.15939882335059,7.133797803654187,5.44942585084484
475.51873266095333,228.6720496201952,7.11724177225452,5.4583742000504305
476.803397107509,228.77871301420043,7.116842512562543,5.442657383841503
477.9837636395926,227.89415331447597,7.124280662400138,5.435648372786839
478.3835153829227,227.00817717228077,7.114164147006774,5.431479971826536
480.1586180545318,226.61669208353575,7.1121984805807,5.425952443362808
480.849186575813,226.81384544222135,7.110091319500557,5.425654263557961
481.8356866296858,226.51671679649348,7.10676384293593,5.429009765659434
483.8615499763662,225.10856520687355,7.097674112044941,5.431032886406103
483.8658395370263,225.3042122745009,7.0890949907247,5.433469869112868
484.94059573226156,225.20983355039937,7.104100818270572,5.425452933859879
486.3185345792862,224.3286316408328,7.104439507107396,5.416003363994808
486.31154008554495,224.3368912144565,7.1184284945899154,5.39948421674745
487.2896377423785,223.7513208999832,7.128906006693029,5.3906211502319135
488.86384160327873,223.46256421385118,7.127413939868897,5.378087837187865
490.1396083188346,222.6845510526653,7.129792196671427,5.362476197766233
490.33506419696687,222.6899866466898,7.131352119514219,5.351605009717302
491.115922901577,222.69801193157124,7.138289637708392,5.335554439954375
492.67235307309573,221.9217266374575,7.160228606019947,5.320725372507284
494.1432715044418,220.5551947225222,7.1586323304462685,5.309564654400662
494.23579723296933,220.952335954382,7.1693898814697485,5.298518222995121
495.7109046742949,219.4856527086997,7.156049065134576,5.295010648043816
496.88468632030816,220.27125448255723,7.154861883633019,5.288057840678725
498.43932614440416,218.61491696530362,7.17197238162681,5.278943344863533
499.12904598090216,219.00637651254888,7.16110290012057,5.278064359795749
499.71943810753197,217.83411026661008,7.152301418426277,5.27863130854268
501.38428424443015,218.02805360474608,7.141111146948473,5.281156632543451
501.38234693941746,217.450120704202,7.144985756973849,5.266558677484116
503.4337213736719,216.7655979992479,7.135073081860716,5.271325356260376
504.117183961284,216.86511107671797,7.131918917516539,5.267123631445966
504.69471470561376,216.77299450793586,7.145103263584238,5.256649129888982
506.34867808977066,215.99972167204723,7.147693592224836,5.245304403099428
506.4509071108197,215.1222029324727,7.137825168330768,5.24903531841259
508.6903624906698,213.8598603453486,7.132435016065565,5.245208844980108
509.46671521978664,214.73885347317062,7.134579718048744,5.236429019579925
511.1198749751449,213.8646388496135,7.130423085134073,5.236654390210807
511.1192053173774,213.8662701144616,7.131762400669139,5.233391860514596
511.7982748886898,213.76883002546253,7.132689167443288,5.234119765741459
514.1254292532079,212.70081816949582,7.138659330196883,5.234182318937944
513.5479139974357,212.40841962789466,7.128069922771013,5.236169442655056
514.9092799794012,211.8274780029594,7.123322293332659,5.233202263457312
517.0448453791225,211.1459528009785,7.120652694410556,5.238105921798898
516.3690407699796,210.56701801261133,7.113836220333493,5.231610619364932
517.4323655404496,210.5650757889264,7.119545049807974,5.235495066734764
518.9856040350805,209.8834456561133,7.117086920765076,5.240747081015212
520.2392963298714,209.01547033060845,7.1323515144767935,5.230248297437197
521.3090153900532,208.33257772744875,7.128119660878755,5.237265879451157
522.0850584171486,208.72650453866137,7.12931739387542,5.226054150619575
522.6692961014994,208.63415339144055,7.124810739334405,5.21676165936778
524.1208022577601,208.05793917584984,7.1284070775656465,5.206546630248061
524.399533179519,207.2896816179205,7.151927929771839,5.193774557509942
526.0552545886737,206.51495024301752,7.135223891544094,5.192771999042227
526.1588551892438,206.90193399802854,7.121560937834027,5.1929574787408095
528.0042370440293,206.606486900727,7.1041420356718366,5.2038498616477655
528.4874277409881,205.83346202426955,7.104001795081102,5.203913769239634
529.4484874203696,205.93028953872783,7.114353930625006,5.203505889753814
531.0876637425005,204.19362225989912,7.1237612916523325,5.195682794752269
531.3827684317979,204.19268715947507,7.113788123556077,5.197552995600332
533.0203773367508,203.6216987768846,7.124523668131838,5.179781518023117
533.8913327811816,203.62277053555968,7.121075920567713,5.1776380006729585
535.3332067754221,203.05082161222495,7.1334537972834005,5.163085501263815
536.0991512101956,202.2840200674963,7.145755147383335,5.152498371074142
536.5836211169217,202.18731775317897,7.1419967915876486,5.15286670817756
538.3179403497737,201.12783692611,7.147094969508706,5.148989302322361
538.5163279392585,200.93259231517538,7.136317608135812,5.153480706594887
540.4482667521323,199.96541736125843,7.130627120511603,5.158737045367132
541.1317422971161,199.67248515274912,7.114042212421106,5.165873098724186
541.1366251989865,200.34380509435798,7.1042764086804215,5.172659097375526
543.0687226729465,198.89624015870032,7.094849072078783,5.176713260201888
543.7522412115599,199.66190989290365,7.0764449564208025,5.1866686050166075
544.6292185714586,199.07750745401927,7.055402247505236,5.200198808863959
545.9837608939135,197.6269452352986,7.040589268674109,5.214603604078393
545.990663964516,197.8130537689911,7.026783127469137,5.2273042463253505
547.5287982718684,197.32845889076413,7.029824540525218,5.234209619104015
549.0673408442317,196.65845652692386,7.034598249256067,5.225901098396821
549.25772561232,196.46391277769396,7.038934255154973,5.229883054781149
550.7046196523584,195.6924511186772,7.0354048859491884,5.231335060350205
552.0504540093592,195.69814461549356,7.040892263250281,5.219948066717504
552.7138302589826,195.03169238772432,7.061996756683198,5.20499552957628
554.2554033459045,194.07287689627339,7.060879497035658,5.1963584411055965
554.645937892283,193.39648487325715,7.0496833869322595,5.20186476749432
556.6602087812779,193.4025217585488,7.0612974558790835,5.1897909969110305
557.3275458455436,193.3155113768091,7.073191741408635,5.171444844096037
557.5147765936312,192.55338473731865,7.08322347631505,5.1577251987511845
559.1437639475148,192.46350081879783,7.09220165319927,5.1453193366956596
559.904231089974,191.60297470921245,7.1081168878866885,5.137415846309928
561.8298651627719,191.3156838823628,7.101202974490167,5.1353443651793285
562.0221711795891,191.01809522880885,7.100748591314498,5.154285196599143
562.6916230994196,190.16010610243845,7.108526593777011,5.138815366609644
564.1421142830197,189.86324679787344,7.091248101012478,5.155793200852536
564.9033330073953,189.76944560146742,7.10692061847773,5.151131847887548
566.4484525230408,189.09693106330786,7.095480734652172,5.149186297190507
566.354810659283,188.4306726264625,7.090545009486666,5.13616700211292
569.0452151438741,188.42463696083172,7.083795783432432,5.1482383333744774
569.1454088104867,188.22648947989026,7.075435056087547,5.1604800834962
570.4933701178093,187.45487662773394,7.068922503591178,5.166900038009664
570.494945351989,186.30306891548997,7.065772035231724,5.165228800678675
570.7868642661239,187.2626650980648,7.0580301079418915,5.166356105461885
574.4388388638375,185.72105398492187,7.047531728066658,5.178651672568007
575.1172802907306,185.4285120431418,7.034474893683314,5.1878101192410515
575.0212964363742,184.7547831185367,7.0345156962173805,5.191779625199786
577.7059954301678,183.991409592503,7.0409100031883005,5.182586021679097
576.5553407720134,184.27347465669138,7.038950656777681,5.1942730589822
577.9937778804722,184.27480281259767,7.043589132565029,5.191616747169607
579.5339768807729,183.78807627017892,7.037235923259744,5.204430834727099
579.8278709972375,183.20689607079393,7.026171372732927,5.213343868691977
581.3745327662588,181.9498094829695,7.008351772435557,5.228670094922896
581.3823805828636,181.65183919533152,6.992656139225953,5.248014182396171
582.8311643431479,181.64214314937152,6.979233850999953,5.267406274316157
584.3732344573281,181.44755557163322,6.973315667456612,5.271803674190686
584.9538296388083,180.3872765158432,6.9663485680515445,5.276285802585812
586.4003834738807,180.2908482243341,6.958304513854149,5.276804811207531
586.4060287949144,180.0928572850673,6.947013871786483,5.28833980503078
588.3306947798814,178.8422546002134,6.942473790796833,5.290430446924867
589.1051629886878,179.60735013204416,6.931173151919427,5.29787516199874
589.873496521809,178.54330489649976,6.931734452890585,5.312276628168753
591.8942112717699,178.06127279209628,6.9306411202518925,5.314356035241625
592.1850816145811,177.85897337220499,6.926142966067257,5.334126520732372
593.2463698689979,176.5094966308897,6.922911590011902,5.335731652554477
594.0206735227439,176.60456530607732,6.915460677504142,5.338238851552329
594.7856437719206,176.98709781486357,6.926093016439965,5.343460252624466
596.3316197917708,175.34456940875424,6.919245600631877,5.350593401957745
596.4233399715481,175.44483415522282,6.9286358720303,5.34289453997348
598.7394556177873,174.38495279405345,6.924772343501713,5.3413220371686725
599.4161436088611,174.28258237522863,6.920744629967325,5.353298836444915
599.9990162365526,173.606495577827,6.912384894481357,5.355189324701729
601.5427467351064,173.5082800819069,6.9097342997168605,5.358819666395512
601.5473443660948,173.5084550640954,6.900539037740177,5.358469702018502
603.7603690378866,172.35430098385342,6.905969405666177,5.35470149128001
604.5381744443606,171.6763463448863,6.891916040574591,5.361748002339756
604.920041206861,172.25381705897522,6.8985608388159765,5.362374059025055
606.8537081527902,170.51465104570747,6.885353692959203,5.371992014159149
607.2438237323327,170.89086857775342,6.875766148455631,5.390200564648652
607.3425637517998,169.8251819822014,6.87109643914108,5.400660129933544
609.4659598578118,168.95720660548864,6.868299211152167,5.400431117163019
610.1444995444546,168.9575952857835,6.86125616710773,5.399653756573292
610.9211834669552,168.27788789858909,6.849823585165292,5.409875175785717
612.1746244823037,168.3709167416627,6.848469340848811,5.4165503962831565
613.2350751530998,167.60173491274313,6.8485940900864,5.412349624427793
613.9169838589955,167.78860679308858,6.834056494392996,5.424114382622017
614.9768552637179,167.01499952402804,6.8342618414669465,5.429548443274995
617.1939025333218,165.75940331491503,6.834886601904636,5.434160387788336
616.7084405329454,167.0134175358712,6.841319184904215,5.433809632034197
618.4423072677671,164.89198158252458,6.8474265388998266,5.430876087613241
619.0224963744411,164.88990018107762,6.84527104716548,5.435038890507165
619.789296428825,164.7926725312854,6.856244153790692,5.436422538167428
621.8221310377518,163.9210411964135,6.8490814429450335,5.440325276336313
622.5976649073252,163.72282409991269,6.843740203457134,5.450327844423235
623.6648255039158,163.62352386305884,6.835677602636886,5.455632082461781
624.5336781584455,163.23826903921398,6.83730035697563,5.453107035307926
625.2011634748045,162.46751162971134,6.855027942706098,5.448681033229335
626.0712463436258,162.17647317640044,6.855844724713506,5.450430433301042
627.7159159744575,161.21014727106194,6.85572327654865,5.448248236037708
629.2581734803143,160.44308796712374,6.866346419900734,5.434797766381229
629.5464113606224,160.93300834018245,6.870042403841298,5.421909927858547
630.5166978155603,159.58113885709727,6.861848703471859,5.420318000720226
631.6867890187029,159.77212062435268,6.838705630720111,5.424527688465008
632.357239419196,159.6793114986912,6.847408272867537,5.417345447911717
633.8980981302283,158.23275222054525,6.850766232982973,5.418205833409964
634.8659703569809,157.9422815083499,6.843847840356452,5.420499439537017
635.4444768085832,157.1678201592486,6.843718218306913,5.426911096199519
636.4121551904136,156.49386341276684,6.8375210763202805,5.424412853991191
637.0000749972768,156.49243434943713,6.818364350365717,5.42727098065063
637.8685690182186,156.5885135552473,6.81417621410685,5.4276458918774635
639.3207726536826,156.38914511274496,6.796897187391917,5.441432344320407
639.4208397375703,155.7105914680263,6.789196869049334,5.451502687728801
642.450519959486,154.4898297057353,6.771443051556665,5.467590987137146
642.4497049020423,154.49688701116452,6.773073166444053,5.453476376278755
643.4152454555825,153.82149553799306,6.764627295713904,5.458414657176469
644.5703519174862,152.8630111430682,6.760980853672386,5.453244712221309
645.8121216975479,152.96290185639845,6.774405779641968,5.4455374767987115
646.5756201557339,152.87372810178718,6.784651857802711,5.431729611704681
648.0136413055066,152.10942565617216,6.789941405868248,5.423624184208899
649.2529521112887,151.44494697377309,6.807820260515413,5.408312067200862
650.1150801123528,150.20175439324902,6.8121417468257475,5.397863078282366
650.7786542888955,150.87795241605556,6.828718985817176,5.389192624746119
652.0157750877183,150.11799455791243,6.851438033526283,5.372517174660137
652.78061055374,150.12335727380744,6.858972609391633,5.361791742870072
653.7450848588769,149.3555352972998,6.850939766143852,5.360703082264365
654.6075562339357,148.1149335280253,6.8535561139812975,5.346543479322724
654.7948200294128,148.7877514506923,6.862550041624624,5.343232949079641
657.0925510551641,147.54573160681886,6.8713539660448175,5.333295233201675
658.0446111624618,147.26562921865093,6.885406409305399,5.318048212180712
659.0961746074559,147.2702848676715,6.891900322990026,5.308736914139531
660.5299965676027,146.5063661950744,6.900224380117384,5.30272467137601
661.9604107146326,145.7470722056545,6.915800743103858,5.287230166457759
662.3366749478948,145.36872629047178,6.93025386633645,5.276940407066235
662.9084568808053,144.70311977473798,6.937477906315989,5.265567548433516
663.7650608355825,144.04181169863847,6.9497724930420635,5.246126203525397
665.2891692777563,144.2433166351506,6.967033281298158,5.226301039576646
666.4326088606126,144.2471521446539,6.978528491610539,5.2186300205700125
667.4858973754332,143.5810006401,6.979339372752278,5.209867995543321
667.9625608052572,142.81587601637025,6.983261044378712,5.208519592963802
669.2964346308531,142.14547326494161,6.996335782288789,5.208913901270121
671.0242173482447,142.04051630329585,6.991238647301456,5.2271351412396445
671.3999894075495,141.3730437450622,7.007347711438816,5.218687187900361
672.9356640669926,141.2793655326832,7.008321176582028,5.214023438656576
673.0277445738965,140.6061680230293,7.0161188041082525,5.21670796862656
674.2784285238531,139.16851417270428,7.0123264508369445,5.210197730843344
675.8148270314773,139.84132845321255,7.01084029295194,5.208267669923267
676.0077702810383,139.07728076859806,7.0087592429147385,5.201141242813121
678.0227063463182,138.4077220851373,7.005729173542855,5.197977922671998
678.6957300010562,137.73687615596538,7.001277390668452,5.198074254414144
679.7548516543054,137.06534397604344,6.9905282902373855,5.200005937669785
680.4221952620131,137.2551074584274,6.996050737028828,5.2033960192466795
681.467584178178,137.25681158995118,7.012851140805001,5.199987756199125
682.9992238126106,136.39265326936186,7.018335326135095,5.202124954392969
683.0029077453485,136.4904157133738,7.0109674606592165,5.198516173782028
685.1045806729281,134.66854459216574,7.026010999785699,5.199103939314843
685.7846768554701,134.6672391585293,7.009701874003758,5.201714806587726
686.0640102270874,134.09263103535173,7.0263694635532,5.2002623873747265
688.2747436892827,133.61132581176264,7.021080721378483,5.20283409928857
688.9510022526943,133.5165506060633,7.012349851789144,5.200415045368123
689.9972803614044,132.37220962081156,7.02956163914214,5.1875319197553935
690.7681758340264,133.04132262251596,7.022552128480174,5.192239671605833
691.632393874019,131.89252828968986,7.020480585854911,5.188008954110972
692.4999441155086,131.7943298335853,7.010837378522502,5.1926883912482795
692.9736541127418,131.12699464400364,7.021655094682067,5.1858259755352885
695.5560428399625,130.269114058796,7.032765680988626,5.176291132367921
695.650017846001,130.26636696618147,7.036527785320627,5.181785317596951
696.1226175264864,130.26745967633423,7.050625155340496,5.179599897291414
697.8458068349711,129.50274501112193,7.060924872804832,5.17272774574541
698.3284558900173,128.7353214610399,7.0560337792341645,5.170923619474696
701.2027819133109,128.54503107741579,7.06670769666632,5.167549322454936
701.4889899508113,127.77890936586327,7.07054437206109,5.16311874450551
701.7673701437968,127.58987611608882,7.089993355623995,5.157045664364994
703.7830955385859,126.63345872287532,7.096113310497624,5.147227715338792
703.9794546620203,126.82786177267714,7.087788816622645,5.142815368728896
705.1384795418423,125.67710012316392,7.073716460228728,5.140361264505062
705.9035231112753,125.10860018658181,7.077583841585713,5.126895247502241
706.3843779478274,125.68629928940676,7.073783098325947,5.120987757665792
709.3558107740387,124.24902615541977,7.06515685453288,5.124127860173815
709.3577720464541,124.92247642117503,7.061234309701969,5.116662111630127
710.9912513747641,123.48058201671905,7.044092190154862,5.132965740771817
711.0910096256936,122.90880367206904,7.035749032439976,5.1294823652089185
711.9537583483053,123.00182357206947,7.0291573937944225,5.134432099272286
713.3825153549211,122.42935648678419,7.036204163210765,5.133541956783577
714.2405690544475,123.0008728326568,7.0396644731093865,5.1368877376726365
715.3908074920537,121.46362640728594,7.033233831191584,5.152652277354997
716.8350736643306,120.11797538500944,7.014674980433867,5.165312394364997
716.8349037905186,120.8805796535864,7.015014728057884,5.17016201629221
718.4636419248833,119.91802686929593,7.010351233824594,5.181848305757777
719.4256762867363,119.91514739308431,7.00090816638822,5.187607258180993
721.820680457102,118.47898614986951,6.996233591053048,5.188729485373022
721.726181451133,118.28679354890123,6.993870950104049,5.190393381536252
722.2079414941827,118.38416239738179,6.987110734861535,5.187007658746467
723.7403952279092,118.09703495083134,6.981302908059774,5.187681369225242
724.5902591633798,117.5298056921112,7.001622921567288,5.175441297033201
726.2148288631527,116.0981470968498,7.00330708764469,5.170384753182481
726.8797980579963,116.7688307781669,7.011542301616238,5.16719099420676
727.3545713263672,116.0993481807318,7.018198084743533,5.167472941259783
729.7351706801393,115.4324541163821,7.040654836025977,5.161837541487675
729.7334150037087,114.57150266523738,7.0441661888872105,5.159386016081669
730.3955169933168,114.5753373819801,7.061218527958679,5.151716582596196
732.1209615492927,113.71375675199778,7.06166894750057,5.149208076814127
733.7474605780453,113.13548689481536,7.067685573027952,5.1555073148144315
734.0343171898293,113.2365177201867,7.069676753800393,5.145347132185206
734.8052134538923,113.33462816015799,7.062003351285677,5.140891142944037
735.1929212873251,112.6599929763289,7.0528888155392115,5.149134531143407
736.8222530468754,111.9019560370625,7.050953800999696,5.132630289882799
737.7720480813482,111.33254138538817,7.064083424440914,5.1238277777992804
738.6376888418673,111.33465644921539,7.054741424560259,5.119597650144853
739.310364016608,111.42931667356055,7.047198955607075,5.121392612958508
741.8929390785455,110.47162172067007,7.03987132397568,5.126477891982533
741.8065652216036,109.60475459473874,7.021616264177108,5.141187180702828
742.1907103447039,109.50504404980343,7.017194272919842,5.149641206837534
744.3920523868513,107.97521785553495,7.008397576395311,5.152676282142952
745.1589230525609,108.64065098436802,7.002294094132305,5.158493142488476
746.213316644957,107.5875084691138,6.994037907692337,5.1642471746448475
746.9826723710077,107.0151735153228,6.982736076266638,5.163359866719963
747.554673821993,107.29826939927968,6.983172442730135,5.169387733023231
748.7981037506729,106.62968964332036,6.977301010318005,5.17063040073924
749.4708670627981,105.96383115043174,6.9672088424859595,5.166912930098314
751.6617627550235,105.2048995677484,6.968343742048791,5.160279996677647
751.8553554449895,105.21017755076542,6.962099618060261,5.149724030643592
752.7965836054206,105.21760509589268,6.981671060076243,5.1348689403890715
753.7459575255358,104.46508688941985,6.985490555513698,5.117851484800351
754.409729711005,103.8059192240201,6.988195801283933,5.105937198891415
758.0187205542779,102.75985894716284,6.985701666467957,5.109363987631408
757.3571735157254,102.76207270435857,6.979498428561296,5.104936473239934
758.1119763691394,102.76785064832953,6.987755001035179,5.093380585298027
759.7152906078563,101.7277868754749,7.005490444199368,5.0871550059144
759.8145058321452,101.15928463091377,6.9968953604763,5.0851473059076095
761.1410005137391,101.15984908156902,6.9993138203740015,5.084018404597109
762.5627143318546,100.97473718861681,7.001238293081532,5.074861909309709
762.6531888470312,100.22032926973965,7.009858192394836,5.067126309733134
764.073272386427,99.93737687567582,7.013279398197625,5.064313440941899
765.5893487922554,99.46358209601176,7.014377728695582,5.064012018346739
766.6406182977807,98.89178165150922,6.997327559398496,5.070073539122624
767.3986162265667,98.1352206148882,6.996779256009956,5.0677480581813255
768.7278046297334,98.13601264556219,6.989784343715027,5.066163996833347
769.4003291543168,97.46673418574304,6.969501391764681,5.079954819255462
770.2523795433519,96.7131014284332,6.967939859620202,5.073852115274267
772.0474356001583,95.9522367268668,6.96972340999857,5.083204396726551
772.8084035715607,95.95636704240833,6.961609385558956,5.07494376564349
772.8051173312847,95.95890400327549,6.968181866110843,5.069869843909169
774.8913737115838,94.91463097527033,6.953348510505249,5.079576197423192
774.893075301178,95.00724510598646,6.949945331316938,5.083267560904894
776.4055402401037,94.15721930289457,6.9478719553435315,5.0829623847822525
778.2917060268118,93.96480410109962,6.953381252195174,5.0900087013454325
779.2387100154644,93.39240377243257,6.95028632605944,5.100261527977745
780.0034861541401,93.28979513885395,6.934433948211865,5.11626630769706
780.7592349168173,92.82289357099012,6.936808735547453,5.103899247993546
781.9845541275239,91.87750506755066,6.944046586096623,5.104002199516762
782.7390312824222,91.31232779168305,6.948524680892746,5.099282447807497
782.8285551626,91.88413297920127,6.958646593597696,5.090690111134261
