403.1400146484375,157.72999572753906,8.949999809265137,9.220000267028809
403.61377520774107,157.12443690079652,9.005415539151425,9.144984085014832
403.5869669990727,157.01702546491308,9.059031956488209,9.073976004480592
404.43801740043267,156.4789400916162,9.07028609123082,9.007910126099228
405.7132941534246,156.50272551851867,9.081992803121764,8.96033927229427
405.725285726817,156.51886541740978,9.058009656337097,8.928059474512054
405.87299695521807,156.4039867960543,9.04583053447122,8.874573382286627
406.8502443300429,155.5892498998181,9.066790829872437,8.8107999932868
406.9797927479188,155.60837539601616,9.089223641723867,8.772549000890693
407.8331063325046,155.48998404748755,9.070256708550675,8.728054991948195
408.1154180507012,155.5180157730234,9.06618411492547,8.671991540876483
408.54017232480794,155.40567338274187,9.05464787910735,8.617352217307694
409.52503983227456,154.18061130082458,9.03285824996609,8.562975170838303
410.3535104766526,154.35141789766394,9.03836718495897,8.49843701445106
410.2180323826239,153.55186157959062,9.03318595367899,8.440725134573627
410.5036202934925,153.5797681010439,9.012290445374296,8.384912091667118
411.5957680535869,153.33949025658103,9.019412152322792,8.317613473808535
412.27553479484544,153.64397749960085,9.02471915657009,8.25457518247466
412.2793357957865,152.85955094058073,9.017117154687934,8.191144542172788
412.539574703752,153.0314970909395,9.038475725877849,8.11817043501572
412.5386035077927,152.65873171465964,9.040418117796536,8.053442561545573
413.344816266664,152.9611926449154,9.04248732805639,7.986685610368198
414.8126218740246,152.99516916124173,9.055393817102011,7.918732577715531
414.68404853953217,153.02214851471848,9.045381285221133,7.864773870762049
414.947762926447,153.0518439090642,9.050231213259515,7.805383082070649
415.87656018749783,152.9501624116604,9.04946863056228,7.743484371249058
415.9971398290232,152.58618631783432,9.072565291377957,7.678668727302002
416.78033660101534,151.8268457690192,9.08759497868253,7.615926593643364
416.9112984312233,151.85376242043932,9.08846353846566,7.562093290803089
418.087301812745,151.3537128746727,9.093897950703656,7.514440748877941
417.8266021183506,151.63425071261298,9.092791757535474,7.47587065495448
418.87397366557116,151.77574042440634,9.082952779081705,7.453504245866152
419.27103767542815,150.87911196131913,9.069125929266805,7.42605844227615
419.286140468039,150.88739003673473,9.038920344045067,7.409502291444936
420.2031094715821,150.7645502157713,9.015968708606549,7.396469594564979
420.21630088880306,151.67405413155868,8.98958587416461,7.384503561539348
420.7422956281324,151.55080785739074,8.967795462357651,7.3734463431622865
421.7891270120289,151.4201747650451,8.930420687765146,7.3776765287035415
422.06903466057827,151.2922311279841,8.883663864355501,7.377034565980994
422.19943773873393,150.41914184980155,8.878656755786375,7.332619788151478
422.7177963768918,150.57089893222536,8.86196062904042,7.284110910696327
423.09495829086234,150.09191230297142,8.869532198342874,7.226223639546063
424.2358460332297,150.49484064951307,8.866070614573374,7.1798049134511475
425.1176115324238,149.88685678958547,8.86893272858696,7.1340632673050415
425.1200060131186,150.03687398937444,8.864143767197374,7.085674052924621
426.00364795492743,150.05952751030958,8.852372818991393,7.040367011054362
426.3789783785011,150.08313365013777,8.851329030324292,6.993154731397977
427.12658971063803,150.1058666550461,8.850646880952178,6.947688721581279
427.2495875992656,150.13121359140945,8.852992165542567,6.896994848854626
427.99335398279493,150.1552446183909,8.850775289006409,6.848932794891734
428.8569440978656,149.4395802139757,8.85075071474043,6.7998424701146085
428.9767266608476,149.7103130843202,8.857122002647847,6.750249557168216
429.83209357209984,149.9819245627587,8.862962306515676,6.6974763506832815
430.07584846727406,150.0057196534512,8.86435716694591,6.649886169298338
430.0684691967448,150.1550488251002,8.879115708004365,6.5949236018872455
430.79674157520395,150.3037248335514,8.880697024555085,6.540592597229685
431.7689787681659,149.3600395104388,8.873462090292346,6.490723791793782
432.3739494814824,149.38281210084725,8.869656544569349,6.4451786109768685
432.2572563922425,149.40533754480325,8.862620949009406,6.400127723064892
432.6218941025559,149.42494579599003,8.852070185969081,6.360911220691321
433.47124365101575,150.03543023400843,8.824762088906214,6.333793058837973
434.79289533078463,149.5751652515188,8.798471609870449,6.302681976361934
434.80899155982024,150.29553012889787,8.76627915179926,6.283952685933818
435.41347928122406,149.59450594282018,8.738324683087026,6.268775889174729
436.5966631139095,150.31089038895763,8.727266638419335,6.2491927693217235
437.3124484185134,150.3129625573603,8.705943325069823,6.245048432516399
437.2100723035294,150.20208389448575,8.67604557694634,6.232155780174018
437.45781473855646,150.09550638551673,8.64853043434697,6.211325934384656
438.053440962711,150.1006065098922,8.623404405774032,6.201125685633716
438.1729900816565,150.11245466205537,8.616982911627598,6.177429381307362
438.877151629511,150.12197844048964,8.601797659476714,6.158381824438829
439.2213358823066,150.13967374371975,8.608367667954136,6.122991217978594
439.4516027425072,150.84287608124913,8.610159956779652,6.10356457060001
440.25617653235025,150.3934800167796,8.617102944432263,6.078876375345432
440.7188584214746,151.20723488170577,8.614011784566284,6.065343727662747
441.7595433611995,151.20695132221215,8.605325974939113,6.065910846649993
441.98757215160515,151.21971195777132,8.609620859272631,6.04038957553164
442.9065672529079,151.23158601036738,8.610191878422084,6.016641470339545
443.47647127933215,151.24404076942355,8.617567736258371,5.991731952227191
443.7022848062607,151.25643455608176,8.624214226209034,5.966944378910791
444.5095169953907,151.37710343858114,8.611541833416371,5.954434040407377
444.6328324623536,151.5006566208141,8.593340207132455,5.935756983583261
445.5623693373498,152.18503736156063,8.55703253764519,5.934070062469096
445.92008046754154,151.61832272594427,8.523419776597555,5.931150168142259
446.72398207681346,151.5087943097605,8.502614750455963,5.923492973023722
447.1890957393453,152.41865517690783,8.477480634794496,5.913957657533411
448.10409872331775,152.41806771554127,8.453363817794292,5.915132580266535
448.6768488112036,152.53121880752968,8.43481943203378,5.914221554291941
448.68685782948916,152.6409313126017,8.414801395462721,5.919892399377705
449.37209385517576,151.96071246822294,8.393650138670251,5.93100929355456
449.3836443432694,152.39652747219242,8.370549162483067,5.958380251632107
450.2924943051808,153.19005313553302,8.351662510924697,5.945290538182404
451.196469854153,153.08173475306853,8.338512665285368,5.937577146573248
452.10768689725546,153.08121681564577,8.308270952814544,5.938613021418772
452.78703872250435,153.09040972257137,8.291066283798862,5.920227207567577
453.0089875389865,152.98929943376874,8.29320855484969,5.899427833165235
452.8995381634487,153.88441603299995,8.289397410065586,5.8908738015799464
453.1308651597701,153.88246223566733,8.271766028026818,5.894781396245227
453.9178616701254,153.99608866952659,8.253934247818385,5.88983727716988
454.1506971879853,154.66736271921064,8.23217788427694,5.879033194336984
455.04929277115343,154.55210978056505,8.206586728318173,5.888089070330998
455.8320413045212,154.55134182504153,8.189569292735507,5.889624981378005
456.83656925888016,154.6559703002403,8.16932225667207,5.9013467946087275
457.3978947321132,155.31371012208294,8.150994086930417,5.911054482992724
457.51664650213445,155.09093464652796,8.134236652422745,5.915113223032927
457.85643921433206,154.97673147243796,8.11632683236369,5.922961036434126
458.74871434550505,155.85775780490727,8.095101102936473,5.924232904414326
458.98549386658186,155.85081591938365,8.061770453730572,5.938116675461591
459.00151615091,156.17118749582863,8.029725885074336,5.956880375270303
459.7845848309706,155.93859651667586,8.00118023551399,5.982750416272794
460.6762046504036,156.81489954062917,7.97510164005005,5.987305411768239
461.12702411792134,156.9191172823284,7.950753248041074,5.998192564126483
461.134067638176,157.57818301940344,7.936666207531759,5.994839593534248
461.9158638538414,157.46051510762211,7.905096225304861,6.0113150672249525
462.6952017311573,157.45393928083905,7.876957803784048,6.024466720791032
463.0377410080746,157.66565931734186,7.847179999983222,6.037893814474683
464.0329320622973,158.4215333118366,7.820579853430563,6.05353179584615
464.58776284285574,158.41492728804718,7.801150655237096,6.066743843424975
464.59917368993,158.73323995834897,7.778328961088553,6.084012366626704
465.04568361008376,159.48649113189515,7.756895341639443,6.1027859060364875
465.9256542415483,159.47886146292782,7.7399440182082255,6.118045243971142
466.48388377622604,159.47198126278698,7.712795273592043,6.13180564425286
466.2760383568108,160.0085261343752,7.693147064297614,6.147063521388846
466.61557933775043,160.00030215901214,7.666912567911893,6.163511472114985
467.4990012690265,160.10144122349377,7.639908832223744,6.178713359009769
467.7256846586626,160.64150387780253,7.621165521757303,6.185146722406613
468.49450644038376,161.4041533748946,7.603418095909924,6.179743865817411
469.1503432984733,161.51128093470217,7.59235239171292,6.182256748199254
469.9211800300256,162.15711028991313,7.567149394489459,6.190429865675547
470.03811267487487,162.0507186967761,7.5496675291360225,6.18682962760448
470.6960862849724,162.0501226843604,7.530059082771006,6.1880216524358875
470.70428131343795,162.69779117935067,7.5136690258398895,6.187329654193762
471.5730334862673,162.91473113019157,7.500251554053446,6.184471470980016
472.12025813863727,163.6650412089314,7.482093581430402,6.1906591784639895
472.12176899171897,163.7756327227513,7.479071875266929,6.184554839715604
472.3381672163412,164.42415970456003,7.4761427485512,6.17710284368446
472.98823102877924,164.31588241761554,7.464624935495489,6.178889115603344
473.10474381029815,165.49028417000198,7.446219215106402,6.190903879966111
473.6474594916751,164.9535488879669,7.433439132391373,6.191723163997429
474.51210555915,165.8054554459354,7.418919863373046,6.202682913991772
474.8392866242657,165.90957816225023,7.40745639536541,6.208737035436738
474.7362398239598,166.66356664003175,7.399329591539433,6.200302910938222
475.5976744544868,166.66118427946094,7.388134268977357,6.205067632079798
476.3547540339355,167.40461939213236,7.3710188074194525,6.215241104076324
476.2545451305691,167.39928402272332,7.357673399126419,6.225911842894371
476.5769271732569,167.93275970170123,7.354096387640868,6.227605608088649
477.1184507446714,168.67992142799883,7.339554585249533,6.2291896321062294
477.2276723972376,168.67755281371578,7.334613350354426,6.233926860672331
477.54942787253003,169.31532841416157,7.331608285907059,6.239387432055606
478.29548972703856,170.27247622510015,7.33428808492064,6.246982034789389
478.5173044188473,171.00408743171224,7.318072390955527,6.279707535348154
479.2757423764126,171.30568486419062,7.2990713304255905,6.318459036648864
479.1774527995038,172.0325619540645,7.281340237902732,6.364876581284732
479.1870940723037,172.1190887020111,7.262057692302939,6.406602944814114
479.8416770292338,172.63713568748258,7.243786265612701,6.446254379846099
480.70889001072516,172.62008560329,7.2333580034606015,6.4803545482312614
480.1784946257709,173.36155790275362,7.214735917997578,6.508587946824217
480.83770435625,173.24499385429553,7.1925792443051515,6.525672245862742
480.7377172346281,173.36212429165147,7.176581862098011,6.50738299660176
481.6106978494771,174.00639818516493,7.154069255403817,6.5114216768276485
481.6265447140548,174.8632732567219,7.122375526248393,6.518832186729246
481.9603101435112,175.1869055759591,7.099153457811334,6.515876338730677
481.8651458031965,176.0435930098086,7.075121414980818,6.51738725871067
482.73551666198915,176.46809776613648,7.046461300116431,6.524418547415409
482.85396042465817,176.35891616417774,7.023248883150987,6.529106642960264
483.2909770388459,176.46767594814142,7.002765461341157,6.524974526674258
483.30282950020637,177.3210685770711,6.979060538620125,6.522205699125033
483.2078232409189,177.31780114325892,6.956485124566057,6.528740566749355
483.6445334047603,178.05991589171393,6.932420992439015,6.530884412062002
484.5053676828892,178.9103239432941,6.906728293434932,6.5260441661553985
484.30233402425455,179.23505351407778,6.8897586399750645,6.5111404806817355
484.31056841646625,180.0823034753169,6.87328985555168,6.504774341832384
484.42350179212343,180.2982110018846,6.8580812969081215,6.494275674038731
484.6453122369959,180.19853449821505,6.834968056220646,6.483374856849085
485.2804818535704,181.46669035619013,6.822945293129544,6.4636960810148665
485.1813421778388,181.37032578198284,6.812005319722928,6.4472059045597145
484.9815116418026,181.37317536546337,6.794092956252719,6.441506737598653
485.82494246788985,182.2122281240409,6.774560508926989,6.430730425292409
485.9318700231416,183.1605897080057,6.768645112377035,6.4054646829438315
486.04672466848376,183.7828207591251,6.746382407959261,6.405682098304503
486.5778712131356,185.0201957637871,6.7195980779073325,6.416153111184765
487.31311416100726,184.70855378617756,6.69705115150968,6.418891793827137
487.01583208522885,185.43666220390128,6.67199929360556,6.408445647121697
487.0284750954467,185.74236414831446,6.6467132731699055,6.414984174441297
487.0398559684852,186.56155162704,6.623951527092943,6.422112655841128
487.04887748268453,186.565073146303,6.605908498694291,6.415069617315117
487.1615975648388,187.38316996592675,6.585517601916505,6.419270118314281
487.47936259375444,187.78792980155174,6.56437441321203,6.428932939233311
487.9996087923162,187.67967207246522,6.546963187112087,6.440832163201677
487.29099894229347,189.00728692311432,6.532469365951068,6.444499001286843
488.01783583473036,188.997891030425,6.509319309659082,6.463290786665467
487.8229654074929,189.19846506764046,6.490474662341728,6.47072821402681
487.7318172471239,190.01234841286833,6.468657611175923,6.475868498801698
488.55928989590655,190.11488844559264,6.44451868940463,6.474639230327301
488.57030333899235,190.8202927045993,6.422491803233011,6.487988885405124
488.5811599087901,191.0234619623495,6.400778663637499,6.4882783747497825
488.59378684210805,191.93624796162118,6.375524797001618,6.489491338172864
488.6057955197524,192.04024257194249,6.3515074417129,6.484098809435659
488.8179912489514,192.85623710437557,6.331381653928386,6.46917242702338
489.5327021861687,193.36835293541762,6.313024042832926,6.452843810181469
489.53346463940926,193.98537084290334,6.311499136351862,6.425013641892446
489.33754988259983,193.99779737808484,6.302182624301769,6.400160571529428
488.8465793060633,194.79957403730415,6.283946712186747,6.396890557391741
489.0510298640485,195.40603354905124,6.274438085191881,6.382149000823744
489.6562956258603,195.41019568185743,6.25979372734171,6.373824735211352
489.1677467372656,196.2115288762196,6.242128527645389,6.362779109504331
489.96613895771753,197.30857744787042,6.233345760089879,6.35218426705658
489.5760688113852,197.90699935770624,6.220705595418157,6.344511133389544
489.18641643168206,197.91296457728953,6.208510244882827,6.33258069422294
489.98164171236033,198.60516692544508,6.19802031442655,6.3306415499496556
489.9837276099121,198.60996444111973,6.193848519323073,6.321046518600341
489.89402373694696,199.2983773900437,6.17617384893626,6.323797534971868
489.8042358961576,199.98619407622667,6.158903019428628,6.326089740210304
489.8065965500332,200.18621195132994,6.15418171167748,6.319273294146278
489.7152268886287,201.0653834569004,6.140492973533555,6.328782831580688
489.6251035939971,201.75524024090302,6.124378611682145,6.323595921378151
489.5329587070276,201.7595220749743,6.11264356684002,6.315032253235587
489.1494926581328,202.44422901202944,6.0967558965879025,6.315552973198413
489.8381929255397,202.54995713773542,6.0875882325933075,6.299558560474879
489.7477969065548,203.23237417781053,6.073314233128665,6.300186742366118
489.1676966804982,204.60227473411098,6.06441411915155,6.2882869506428705
489.85583144056363,204.11999553826175,6.049803768275452,6.280231650016558
489.57477488443953,205.4833859223174,6.029420953724646,6.271765206967231
489.0977082347529,205.2984755140686,6.015003910839498,6.254165886561474
489.77645861924464,206.17673398811368,6.009945807443449,6.236503794226701
489.30212179935376,206.86004951889947,5.994373330831914,6.2198172956058855
489.59244756850234,207.05962433918606,5.990745594390545,6.205350189603285
489.2075169131044,207.0659317750054,5.992378637630682,6.192735317964588
488.91905005953686,207.2652455256648,5.993657125222713,6.177877963007831
489.3091643722285,208.13050754512057,5.980117416478062,6.172403986533146
488.5514519352508,208.61417229033506,5.964563886181434,6.1619359987617095
488.65335342945144,209.57298718359928,5.951723076083786,6.153927995270911
488.663394017143,210.24194456727568,5.931641900700723,6.150447907224622
488.6689820213071,210.25112757755213,5.920465892372487,6.132081886671766
488.6714060397015,210.82549128081592,5.915617855583758,6.122134007547447
488.5820680489124,212.14916162078913,5.904729916080905,6.128688222734932
488.48885478203374,211.48202186730583,5.901662007217988,6.136506631360049
488.4856117862777,212.62785910853495,5.908147998730051,6.1196534301323515
488.3875848799039,212.92172221468078,5.914794937271426,6.100147840459534
488.0994648735353,213.68741288899992,5.92341674470325,6.082415039302481
487.4456980435413,214.3417978685792,5.907501900808648,6.097093584026543
487.5442123898538,214.33998009800675,5.8995160616511635,6.100729125171454
487.6425886454035,214.3383023969055,5.89173714821475,6.104084527373894
487.64443342404525,215.0939491596095,5.8880475909312935,6.104016425663614
487.45627852547125,215.7516873584143,5.88666989751407,6.110446245032204
487.26608361209856,216.31573531239317,5.889214231902342,6.1158868141456395
486.70035771801037,216.41495479891336,5.886376314715874,6.106496125332425
486.98509506457475,217.17629329336262,5.883470160807881,6.094668574355836
487.0758079900548,217.18718385416037,5.890669085361221,6.072887452760372
486.1298227355189,217.85484802013843,5.898669577210882,6.056338132859657
485.9385688721355,219.18101921498334,5.9046498148161435,6.039688167301148
486.5017506121598,218.7209963610924,5.906867167249148,6.019249848014978
485.8405939092177,219.66719165376963,5.914505101185186,6.004967079729287
485.83618640094113,220.42683543341283,5.923320117738387,5.987334495090898
485.74002012464405,220.4375328218095,5.928083983612611,5.965939718297596
485.3629355709446,221.10092852192335,5.933024200225865,5.9502988769446326
484.61395449731106,221.19792822864136,5.933875174180824,5.943438360172659
484.6176294797647,221.94928974746088,5.926525209273593,5.937069662295715
484.52947515045736,222.78916670117545,5.9160056206429985,5.938769980073382
484.16087871788415,223.4419967089851,5.906441311836466,5.9399350188717985
483.6048147680024,223.34830834394867,5.899227684659778,5.940754827787932
483.8888942172666,223.6249483079392,5.890437178544363,5.946843292219898
483.88739022288775,224.37940611079836,5.89344516730219,5.929234379156554
483.78857208367936,224.3899376773037,5.904897729121128,5.908171246145883
483.6914396045738,224.68002448668764,5.91313010683022,5.886095368883931
483.2234765804568,225.43402594574533,5.919983892634181,5.864608070656682
482.5750477286481,225.5278754325611,5.917756303999469,5.862492710204012
482.3872209893708,226.27682292403566,5.922379338222235,5.84871950458214
481.91984264437957,226.74925717190195,5.930282388428638,5.830704648625564
481.9168674459134,227.50102495722254,5.936232785361021,5.808854954983069
481.63895132715913,228.15873555303946,5.937187146051566,5.788148809257689
480.9947921694379,228.16825673939837,5.932974846152162,5.769106436539833
480.99597970454045,228.7307219461114,5.930599775947128,5.749857387591057
480.44534759979996,228.83312662251214,5.9282317751018825,5.728986736510647
480.5324445061751,229.57352158757195,5.937609502778507,5.716769129806998
479.7955095993586,230.31355474974652,5.943277045023873,5.7049050768456375
479.24667301236303,230.96537687632082,5.94039220251563,5.685245176279495
479.42717620169793,230.9679170981783,5.94552558435125,5.680164732564543
479.42331875148125,231.42305635626545,5.953240484784578,5.685235285037962
479.2406461754583,232.15624705118083,5.95204376887887,5.685021367013694
478.6939525962021,232.52093699007312,5.945938086898889,5.688636716224012
477.95934223734696,233.16394351636666,5.949475214523669,5.685096804961799
477.8638735913571,233.44306495527243,5.957202726278181,5.676483267825691
477.12849128867435,234.17985442428628,5.962412780790221,5.668458880651388
477.2175982676283,234.09365845159087,5.967347531000699,5.657702117923839
477.21510519126207,234.09740010255604,5.972333683733195,5.650218815993498
476.4841923363482,234.74638151887606,5.9700414050356745,5.633359223312986
476.4850974131987,234.66469943733588,5.968231251334723,5.61401189937925
476.21071862718924,235.860474731264,5.969860212169378,5.593351959987964
475.7567320052872,235.23001697918863,5.967464980300081,5.579751598195849
474.6660089951959,236.50973930143607,5.967067369526517,5.565791189816342
474.39271561460345,236.69571952971734,5.968877130620841,5.557015399980932
474.29802502928146,237.78755843649236,5.97677715605953,5.551111328894358
473.7482086235282,237.24192830067258,5.987346319340657,5.5533079523085815
473.1104612761445,237.97277013894902,5.9908678619176055,5.545307878258989
473.1978158699177,237.8851707231719,5.9977968545295255,5.538868529655054
472.65267249575476,237.97813395926917,5.998220629142616,5.534585886412695
471.92634065923573,238.70581774742377,5.9982258536029915,5.531876758681035
471.6536280471808,239.79777278255838,5.999033221944332,5.526438111485707
470.9262985786424,239.25686551847076,6.001969479514802,5.519460630031219
470.83237397743187,239.99027663819027,6.008418619825241,5.503838887477412
470.0124988786033,240.54189487976575,6.016902132350668,5.48811352774756
470.01037521625983,241.26881047709566,6.021149457037596,5.4833503349087085
469.55470232846227,241.2750067263384,6.026876586114369,5.470957836423244
468.38388014555653,242.0834827688016,6.015321528467399,5.483143813891102
469.0244392795749,242.25934822573694,6.0014111786988344,5.493472305239899
468.39765141315837,242.88594568830345,5.988143719828711,5.507120571809985
467.8608061891872,242.97492694404067,5.975905228126802,5.510146216942953
467.2316544601556,242.98310988694448,5.968290060706562,5.493780331135317
467.2279106268127,243.5283601313458,5.975777727392332,5.486078076443079
467.13442849577393,244.167616146954,5.98228151314441,5.470789379505193
466.506540872063,244.17286476441907,5.97582831960385,5.46029214457509
466.59753193429066,244.26721572383286,5.973896826204748,5.451640856803759
464.5375661715135,244.98743629075247,5.956525587544758,5.450261553995547
464.0054008903203,244.89993600636726,5.943314909777769,5.445671916073749
464.0081880855228,245.174747589025,5.9377405193726664,5.433982692378963
463.7379118481316,245.89830216394336,5.941178032112726,5.419180107988882
463.1091329112542,245.90438666363877,5.946743511300582,5.407011108598048
463.10308854730783,245.99926079631308,5.958832239193372,5.396011614211366
462.38316891728664,246.36083714574553,5.968579381815201,5.387904974056742
461.8449330912675,247.08373480542105,5.972348129637671,5.372380193660221
460.86064253583737,247.17992127974392,5.976387886323906,5.358601913575723
460.2340018946829,247.8129949542024,5.980606789507678,5.341516943784012
460.4077682094053,248.53503434213275,5.98953442992071,5.323279247354481
460.0472592174605,248.54323022197363,5.99824325968559,5.306887487672703
459.0637250931576,248.99676420221988,6.007858112787195,5.289571070591304
458.61694678998145,248.47223515385903,6.012302972526751,5.271695071377831
457.6347202741749,249.6330367857981,6.02310051490816,5.258957385682585
457.36319317002767,249.72929419475997,6.033449847358377,5.24401085970698
457.6273662330737,250.18122841291427,6.037570690679605,5.227587372420441
456.29511409692304,250.18984498775504,6.042734218475399,5.210354222738909
456.29014528099015,250.6385671132902,6.052671850341177,5.198373713033006
456.37209136995074,251.43221358713066,6.065833754671662,5.204567505617042
455.8328623342327,251.60511302729014,6.080149667399608,5.213482678200752
454.4075908416809,252.22809254609936,6.087148503490082,5.211574205775468
454.4027042456981,252.14462488007362,6.096921695455788,5.200710511989567
453.77144715759687,252.14938355542614,6.115007624910197,5.191193161284474
452.34263876007765,252.6836289296721,6.126196352905318,5.190112937933828
452.5106953029679,253.31189832345902,6.146197473829938,5.179973873827964
451.2567572489024,253.2301133276074,6.159237596727266,5.16534129515734
451.5159441304686,253.3241823463287,6.175367929638551,5.155371289729339
450.1787714198462,253.5945143381902,6.175873386595942,5.149475298863765
450.17665082354415,254.2227702172235,6.180114579200056,5.140144734017534
449.1979255529797,254.14324075832283,6.17864518940009,5.12112002173452
449.1106500692736,254.06377032611312,6.175442031756597,5.102306761098255
448.39937471903175,254.51657032765027,6.178782996800528,5.083712842673732
447.91950770184604,255.76334667125514,6.186186316899342,5.066708715960078
446.4965317476742,255.7715118609095,6.200272974311071,5.0503783366513355
446.66519131059283,256.41814636610167,6.204798631176732,5.0329639704266205
446.07684609055093,256.75390490091655,6.209882116261533,5.015261852924529
443.3384006605675,255.43714356130835,6.214545218439521,5.000932391275358
444.3888392337668,256.1398430291879,6.2300240036063546,5.006437409893158
443.06514802283044,255.16360856710855,6.227061421305349,5.015319997657697
443.418083323612,255.1615106390554,6.228343188604979,5.019515853764009
442.805527211239,255.76788174112085,6.215325403050371,5.0449036599337465
442.8130795601447,256.5530657936834,6.2002207052389675,5.0683167321500715
442.82072047130083,256.45263329905634,6.184938882926594,5.091948394582356
443.001052448239,254.77610620918662,6.179035165111796,5.07478033173703
443.18120038781,254.87351960483673,6.172763326213572,5.056965560558694
443.36147942377124,255.05900384139173,6.1654607493767495,5.039252582534263
443.26781895462744,255.06625641235289,6.17655247968632,5.024747440611971
443.1742834993992,255.07178518170502,6.187458265319359,5.01368990190769
443.0802384733883,255.07653523573555,6.199394574005454,5.0041897938466375
442.98634281379316,255.08105252281487,6.211002666835735,4.995155219688
442.9800536900708,255.08559181389242,6.223580914280452,4.98607663753292
442.8853654761641,255.0029566348487,6.236696435893895,4.9750860894204445
442.8795584338923,255.00790852291075,6.248310520437523,4.9651823132963635
442.8752128165461,254.92395775343297,6.257001755130011,4.9567826758847495
442.9611062792615,254.9268233397102,6.261512842272212,4.951051503330295
443.04358337467323,254.93086079460593,6.272832715322686,4.9429765935388605
443.03823531505276,254.93451791562532,6.283528834563592,4.935662351500098
443.03630053187396,254.93632810483163,6.287398400921199,4.932041973087465
443.0332698165712,254.93961410141083,6.293459831526726,4.925469979929051
443.02833921564536,254.94324382951245,6.303321033378447,4.918210523725831
443.0245221602656,254.9468724648438,6.310955144137987,4.910953253063102
443.0161778123057,254.9521147167535,6.327643840057694,4.900468749243705
443.01300558487696,254.9574329815429,6.333988294915249,4.889832219664938
443.0123832073509,254.9607509355949,6.335233049967304,4.883196311560912
443.0130727589318,254.96415263930615,6.33385394680554,4.876392904138402
443.0119117703917,254.9692952965344,6.336175923885761,4.866107589681937
442.8363450197809,254.9761931854879,6.33524192937817,4.852311811774943
442.74729996478356,254.98243068202146,6.337537455553077,4.839836818707767
443.44889441523986,254.98864376852825,6.339357777516532,4.8274106456941945
443.007072214768,255.0843354987081,6.345746281207656,4.8114783647850485
442.4800453240105,255.08983592145668,6.348068982144845,4.800477519287888
443.0916509253746,255.096016873855,6.3508675833641055,4.788115614491228
442.9216972022028,255.18504768088437,6.340805156683147,4.78503893694477
442.7529857611396,255.27484134483785,6.328665291060295,4.780232982912465
443.4528412486888,255.45702030645606,6.325097507348974,4.764910857522854
443.0196808424839,255.55104946300938,6.320352360647042,4.751065736238546
442.755677947294,256.07719333844886,6.326614268921963,4.7422657495694915
443.44702285931663,255.47125865460134,6.334853148285683,4.737072501781566
443.09726506756743,255.99635613659453,6.338742512309395,4.730316867007031
442.57545795607325,255.38884005234664,6.339225456450196,4.728362543514013
443.27149231623883,255.9108126538185,6.337801385297296,4.727400827454004
443.1883707802465,255.3002471081717,6.330251281831862,4.731979690596146
443.1044611262828,255.8207765859515,6.324317386263315,4.733439956011989
443.0204125603707,255.21119163250117,6.3187277412228955,4.736802424860841
442.7598355509467,255.47662664931184,6.318911712420832,4.726902438889542
443.45590733186765,255.99735188486952,6.314748649575681,4.726437342021693
443.3643378602709,255.30948184456534,6.324461002626832,4.714764701490754
443.27479880113316,255.48837899151002,6.330155708844954,4.703737231716178
442.9267686550213,256.09707075217256,6.3330578935090385,4.699380398620383
442.6695741795982,255.4942846125044,6.327659876977365,4.692116420741812
443.3643374928268,255.84501727116427,6.32262348104804,4.682896218686019
443.2840939278995,255.15883589163846,6.31027692483452,4.6725894891932676
443.20185012747885,255.5095211253927,6.302287378766463,4.661127609322352
443.2044713794481,255.77366216405338,6.297044874827925,4.649349288395856
443.2082109534682,255.09107892259834,6.289565726787664,4.6393538299236265
443.12483837633823,255.35540793538956,6.284693112001599,4.625549111479354
443.13011275287255,255.87503913623425,6.274144358933015,4.614191384422055
443.04702516594494,255.2826890167605,6.269348561432686,4.602094823881487
442.96554815998405,255.6303643109852,6.261602812186807,4.589543280102847
442.88426874783966,255.97718792374806,6.253785383314309,4.577401067222194
442.71886142939985,255.3878796695625,6.244483321220547,4.565609129186454
443.4018375975619,255.90284122272382,6.236320052720364,4.554027823731727
443.32140391929147,255.315262408195,6.227777759696934,4.543317905839786
443.32679054252753,255.57463753851087,6.2170045132247465,4.531880245919673
443.3317277803155,255.91798537963885,6.207130037648929,4.520196301445536
443.92614694284714,255.922696503629,6.197170523208856,4.510774053465213
443.76416106325615,255.92352852903875,6.184931445089433,4.509110002645749
443.26581149116356,255.9264060424098,6.1742764650049455,4.5033549759036
443.85675714632924,255.92951797344315,6.165838296809055,4.497131113836921
443.35844509213103,255.93178488244513,6.158026864755484,4.492597295832978
443.9462385705197,255.9362765912673,6.1529304697501646,4.4836138781886365
443.3657588793382,255.94064161373905,6.144973012002467,4.4748838332451175
443.8696112245584,255.9445518995468,6.1376125066235785,4.467063261629604
443.371545447466,255.94955029895027,6.134840486748721,4.457066462822671
443.9558096399338,255.9540158494557,6.130256056726657,4.448135361811859
443.54322058215706,255.9592359929014,6.125126837437191,4.4376950749204545
443.1337948972304,255.96356157264742,6.114917445753811,4.429043915428375
443.79797557868415,255.96837271626458,6.110677414615176,4.4194216281940575
443.4734329590487,255.97222131697163,6.098591648180021,4.411724426779969
443.23119303087094,255.97691863600284,6.088122555838376,4.40232978871754
443.97430615135096,255.97910237726572,6.083924842482284,4.3979623061918245
443.89671410771376,255.9828133704264,6.074574524064844,4.390540319870399
443.8183364850945,255.98702273756035,6.067059127763205,4.38212158560251
443.73930518154447,255.99159554960423,6.061103417155485,4.372975961514768
443.6604123060907,255.99667802024078,6.055111481138398,4.362811020241655
443.6623091232656,256.00155767379783,6.051317846788573,4.353051713127549
443.7439460276626,256.006910015068,6.051345793406077,4.342347030587274
443.82838989392855,256.0111482669922,6.0455841660482905,4.3338705267387985
443.91298993320703,256.01505208656795,6.0392834401626665,4.326062887587364
444.2398098711157,256.01606735185743,6.036345284178526,4.324032357008387
444.32483298440616,256.02001928935374,6.028896564584702,4.316128482015803
444.329304271104,256.02457247905386,6.019953991189081,4.307022102615516
444.41276367113613,256.0286668661026,6.015104472798697,4.298833328518061
444.49631189541213,256.0333269865649,6.0098690746655885,4.289513087593511
443.449946562958,256.0384747062809,6.001431363460438,4.279217648161373
444.34144937658687,256.0430498987762,5.993067410742995,4.27006726317084
444.66678895978123,256.0434637353995,5.986603240940282,4.269239589924314
444.02533816346477,256.0450924831495,5.981966872398368,4.2659820944242455
444.3488364282737,256.04647422989746,5.978243968948454,4.263218600928332
444.3465616901858,255.4853654271228,5.982793445124312,4.26042047293681
444.4263922548403,256.0498565107993,5.9838716557345855,4.256613685018769
444.4283603695639,255.48763671220698,5.979935426287452,4.256202515846055
444.4305780005966,256.0505406827078,5.9755001642220025,4.254780820773246
444.3538780394385,255.4873445741599,5.968364039963265,4.257420711844293
444.03745656106236,256.0480123105069,5.959321121205284,4.259385521292943
443.8013333508173,255.48498013510468,5.950466936865909,4.262881794161942
444.525579418333,256.04710091104863,5.944587409150712,4.260672270186682
444.2103349129693,255.48608587196776,5.934416977317259,4.261548323867013
444.1346262986581,256.1255931738916,5.925809031188816,4.262735118026168
444.0592684244323,255.64753153172472,5.916610534710946,4.259372932782871
444.0647797166519,256.2874626544598,5.905587950271599,4.257266984907842
444.06953475746815,255.97026031278546,5.8960778686392,4.253600360453569
443.99229178755076,255.57606326505132,5.891250433463799,4.245427580871403
444.63445205732125,256.21613755086514,5.879776530431583,4.238125645752546
444.08506975231404,255.74127436186137,5.866858237346267,4.234980963960301
443.53709563433335,256.45758471777503,5.852856371110248,4.229438954958412
444.3338217062829,256.1427657818557,5.842013290777469,4.226033201370442
443.78715752028677,256.2239057816669,5.829058097377041,4.2217937110899975
444.8915300466746,256.2272943393537,5.829154211528065,4.215016595716318
445.2037778737337,256.3073116579322,5.8353164169562195,4.21264642344586
444.0248035246619,256.22850796448574,5.82748090470261,4.2125348629789885
444.9733949772506,256.15278670870094,5.82147766377686,4.2063790691942415
444.42441526109496,256.0762376300865,5.817594365315752,4.202071122027029
443.87912993864404,256.0766581105075,5.8072300889406705,4.201230161185042
444.5106681437445,256.07750027837284,5.8009971493577455,4.199545825454364
443.96514747432036,256.0792658518313,5.793155879517775,4.1960146785374555
445.3717976870342,255.691037790128,5.802368577922524,4.1884393786573195
444.74135736056013,256.32208036849266,5.80867725229012,4.1809262005085985
445.13007632831545,256.09006754132326,5.815207357327968,4.17457103051818
444.42368722728224,255.93626858990342,5.816893148750888,4.168592842103737
444.5784437177401,255.7829179832285,5.820810635115703,4.161863588173162
445.12559365418235,256.41353155935917,5.823157606205712,4.153947114740015
444.34179368376823,256.26010735348217,5.825066961494409,4.147657409386123
444.41744502457635,256.0290982981407,5.830258678463795,4.1401923243121574
444.4135938864474,255.6411813711024,5.837960954721702,4.133776052772542
444.4892933383236,256.2707735347614,5.84302290663492,4.126278570778995
444.6426466656002,256.19702032789,5.8491439419333275,4.11737113959615
444.7958672905849,256.12324519596314,5.855421744610496,4.1085618771265935
444.793957623666,256.2830478437501,5.859241078448291,4.101574784009224
445.1817828439043,255.97456205679285,5.864848182822659,4.093540322042979
444.39938928982497,255.74298987569182,5.8675994961284434,4.08807394578925
444.78839032858076,256.45011992173335,5.870371717444857,4.079207591596601
445.17687284174247,256.3767730812879,5.873657930784579,4.0698510245548185
444.3976483157552,256.37908554486876,5.872654710858588,4.065226097393134
444.7879750953698,256.46051846335916,5.87126928395909,4.0582138868783035
444.86420888980894,256.54227718574066,5.874518469068773,4.050413216103269
444.9428375036041,256.545765083378,5.872898032849232,4.043437420828529
445.02042817540536,256.6272133908147,5.873213630465112,4.036037747173622
445.32912094062715,257.1733588031733,5.877345136080682,4.031401735559959
444.47514469840445,256.4001644984534,5.876284417897733,4.02414197897401
444.553031809408,256.4813779898688,5.875738850642521,4.016943650895193
444.71367668211855,256.48388535413005,5.864651568995209,4.011928922372671
444.94796356401747,256.56329419779803,5.860630927135597,4.007962275682831
445.0256885161691,256.6441219292743,5.859905762083544,4.001031551981498
445.2588148686169,256.72505656765685,5.857450119118006,3.993761295859812
444.41147643582065,256.8059129031568,5.853269672708005,3.986490198678285
445.02656319638436,256.6070328461293,5.8425966187786464,3.9907636600005203
445.0377940755848,256.6211081353673,5.8414521169158675,3.995109492770672
445.0429966209933,256.61499186838716,5.840391565891774,3.999394634324248
445.0765206902711,256.6390569531049,5.841376455027743,4.00105532557251
445.08348810750357,256.64206585167443,5.843114480910664,3.9995062455584347
445.0602745260831,256.67791790034073,5.844405519201409,3.999817728761745
445.06998641866335,256.70209607552584,5.845883678122811,3.9976755652456304
445.0497205770398,256.73165787797143,5.848761201649352,3.9943208176190277
444.66322220838134,256.6586527765479,5.850158525978377,3.9860111378684673
445.0904042460491,256.7906988064344,5.851922404779279,3.984689954017676
445.08089115548415,256.8243080620634,5.855665130484091,3.981998328263803
445.12039574410574,256.85611930528677,5.84866753076077,3.978031075662904
444.65652302777335,257.01126421568296,5.8521214752470305,3.975838417596746
445.0662287631631,256.92602362712813,5.856430242393096,3.969565772157885
445.37300792133357,256.85261981497086,5.858972703585999,3.9623482020891068
445.1388514280917,256.8562380488613,5.8654543115611,3.955111734308174
445.0581920214703,256.7836241990992,5.87285179304427,3.946418102072721
445.1265999558911,257.0036307649106,5.8787364772618105,3.9382379166204173
445.1233139179936,256.93107265668186,5.885308553056759,3.929513030718964
445.2739418587901,256.85850946754783,5.891642710970442,3.9208443892335385
444.96313810404257,256.86247676240885,5.898265441610391,3.9129097995115316
445.9593573389645,256.8668474637923,5.904106584620274,3.9041683967447223
445.8027292662552,256.79413436960414,5.910050364124955,3.8959384021639973
444.5763797895033,256.79458555744003,5.905013166857648,3.8950360264922317
445.2532746413381,257.03439546772864,5.907964838277705,3.889798544745064
445.0212857012766,257.1140458243289,5.911517764578313,3.8839728161520184
445.24589114930654,257.07515078154995,5.905594861076463,3.879831383527892
444.55401003117805,256.0826990865028,5.909896089058422,3.8721799838915456
445.20831156090367,257.0126201390021,5.91027728360316,3.865185488244133
445.2388252340707,257.0079116182172,5.910163683814371,3.8590438019729625
445.9321529028206,258.07572974217555,5.900469697505857,3.8653474336869444
446.16622688792495,257.07840986044516,5.891187528062809,3.8715687271632304
445.8651362245136,257.6101794060514,5.881690677437836,3.8784664464842256
446.32817386433163,257.3770046181252,5.872965990350705,3.8861407260621252
445.5763426913894,257.17292744801125,5.867556988892373,3.8852259520471093
445.60679479808,257.18898015618265,5.861166583686436,3.8850170364962806
445.6405379848125,257.2034174577341,5.856576544892116,3.8875006615418197
445.68145565919497,257.2186807677547,5.847102161268061,3.8954971127061686
445.7376695372197,257.26347040971626,5.841197911695057,3.899734599523766
445.7562180478559,257.2716536296083,5.831955544910846,3.907472159284615
445.77529606057936,257.28309780132815,5.8241773110844255,3.913673831731804
445.8016605164551,257.29500772124794,5.8128106440719245,3.916962470162886
445.83778183955445,257.309166108768,5.802603239441198,3.9213195309015383
444.39460928033884,257.9922483661716,5.793073253505934,3.9268853286889236
444.62809351719983,257.5329646883046,5.783194581388937,3.9312730812130465
444.2520538932315,258.67143200843583,5.7738378653449,3.9386463328924286
444.5613540684698,258.05895739553966,5.764311007503119,3.9454485734151463
445.4788480971625,258.51173945283165,5.756172032187192,3.95330899986579
444.9507438554286,258.88915657616405,5.746666797788276,3.959698837391611
443.6621286582853,258.2017448250128,5.736375394251166,3.964657858493282
443.05863235573685,258.57919801306105,5.726296871312085,3.9704209374192576
443.5195743000232,257.81599977073745,5.716875209609305,3.9760470439499342
444.1326021813798,258.11712457093853,5.7070414336621855,3.9819084369309192
444.8458276377695,258.14216027647024,5.70518893808634,3.985595997837444
443.7104576373989,258.36742433347627,5.695794842568669,3.9910947030771635
443.18309172809114,258.44062585905766,5.686822368632786,3.9966494079930683
443.7950476829079,258.5139031323736,5.678220759957491,4.002008648981016
443.4198355829221,257.60019492392564,5.6692843373765225,4.006959571750638
444.18378194172993,257.5220614932391,5.659577533533733,4.011407841746387
444.11831992414255,258.38746385806286,5.652419806732722,4.005426045096864
444.0481325719856,258.44739339749884,5.658636771545741,4.000226912878387
443.96791717157765,258.50702702744735,5.657858937793395,3.9963012044486326
443.88325311918635,258.5603151485752,5.65095947082762,3.997674315503775
443.7959538872237,258.6261471750437,5.647936822161901,3.9946210320332947
443.707259050213,258.68243540249205,5.639985302944117,4.004657861688864
443.6223700345353,258.73507087434734,5.6320899522416905,4.014561422788029
443.51729774169706,258.7940423453441,5.627896763838227,4.0105648262014055
443.45642528619527,258.8519849004145,5.625874425319715,4.006920984300625
443.39278189913364,258.90009457705617,5.61883009031639,4.0129605994925255
443.2674776837286,258.94888689137156,5.614386281093133,4.013656020661755
443.1685555899883,259.006321999713,5.610680058905804,4.016357075810091
443.0545063826418,259.0671348403598,5.608961193702623,4.018346394374035
442.9468177488484,259.1254240907419,5.608483259886232,4.020205672028882
442.80222275502996,259.1326505305164,5.607132033823744,4.0213920712698865
442.68610797949634,259.1744045216534,5.599379798851519,4.028826424144249
442.5675694319722,259.2167636408502,5.593699179960796,4.028710849975619
442.4802187586557,259.3131348331812,5.590030588505616,4.022277370334441
442.4074182518394,259.3639477444612,5.5863126081581065,4.015903506094761
442.32658531201406,259.43588520718544,5.578324046695137,4.015476740399089
441.8789560195087,259.2089424976054,5.570093749643315,4.017617718527803
442.14974749013714,259.5177812877647,5.566903683744039,4.019978243818711
442.0683048676828,259.5609302525825,5.557281882794295,4.02527813732894
441.99202583799047,259.6023031372362,5.547468724171831,4.028967118829692
441.919137627414,259.64088830906877,5.543162467010632,4.032765928272343
441.8508088813474,259.6797659322661,5.545621371145282,4.032653675771685
441.7947174524997,259.7121165114689,5.537785919752268,4.038483830256436
441.74670121432507,259.7405876320251,5.529921789905344,4.044390983783299
441.7083217234514,259.7647357629156,5.521415969331543,4.0503259774523634
441.6797321690052,259.78456490907115,5.515175652624993,4.055657828377734
441.5882990845383,259.83260255606297,5.509549263357467,4.0620442966252845
441.50885200083775,259.8585629410973,5.503782877673194,4.064077310624209
441.4118564939937,259.93521328758646,5.499632483936314,4.070095096661448
441.3302051045753,259.98449490783355,5.495570491563045,4.076047028348283
441.29743151436145,260.05656123245626,5.491410721465147,4.079895494803061
441.2480957083109,260.14983094867995,5.487213749299489,4.083663673666396
441.14046312200975,260.21348293421426,5.483396459988778,4.087187222754365
441.0000619865099,260.29590762340257,5.479593486492774,4.090895121666655
440.87629682847114,260.3419245886949,5.47537810129677,4.095378704361839
440.77964495684324,260.39998853897333,5.471938375440934,4.0992937212466005
440.7210675319723,260.45757739402256,5.467566359500896,4.103463779419983
440.6117305694656,260.5258731263376,5.464853031770654,4.10556809236967
440.47240487813184,260.5987829368698,5.467701058544905,4.105275736826253
440.36206310538773,260.67370792267485,5.465608724265583,4.108451277945536
440.23424406640584,260.7050699051573,5.461349784022704,4.10724338702702
440.1429416056819,260.72335772933667,5.456860186766861,4.110404451274419
440.0522493238136,260.77870069545776,5.452607600340209,4.10978209732662
439.96360302418697,260.83484844117214,5.446207350098691,4.108339145745721
439.87399368018623,260.8911827346621,5.442652525577906,4.1074334353852375
439.78500324751354,260.94686945682713,5.4381761631112235,4.1084576130891755
439.69417769244313,261.00370089050676,5.437665678891074,4.108916822129582
439.60645713772647,261.06164375423475,5.4308933518522355,4.108784272281126
439.5186660224352,261.1199923066981,5.424582754519766,4.10927231449637
439.4291561276709,261.1791597484717,5.420222371462203,4.109622126395193
439.3414071379601,261.2381320813129,5.415187990269432,4.111902987883236
439.2545071587069,261.30019250294737,5.411219764600824,4.1091654014809365
439.1662728433832,261.3625512930166,5.40698716829038,4.106837306208319
439.0776590786771,261.4238240699734,5.40276894765921,4.108681074775437
438.9869748211753,261.4883328536948,5.400385305687605,4.1065262307354224
438.89428174200515,261.5557667216555,5.400053402959262,4.100957721995529
438.79884218082526,261.6213574654422,5.399194582427812,4.09651712226804
438.69934732813505,261.686171201917,5.40209596339336,4.09428116002951
438.5976471792835,261.75114301927425,5.404365496696412,4.09200599549346
438.49477352952135,261.8187417558356,5.406581095859098,4.089780751544869
438.39380962864703,261.8850388645923,5.403895075910897,4.091535929267488
438.2911079031266,261.9527254042298,5.402647639566232,4.0943306958413865
438.1688998394738,262.0065446291897,5.401237034747615,4.098997566621828
438.06070697265795,262.07269614240306,5.399643211714453,4.103028577136166
437.9536563361625,262.1387648765158,5.3927438338049924,4.108375972439859
437.84428748194074,262.20589665278374,5.3878381957006924,4.112451521834985
437.72096583263294,262.26722521684997,5.408758908682851,4.128628678821195
437.6094598936751,262.3346047913626,5.404812943534649,4.1328950549081656
437.4980174080573,262.4009581750013,5.400397012807094,4.138869940108382
441.6976086111729,264.72288287010645,5.395385462001252,4.141793702008455
440.9475799517605,264.722006107402,5.396771922150491,4.143547227417337
440.2750689828667,264.65166151468424,5.3925423734164495,4.134319581017125
439.75492943906085,264.9501257364333,5.38490851850335,4.136198533247428
438.7790323711152,266.14199078225766,5.391695128951639,4.146323857528708
438.2572587234967,266.2186106283198,5.386050301891581,4.142968754303988
437.1378219185334,266.74035847687577,5.378767901738421,4.147679195229304
436.01112819033705,266.59195678074656,5.386516029438332,4.145064010328736
435.4172564267692,266.5185388719514,5.375979649228916,4.14211483950087
435.4972702366924,266.5210444634197,5.3655280869181,4.137103656564359
434.00363410366253,267.5698781027248,5.366104021128586,4.1301238102486035
432.9624195809233,267.64467273266916,5.359314633768877,4.129764438419682
432.8865609346911,267.7951519285507,5.36191156065,4.1270467778233515
432.0623729316102,268.39483109580965,5.370014454921087,4.120614342862375
431.5386349836744,269.5161521514524,5.373548193041258,4.1149911410440385
430.42071308145916,269.58460162097543,5.372939357476577,4.127189044664266
429.81988117589634,269.58361988693264,5.380311889165969,4.129152512749899
428.5461210235772,269.5837819235506,5.387506070480174,4.128828439514046
428.0262958355738,269.6619727252862,5.380408212342047,4.121982298063512
426.90359184401086,270.26109555755124,5.386083387373518,4.118260797850429
426.75119234313763,270.8607711978993,5.392199534631241,4.11364093510946
426.23055318149403,270.78878563339737,5.38796227230323,4.108252694739659
425.3374132814381,270.9411731813887,5.383760105377894,4.101891259929871
423.55112503505876,272.061968657571,5.379401922065353,4.09588448010969
423.47828960888785,272.1383199739412,5.376198312299827,4.092056309476732
422.80684080554414,273.03031975887745,5.380227693458257,4.093214373642865
423.1779484880979,272.6566960955223,5.382229723430117,4.096244305273659
421.54299876332516,272.65716514369666,5.3758131320343745,4.095306208924919
421.0244243959474,273.32301434792737,5.371289794597915,4.102900464710358
420.06061056086406,274.363271881252,5.363669867236253,4.10649819539945
419.76623570348335,274.95511682355874,5.357189110911953,4.113269252957544
418.9520612807239,274.87780007914523,5.348527814238574,4.119083637948956
417.31863992908154,274.8757318509078,5.342174574661938,4.12322009442381
417.91630204249907,274.8737708465926,5.336866367098623,4.127142103054241
418.6690804325528,275.77567860350877,5.328916356783418,4.134425044726874
417.8519353062911,276.1938847916417,5.321029677579599,4.1410347938147245
417.0174380252271,276.6098797888077,5.3131057492134435,4.147334689872023
416.1652320921741,277.02075121265943,5.307163150568443,4.156539474641046
415.29495171485655,277.4301761856681,5.30541709045739,4.1585879283665195
414.4115302349394,277.8287205733732,5.297844277056319,4.167929130467227
411.6635019480242,277.8271698758846,5.288243263564978,4.171030525444394
411.51732582186594,277.9723213089002,5.283185580121236,4.1781375951734185
411.4142643290561,278.87948118921486,5.277114176354478,4.184290619698064
410.4651512579746,279.22928810967585,5.269324099782479,4.190442938403505
410.09712960142724,278.40987185891834,5.261715933385355,4.193242185036638
408.59263350088224,279.7719334121961,5.255425290330995,4.199632073244512
407.83805370194716,280.17303063040526,5.252202584828218,4.203481248003685
407.08127048417936,280.5629977594003,5.248680658436684,4.208220531211887
406.33498032643007,279.97115099124403,5.25424030356956,4.202297531231824
405.57230312342864,281.22837850942716,5.258303641370638,4.200094553782026
404.8091930290253,281.64401584993425,5.264745201475645,4.196525077874213
405.10515855228834,280.45715765252055,5.267849266116193,4.190101028035187
403.3857228182543,282.3282631029846,5.261093198564651,4.196122088192124
402.59850072943834,282.72575786415325,5.26003223063891,4.195591786636424
404.9808344318909,279.82470632253745,5.252849592572753,4.199510310283044
404.39028811462236,279.89552189263304,5.2449436856652945,4.206503987772446
400.867395763657,283.2432258654874,5.238166985093373,4.206233395734862
399.9789719094926,283.16799399031214,5.232911570708702,4.208188552525914
399.33303862651803,283.89620175392344,5.231952619702618,4.210919038158783
398.06758636011057,283.15681794800366,5.238541518191168,4.204795100394415
397.7774272915249,284.5414460836945,5.237515704390578,4.2053867496914865
397.005366784795,284.92028873853826,5.236094048886246,4.2045821863978246
395.4480269548286,284.9932186929118,5.233322877919272,4.207172317217414
395.6708301339104,285.14203546448545,5.233064983775814,4.20643775008348
394.5877657517624,285.90221596174854,5.233622479380624,4.2051766729684426
393.47538360249234,285.8268821424741,5.232060465386122,4.2074225573482975
392.9573713879808,286.4185288937457,5.229045686483483,4.211602435291806
392.06820441363243,285.5277668621896,5.2259122474492194,4.211659110672896
391.2979195860958,287.0775148614909,5.226862510620334,4.209026655146292
390.41788242390345,287.4243337586277,5.224726001403608,4.212991334929914
389.55309930208944,287.7616274323064,5.227268857571032,4.212238781007733
388.67738615739177,288.12870161055906,5.235089734994016,4.206881418666221
389.7885919534006,287.09078728529306,5.239756390964368,4.204103704409422
389.71272497356415,287.091794726595,5.2429918834747244,4.202088821805509
386.5175031957054,288.8265145628011,5.239232913737535,4.202977769920207
388.8200924761199,288.23250848581296,5.236692317574203,4.203212384627801
385.0755359099392,289.4414051797858,5.230309265847836,4.208509404497972
386.3399360973224,288.32704273600586,5.224732325645168,4.210860673325227
385.15745297386957,289.14241549655924,5.215660055771654,4.212266632504094
385.2363505917299,289.2156871176874,5.206125742990172,4.213984313186846
385.31513935801485,289.2888702139197,5.196690560701179,4.215760471003235
381.78729782508657,290.63264736864505,5.189160818119386,4.222354573963222
381.0442635848177,290.95025217753147,5.188491746375396,4.224911189832226
380.30096885691523,291.2737564708065,5.188689504318151,4.227256067600561
379.5577913618154,291.60330060199385,5.1867095520650315,4.230275375723336
380.6684096521643,291.1615859299201,5.187087439957977,4.225058932434575
379.8578934590755,292.4191611925176,5.179799864168837,4.226402893915418
377.48515618796404,292.52838973652825,5.178420036546039,4.231382116579884
376.7066236671487,292.8702349940641,5.175203147359448,4.237099829606384
375.9157725332169,293.21861795643804,5.172029266726627,4.242199790475795
375.1399435114335,293.5148338938928,5.16957156275792,4.247013942171947
374.3259224682538,293.8609693194539,5.165012863140433,4.250906542071431
374.9952574178704,293.78727039876674,5.15930958879149,4.2501969806807685
375.07079467866635,293.7138725464063,5.156243268120397,4.2489844844808395
372.18878193934,294.79152597907125,5.1558354782017854,4.252135956226773
371.3613455333649,295.15921107566595,5.155415319298163,4.25030890735453
373.3571961884812,295.30858462714446,5.158366431373771,4.247461983827708
369.99489475452015,295.8259986115762,5.151822713221051,4.251517146442908
369.17049647007394,296.2079126120413,5.145932111486317,4.256292996162347
368.33534182933465,296.6024654184901,5.141616568061192,4.260927281095204
371.2235003780535,296.08305421530036,5.133753829309807,4.264386084633557
371.0783299880873,296.5238449924122,5.128406986969413,4.269867397228312
366.8953849985502,297.2949875617654,5.122465619590548,4.270145545163926
366.1369219041353,297.62599701657206,5.121694645611948,4.2695069118565945
368.49974079874534,296.81545942980864,5.1237571634361,4.265435104837042
368.6463217415913,297.1129827279409,5.126008792637766,4.261215538359428
368.79291301681457,297.4103496477402,5.128173028438159,4.257175271254654
