662.5999755859375,150.8000030517578,10.800000190734863,10.699999809265137
662.7571709391196,150.50648064348047,10.839936530666026,10.625626387393728
662.3988149306367,150.7021535184404,10.880576249683225,10.572316786448278
662.2468371857871,151.8934097421006,10.846699623613206,10.554629149513065
661.887224229849,152.58617182870125,10.891883629333176,10.517188788623542
662.538524276748,152.61741966921207,10.9378348853546,10.45469310760187
661.8552805140702,152.64486975251148,10.956847512836799,10.399792941003042
660.5535299543783,153.82652220908702,10.869977087096522,10.390563129835348
660.083491288062,153.84075972556911,10.805683292601877,10.362088096871155
659.4412446765512,154.02829854834806,10.756846792718695,10.320342882039443
659.6216871964224,155.0561677706193,10.72786820426919,10.256043145254559
659.792443268983,155.09314046627816,10.716790471419344,10.182097753936887
658.6622116844727,155.1290675407304,10.673627701727911,10.11024360503239
659.185754536982,156.1346697513267,10.608366986177412,10.062689162776278
659.0515415070458,156.1609102530328,10.551292960076573,10.010208159364074
658.7674443493306,157.3175562451865,10.471937002048527,9.963342132161804
657.6749342223256,157.97826113440098,10.404423747327638,9.929094358721867
656.579785707082,158.0036229682961,10.353383710797477,9.87837069093158
656.13324364061,158.18414496155538,10.290702791410556,9.835915055190075
655.3851587539298,158.5176342375785,10.202200656205678,9.80280526656986
655.425878860061,159.00429057567962,10.120760443943265,9.774563889652116
655.301354671131,160.1267225153461,10.056508486324576,9.722802358668222
654.3993683031051,160.45844002393034,9.991636460027639,9.68231559561606
654.1216017312621,160.01460321159902,9.927536717424426,9.640539890844744
654.1533498476978,160.32786453255014,9.864040484553009,9.630318050307451
654.1826151743271,161.26037767743827,9.805509831294339,9.607245297153117
653.2958081563503,161.26748313613092,9.744871708378588,9.593034379767783
653.3210225238115,161.58526186952236,9.694442973456246,9.566540127569846
652.5707146234374,162.6690507835687,9.678454291280044,9.522208575571227
652.7397810063519,162.6902683271907,9.642691666154622,9.479773488327234
651.6922886690459,162.87889369704303,9.629707182344557,9.403661199825732
651.5680718873408,163.50079016720778,9.578407945668243,9.358799459841965
650.8306310406132,163.5332492275565,9.56219601219198,9.293881339144527
650.8558071768147,163.55814001336498,9.511843739789164,9.244099767527606
650.5864395476361,163.87695121890337,9.459855667738664,9.197200686858505
650.3174339167435,165.21173406005605,9.410257665268265,9.171876693702862
649.9103823564328,164.92703398360155,9.346482734102931,9.156024812087317
648.89410341288,165.5463599658046,9.339421135036579,9.082869696922254
648.9125597836437,166.2966650955002,9.302508393509305,9.032798353285123
648.3621936138281,166.30901735990307,9.24829202038306,9.008093824479348
647.3665159346202,166.7694497911252,9.227175951322332,8.949716716667929
647.8054623314076,166.79495331032052,9.208008980791435,8.898709678277271
646.8276734753434,166.7984955152698,9.167643267647112,8.891625268378718
646.5408954597458,167.53662669935468,9.17242004858478,8.837311025852516
646.2577334131363,168.5525214250997,9.171533066801686,8.790760336870342
646.2672513654333,169.2721686967542,9.152497162207736,8.765740155884364
645.712637350542,169.4247206531441,9.13308306342748,8.74279677524529
644.7356429440089,169.71124946235435,9.116619866635398,8.732725445355713
644.6011299667387,169.58007366803548,9.104570022640432,8.714001235458053
643.896979676799,170.71939872752208,9.109917759476255,8.680075665354405
644.0356740248777,170.03048040037638,9.112665994752756,8.657227662476682
644.033983968,170.32789530732924,9.116046108507966,8.622033580845395
643.331430637063,171.32153128708768,9.124589006566175,8.589950890670883
643.1928189182312,171.60119657187488,9.122875077144258,8.588495055267307
642.6313296383839,172.16490904047922,9.130303738789502,8.576620016107805
641.5214033751089,172.03643574699478,9.119635388812586,8.554751493510796
641.6617708459733,172.32825837401109,9.117201706692706,8.527708758695738
640.958352960838,172.3454564688389,9.134868302010853,8.493312569040107
639.9769574848098,172.78033512401743,9.154716980677508,8.456244804421594
639.5499043534776,173.63289765110719,9.176972912828756,8.414820411268444
639.2926887008903,173.63129551094946,9.137462001552267,8.418024691583899
638.4647566953593,173.77971041661357,9.134888130445077,8.397601193950537
638.5985727397325,173.93183481602685,9.14329719588667,8.36939354931205
637.7852387620397,174.48081990159977,9.115626700140739,8.374315678920475
637.5074939892144,174.4930445613813,9.120375635381597,8.349866359357392
636.5497762789786,174.63464934952555,9.110425928965496,8.34171180119577
636.2790012751284,174.916378307556,9.102435628825756,8.327794192975047
635.4652175577121,175.60774721199078,9.083458881880635,8.317176535586887
635.6135113830434,175.6057714563629,9.06083055013093,8.321128046842636
635.0809307035228,175.74512536890538,9.031313274464326,8.316089880434674
634.0007787565775,176.7079043791841,9.00658198947343,8.302437641398587
633.8648025168752,176.71870950417525,9.00600787646639,8.28082739141626
633.9936724145255,177.13841896453397,9.020441816539027,8.257929676818621
632.2236319732167,177.69378288285023,9.02407953703338,8.235338197762443
632.2093459568639,177.5681169063808,9.052651569739144,8.214939260277482
631.3913030432067,177.58688896685334,9.057634086971529,8.17739513933241
631.2385926486068,177.74955240959338,9.091725603875394,8.123397526148313
630.8162644907707,177.91039621671547,9.123390735991858,8.072706973089316
630.8039269907185,178.75033463088624,9.148065736096152,8.01689986649873
629.8421720316824,179.04294048950385,9.18040217444972,7.972023429183201
629.8380377571511,178.92632593659158,9.188670723512239,7.935303226341799
629.1632347516291,179.88703730255585,9.19083557096284,7.900298123443752
628.7717652937679,180.03872582430387,9.166895033632048,7.865880897632147
627.8639033800594,180.32261033951343,9.106359863066661,7.834185866636595
627.3543427568991,180.2057563658315,9.059112633375014,7.801301694997416
627.3837140546008,180.21299777761428,9.00037003797155,7.786818871431819
627.0053630911582,180.3593454044872,8.964494673868005,7.758316048015496
625.5817403234461,181.16183981188507,8.91675980816812,7.732407452014771
625.4625696726522,181.43991949911702,8.893075398084035,7.700299500894786
624.6867030096918,182.24440668358227,8.877943784054244,7.658190071914862
624.4173123871619,182.27484795797758,8.896256258952308,7.597307523124248
623.6368631565829,182.42565614962214,8.899916468016665,7.555230848517385
623.8928002152223,182.5755769728349,8.905881907013548,7.514308980229704
622.992225284053,183.37648992777758,8.898557771639561,7.462603639812241
622.7275958904862,183.39810202327828,8.913000800621164,7.419379448810869
621.7105619662893,183.41051897185898,8.89159815222331,7.39454555164947
620.9448709809578,183.8184128324373,8.885758095050576,7.347368844410641
620.9444141727253,184.6116682910908,8.88667171151564,7.2929737861421655
620.1811995832671,184.1251142811596,8.886170703637147,7.248128348141468
620.0672047166544,185.02559460974987,8.860404566557438,7.223458783097118
619.1846003833564,185.17444512960844,8.854886101339861,7.178718762210477
619.0759313780538,185.44055536782602,8.820071570551466,7.1508033685625705
618.0881240726969,185.4481985281435,8.786356903895685,7.135517047927591
617.3528060484698,185.58094147758823,8.754586915015082,7.120432155260646
617.1184704074956,185.70839212351012,8.723920310564782,7.1151998066162765
616.2653300198294,186.08684421991902,8.686409263247317,7.105634966362708
615.911316187894,186.96577194669533,8.64929113944409,7.086453017382308
615.0465477597063,187.10934592371717,8.646319177794453,7.04680632305653
615.1659018994596,187.12919937950292,8.654425600220675,7.007099411485034
614.8045927165247,187.3829620475339,8.638153359362722,6.992167813241624
613.4645244868257,187.52222569716864,8.614431030969651,6.959445858316808
612.7324747168384,188.02681641379118,8.609061819828565,6.929910259148802
612.4888607315082,189.01985236210078,8.607588240140997,6.898644563921321
611.8845150376438,189.0325598509545,8.597171592833934,6.873229586213899
611.769916458936,189.77072070579857,8.583118843032171,6.856407319830579
610.9200780075197,189.78534304150736,8.58346378891103,6.8271626484129815
610.4474502677791,189.90816451334098,8.55954849222816,6.823812398786757
609.4841192247685,190.15930415895394,8.551236020923675,6.805276746892254
608.8840034836174,190.04372737430305,8.544248658694409,6.794986547287821
608.7631414153514,191.01062134906434,8.544803039003812,6.790556647546134
607.8150259059383,190.99947105629906,8.512183020011951,6.81285723307668
607.1100477370884,191.84772052897736,8.476331330629966,6.803134319315282
607.4872213891923,191.73261084137255,8.442765692586173,6.793093139136937
606.0660692465367,191.48415102658953,8.410075012288987,6.810846941101621
605.9526440891927,191.73198692451322,8.397556759583622,6.793912280040845
605.0090521320684,191.37757813106572,8.373522562697673,6.786023075260344
604.3004758345216,192.33115696579208,8.360241981658794,6.7861096406507375
604.1811374511631,192.93319350677098,8.36071578435135,6.7730513788164775
603.2256330199939,192.94216295257385,8.367733107973734,6.755112487210742
602.9861214693282,192.94714144531287,8.37112360692039,6.745155501732732
602.0360579998545,193.4285487095542,8.369593687441048,6.733169402463425
601.9190177980336,194.14128626072485,8.366184595949433,6.732631270923047
601.1014002096005,194.13534595255348,8.339420493703349,6.7445118872657615
600.0384370223005,194.84859183375877,8.330456470893667,6.741280389794757
599.2225469826695,194.8556737513987,8.303095802159898,6.727116554514883
599.3526967975425,194.8609364289779,8.279166915084156,6.716591199356538
598.6596290632518,194.97467095580785,8.250304761202866,6.724955082773743
597.8508069176173,195.56877241381093,8.219275308608939,6.714376269526754
598.0970867894463,195.80090636128426,8.196469360424283,6.719862170053378
596.447744239969,195.93594004414757,8.210545304123075,6.684409743987882
596.4493758444082,196.6532364415975,8.207282095244727,6.655366200592074
595.758233661831,197.5995393898423,8.187136982805564,6.632666274227052
595.6336372106435,197.96633684017291,8.203268343666279,6.598255998109242
594.6001508845719,197.72977042364568,8.175472815997647,6.605884791205544
594.0344718553089,197.84257327968893,8.144586057688148,6.612728042486076
593.1105091142308,198.1945120280484,8.13582817539891,6.605106807434164
592.4214499641854,199.0053513582167,8.12298088338586,6.6062213378852706
592.4269666878615,199.008152972425,8.111947436033761,6.600618109468655
591.7309549225766,199.13288028604805,8.115642157740423,6.58255161703307
591.2662921839798,200.06654801844735,8.120357140568416,6.56443714096611
591.1451022864203,200.19312924344777,8.131805081953539,6.542206544698773
589.5344276047724,201.11815717799664,8.122688360870782,6.5381312952459965
588.2762063743273,201.24355611863047,8.103172385772407,6.517875089977291
588.7470001547607,200.44139936072716,8.081241252913104,6.512789856771031
587.4955044054443,201.36047628962478,8.059785537978634,6.510597608842902
586.7058127357415,201.47499637290701,8.035256230630043,6.510687820386175
586.6104730114997,201.58790204814076,7.997180459244897,6.513631689787309
585.5971437020818,202.5044831933682,7.969877437745397,6.5062130796304904
584.8142524467573,202.51035969525034,7.941910976314497,6.494460075866209
584.8274929648302,202.62833660693005,7.915429940168927,6.485564814792297
583.92142047924,203.54581093227569,7.915513492354182,6.462677583096009
583.4803596472701,203.55407803327913,7.893078984232315,6.44614338108914
583.2590589337852,203.67615981896944,7.8846265561664355,6.427506737226211
582.3733381508159,204.02076678326083,7.855302443481299,6.413579938127364
581.6025037000741,204.80766525048125,7.826032242185437,6.410722106466245
580.0441283440845,204.81238663086876,7.807850912307416,6.4012793456912345
580.719654089715,204.81797677519558,7.797748860392603,6.390099057037588
579.8373550500319,204.9263621493625,7.7771022611744405,6.396483893526866
579.4065000515927,205.5916577942824,7.747047483695655,6.403539765222359
578.1911932172537,206.59563056029836,7.729141950758682,6.398928125421006
577.646978965416,206.7062248629086,7.706357400966983,6.39998213089394
577.2186461382729,207.48404782339557,7.675387865408781,6.397697792147516
576.0011776187396,207.60403848613984,7.67498067437974,6.3791113966677075
576.2252192949954,207.7231799356668,7.669075220694464,6.361917447027138
575.0260175815168,207.9437006293231,7.639551338445002,6.362317388661166
574.8059244326712,207.9499069199674,7.639192827518318,6.3499048073725906
574.0489828453593,208.05903464612845,7.61260898252536,6.351716072138563
573.9537753517939,208.72056580579024,7.583337569130112,6.34677215597126
573.0774143828523,209.60865921960246,7.582814551103265,6.323830284256952
572.3119493996013,209.94867804285667,7.582299909736507,6.30012604112078
571.224815061212,209.95732848228596,7.572692140225123,6.282825162262221
569.6933740996634,210.4001224223982,7.5841254016145445,6.269079756811383
569.8112659582201,210.8386966137614,7.566256521730774,6.263590723003496
569.3830351360629,211.59716039731697,7.552513373199608,6.269521543372546
567.9704365413952,211.71394119323577,7.551051851997257,6.253395236960955
567.9594747634761,212.38059480370205,7.572975407835404,6.22300367648403
567.3202764272444,212.16365760086958,7.549376150966758,6.22287943903824
565.7995371923209,212.27922087540594,7.557974902700195,6.208387155545072
566.2268177679919,212.39618831396922,7.56954374995452,6.190984778067616
564.6056005886362,213.1655274062477,7.565540081552237,6.167311006163802
564.6043748907305,213.17677377920944,7.567991477363544,6.144818260240304
564.1713473323575,214.04888752886427,7.5714113546141935,6.125861239921533
563.314190340687,214.70263782456203,7.562488843650347,6.110788019254729
562.993454775536,214.49593175052652,7.558889236960756,6.094153009331315
562.2380855885415,214.39961336396428,7.5667347238812805,6.072090798588897
561.49509284717,215.36825438284,7.55148633261424,6.064966598850331
560.850297180081,216.12594247995963,7.556401866422906,6.048378838375383
559.885590821978,216.24061760843782,7.560541666710694,6.032947794298802
559.0335934720486,216.35121251942192,7.55467630745473,6.025490479719966
557.9619799485304,217.21390390196254,7.56268672757456,6.008281016171818
557.8630590361284,217.21934603867788,7.547163285493652,5.997396742741095
557.1244522133412,217.3276715170952,7.533721269936151,5.99369659463959
556.2768653761929,218.07709054462012,7.527416565689641,5.983652120815097
555.6500576518453,218.0693869708837,7.50648064455104,5.9990592682879536
555.6626530361832,218.174814068981,7.481289875875059,6.000559279175581
555.3588701917693,218.918741498646,7.452878952285441,5.9966498488199615
553.7691982464216,218.9307481166118,7.4598278570213505,5.972636612888367
553.764523978827,219.36370829835639,7.469176392210457,5.951558243684385
553.1301513647412,220.10996953873777,7.4718492508308385,5.9361201940646415
552.1792928089068,220.11599862261016,7.476343136976856,5.924062026319865
551.3489205325182,220.3262766128759,7.451681760071762,5.924857528208988
549.8821423511954,221.27657301908974,7.440886617430985,5.917062112036679
549.3621786446187,221.38456577520765,7.430719384343989,5.911095529048886
549.1675406769983,222.1130553732467,7.400462663710519,5.922480628531056
547.6031101644522,222.74338395873986,7.387016800573574,5.9187462128363535
547.7229013667759,222.42143101679966,7.356654788052968,5.934990920336312
547.6316385133367,223.14515246721072,7.3301627847979045,5.950671990447736
546.2759598330077,223.15416391494443,7.326278404394051,5.932649094980304
545.6508444696726,223.26103848063727,7.325428390031881,5.927413420433438
545.1456524512705,223.5697227363406,7.293734099497547,5.935291905429922
544.3289465776098,223.25502239244025,7.262695101435202,5.940523563711792
544.1301207284179,223.98531919028324,7.2450189893721895,5.933577304589322
542.6940433396867,224.91604498906332,7.215255310731958,5.937644714523788
541.5597640218964,225.54675806310073,7.208047638045191,5.917545643685642
541.150985525589,225.34974050310518,7.199795276565448,5.898676086629585
540.9558683879953,225.35027450854795,7.177988425131349,5.89760807574399
540.0301661082337,226.07197932784425,7.178381406667704,5.893874108918906
540.0290469884283,225.7640794419725,7.180619646278786,5.892832840438988
539.3208527308327,226.58127866150224,7.157589194089022,5.903484649814629
538.5046154576611,226.9892924145048,7.146471550452844,5.9092532387992245
537.1664030730636,227.82027470085444,7.153072804074455,5.890256983375775
536.846736683238,228.0268756076964,7.176907722075763,5.887387077458606
535.8132088180068,228.85496309915223,7.189101292497205,5.875101822579616
535.0015513407045,228.8533691493935,7.1686150031286315,5.878289722097039
534.29289057171,229.15632115184863,7.149454582280231,5.88802084240282
533.8892037786899,228.9457693306706,7.136531455102292,5.89897612814979
533.1703545978828,229.8654966181741,7.13886459998975,5.904991117505699
532.4436233043571,230.37486587757604,7.156031042228308,5.912178416425301
531.6135940070136,230.17378138484165,7.171566538994478,5.903216627413964
530.880985188151,230.07807330176016,7.1971659180169265,5.888973042333705
530.0624014049469,230.0775931395927,7.187746827758307,5.889933366668637
529.2280999824667,230.68934110944875,7.210797409490407,5.900601624377633
529.6298203552809,231.29964431546935,7.232240012079644,5.917320234663119
527.2569407161751,231.49805698585985,7.22112338306297,5.934136277119389
526.631007127656,232.33516738528712,7.231461877342106,5.915287055277236
525.9065934273397,232.03535197004558,7.232858198883222,5.894590280435339
525.6997365900891,233.38112992635524,7.2336463994424625,5.887049948437978
524.2502594498084,233.2830238884505,7.243659989141512,5.876909117757358
524.3556174743709,233.2825078098976,7.239286624444163,5.877941274863107
524.1522701958472,233.3896478301256,7.23339675848927,5.869953445908311
522.6022518704682,234.22026824955537,7.242345758871025,5.857292687249506
521.2680382031394,234.5218251272909,7.232707570184371,5.872194052550222
521.9914971104275,235.03957367700045,7.228476983001465,5.867187829840573
520.3361864283954,236.0709887014622,7.243863155193848,5.863879775836923
520.1270096087412,235.35232181501672,7.249946881147757,5.858268851986789
519.204464588707,236.0729461991019,7.2397990770297,5.85998285151722
518.2816160330233,236.07699413770092,7.2314108521001454,5.851886974319163
517.6671602733451,236.59705174949985,7.225824471597225,5.840520000604165
516.7324617860679,237.42812635433006,7.245902485321768,5.822209867236942
515.8007969880207,237.44030320642483,7.259808602580742,5.797856163047401
515.281438350685,237.75726781581227,7.271975604943632,5.779857107657577
515.1693850245125,238.48749044003284,7.290877652220569,5.755844094693211
513.6178097883575,239.00784304163145,7.31746285266657,5.740660648784041
512.7943791580944,239.4249294012866,7.322207400919689,5.727546285610183
511.9685424329545,239.43099382025954,7.332889008754934,5.715417447664277
511.86596662783586,239.4394940555991,7.332950547114763,5.698416976985145
510.9451338342821,240.15836851801487,7.331286493378597,5.694368883920876
510.0221427403609,240.26427480347948,7.33476086252022,5.68727940395841
509.1926202180543,240.78476656714312,7.356519571126347,5.669599836635619
508.9821062169189,241.60943501618002,7.368137081820234,5.657904904869735
508.1747842537374,241.50262083744911,7.345244765485228,5.666841231994286
507.35295759712807,242.02328797565337,7.35299306461805,5.647947589389398
506.532213537287,242.54321615524884,7.360092660252744,5.629584057728165
505.72488712073886,242.4408457110893,7.341885400280574,5.630217434413653
504.9092076181309,243.05511883964954,7.342524375314423,5.624711199929852
504.90768954546184,243.87991352907895,7.345560520652528,5.605201663331681
504.30528609803025,243.8778930745143,7.329438769187492,5.60924257246095
503.6993718119603,244.37868597507284,7.3214189440597455,5.624197102400339
502.0773214659171,244.68732574210946,7.310647942490887,5.617206010887462
501.87741878031704,244.89319949064367,7.304151084017845,5.6117607434922
500.87257159024483,245.70993168597644,7.284213577798873,5.602001861917412
500.1655652478334,245.8172263270214,7.280727815458263,5.589912357993711
499.7646626556623,246.3243260824822,7.2735348980185925,5.586960474299478
498.46273301732435,246.22125458758245,7.250203167219252,5.591011848139317
497.05663567289724,246.42659428322355,7.23717815945073,5.583935270660418
497.26690607122515,247.031427566579,7.2196117914869005,5.583191990025395
496.066174825485,248.4408389203922,7.206592704609997,5.581264457149148
495.67354782914424,247.73469589873426,7.187940633123535,5.586714888170861
494.78014690283067,248.44091876090724,7.167720665423696,5.579730579634844
493.6799472311632,248.5473044642299,7.164187794550128,5.567316647008474
492.9943108939819,248.74397663470097,7.1347501637293105,5.574175250404507
492.19735812892225,248.74692096488425,7.130551855341821,5.568286590037925
491.3997024380746,249.45105800053912,7.129039160236758,5.557233585928496
491.2107266665239,250.44335020775551,7.108190502612918,5.566650175121584
489.9212064337254,250.74752073222598,7.097183992135546,5.556012274505527
489.8258407744804,250.55015657303585,7.089022240686994,5.552954453008646
488.9331120803735,251.94219179609956,7.086013083520451,5.550943077472776
488.24438866433906,251.35174224437785,7.072981501867819,5.540003540583427
486.95421803586567,252.15118617500255,7.075909225499096,5.527216315220475
486.95205020359424,252.2568649753158,7.080244890041945,5.51395816034154
486.06722986082826,253.049806282448,7.0683348065008405,5.511676229697708
484.38698940108435,253.05851593578114,7.0673909454855295,5.4942569230314175
483.70832469305145,253.05967304986459,7.042689127034605,5.491942694864533
484.01497551671883,253.0608069549114,7.020440730125795,5.489674884770851
481.9407718289768,254.0510055762869,7.039394820885629,5.475683968079006
482.1353096174838,254.0558467298117,7.043724990561676,5.466001661029465
480.86399393086776,254.44567601394317,7.030407095002904,5.472789021625226
479.86792251895497,255.9230079165625,7.057366138528973,5.465900886835855
479.85673771259854,255.6267657282896,7.079735751241869,5.467930417865809
478.4783410640655,256.41674407000477,7.075826287842842,5.465518168987016
477.59953064542236,256.51720350312934,7.059600652693688,5.461693355230768
477.2033342231204,257.21004905078297,7.064857852881145,5.453489637652333
475.8275119786368,257.1148356549507,7.062273839067235,5.447185821975326
475.83343841916866,257.2117834319475,7.0504209580033965,5.4498787259545285
475.83892986758116,257.7970161675275,7.039438061178384,5.458120968975771
474.6710456494345,257.20040619571387,7.018194195256331,5.4728347614953785
473.3914772677106,258.57221116585833,7.025009729717526,5.477878452422857
472.0108696508427,259.36078373408395,7.034963788736792,5.47288255866665
471.2193914211909,259.35870293774553,7.045203793387115,5.477044151343549
469.93800801613895,260.15467528628335,7.04939120738966,5.459609851868661
470.22722606676695,260.1603268643144,7.060737136863486,5.448306695806504
469.23448230574644,260.2651727816838,7.080392174760483,5.435198109482167
468.24453808904843,260.95726378790783,7.09358326843616,5.427704234838276
467.45886413896477,260.8639636527673,7.090940310373852,5.417555647840517
466.8736529986075,261.0576867729637,7.08210450187095,5.42319543718698
466.49244592658033,261.15590636436497,7.058517922288922,5.42325643529349
465.21554812920954,262.32970572923597,7.062478015343363,5.429352014801205
464.0439077376846,262.62181129773904,7.0501468908662694,5.434043854676792
463.06530497896875,263.5038839603733,7.045460702149129,5.435601064942293
462.276934350159,263.79979566468666,7.053058159240175,5.432206581513698
461.40158858573557,263.4962274487258,7.037916469999006,5.450731940739337
460.81273883370085,264.2763268030512,7.037971080195959,5.460726423918564
460.03382639346364,264.46303658747667,7.024294468659238,5.480182228070371
459.2556800650094,264.5510453903748,7.008225595070075,5.500709813586393
458.7655553494255,265.3371311268763,7.005309281996278,5.501603531370104
458.77956164609657,265.23064365254976,6.977296688654051,5.517975432034168
457.4028941486955,265.81602530244095,6.980469548236856,5.525853047345763
456.11657442157014,265.91694581831786,6.997092754240533,5.520628650072518
454.74024125714664,266.69815159090786,6.994750046971002,5.5325079826733115
454.7331907598223,267.5836720447198,7.0088510416196375,5.533957524306146
454.24941363007076,268.06799358775544,6.990491054420123,5.551228684937588
452.86682959749294,267.8775119902674,6.9951111496742895,5.537827884213383
452.7631879910911,267.88348402654947,7.005359084136772,5.525883811649269
451.8735402861344,268.0803072833625,7.011670092698874,5.526233831656819
450.4824440654506,268.87494379116157,7.034454577417675,5.51376536271519
449.689617930927,268.8850770337589,7.042133597535701,5.493498877520546
448.890455125168,269.4819036102943,7.064182661524074,5.48205313509691
448.30108970390495,270.2741572061272,7.059801201515083,5.475029013477987
447.1160829769331,270.3793652550204,7.065765540188004,5.461617008630776
446.2311907500522,271.1693474592447,7.063658410842432,5.456667340722065
445.54642510946843,271.17181425242353,7.055841375474439,5.451733754364422
444.85341862314505,271.86164800317897,7.065904296583318,5.448016304391428
444.2548523552292,271.86755303170463,7.083092259402952,5.436206247340107
442.77686599329246,272.3608786618831,7.088154283756285,5.433191886823301
442.68221374029275,273.0533371502362,7.08070329465253,5.425563375839269
441.8031088198908,273.05562864879334,7.070256453791053,5.420980378724937
441.01299205451335,273.45186009934025,7.0802239170413,5.413650511383425
439.63626703494833,274.1444625360769,7.085252343864491,5.402656444063609
439.92127539191574,274.1520013777095,7.103875213810391,5.387578760798441
438.54409087309693,274.7470404599802,7.110729430171588,5.375006948232517
437.1807778062037,276.0238689813085,7.091252672079536,5.371302590891694
435.61378021156406,275.82270026234096,7.092561576618497,5.382054243234268
435.907360090639,275.7183947279373,7.0933670183227955,5.394676912090168
435.2316087572727,276.9841436199754,7.071422576203139,5.413866615882539
433.0757747063953,276.8814728481688,7.067019280536059,5.423023095976548
432.3951498368798,276.78579763602875,7.054398945619293,5.418106366835531
431.8150920939814,278.24879776135714,7.038548179889983,5.432021744994158
431.6086338942836,278.1471343344866,7.059506379144559,5.4393694986646635
430.8329176380177,278.43557401257675,7.039588030918398,5.45174671526862
430.05759149363047,279.2112732233371,7.019710640987095,5.4708779724535965
428.4855696438069,279.4052978569754,7.022574221715234,5.475476220041959
427.985949864042,280.0886376786717,7.039602079234983,5.483892959463242
426.6159199571372,280.0808241696962,7.023907450727578,5.499519977414217
426.62536238954556,280.4728517324011,7.005022585910839,5.502879769071059
425.6437999347589,281.1646680690125,7.001953492910778,5.49558289764976
424.85607129071775,281.26651284147835,7.005779946620818,5.488347207014638
423.6656505449264,281.95661976784584,7.029883983333613,5.482896869620418
422.6814667678017,282.05943116506756,7.031503392164623,5.473948889718836
421.89676422003646,282.6463867097203,7.028476419372127,5.479361851655563
421.5980226408522,283.4335908540027,7.036172205431269,5.477719889249068
420.6229849422075,283.823470030616,7.019380239236231,5.484708481416333
419.84185031289286,283.72597167552107,7.0093002645203,5.483161537438007
418.45817318787834,285.20537348812604,7.0275538901837,5.4698228669055595
417.7693553261403,285.1053273133774,7.030204109085835,5.473488715749465
417.17934372558,285.2035691240318,7.0310673569832955,5.473531753311216
416.2985378283842,285.3047685263292,7.023814148076572,5.467673504638507
415.6018775089105,285.9945319512705,7.042794266575653,5.462487175204115
414.82101707060644,286.18745674765773,7.032194725122351,5.469717686945005
414.1332126307885,286.48424612207975,7.032333486991104,5.465626131429876
412.3572408123253,287.56426608561134,7.048514239029609,5.466330189575911
411.5747758933688,288.1583651668652,7.039923947091269,5.458272124456668
410.6885109567802,288.55093366639227,7.044605626859267,5.458845433584564
410.1132586720571,288.84950517948135,7.016059520061636,5.451227745528319
409.14043764990043,288.84998074186774,7.002219389854146,5.450276620755507
407.66261648601085,289.5373738079841,7.022043918441941,5.445538794812129
407.6548166866214,289.93233351310204,7.037643517220743,5.439407696711202
406.6829600047517,290.3125783809195,7.020501076620188,5.463260282812309
405.8995277556415,290.99077693379365,7.017670309811001,5.480346533964814
405.2202585056518,290.9913035778509,7.00108283525115,5.479293245850338
403.75567499154204,291.5738904317606,6.987613728600112,5.491173991979216
403.6720376383438,292.25409017661826,6.958725661156412,5.5039139191447175
402.30810094422594,292.64753454954365,6.943614710754757,5.5007349843331275
401.4347837724457,293.4294110127585,6.9294493729208835,5.5021373302539605
400.75565857586366,293.4274884242948,6.9195486096995085,5.505982507181387
400.16053477570097,294.1160499538357,6.937631165764159,5.496385333070409
398.59200245805715,294.12107650054276,6.946981329575514,5.4863322396563845
398.0029973426415,294.8995310284901,6.952218743348677,5.4931202731724005
397.3183985018137,295.0001398424319,6.951848519844305,5.4875552031688235
396.04353431222364,295.2008459806385,6.959342136319407,5.477255967171695
394.474519086642,296.5741592184976,6.969309419950354,5.467684763044462
393.99044116873864,297.2587586568294,6.959960492088977,5.466992555516144
393.975295298411,297.2601698551546,6.990252232744173,5.46417015886581
392.9972582441782,297.7494070989366,6.988684463658813,5.464516610077266
392.4091303215392,298.53359312327194,6.990465251568245,5.46211130456468
391.1364860903729,298.8254417924625,6.99121215940486,5.465615863374859
389.76895358736454,298.82478286389056,6.985043877584297,5.466933720518808
389.5709524466511,299.41214236873446,6.989587242495444,5.466591460378172
388.39727893176155,300.2941809664007,6.987413613888556,5.464654758835189
387.8076186843995,300.3935615613755,6.992362199356229,5.461622220428266
386.4352816621243,301.17901769800136,6.996465924989777,5.456750129414677
385.5540526687765,301.09304668924585,6.997277097740784,5.432953612042965
384.77195359693985,301.6830553344984,6.998565273568816,5.4251187974217965
383.9989999658505,302.75367444669837,6.982425337987625,5.431695469941861
384.00272196969007,302.9481353543106,6.9749813303084185,5.433006195106635
382.92129342630625,303.0339356133738,6.992576639995981,5.4564294748966
381.55818691581436,303.8123693144395,6.979355781537003,5.464952861018074
380.7797844077159,303.812844584821,6.971278847229644,5.464002320255066
380.00866413820086,304.4955350466049,6.949749547555478,5.466920005553503
380.00243321486977,305.28664015765156,6.962211394217645,5.446223407216894
378.44852793541327,305.9684316893928,6.949326173601092,5.447944747278626
377.48273024730685,305.3868828578349,6.932177959515998,5.44179625621568
376.0200382581402,306.7532104599743,6.939881174768406,5.432309764145822
375.63832228779256,307.5227687178845,6.925410306676093,5.448998865900533
374.1894411184067,308.2093184808902,6.90528987201642,5.4375779674904745
373.5056106049892,308.216814325273,6.91472684338078,5.42258627872491
372.63535144283713,308.4187526018883,6.909849793486113,5.406575364205183
372.1544259101334,309.2905924109246,6.903711205531635,5.40527712218415
370.81123178879886,310.1569242137376,6.881338507648659,5.413959835484411
371.39490166092816,310.73778111861765,6.873689000087776,5.411936262422052
369.74748885250455,311.6080372369772,6.88527491613498,5.409609749655827
368.30203957701264,311.8064012588534,6.877104443422892,5.399424242396294
366.9520817142944,311.809902009842,6.875290102732315,5.392422740419066
367.0488363708003,311.81610828525294,6.874619955580366,5.380010189597176
366.38088724674833,312.492374689399,6.862128259900968,5.37586732508842
364.84419601633556,313.65116112452944,6.857611606091486,5.366718790803698
364.07647153806585,313.65499168747596,6.855853588017595,5.3590576649107176
363.59685985775013,314.4185490135807,6.855079876195759,5.367938328626295
362.83171886500253,314.41610452264615,6.8483060909655595,5.3728273104954045
361.3867835689815,315.2712941056125,6.856559532402159,5.391418434925848
360.6158751587011,316.03673942471625,6.858086557874094,5.400817591807265
359.8457183441541,316.41303585682914,6.8567017922695435,5.419073924930733
359.3578237300307,317.1789533868884,6.867553036325204,5.431139639518069
358.7719795130575,317.17400428543135,6.879143434661921,5.441037842432131
357.8997789434314,317.8471755589511,6.880353701408724,5.45051041845243
357.11624057875775,318.0425618592766,6.896548953054786,5.447458187226712
355.75176063460015,318.72689046094,6.908687627671632,5.437211590749125
354.9707174210115,320.18804475213324,6.918149546098284,5.426073962270095
354.2854318423665,320.1916073431628,6.930427580244342,5.41894878021097
352.8368771316363,320.38500503495464,6.91582904683075,5.420381123943753
352.2615802637608,321.35214765276123,6.902939751170425,5.425234274016262
351.4863283089763,321.4543660864,6.903079739032726,5.414592896952101
350.03201771709274,322.8133588026642,6.907330483476156,5.407353207792417
349.54531339932555,322.70485664915844,6.912878916009557,5.430785474203706
348.8648261165599,323.6705757427896,6.915588903984463,5.439725254878992
348.2839633878549,324.3460266410205,6.911967180621153,5.448395169319467
346.83482645014516,325.0282953303605,6.895592021560486,5.444027340063607
346.0636021764191,325.31732287254965,6.8861342240680425,5.447937135039367
344.8074410072844,325.9891287440074,6.877666248940562,5.461674022414524
344.8105783741782,326.3759297528904,6.87139151515307,5.464072768683714
343.54914854284414,327.2416628679244,6.872992628944967,5.47809322629926
342.6847178270623,327.4310100302712,6.8540996848629705,5.487788762860282
341.90736522692725,328.2103680171374,6.856305139399111,5.481572534861807
341.5164432471471,328.3129983422733,6.862167016379996,5.470307405234901
340.7437808775231,328.8988416325472,6.856269976538576,5.462037159004252
339.88004263555587,328.9903890816064,6.840642654013798,5.472620461603597
338.81880477701037,329.76632496335304,6.833405812750745,5.469630558731392
338.4350878832579,330.15122249344375,6.827036434736115,5.473638664069523
336.891371391492,331.5013962472079,6.819780328386964,5.481144110187221
336.20364309823077,332.1843396075701,6.841238328063779,5.469255976308302
334.46454938019366,332.56005523428576,6.835258931978552,5.4920840189125135
333.78951117794077,333.7261377753927,6.828433787198047,5.486035878332288
333.49206720499774,334.40602395417403,6.842400587714755,5.481746193298032
331.9510512507156,335.0820418570413,6.823870738498943,5.486206156592286
331.8645470959978,334.97973706097355,6.803305915086848,5.497242615880122
330.8966299323281,335.6476547592616,6.804777771110964,5.5154609492246465
330.2276214621442,336.51903870523535,6.786518669913061,5.516476539290124
328.6814315528132,337.2968838000078,6.783063295488992,5.508703946288416
328.19852806383784,337.4958721733519,6.782315856356838,5.497348966433285
327.0484688394356,337.5828852764836,6.765046152777665,5.516438439535251
326.86602961626835,339.0240902255569,6.743606276867897,5.531415958220646
325.6161476942883,339.02031181026814,6.733438678807442,5.5389727887982625
324.946638862063,339.49141763390855,6.72119499751917,5.5619478170451595
324.0823563079333,340.64657422344305,6.710781608554537,5.570272634274962
323.9944762451792,341.02564971723336,6.693347913702823,5.584896928133674
322.44452600859967,341.7009876580446,6.702670768927919,5.586348754357475
321.09199167732964,343.145969291992,6.701145384394301,5.596307679755846
320.4119300803343,343.2364680801542,6.707012301493101,5.608775285844471
319.82054407056586,343.6294462318161,6.727245122911119,5.597845114600089
319.0495294367341,344.497492456802,6.718137763116898,5.606781370518161
318.36515150348134,345.0840063614313,6.729622712377869,5.597128633183553
317.396679604276,345.08334215234845,6.727395047559116,5.598457051349159
316.42672354237595,345.7563305774287,6.728264614660694,5.609809990877733
316.03650754090995,345.75921606783123,6.732293813919657,5.604039010072609
315.7490692065101,346.24546149822356,6.7249613047546015,5.601896779229289
314.2016102550534,347.6011854323023,6.71712354271953,5.605360117901699
313.43645738572536,348.46569878829496,6.696570820054906,5.62104917490218
312.1715699786626,349.1427621323093,6.707032507947143,5.62347570869139
310.81708437044114,349.7241066221942,6.700091885747955,5.624748945482567
310.72390143229785,349.7254423873361,6.692550560764006,5.622077415198706
310.0431669137844,350.4051779217072,6.697784385342231,5.61884155890532
310.045841239704,351.27519468003254,6.69243573350313,5.622796262819228
308.5911435803559,352.3376853756145,6.695465641060316,5.629149506490481
307.7216411124464,352.4382488595855,6.689309966244742,5.621929273063534
307.5247422409331,353.21405040350004,6.695716650939667,5.619890418561156
305.77448240399116,353.8947802703695,6.708529636343088,5.614761063675663
305.0995368679379,353.89544368953415,6.701286076515905,5.613434225346388
304.99569801343034,354.67532493824166,6.715220444260382,5.603618458096454
303.93123201934947,356.13064878614375,6.712353435588575,5.599969394337965
303.15705468187184,356.13384493271093,6.7111328267903545,5.5935771012037
301.2211779925146,356.9100020486723,6.711385149676052,5.5898632916124855
300.44968121980776,357.58320785665575,6.706226196613499,5.598085111812296
299.7800247330076,358.54624518437,6.69053429792081,5.607731702516448
299.40068855160683,359.41408396810937,6.675263776793253,5.613425623878218
297.85647086987933,360.18653119589277,6.670227603506021,5.615266936682586
298.15051895834785,360.1839107841958,6.662013264820252,5.620507760076533
297.29205002682374,360.7681385681301,6.6396867200517375,5.611561797419062
295.55639391481094,361.4404215718615,6.641262609984421,5.616337697658937
294.9859818411318,362.6907048814252,6.624900945412754,5.623007004380123
294.90017397675945,362.3986116502379,6.603797632548726,5.629036341928842
294.1380394632088,363.7435106091976,6.588145902852653,5.63409974840496
293.4687131828599,363.7463231420078,6.580490864913743,5.628474682784605
292.803674873735,364.7984096343631,6.565720580110899,5.637632545728158
291.3545823436226,365.57298990249654,6.583308692699626,5.624790381533906
291.3490792517027,365.9646207381895,6.594314876539391,5.609950013742221
290.38394416631047,366.9285813287981,6.6042171249734665,5.602396754875448
289.3298212486322,367.69877391335825,6.599712555415493,5.598557334783954
288.46896136226303,367.98538860911816,6.594000034267581,5.601138707892867
287.70794298853974,369.3270902151334,6.580914843168215,5.604198888317825
287.4164297875943,369.1356760548732,6.58872910963804,5.603552451890821
286.0735351959751,370.76052335265797,6.588650965518111,5.615268182399312
284.83544631450303,370.9370528049811,6.568376148724065,5.646278905405046
284.0613492153507,371.7003416786883,6.578812779716889,5.657458725302517
283.3992705575748,371.6951903115293,6.555046067795459,5.667761459620467
282.64046306747235,372.07770349312636,6.533794453500596,5.672168393676217
281.9607222703012,374.27883716890017,6.548575205427873,5.688203810064088
281.1850298961435,374.28586951438535,6.5592714424750715,5.67413911909373
280.99497162322876,374.48165669234794,6.554335937359001,5.667616814113968
279.64866733529317,375.63810193253966,6.554114288136897,5.662866526667704
278.9756522901848,376.4060092843879,6.554286802041395,5.665174767328007
278.2056915166234,376.6975921994261,6.555767757111563,5.658924159271457
277.4397731134429,376.88936917150204,6.549783085239085,5.659825584677944
276.67287999928527,378.2328319602337,6.546372795974894,5.662993912979041
275.9036101967471,378.33132285341054,6.547731329766774,5.658159760535888
274.3679654013323,379.10331597221307,6.545563447974539,5.650902259241692
274.36086595878015,380.5380310118373,6.55976233307885,5.6605886113411055
272.723368326322,381.12222886906403,6.565382387794712,5.6460900298996215
271.95493868177715,381.5960921629945,6.564878692228224,5.659215307448669
271.3861421326984,382.5520726033499,6.548232068050951,5.670987297295658
270.62256941475255,383.2240511603124,6.536940412909409,5.6731626380248725
269.84781794839085,383.7941056881867,6.549125248614759,5.686042155039789
269.17724695240116,383.79824669940007,6.542347827788123,5.677760132612971
269.0776285676386,384.3775775662458,6.5492624046188785,5.673031555087623
268.3091650174379,385.70854899252635,6.547362521557679,5.70403592358588
267.05986069779345,385.9876647612317,6.539296833612814,5.7242676924598666
266.3900061451751,387.0299946718336,6.527863528813498,5.76283165845563
264.9427338813348,387.79144928623737,6.5205006537771935,5.787606377763766
265.0418676969664,387.77712061790425,6.515975553829722,5.8162637144299145
263.78707841650294,388.63968152092485,6.501859876784978,5.838314842369144
262.5299280091409,389.405136055781,6.490738934315937,5.861511469391132
261.75132812296033,390.95865168866095,6.49225453364701,5.865848549691219
261.35538218120865,390.9677481380893,6.505933280313397,5.8476556508345015
259.8880337301532,392.2392736130113,6.523495497040559,5.832788094989675
259.97541077271836,392.8309113397234,6.543252536209206,5.816579387359471
259.7730949831344,392.841221343788,6.558766309200009,5.79595937923036
258.3050856157192,393.722163626724,6.577736905285389,5.784303696605347
257.32493421692453,394.2136047947993,6.592264373142666,5.774309025320687
256.53462273148665,395.3889298605303,6.615746071204071,5.759370803080447
255.84513033556897,396.1698426653669,6.63136160276009,5.75568149086938
255.73167018905087,396.5664392364279,6.663332248662513,5.742286937282194
254.54604062213085,398.03694573196907,6.691838288702858,5.729715313449547
253.46783038593685,397.94555164277836,6.698107843835036,5.717035226625912
252.58410599723166,398.7241737032133,6.707304083057878,5.7226822508116815
251.89710835737247,399.21598953874235,6.712139808606519,5.717021689874727
251.69978980612007,400.58032756811286,6.7156210539146795,5.726436631510484
250.72730723807948,401.3546576226602,6.702755737580894,5.744040884347739
249.94865657740687,402.12481358525815,6.6931200426255115,5.77066597545256
248.9672907335239,402.9943782737642,6.694395170455374,5.796847502382924
248.76788781825218,403.1813143067679,6.700030024501302,5.816146412873011
247.78627638160768,403.96204658257807,6.693430598778695,5.8305397004619754
246.40620945737993,404.64259858270566,6.694013084758297,5.849211381444745
245.72320060134436,404.73188902053903,6.678097395183271,5.868049563156128
245.62188525394086,405.51724409284424,6.683253954327563,5.877132503847438
244.53681107534206,407.0944609439476,6.678707903957506,5.8858906671936095
243.84776957238634,407.47771192898534,6.672406560711693,5.9104654680651345
243.64387009542128,408.26473125387173,6.684076273695541,5.920943782077575
242.34824401928907,409.0566293398885,6.695955732518209,5.924453882931326
241.44714147629543,409.84954124367164,6.710277103869922,5.927860043929934
240.54136930031186,410.54768712653924,6.731447792889282,5.924081127154228
239.8343872730828,410.64419808768247,6.751024085821147,5.930257456514326
239.72378578479936,411.44552009149845,6.772626439945613,5.924418428421638
238.32165247292085,413.0543748972233,6.77910661239534,5.904179047037457
237.4256438860361,413.74114658270213,6.774562345482227,5.927961241055102
237.02465166988108,413.738496970003,6.77683222245682,5.933260466453319
236.13337579000643,415.24254934250706,6.758945709873145,5.925886175333528
235.0385261336329,415.9338464964592,6.752457556703429,5.940865709376296
235.14893336750697,415.93404684710003,6.731435767913215,5.940465008094602
233.66211011154567,416.9288765369793,6.713178076159788,5.945408430786765
233.46826840048848,417.7137235599264,6.702349236402061,5.969763432381151
232.46471264253108,418.42139276084794,6.7146863215962584,5.950767132042446
231.77306771034412,419.81043584733743,6.7024195156224415,5.963794299758912
230.98133354157787,419.80458594283755,6.690822833797049,5.975494108758606
231.0849698127043,420.09467253026855,6.682940310010093,5.99349098929444
229.78900036438068,421.785485148471,6.6806640660339145,6.0043009367816715
229.4889705781468,421.8794817054325,6.681646965936825,6.016000047046967
228.09601231765777,422.65857274378214,6.6690440972677445,6.056971907288913
227.40378211623283,423.6572398848539,6.6510422987300615,6.063155055699231
227.11085071189174,424.4446191051843,6.636394917885089,6.0897571204439895
226.21004714940136,425.24395596412984,6.634711490931026,6.094008337606172
225.50959350603947,425.9465376372465,6.632769343408357,6.091694425619307
224.9131352298479,427.2485334423829,6.623646135085119,6.092122296876769
223.61604262452812,427.3454912619247,6.615171793051417,6.098411238768091
223.61679864936656,428.04432533923955,6.6136597433745905,6.101950965316731
222.9243690667214,428.7380033627603,6.597081826419184,6.116032000520876
221.82890794489978,429.64376027143487,6.586126564816903,6.106054323827262
221.32909927588372,430.3240663114532,6.586538321037494,6.144330058326807
220.82672340325092,431.1243713089625,6.589010679308693,6.147367082499165
219.91480090048256,431.8292146657833,6.607971118824365,6.141479475762851
219.02421037988,433.3330802576196,6.582445834964583,6.1449255005316905
218.52953310221952,433.426693353854,6.569793212835196,6.158100743553116
218.426488978075,434.3329490562148,6.575468401469366,6.149306875724508
217.42824978270522,435.1361011261165,6.568326147078706,6.145899252025252
216.51933209578488,435.93371119346943,6.584393991810892,6.152250254304784
216.51184997773083,435.92899898949673,6.599358227918983,6.161674662250225
215.20749182452403,436.9419005041128,6.595963802085903,6.145187580900114
214.3980833124774,437.74368563979294,6.609847573336561,6.146550562382542
213.5950165516088,439.25654149881547,6.609140822489515,6.133664355433019
213.49478612735092,439.2634822633009,6.608962501182497,6.119782826462162
212.69626215347463,440.0694195800533,6.6026850761345965,6.11123356575775
212.1056138723733,440.8694102256917,6.582890884441874,6.112706613008129
211.31302682589666,442.27105557198666,6.568893873336801,6.107965352520365
210.2218587145384,443.06827810097866,6.555601661995476,6.110340973851197
210.71958015014562,443.2552316097416,6.557323033971051,6.135299653601297
209.32353636390346,444.7584887241668,6.551423837769019,6.1266283912006845
208.33102363100792,444.664803270973,6.540185849198239,6.114372952152203
207.62667158362643,445.55938018064927,6.5540966592905106,6.118524784519066
206.73003587900635,446.9469585680211,6.5515137491135995,6.136919173312976
206.02172430484453,447.84175864164314,6.569598690397727,6.145439577976819
204.82426283470045,449.34569308104153,6.562014015710946,6.140705217898845
204.0249193238901,449.25441272512995,6.560578526542232,6.123250615873269
204.4151509561008,450.25417127057256,6.578977886649136,6.1208900863089015
202.92471782062103,450.9565848973301,6.56036327913342,6.115820576082231
203.03129167581295,451.7496496313639,6.546809820557963,6.126445122481857
202.33297824203242,452.44227905071733,6.546577106853311,6.13804586504082
201.53875560974356,452.54462957748945,6.537166852785913,6.133076751327155
200.74439607524627,453.6337008050719,6.529837726016961,6.14950056533716
200.04294085999686,454.4338250500641,6.535183042250372,6.146469348798898
200.1355695612484,454.7352483934135,6.5496132454733464,6.14268547927831
199.34179925383629,456.3291991136717,6.538329569756176,6.152432619844622
198.14960522685448,457.81412316935445,6.524740554473496,6.180055845036974
197.95112323190926,458.0991579205043,6.521590294866037,6.210157716984097
196.54857641609198,458.51224020451525,6.519894317121097,6.185933037356379
196.33859885923277,460.2067527284888,6.539700452162418,6.198174308164035
196.03000403133254,460.2109021890047,6.555154828125079,6.1898753871323375
194.92479861634314,461.0245970534829,6.557991853249952,6.167993879887785
194.01923308396456,462.51552799434546,6.565651657606855,6.1919174321631925
193.71960968211155,463.32560574586097,6.562243322235657,6.178842300004846
193.118680725368,463.4323997206251,6.560355403437589,6.165878655857466
192.42178229863745,464.93708990746734,6.551428814679745,6.162334229784904
192.326602798241,464.93748210668605,6.541594516793715,6.161549831347558
191.6248018924431,465.6467456808727,6.545006388473237,6.143212622890544
190.8296243776252,466.4540834232295,6.537046019385164,6.126852536900744
190.73452902021532,467.34543607555804,6.527831417090095,6.138795086277432
189.73950663569386,469.4447019726876,6.523367078688361,6.128732417652247
189.0480631618095,468.8496063927033,6.511704021444198,6.1235950018954135
188.83746986507956,470.5281829968058,6.534975377780039,6.1487213092446344
187.64821635893244,471.23445807897997,6.516841201961881,6.134211837961859
186.85819760972913,472.82041766980456,6.503227502178647,6.149595052692294
186.6583112395308,472.9241406837528,6.504525060216878,6.141386615975128
185.9643311713986,473.71898241286965,6.498591386969197,6.144724654326481
185.66014960227398,474.5113546101017,6.509690999629086,6.152682994767512
184.2703223676154,475.3131764436796,6.497918379158017,6.144140521776427
183.7757035710162,476.81042893360717,6.4918157111962635,6.135656325401809
183.38716755386613,477.30313314435506,6.473535538611055,6.144438162512602
182.50063830700213,478.1997544903897,6.458371881513349,6.13941762126907
182.10984982753496,478.99213122432883,6.4464508851090425,6.1416600640681684
182.11096311599812,479.68521000262047,6.444224308182726,6.143066587851001
182.0110254550064,479.77700843852074,6.445888760973885,6.1576805852427245
180.81597600357838,481.2618686516091,6.45436646593754,6.1649866564314895
180.0171565007957,482.752361023061,6.462270213737942,6.164755521837083
179.81566531334954,482.85012945206165,6.467578589899315,6.168055663201258
179.03312925570035,484.14195570103084,6.440871591845766,6.171044224459732
178.23578570252113,485.5206988631552,6.446746831959096,6.193978666139934
177.5504869523926,485.7183091554785,6.423948178765277,6.1968712681936235
176.76803224456245,486.51242472673107,6.39889743900875,6.198600281105253
176.0803048966589,487.0972373671011,6.385695482767459,6.219252130692279
176.08672557714496,488.18380521509084,6.372854121795318,6.229603075884983
175.4022074987187,489.36488933863757,6.3526654662031765,6.248963078696709
173.92209550424823,490.84107118607295,6.336152005563546,6.273336833406535
174.21499385828642,490.8421035364594,6.346077331694793,6.271272132633697
173.9219805786259,491.52728015589713,6.336011259843744,6.2918016998263795
173.13094871303542,491.9193120410528,6.327171858725208,6.303189495664674
172.54000565574307,493.49533515713176,6.315638540659745,6.333595083907362
171.14779223367847,493.8914371937545,6.311258673997433,6.338192928030787
171.45487850575864,494.7840909243972,6.294697677862115,6.345720110820629
169.95921376760285,495.5892979892424,6.300107773474589,6.32779631750306
169.75486929164452,495.9021162531986,6.311067701703931,6.29875332512182
168.86506767712,498.2660368326635,6.3034524155979135,6.336828206605417
168.36029160763889,499.1667941778624,6.317707735159478,6.32684779112877
167.55374660690399,499.8632450107268,6.337782971220463,6.327834045132704
167.2529742885138,500.4589417247809,6.340952047080268,6.3331917388656205
167.26230644102887,500.5540398279645,6.3222877420501735,6.3425883386715665
167.16956853712514,501.7372342695958,6.308316746499653,6.369561095704422
165.7736037503897,502.72512842431104,6.305131799718331,6.390283157882717
164.9671550182686,503.42816530087913,6.3186159013224525,6.3836960970547265
164.17460792629936,504.91476108961194,6.303424060873558,6.411040815315463
164.07585906608386,505.0111978476662,6.300695781059817,6.418393299451602
163.2786560799259,505.8108618691569,6.29271398154793,6.421453028298058
162.8798686445268,506.81245002627685,6.289406706633622,6.420482078339404
161.77606457141198,507.61736721600636,6.295331105639777,6.411872242315641
161.87432739015367,509.41719969753524,6.298916802700315,6.4142113010484945
161.07160834796926,510.031268878721,6.302717418933483,6.387301039778737
160.9629815286316,511.1275992433543,6.320129357043234,6.392899016733541
160.15187026876376,511.03234927610055,6.340717066476614,6.383194599953316
159.2496696380949,511.74604027691345,6.341731785061751,6.358446576023971
158.55460201824417,514.1361013922086,6.331847666039541,6.3783907182006
158.25519363516847,514.1461286335132,6.33018173549884,6.358336235591463
158.25279258388056,514.952516888694,6.334983838074671,6.344112186596388
157.0470881232129,516.4517273146872,6.3503432721961035,6.340753193627602
156.73944471277392,516.4604218133679,6.366050775279842,6.323364196266099
155.83451399002524,517.8623496199334,6.37741500504873,6.317170918712975
155.13778240247066,518.6666625827243,6.371478946997305,6.307858402457764
155.43932184239856,518.7610205531979,6.367421993731137,6.31881643704004
153.63419037189075,520.2589532734122,6.381592450553186,6.319694733439613
153.93553062246227,520.4463283198857,6.378970979859443,6.3449839941255135
152.43811332383743,522.1453518235002,6.368149602430296,6.353347091532416
152.4238286148291,522.8557413140072,6.396719020446991,6.334937587475706
152.42187719652503,522.8617181561239,6.400621857055117,6.322983903242402
151.32270686488502,523.7660226576995,6.3948835916358515,6.317712205390621
150.3248353618924,525.1710326492952,6.388652229337187,6.3104563377966585
149.5024748463703,526.958637403084,6.386366820548384,6.307614062774952
