153.0,666.0,14.39900016784668,6.699999809265137
153.9559763803227,666.155066758647,14.427263552806501,6.696629023351277
154.13580663109062,665.9859870568102,14.39464616402095,6.707745314274426
155.44908537242623,665.163321658399,14.382190006412799,6.719262782932403
157.58020434910264,665.1454820137741,14.36812510956379,6.754942072182273
158.58877466245374,665.1143926485854,14.314188549249328,6.8171208025595735
159.58740534524384,664.9319651779,14.281919720149455,6.854476987850483
160.92946654983103,663.9495774809424,14.219225178631241,6.853181481023605
160.92807359709073,663.938038309044,14.222011084111868,6.8762598248202895
162.24948654498917,663.9323278232392,14.196648693880965,6.8876807964297315
163.5484130631619,663.8980974494253,14.214884350336241,6.956141544057528
164.71184168536305,663.8878595769179,14.187291479815388,6.976617289072518
166.03918809246537,663.723722013253,14.15994452345099,6.9764741841722095
166.04700758938773,663.561263519609,14.144305529606228,6.973375274765993
167.53360313281604,662.5973034252535,14.120715759106316,6.934894585905961
169.01533120395516,662.589351850077,14.097750990516902,6.950797736258925
170.30463250931626,662.5934240512698,14.132438562267762,6.9426533338733005
171.598271229136,662.443819923716,14.161378884614983,6.9148343687327465
172.5845524277945,662.6112140864618,14.150621269331896,6.907013506913538
174.08967274213364,661.3036947051321,14.08045115715804,6.9086562549024295
174.24589663417063,662.426987597338,14.093680876987973,6.94181299781776
175.69884739676064,662.2646997737522,14.125793180519132,6.939942664021473
178.1974653794431,661.6128340859314,14.031803006186935,6.936141828720937
178.37478570979064,661.6074361882879,14.002605088208393,6.9469376240079095
179.66271270463602,661.1289608970732,14.028372356830833,6.9282802345698355
180.4585742185468,660.1466971389652,14.0629308995089,6.941269866186403
181.57721861256226,660.6608272722913,14.10755034331037,6.890970270319479
183.02758621588166,660.1724306515744,14.138714897118627,6.890463591604099
183.33738837415035,660.1535423591137,14.171536956500116,6.92824017652564
184.9866740782358,660.1435444324153,14.146451615183333,6.948236029922312
185.33986104995705,660.1180931116533,14.094735497582507,6.99913867144642
186.8242524071119,659.9358515913668,14.07304601862175,7.036166908091761
188.1477611554395,659.439509151875,14.048255231807046,7.045516770885106
188.50441401530375,659.4147715935865,13.99010368341613,7.094991887462219
190.593240528163,659.4078897372651,14.070992054234598,7.108755600104922
191.73733473835267,659.3849383860339,14.085826730344033,7.154658302567121
192.90410084112872,658.9004524552204,14.06238896536883,7.1335896896614575
194.24718481807082,657.7700588456304,14.010670249602487,7.089233825488212
194.54476032012667,657.7564583360389,14.071083434500546,7.116434844671257
195.9982222821234,657.7512883669659,14.126395248280959,7.126774782817062
196.65291478008308,657.5808454385618,14.137515985867802,7.1375342062488265
198.46747292363477,657.2531436889212,14.14362791523366,7.131987120717527
199.60558856279883,657.2317386713214,14.18067954207937,7.174797155917161
200.56516894921177,657.2079055460794,14.252028110976704,7.222463406401223
200.92984266653073,656.7083529390641,14.189921697739274,7.220707088331001
202.07847620665163,656.524926510507,14.22141280915424,7.254880203779663
203.90776882979955,656.5294581270444,14.233871046735773,7.245816970704932
205.1043100002088,656.5313660845633,14.177091305888512,7.242001055667267
205.10004415744714,655.364722971628,14.18562299141185,7.245274149974583
206.44429550203938,656.3655047158809,14.161445204843169,7.241954338430677
207.9470752071453,656.1935759534267,14.149544314600329,7.253183138898108
208.95120748572666,655.856258220089,14.137166441537286,7.262523044206906
210.28698660108637,654.8603746323137,14.126625647862177,7.258527141974348
211.4383795190409,654.8381994244327,14.150665222050828,7.302877557736324
212.6211273708512,654.8295925343522,14.119814045401126,7.3200913378973285
213.2937512869003,654.8258421578456,14.108022610472508,7.327592090910351
214.44065018044313,654.6694371279942,14.147465036522991,7.307082120165174
215.6372853092882,654.6634291139343,14.089017404693353,7.319098148285148
216.95728027148976,653.4849309551927,14.112185157086577,7.345831498571494
218.32596282695886,653.4754105438469,14.04438024785576,7.364872321263059
219.34724178984496,653.4620197110181,13.999978642931284,7.391653986920556
220.69288479084284,653.1333434648654,13.971358578499418,7.383339994834913
221.88450285532414,653.1263251277483,13.914009142868364,7.397376669069147
222.7260090137023,653.1229713892541,13.8893298600336,7.404084146057486
224.2234648917098,653.1184091629628,13.877183613374434,7.41320859864015
224.562166591967,652.9450648460212,13.862572228066732,7.428501224920026
225.87831016279605,652.4492408357203,13.881828595435977,7.425820429636627
227.56104764352537,651.2778304612318,13.833159362157506,7.4468771688873945
227.87999895741632,651.2657423760975,13.857905610077605,7.471053339156064
230.03711311209472,651.2720946653579,13.861016198571399,7.458348760634984
230.70415716838556,651.1131332786957,13.854653256095702,7.444340241433191
231.71222268311163,651.2840218805563,13.82810807398712,7.43416067893566
233.0143805933319,650.141385729261,13.872050249751783,7.402207234847099
234.13931161140363,651.3144720561733,13.940111028038311,7.373957395452354
234.4576795575741,650.0084790054574,13.96667274005906,7.332753079437459
235.61396238798525,650.6924533335431,13.973429263733042,7.290131385835293
236.76352943119502,650.5496627062608,13.989183349058024,7.2450143301506
237.97880916131064,650.0661115997112,13.869697258015954,7.221656527883008
238.3537084339347,650.2503603407849,13.77589153669401,7.181155457698712
238.7455944343177,650.2639292712211,13.643962639039716,7.1540175968264625
240.13463507016647,649.9366961691502,13.454010462881133,7.16145152708358
241.60022141523828,648.9936256237518,13.41048548149348,7.122494145376329
244.2439331210896,649.025581113755,13.555257802104068,7.05858316536977
244.79177477145484,649.0437592974293,13.741860797447444,7.022226798021221
247.41137359779881,648.0864846402362,13.66561377211432,7.000669627149282
248.9321055843595,648.0775568278837,13.514897420714544,7.018525251854428
249.31301688795114,648.0856233431767,13.39165369159317,7.002392221268301
249.826657489109,648.2580049104723,13.315976268293022,6.974830346349025
251.10653752829765,648.2722091014637,13.281137678355826,6.946421964366421
252.50061470944576,648.2839015109283,13.324516299876207,6.923037145437194
252.7950762989343,648.285649145898,13.365292835231001,6.9195418754978055
254.32340242090783,648.2979731301252,13.462525845613897,6.8948939070433095
254.95473078220778,648.1548299172115,13.465432655607982,6.864789449722469
256.33402970955495,647.7037216144793,13.550062861128762,6.8192633684485555
257.59700804404014,646.6103059762241,13.555052791423869,6.7915163706013
258.71486380428865,646.6212012427959,13.531072515868216,6.769725837457741
259.63018452239254,646.6328999130495,13.59183224799267,6.746328496950584
260.87902623480926,646.4897739578612,13.619891312300815,6.71686259618439
261.9756767572538,646.6575925631411,13.635913917923197,6.696843049983572
263.21276966663555,645.7330804873316,13.685766322313059,6.652838534237479
263.35797149040667,645.7243914097648,13.710832078487957,6.670216689370847
264.60525017160745,645.7280372888855,13.745373924881234,6.6629249311295915
266.64805973693046,645.7469336023984,13.774452590662351,6.625132304103824
267.7410493972066,645.6008070880581,13.802451519396474,6.601102725743394
268.97798917573897,645.5932729307053,13.858755350446174,6.616171040449099
270.0745015315842,645.5849004604493,13.887226680156989,6.632915980961083
270.2388428518116,645.4184605265015,13.876607495724018,6.647732392834949
272.0148445895017,644.4613615676666,13.824435594009747,6.652931270323242
273.1027668646339,645.1131947987808,13.87106078942184,6.619247519909902
274.03499803893965,644.164810653317,13.912136234916387,6.610478016731673
275.14660228617606,644.64568269747,13.915178555717732,6.602841420686043
276.0973979195592,644.318390743433,13.921269836315084,6.6215311463052675
277.3772675124494,643.355599021146,13.908423520840993,6.636944938149803
278.6430975425608,643.3450371160659,13.924305735511876,6.658068748310008
279.5682997013447,643.3554194570611,13.988155147973469,6.637304066319473
280.6775053299481,643.3545186129255,14.00702543618124,6.639105754590716
281.63785999838484,643.0332644657573,14.005824932814642,6.641777771091574
282.75156672767815,643.0249179871531,14.018041999889489,6.658470728299829
283.83946527133446,643.022790699262,14.085158841991495,6.662725304081869
285.1326561803705,643.0128299479555,14.070527496534512,6.682646806694989
286.2653126580968,643.0004778398292,14.056434248706243,6.7073510229477815
287.7079860220169,642.8314298226122,14.06753688097767,6.7236193507026325
288.3593018879674,641.845428629572,14.053996947182387,6.761984039624297
289.61439632639247,641.8181192079045,14.125752891046938,6.816602882959299
290.60121011135743,641.8141262445603,14.100567883273584,6.824588809647722
291.404698392421,641.7891426265069,14.11614917739044,6.874556045754547
292.70126158205903,640.6317690440944,14.12788099725148,6.91005228633466
294.03801049402693,640.6289930059859,14.065542803202023,6.915604362551767
294.210987155197,640.6259110633354,14.045169561038756,6.921768247852617
296.65981110766836,640.6195256998487,14.028357791846293,6.934538974826039
296.6598691889174,640.6304113119025,14.028241629348148,6.912767750718337
297.79785462854306,640.4712022722679,14.027169192900017,6.906200338158755
299.2581925134472,639.3379032667785,14.03019687103912,6.898806778511566
300.53588861076986,639.335364603255,14.072980603659529,6.903884105558476
301.03502723833793,639.3494784504368,14.051159886116668,6.875656411194933
302.35191162357063,639.3562914370423,14.01480534895138,6.862030437984034
304.78519481267915,638.2270193282499,14.006873910840728,6.853211683519209
304.80201930507235,638.2415373654757,13.973224926054254,6.824175609067763
305.9008016640044,638.2467647262579,14.034170473210876,6.81372088750328
307.5188657319216,638.2521785953624,14.031573227834809,6.802893149294303
308.02137570115207,638.227827281551,13.995934342515174,6.851595776917165
309.3193207682426,637.7296907662454,13.987661128100317,6.877512462615775
311.434366829568,637.7155065904506,13.966719370383995,6.905880814205662
311.9212263304023,637.7021386059458,13.964899443562217,6.932616783215041
313.0747777353704,637.5484481263479,13.928617114079206,6.915594816632005
314.2239754386808,637.2307355396152,13.895262340961722,6.903865523382068
315.3440000423146,636.2707929302103,13.915415404987943,6.886434509654559
316.6341464719716,636.2739967978735,13.918154030536321,6.880026774328141
316.7739892571529,636.2805552972713,13.961276416041212,6.866909775532317
318.07598072028986,636.1233127501058,13.942982781550992,6.858183708390548
319.36842056937104,635.943435596402,13.940442013775222,6.895145649499863
321.65119567066375,635.942332776261,13.902435308856884,6.897351289781929
321.6714125655184,635.9376833993668,13.862001519147622,6.906650043570049
322.6440658889257,635.9261431303106,13.851379845995872,6.929730581682572
323.9519078609121,634.9640216129729,13.81722741200131,6.917824983874273
325.21204951750485,634.9578403650223,13.872827490944136,6.930187479775366
326.4909094586519,634.9564808454192,13.899214358882867,6.9329065189818255
327.7867805901193,634.9662099133532,13.895045404790242,6.913448383113733
328.0842072792605,634.816700174298,13.946289629387085,6.889419059784264
329.8916876731418,633.843660518827,13.888533608467316,6.895204861539222
330.3781390130147,633.8362128520713,13.883543699768413,6.91010019505085
331.6567378884817,633.8263912829668,13.90892600568721,6.929743333259718
332.78226507549397,633.6590798488329,13.922610036682785,6.940832143667524
333.2592172684851,633.491192030957,13.94048453537697,6.952681484527099
335.2133868731611,632.3535667329736,13.924861650672224,6.957180891116451
336.3058520200798,632.3436787839726,14.009626758158683,6.976956789118436
337.2740090725261,632.3388481826008,14.028264097542584,6.986617991862069
338.43776165560604,632.3377133879223,13.984615788201529,6.988887581218856
339.4112273142006,632.3452350050817,13.991678265267437,6.973844346900302
340.74144738985507,631.8561196671978,13.935307430088459,6.9755490291193025
341.20067755513503,631.8586014021698,13.990985912175383,6.970585559175375
342.49787988962936,631.5237046190247,14.000118199817408,6.989494886307957
343.8332262351345,630.2007614936731,13.936650191768779,7.0281564540493555
345.11642302435087,630.3468457836389,13.975394350157478,7.061630091220626
345.4721402003856,630.3283416759176,13.917536593988189,7.098638306663124
346.81622839327844,630.3038725855903,13.841993133390275,7.147576487317877
348.2839599068867,630.1091779864671,13.843359239815054,7.21065133738163
349.2900860904019,629.1118445131956,13.795627799630253,7.240797357079039
349.6217561438184,629.0973097474988,13.786761734796691,7.269866888472628
351.60701686838365,629.092886050233,13.747512789299666,7.278714283004318
352.2885246387486,629.06360750229,13.693219702955949,7.337271378890282
353.76802851727473,627.7392709088531,13.680682731415374,7.366859423087134
354.76446651652464,627.7283480702325,13.654053364593365,7.38870510032825
355.74808338611217,627.5501680074238,13.652955228599732,7.417375958748562
357.0647310374158,626.3995214723093,13.644968135598925,7.4215243455720685
358.20353790238477,626.3812193162146,13.664171209599312,7.458128657761582
358.18743569712467,626.3678261990824,13.696375620119564,7.484914892025935
359.66037296230496,625.5523387584068,13.720127312579038,7.466097427365833
360.9191307020269,625.555189771228,13.842509237936277,7.460395401723494
362.756541365999,625.5415137390473,13.816318163549669,7.48774746608467
363.7552597900421,624.553628057592,13.809535801782244,7.472864342676742
364.88352046061107,624.5631109459854,13.872962381348968,7.453898565890127
366.0503582075091,624.5673582663671,13.863504345269101,7.4454039251266435
367.20282731930763,624.0797572796326,13.880789815666787,7.425367172597734
367.21312745207075,624.0772774273439,13.86018955014064,7.43032687717538
368.3543994585385,624.0618139765259,13.897719434079207,7.461253778811331
369.8439984650083,623.0536716530341,13.911217009204655,7.482408033751525
371.3425455138174,623.034553784249,13.911868918237372,7.520643771321609
372.0078854558511,622.0156707516783,13.91617731319197,7.555927417930058
373.3600988253975,621.9940055479217,13.887064318300451,7.59925782544324
374.5476845697631,621.6320110914958,13.85497118129024,7.6537957806604515
375.375545242488,621.596896400547,13.875164145291166,7.724025162557915
376.73867736931544,621.4194683378663,13.842329619168222,7.742202571978047
376.887670652849,620.2330105055239,13.880846148352765,7.759596562900448
378.25470722793517,620.2242352742996,13.84572306504926,7.777147025349105
379.63350586824004,620.2185412921486,13.785311825195738,7.788534989650938
380.1214901190061,619.1839110570536,13.818688313174286,7.839105480819514
381.4600482646166,619.1634697101074,13.843989081575891,7.879988174711995
382.80803520428674,618.7999764237863,13.858986891971577,7.929231824920174
383.8305685867853,617.5874857232418,13.853499670431654,7.974703758642457
383.9957805628931,617.5894563121942,13.863695994160786,7.970762580737451
386.35575202081475,616.38312499329,13.913616711325469,7.9984934020419995
386.72807311724995,616.5506714983569,13.852804312143851,8.005315288752676
386.88610295955186,616.5320794304839,13.87787371182686,8.042499424498537
389.2363566433585,616.3374093507733,13.967202354775669,8.089708440308103
389.4198471587546,616.1559823755582,13.944477427633302,8.108306287088599
390.5940567613781,614.9518137536356,14.005697052960535,8.107004700359525
392.009009763707,614.7496533106067,13.936752345646276,8.166205424249386
393.3876801275395,614.7154455391452,13.940209080950916,8.234620967172594
394.2757703642627,614.6849206565574,13.895568630028142,8.295670732348004
394.83401251983827,614.4700432124727,13.819110658211079,8.378750174072987
396.5885667782009,613.2206610013584,13.779381923046017,8.448948749209418
397.4530315930204,613.0175892799213,13.788087735574766,8.50756510365013
397.78632670508483,612.2843883864102,13.818781619163254,8.579398675237707
399.03754856159475,611.7454675524887,13.7684823507244,8.606321295403244
400.2657331946907,611.7451388377973,13.7621607907145,8.606978724785892
401.49430472059544,611.5514860130228,13.754481508434564,8.644360978687892
402.91306751543766,610.4857543102088,13.720437627625873,8.673213102659068
402.9100031672001,610.4692564221592,13.726566324100993,8.706208878758211
404.301807421407,609.5987233359751,13.751385033164071,8.692008040203211
405.5455877088957,609.5914903112391,13.722133126782108,8.706474089675423
406.0487783934021,609.4225309853606,13.768726300874146,8.693401227063998
407.45269355473266,608.1799329199091,13.772652925438233,8.718310029144941
408.6422912641813,607.9966210243662,13.857075050819843,8.73298845676246
409.1686288801064,607.9963352358609,13.864760765612772,8.733560033773053
410.5918743169406,608.0015168620571,13.84689495291686,8.723196781380691
411.445643200507,606.7465053566004,13.905044375031386,8.761257727347864
413.03651874400833,606.549098315176,13.915092403243962,8.801427464061554
413.53067494482616,605.6336327778664,13.993181759107808,8.855022276181872
414.98829694792266,604.5347955167372,13.938197202686043,8.907502211111826
416.2357771946024,605.5891363734955,13.946349108847473,8.944345411470383
417.16556587240245,603.9552399705813,13.878398251482562,8.987210520475662
417.1701384577362,603.9335101472985,13.869253080814989,9.030670167041034
418.231558656148,603.5554331296013,13.898076000769734,9.069603096842945
419.673322952368,602.092363129897,13.89208328347757,9.1182072211039
420.5580326619116,602.0509781951631,13.92472315022583,9.200977090571586
421.2548758063174,602.0445109196675,13.980156402173623,9.213911641562929
422.51841145591936,601.1263917231119,13.996379536850613,9.233511153330578
422.72058337631927,601.0933480407361,13.955933346255806,9.299598518081899
424.9074372944778,600.7069487698924,13.954893067604353,9.343619133491726
425.10408272162675,600.7024940032019,13.926706902984774,9.352528666872852
426.3415980641586,599.9612575225804,14.005476252704879,9.375687322524902
427.82887410312105,598.6553864494683,13.962109838332053,9.422642013140733
428.00043959048287,598.7880986446834,13.985503911329843,9.523742670432341
429.49475872098503,597.2647008750292,13.945295118044104,9.622108742022064
430.8356637064897,597.2411850747457,13.850515851643788,9.669140342589216
430.97114980228594,597.0588446690081,13.948465709750865,9.664899104364572
432.47043696772636,595.7702145501911,13.9125410826141,9.64984085122246
433.7513986423314,595.5964774197656,13.937397472106701,9.627775149401819
434.29459086816604,595.4127012374742,13.959664074641916,9.625777162583283
435.75121674444,594.6971449297555,14.00523876401821,9.577476557058425
435.7180042530003,594.673121572227,14.071663746897732,9.62552327211519
437.2063157977505,593.5544156198655,14.067347017404325,9.633705406833172
438.1283458930613,593.5330824376654,14.081330306403295,9.676371771233308
439.6253795026389,592.2007531689267,14.067469746779938,9.733349481620293
439.8399890028226,591.2911367048988,14.01150993857445,9.686286448866282
440.7456564595792,591.2721352632849,14.058357099795465,9.72428933209406
442.4684513475372,589.9585742308019,13.969513970444527,9.74060844973145
443.7442527227547,589.9321895475945,14.021211382877025,9.793377816146489
444.50482493572395,589.9134278342976,13.994276852189497,9.830901242740133
444.9191473320633,589.7127553240701,13.913161563438452,9.858481511231327
446.6277735792224,588.1988200113261,13.852843235228029,9.90241065573475
446.8618588905964,586.896845046879,13.757475655327504,9.89673928469635
447.22933706104556,586.8867947181039,13.76504897800755,9.916839942246476
449.2857929700147,586.1517904228342,13.74094884725971,9.900007919262292
450.40111257623244,586.1594033697158,13.736718111884965,9.884782025498845
451.3163243535416,585.044079469827,13.760062490720335,9.89090830513227
452.4511320033719,584.8647111948931,13.71769601886555,9.878436717032713
453.375873890964,584.1220420230237,13.720016869267079,9.882331360302993
454.33827398374075,583.9238403988899,13.647517400531251,9.908274465207068
454.5314367722795,582.8441844132414,13.630978890953902,9.848864031503167
455.7767813986178,582.477489141967,13.720210356086454,9.845134368963572
456.37830291481754,582.2738175074892,13.62672122881626,9.882626336209276
457.8629393135007,581.9168647948595,13.609850767139411,9.858431177546167
458.4316268241676,580.6213210552983,13.577666462551646,9.870740317594656
459.9337820613724,579.5264487325244,13.518242809925527,9.85181984680483
460.6669171298878,579.6986772658648,13.519566414834483,9.874261215608776
462.1616006990263,578.4117146525465,13.468494278851347,9.877178315238307
462.18032250744375,578.5912270666686,13.431050662016458,9.884712741371283
463.4964457255331,577.1083062813201,13.36160241152233,9.921642099857404
464.79449631464246,577.1059358287972,13.325145309383387,9.926383004903064
466.0369499719554,576.5740051928423,13.396543626608583,9.894684720305367
466.4388589667514,575.2734712925472,13.324231829505205,9.935480847185326
467.71260645952776,575.4563737818235,13.333987471189246,9.934997386809421
469.00157861552424,575.2782690886219,13.314277371478138,9.92574474288674
469.01873696336725,573.9876888945956,13.279960675792108,9.951830024251477
469.4000592846747,573.7816480657809,13.247146475911364,9.998996460513714
471.0965210431825,572.5061328025406,13.140901228514846,9.993721666179352
472.1717911901087,572.5057212161968,13.171246980986204,9.994544838867178
473.5011614687751,571.2355748637109,13.060206076196389,9.98713789129576
473.53347157114837,571.076193782038,12.995585871449823,9.943757257149173
474.79375848429214,569.646708895008,12.998157670035326,9.91913203135411
476.08531610519515,569.6564123608016,12.935651083225022,9.899725099766954
476.27825882805075,569.6784016193076,12.908582450881084,9.85574658275508
477.88182298255566,568.4195883922105,12.92063308608029,9.869567191453335
478.0768594621254,568.0931036225741,12.88865595069275,9.806345083222473
478.97309798160524,567.0261771437644,12.879061804933153,9.800738569001576
480.7891375224977,566.6548695336877,12.810370534353279,9.83067622691404
481.3429188123898,565.3906992931333,12.770145376536892,9.868562723431051
482.0636245732654,565.3920098753479,12.751862901835056,9.865941559001847
483.49760142502214,565.233776347261,12.727591572710082,9.826948318376857
483.8137954146714,563.9965484760147,12.804112622332411,9.82022245964695
485.3894864597626,562.76233228085,12.852349428013252,9.800062375415798
485.74432977804963,562.2547235917045,12.854503531150016,9.747518644140367
487.0031079102742,562.0729758566841,12.822616543790785,9.755918503168532
487.92040332628324,560.9970238181264,12.761758674560255,9.779343024939052
488.1185666344605,560.8042775626158,12.719632406946843,9.810635187219289
490.0894432918037,559.3715586128083,12.672618630006678,9.843535241200723
491.331162280734,559.3659453596,12.66637336717325,9.854761747617243
491.47787005680334,558.4853419331207,12.726929719766279,9.846109076917063
492.1714300616192,558.4937416503553,12.758835526743477,9.829309642447877
492.67502989258196,557.5733820026461,12.816546230304226,9.895178328722858
493.7616865782627,556.1624843028312,12.784779750772737,9.861577872579108
494.83615382665124,556.1511504439408,12.771197289876195,9.88424559036001
495.9080391244103,554.907433705796,12.763749001519173,9.879303041628214
496.3169148855158,554.1660986656194,12.657716377049994,9.938535326498023
496.5335374173348,554.1251718418591,12.579673079019432,10.020388974018463
497.9722984275729,552.8684318345672,12.544835222658904,10.046520345001001
499.21510446617964,551.8065337696496,12.54579885347509,10.038965867953616
500.2717071398758,551.6449319324265,12.56329807081074,10.007052114945251
500.3137986920649,550.402839691862,12.479114966432611,10.00715904257339
501.57239004915573,549.844948055494,12.436986740654188,10.062204677422372
502.12704524075787,548.6206279972492,12.389148990071249,10.034075317795544
503.40513156717304,548.4391603212852,12.301417124219645,10.044376271583713
503.5791820344871,548.2587361402506,12.304769395899704,10.053771427344838
504.83590727705587,547.0305595831501,12.25291518786611,10.0485282644417
505.54460109764267,546.8585167614737,12.238626142765108,10.041839258776452
506.4452540945291,545.4410180886895,12.189554350477959,10.073261881967902
506.665568394481,545.4174849520008,12.099125046603517,10.120328155345321
507.9041140323877,545.2403554089001,12.068992801915954,10.125021665671426
509.1561968244269,543.9978858864816,12.009064093200422,10.165723835145599
509.3203231462392,542.5917464570443,12.029718938668962,10.18674278127514
510.91533246185537,541.5353703679208,11.985780401119062,10.20210823040036
510.9529030932426,541.3595105566192,11.91063913834465,10.20469465878158
512.5264560904844,540.1462979957087,11.895657643995206,10.195022947165048
512.7399317091416,539.9555053232756,11.816333324190314,10.228981374521751
514.1313765695342,538.5441066291818,11.809005568129077,10.276216797985297
514.3456234267492,538.3431725714138,11.728101157210105,10.330495610010374
515.5700292739326,537.6450547585845,11.709725308106723,10.337910752661188
516.4465542943277,537.2685660334951,11.691869291527606,10.396810593155495
517.1696676094288,535.8600829950126,11.63645757078633,10.432146851198782
518.5566027612964,534.620423206102,11.641848722655643,10.479612655365775
518.5715952059835,534.6232826651803,11.611863833281308,10.473893737209243
519.9730670163377,534.0951986066444,11.590454336170954,10.486986557931683
521.0460361591499,532.6807057972967,11.529921940575266,10.535430989922052
521.2638044100347,532.6579591004478,11.44178306832808,10.58092438362
522.6650039881288,531.770224890772,11.413368255213765,10.622652588550167
522.6870637788908,530.3657573765748,11.369248673689793,10.655842871761246
523.7475487298155,530.1836851133938,11.329116841254253,10.673181053221022
524.7938634234737,528.9643587531523,11.315213759613517,10.686653083749457
525.1615774708723,527.755198635207,11.272687148223314,10.679818127715953
526.7185811856824,526.7134253485654,11.269774736972513,10.689301355419571
526.7313904905675,526.0354893028859,11.244156127202398,10.662045386572021
527.248967598416,526.0548911214175,11.243849213110842,10.623241749508884
528.7861863866549,524.6817867488649,11.268372307515715,10.614818787163331
529.1425464647135,524.7003846307437,11.24480966688817,10.577623023405822
530.3587643876291,523.6709515994885,11.217715228575385,10.574767879471686
531.5744678911034,522.4638034331165,11.188367796288986,10.587004637553557
531.4083292043636,522.2985339515975,11.177758612614529,10.574657043437465
532.771508896544,521.1138235521765,11.191597700925106,10.546404178691846
532.7628595564158,519.9381568447751,11.208896381181347,10.501686313039786
533.2986257412804,519.4163267223109,11.162924777519565,10.519785791900853
535.0284340708669,518.2067621755441,11.11753266795989,10.548957700705222
535.053695768354,518.024312255385,11.067009272985633,10.572682340853998
535.3979388202139,516.9964008356368,11.060043800646104,10.583943286209653
536.7880398540084,515.943558932438,11.006478325892044,10.644649647980879
538.0161885876776,515.3829453040726,10.936836051887765,10.743024678997202
538.5493705946271,514.1720765956599,10.894707194820812,10.774880063214198
539.592119284946,513.6599922217499,10.85672204391239,10.775292696169315
539.5982955958262,512.6186719638989,10.844369422151901,10.81396693553986
540.6228951409717,511.42781636311724,10.841626806482267,10.808145583378291
540.7933752546882,511.09545884169336,10.841607774601295,10.79097823512207
542.1692102118562,510.9307195662535,10.815301160783044,10.779786373436988
542.173621925004,509.7385811705121,10.80647773448744,10.783503139194275
542.5223967887764,509.406456496845,10.788927308286928,10.767753185184203
543.907724042115,508.2025978588315,10.73407474097064,10.799143764270667
544.9270134761433,507.3628882113759,10.730128369957933,10.78303597831149
546.1539070895313,506.8230335163295,10.64786927839489,10.846376167598901
546.3509107856769,506.6352076652715,10.59235033153197,10.883539424286868
546.3665236580488,505.45154412031525,10.561124586788052,10.883500001177985
546.7362979499767,504.30844431210477,10.496978169822652,10.80579203348298
547.9179165732679,504.0282052976081,10.482016108494728,10.695334295260617
548.2611818151485,504.09116074584716,10.462480327391146,10.569423398782549
549.5745298183048,503.00735609597166,10.485464415946936,10.41856261552373
551.3850816251735,500.8153206639523,10.508326246525163,10.32340047102026
553.9506252920879,492.02437953218174,10.626126223677465,10.190288060000867
552.7464067936862,490.78013577051576,10.73996613108609,10.056378909738772
551.5406920854169,491.99433289613364,10.859194715999482,9.920185490128047
551.6426563262146,492.06349845026654,10.98241702751536,9.781854381862193
550.1026953313932,492.2961348386841,11.1206014651404,9.643441333029072
549.384426815951,492.20174203285393,11.249995003764392,9.505441071624226
548.020145680835,493.25111781812564,11.3660094151483,9.366100395216842
547.9531860752986,493.3191019123679,11.499928626221038,9.230132206732305
546.9090263187987,493.54969652763276,11.6324397924582,9.094911033996295
546.021326588486,493.45264745340853,11.778824880949617,8.963206308017856
544.8088246924355,494.6539799549913,11.922578233492882,8.841791744409987
544.4178863531761,493.5739396338833,12.05226106816529,8.719193933163579
543.0466218875997,494.93752585586526,12.186350002183797,8.600461486333815
541.6800348601126,494.99666423588826,12.310472984975476,8.48218472628792
541.4521301122115,495.054252413814,12.440229512650063,8.367008370436285
540.2466970067622,495.1089896077667,12.568398327601912,8.257533982530957
539.5392964320724,495.1603653643789,12.678374842834062,8.154782469306648
538.5027169223476,495.5342805514434,12.79468205057164,8.05923603241485
537.9703604487686,496.5581172862153,12.88054138188165,7.96926979456762
536.7812019851777,496.59540175380283,12.976450762879166,7.894700859392472
535.6060567763072,496.6310232338942,13.04309756551382,7.823457899209758
534.7657462952981,496.8192812895656,13.093584307732865,7.772968631826861
533.5952491724953,497.83683074589726,13.153099433032825,7.693423250854131
533.5634253053302,497.6971916173859,13.216747167363117,7.647236711205706
531.9336070966517,497.88088461012586,13.220115006366708,7.605477583561086
530.7736221629804,497.900848259292,13.26530425603701,7.565550285228842
530.7410770884377,497.9206148476654,13.330394405122455,7.526017108482007
530.2251674086309,498.25581575411843,13.386457699074056,7.506119339350556
529.0476005210169,498.2661404782228,13.461392677694047,7.485469891141821
528.0299153643654,498.941333305263,13.53777161453456,7.441078488036428
527.3903705930948,500.09385058824995,13.509384148901878,7.424128686366432
526.0688171401746,500.10503689062654,13.543204279697521,7.401756081613269
525.8863702874168,500.28378931414176,13.581820199592686,7.370529020203347
524.872289189063,500.62774972001677,13.652101610538997,7.335235137040249
523.8657534047321,500.6268055820782,13.704702406997155,7.337123412917382
523.2086788363634,500.6261339424948,13.708642703508481,7.338466692084289
521.9115138363086,500.7890052900811,13.681906664533086,7.34035725179723
521.9238912269257,501.28633678374274,13.657151883298933,7.327509946739402
521.0988869246157,502.445913539541,13.673724549028915,7.295166749588614
520.583302670133,501.32457039957677,13.725762302918612,7.2532146010067695
519.3112401037129,502.63722793112635,13.658504035690548,7.239282937975908
518.4994801962843,502.63342160936037,13.656052180806698,7.246895581507793
518.1607987858329,502.79570734017574,13.682837228992195,7.247613006235763
516.7140426290911,502.9574824390451,13.645091813300638,7.249758111738654
515.403077416749,502.9666928056481,13.66560856513805,7.231337378532605
515.2520410717101,503.1175395343976,13.642518766956037,7.2548064092934
514.1291746955812,503.42330123709354,13.6116734358429,7.293733884864775
513.0020207569914,504.54549583887825,13.587910501930113,7.32741549238763
512.9914308609475,504.5435731396683,13.609090294018074,7.331260890807617
511.8521789811032,504.5365651067676,13.605290216773286,7.345276956608934
510.9017269118084,504.5342420010388,13.54883024470201,7.349923168066524
509.6014892778605,505.669042859221,13.545508533766789,7.358643808179241
509.11128417840825,505.6648014980509,13.549194339959012,7.367126530519444
508.947278138886,505.6594808045178,13.55143221296417,7.377767917585709
507.79716534316753,505.8112917837734,13.569733730796974,7.400135112446509
506.84281178095154,506.1292448730633,13.51859223938245,7.4175118058155345
505.7097026265696,507.2648834160126,13.501524202025946,7.429521066037131
505.2327236289584,507.26203638700827,13.477071542730087,7.435215124045866
505.07023352861563,507.5888596937391,13.476178687563246,7.433314622288957
503.77745896308045,507.58646234464226,13.45510829017607,7.4381093204826305
502.6612034756197,507.5832677036994,13.408432494122325,7.444498602368455
502.6597854730582,508.5584979120041,13.411268499245205,7.444143950597226
501.8463178610011,508.559544367091,13.412936327648978,7.442051040423368
500.0795071029832,509.1915394951751,13.371091074255531,7.478230518593138
499.2422949841093,509.1942986973503,13.420312434985096,7.4727121142428015
499.2639908355697,509.9962876495349,13.376920732064399,7.4971046300142525
497.9818388522807,509.8141922504943,13.337639269902608,7.535847249502985
497.168002269606,509.97675816872356,13.337680352249883,7.536241829644915
496.5348618472819,510.6269138036989,13.30182625587184,7.538065500720622
495.3999764755409,510.7776716252069,13.29635811734394,7.561583983706083
494.5985891568774,510.76577471873856,13.27236826607891,7.585377796642826
494.4349868236297,510.7514297019004,13.274171153264398,7.614067830319032
492.8220814545564,511.8832212229064,13.240826669146088,7.631893443892576
492.49923457136634,511.8731831468393,13.235072956900254,7.65196959602665
491.19959123669474,512.1945381357078,13.22652886598514,7.66121730835432
491.04675299119066,512.193923954712,13.2061964693928,7.662445670345964
490.0738105363443,512.1989017642029,13.197712630927025,7.652490051364024
488.7525926000861,513.3375206555364,13.236679810622132,7.65328737491593
488.24647518501627,513.3346903736259,13.270839604197892,7.658947938736958
487.7451074717073,513.3474252248535,13.293692563377348,7.633478236281755
486.4389518182363,513.5118749447262,13.293730290929465,7.631112993960167
485.47128080085406,514.3355615868173,13.270104603383846,7.61621281170307
484.4523879164696,514.3483018051855,13.352540383565085,7.590732374966655
483.92745344964965,514.6841535457958,13.422369246508076,7.572388940877376
483.10418111995284,515.6583662312725,13.431905645660208,7.588373482213763
482.9654627437786,515.6568516767285,13.381527757572961,7.591402591301708
481.81290408094225,515.8140366411101,13.396801233696028,7.6041532124741495
481.4955977616335,516.4676763740972,13.376287134881071,7.607127221364548
480.0341225770087,516.4529390611933,13.353445695653456,7.636601847172353
479.5540360044048,516.6060548759104,13.33120118893097,7.657842768381587
478.0777132800406,517.5752962593716,13.336315276502338,7.684380908897206
478.0741374303026,517.5706642191615,13.34346697597835,7.693644989317557
476.9204916729138,517.7350638382736,13.352710143077454,7.693138372190349
476.43072526682886,518.5548149497076,13.34697979416219,7.69574141779746
475.1112978151773,518.5444480711022,13.358792683522799,7.716475175008333
475.1112332798132,518.8860056628752,13.358921754250957,7.691173931875487
474.481996364978,519.8646321769173,13.303476340214164,7.704799769352183
472.99541154994415,519.857892817057,13.325647186385037,7.718278489072877
472.66077490967484,520.025899352394,13.338028439550655,7.71071143208513
471.3517534147649,520.9912773156814,13.328060540183712,7.750963672400498
470.0255714629031,520.9882740990255,13.34813956137078,7.756970105712207
469.85573197047734,521.4709469298325,13.35838329255738,7.779930205092923
468.70720650107074,521.4427718477847,13.345601294044558,7.836280369188651
467.7251666901106,521.5923421001094,13.325240077862484,7.8678800042230606
467.0764629189185,521.9093772344987,13.298759559634982,7.895753765750143
466.92216140711855,522.8865381165804,13.276313161044605,7.9277285347280895
466.0932871764483,522.8868644371508,13.277784271021378,7.927075893587169
465.46241824125053,523.2074904479455,13.2144567937935,7.948356545809687
464.134906319086,523.2071659310895,13.224016182635749,7.9490055795214865
463.95326559782995,523.3790298031475,13.256461348186143,7.936114112367318
462.62515330290114,524.1981269022796,13.263872715024851,7.953428178489858
461.4547304418616,524.1927727994647,13.284190611859461,7.9641363841196
460.4587394575389,524.3543710434977,13.284251168598175,7.972926798038099
459.8017242962027,525.1753152033274,13.269737272375378,7.991718751998059
459.4827654010111,525.1714249540453,13.243181327903233,7.999499250562272
458.187881337088,525.8265107758253,13.177168470949788,8.017218099401884
458.032612639049,526.9744838793068,13.15641812874523,8.040286060417438
457.02908055799776,526.9676346498488,13.17528246866977,8.053984519333406
456.5362309841838,527.4614084379292,13.165346815789455,8.062071743680931
455.04855588093204,527.4471682170866,13.153901604342911,8.09055218536605
454.89426831715394,527.6185065255114,13.130302461678388,8.080049838737063
453.89906720257653,528.1097927021824,13.130830133158742,8.09241476423211
452.72651581924674,528.1053463624781,13.152903087425255,8.10130744364081
451.7377060673606,528.414149157878,13.136481920101524,8.148382076539761
451.2368178036477,529.3977929508412,13.139601484302654,8.178408417062801
450.25070999684385,530.0497645729322,13.111200246436356,8.208209740530288
449.6033509944568,530.0344483837603,13.071871409826239,8.238842118874114
449.4562546085078,530.1878686905078,13.03262700556932,8.265438681534024
448.3241954639802,530.3437342757281,12.963676795564309,8.287003010959076
447.99391435143986,530.8312211202921,12.958990593855464,8.30990196201536
446.6716018173857,531.9854360009246,12.94012179780044,8.33202933189332
445.31041799215865,531.648398320472,12.998299948681934,8.34005731790541
444.97886040605107,531.8194325512854,12.993356461899564,8.332018185777018
444.9881787278583,532.3367663813141,12.974719818285026,8.298813435714738
443.65837744587793,532.8381019354329,12.970426584010164,8.295103251815515
442.3342933907768,534.003927612847,12.955709285559635,8.293476629558723
442.4873882307583,533.0078802831483,12.982132719207033,8.289892607292884
442.1744380355553,533.3382119939707,12.942135436726062,8.295126858535106
440.86723730940935,534.4976589308312,12.897037565814658,8.303294892617112
439.71334196450687,534.6515059058341,12.88154014068695,8.32749924474444
438.400262020805,535.6523222048411,12.851138932356214,8.318287468531326
438.58656543881716,535.6460307239722,12.809992781800466,8.33087043026902
437.61533300394507,536.2917098970661,12.766135979350539,8.363726532210714
436.97770871869824,536.277240313188,12.717611672935874,8.392665699966706
435.50849200302713,536.4253833165895,12.679776755305276,8.427076176382963
435.36336410072863,537.4039557261425,12.639332194379655,8.454133550413003
434.21943051411256,537.4020136741487,12.6134061574995,8.458017654400377
433.0769434398269,538.059815060422,12.586865579256676,8.463280440033536
432.4385700857288,538.0475374673291,12.543994663657259,8.48783562621921
431.96296981150874,538.195332263447,12.506195888266202,8.52191247526078
430.6547622205973,539.188575678033,12.485315848137445,8.51339706255243
430.66962096012435,539.1758835184652,12.455598369083459,8.538781381688082
430.188837269888,539.5066216671871,12.429630117668452,8.535662172169351
428.87812585504787,540.657185850711,12.42117058687804,8.535680870533412
427.55905880865265,540.8145088728296,12.430440570996524,8.549642839880265
427.5630195953961,540.8081019323994,12.422518997509673,8.562456720740853
426.5883465584055,540.8083505091112,12.39743677786574,8.561959567317267
425.94249763054995,540.969059174574,12.37439589226744,8.569226921718828
424.62313566983636,541.6213963165612,12.38546306943718,8.578381009873121
424.4395575969394,542.7799089342054,12.423843729315863,8.562784175990988
423.2946509971935,542.6221276289452,12.409979424181378,8.549250000136198
422.63960489745193,543.7863795307524,12.405416763441053,8.521392201913121
421.66526704722725,543.6235708582968,12.385288884563245,8.518875616936466
421.49952263467753,544.6097830766547,12.388989023640963,8.513183296350515
420.15702844959424,544.6192963291099,12.451974993118217,8.494156791439927
419.01123821806567,545.1153898335838,12.444861014517295,8.487124543202956
418.5286341854063,545.112216206679,12.425585466269666,8.493471797012392
418.2159261347072,545.1110121178889,12.395049964853978,8.495879974592862
417.0855102445613,545.442802809888,12.362994667551655,8.487409184192819
416.0920715998742,546.5821933543139,12.388281906302197,8.497149821068856
415.28903096000573,546.8977822723882,12.356991891711795,8.52092050265114
415.14298809131145,546.8889085573576,12.321682013825814,8.53866793271232
414.00534481093257,546.8956660115116,12.306875363795498,8.525153024404329
413.0384832378577,547.7114044568286,12.280343046293105,8.527222353480605
412.38730112146567,548.852069172478,12.277335784464933,8.53029303775325
411.3965666563118,548.534771025074,12.30071547423296,8.512192919047992
410.8909696644341,549.6927534961799,12.332703448280867,8.481041999486923
409.5930491128584,549.862413872706,12.31758916363496,8.46809066990941
409.41535132397735,549.8700932823366,12.347057618524651,8.452731850648131
408.59337840727414,550.0429113077289,12.360417033077653,8.433213083634127
407.7834030524274,551.0349354383407,12.350390717753255,8.405137252432175
406.9661080378617,551.1975639649805,12.358085070706677,8.405259334388216
405.839051970732,551.3645793085303,12.33371755843993,8.396725739649447
405.67235533305865,551.3654977422542,12.342122319487766,8.394888872201479
404.3797163765078,552.3453168277738,12.3267225120821,8.385758991542865
403.2481362177598,552.3335520666171,12.31697317580479,8.40928851385614
403.4175127921515,552.6468031526565,12.303164324207161,8.432674936148857
401.9557931259971,553.7760582117143,12.300493182210099,8.450028520271522
401.80584095604536,553.7611039904026,12.275027172637435,8.479936962894662
400.52286416894196,554.5696807130362,12.237133244476487,8.490188206607481
399.20065555878926,554.573868711196,12.280923140390762,8.481812210287659
398.6902998529234,555.7206176923905,12.324831772497792,8.467520733690014
398.51818444815854,555.8823022837383,12.34303564936212,8.470178483659588
397.3726609396501,555.8810742068347,12.34966439051377,8.472634637466946
396.37315463189935,555.8786426041323,12.389760467392565,8.477497842871625
395.55683227649064,556.5326991925647,12.3865492328274,8.478069422312972
395.38702561700114,557.6745899491564,12.399030312460857,8.48421358454856
394.0640552594852,557.8196946549605,12.425593824032195,8.521426323372875
392.91352348961016,557.6484355414958,12.427585850351905,8.535505762669333
391.90942031685205,558.7995412825567,12.463580948459999,8.534207402523576
390.92172579306913,558.4637052439148,12.46363090998738,8.547433117794634
390.7450182357183,559.6103963998485,12.487603130065672,8.560151068290725
390.7442058014865,559.5924213712734,12.489227998529282,8.596101125440747
390.09007270240875,559.7612286318933,12.474956554655417,8.589121014708214
388.7658488549284,559.7522203256557,12.480975234589017,8.60713762718371
387.2860174958509,559.919734154018,12.464405617885122,8.602802452109955
386.95406336871395,561.0776667432202,12.467572364319755,8.59953255114309
386.149487562806,561.0881093960784,12.424901706199279,8.578647245426833
384.9860445005623,561.7476299505137,12.446161899776689,8.577106668504682
383.8195651076369,561.75542329735,12.471427567868082,8.561519974831988
383.33970049456394,561.9191151128339,12.441775846887289,8.563929992906367
382.85144293955136,562.8998007230258,12.430132121672372,8.578876443002628
381.672279289562,562.916885465141,12.482254461712973,8.544706958772199
381.6565304544682,563.5851452959183,12.513752131900542,8.526901594866441
380.65489746684625,564.753748277075,12.537867488233672,8.498704687949006
379.6673197624618,564.1017689278601,12.534496489635526,8.483645781467363
379.5073526419918,564.2737240757725,12.524976809165693,8.469189407052458
378.20400111724,565.4282190227502,12.499113393018899,8.463695170541127
377.22541664756653,565.4371510063569,12.484741057271275,8.445831203327815
376.43367052807554,565.594980816827,12.42784570337834,8.458249100962389
375.95148869476355,566.5784972205122,12.409930303291,8.455774427014664
374.47327600501455,566.7456656137067,12.422317211027384,8.44855302637689
374.47413948767604,567.4073542847113,12.42059024570436,8.433905169344593
373.49057124958784,567.4111622665434,12.426245306458341,8.426289205680465
372.66105186952126,567.5785637786743,12.450921591733428,8.418358676390461
371.85253411152866,568.7147856932257,12.43239406959095,8.435703100666176
370.5399801324738,568.8778069169186,12.440532549423882,8.436781838064888
370.54729081639084,568.5497386031975,12.425911181589798,8.438395150500527
369.3974350446846,569.6886971577935,12.436145645991092,8.449955120319522
368.5916059191241,569.8547175693868,12.410734144701982,8.445328247614968
367.9561024095091,569.6875702566945,12.373923548355112,8.452668469105355
366.659648153127,570.8371305677995,12.354662067741664,8.43919659110087
366.51064458329284,570.3489881220673,12.32666143297275,8.437458159253401
365.3670238796034,571.1657356377935,12.335004764058237,8.431747468010537
364.21966042153076,571.175096293699,12.350615100193579,8.413026156199646
363.23617589697085,571.5089225175795,12.364504719938285,8.39640018489692
363.064124679189,571.6743701383355,12.383160183354166,8.3909519155329
361.94056553964674,572.8127959759195,12.350814914323982,8.39356378847966
361.43956450808406,572.8168107683482,12.377235819483746,8.385534203622218
359.79266991664014,573.154897645914,12.416439113266287,8.360277626311715
358.62319554585963,573.3429163990386,12.475978830574293,8.309869980670028
358.7572181629057,573.6884924092689,12.533621923141668,8.270094613528828
356.9657924629716,574.8391159246399,12.5316500543807,8.250098753732408
356.96500822076604,574.8464688917767,12.533218538791859,8.235392819458797
356.1202920793097,574.8585535291894,12.596104444502126,8.211223544633395
354.98028498105344,576.0147980042041,12.59516606978808,8.1796871658304
354.8155663776945,576.0236225299917,12.599292849075177,8.16203811425523
353.4827677981354,576.0387406683067,12.66426695382876,8.131801837625355
353.30843857329944,576.0506209613802,12.687378636630124,8.108041251478303
351.99991052112824,576.2187141262991,12.700468234471087,8.097350734953109
350.86300811157963,576.3794960029045,12.695681840161308,8.101300012229173
349.8887242466973,577.5238513336395,12.691205061747745,8.091141276967267
349.7224577900747,577.3559493340665,12.698467436493551,8.101674737613768
348.4237684299483,577.6858553354236,12.691403090707142,8.09297350140949
347.43006927507065,577.8537370150867,12.726976553878984,8.082514283180348
347.261061916441,579.1803904556408,12.739329689629255,8.034500054144228
345.9447339533338,579.1869891822635,12.771644571145805,8.021302600898904
345.27789783787966,579.5209353393491,12.804098265824909,8.004019554842317
344.2940758285627,579.5304881035922,12.818743009561377,7.9849140263558045
343.1573002105686,579.5292135458577,12.814506958853904,7.987463141825036
342.3357326908934,579.5298115218441,12.830753587665773,7.986267189852285
342.1703846010885,580.6666472616096,12.835849517227466,7.991797460658281
341.0324789095226,580.9803259851462,12.831276947475944,8.015978285837312
339.8963799142281,582.1099543476734,12.820729870986145,8.039466627861941
338.6037971591997,581.6155727601129,12.795154278629845,8.049201889577967
338.1474557185289,581.9242799079894,12.729466636345979,8.084034609575207
337.2109122194021,582.8768356539895,12.648207972366045,8.133268779808539
336.0768041171595,582.6923903295077,12.63910925684771,8.176828725914511
335.91534419232266,582.8307930819184,12.63610751521485,8.225944812399781
334.6033122960006,583.9775291312645,12.64660425986664,8.219343880700661
334.5756100819559,582.8576862881133,12.702008687955956,8.171826869142595
333.3972698002027,584.1788486298268,12.77122426106609,8.143747889025578
332.2217729440053,584.1948618114307,12.830781922464853,8.111721525818075
331.6954260276055,584.2106298016547,12.900365915715886,8.080185545369869
330.37223693721654,584.2162618571605,12.921022506764796,8.068921434358314
330.0303031311082,585.0545234518572,12.9482202234674,8.034072983749816
328.8537572632379,585.060532384971,13.004217073430132,8.022055117522411
328.02695855718895,585.0703896843265,13.013862856199644,8.002340518811303
327.05558099944625,585.2425328637353,12.98500022971747,7.98665711698855
326.06439685666345,586.2373328643831,12.999915320288343,7.964510310687445
325.5663022642101,586.2519127498432,13.01282752728978,7.935350539767321
324.2314076780326,586.4289984354295,13.062928836511595,7.908640151486335
324.2233841802719,586.7513578750846,13.078975832032917,7.919436773132695
323.0654274196968,587.8911684115731,13.09763919648152,7.937065856857651
321.8946221219457,587.8924551515853,13.13797545310089,7.93449237683298
320.74247684336194,588.2259120416841,13.137090255469428,7.926200240863804
320.0974800579325,588.2234872909679,13.110452156188837,7.931049742296289
319.7903253371335,588.2265513974127,13.0670756477272,7.924921529406778
318.4809110473023,588.2397239371036,13.061154513337232,7.898576450024881
317.18364738805275,588.7315245586882,13.035187377078506,7.897660627389744
317.02761785961604,589.722618650205,13.020086781821846,7.878430357135971
316.0458851949063,589.7250724976053,13.023886978934552,7.873522662335521
314.91001524108174,589.8827095704352,13.009533468421616,7.884833290698882
314.2591977750754,590.3727428219568,13.004922319434465,7.884451348405747
313.9453418687649,590.3639559046462,12.979661322339586,7.9020251830268595
312.60468788580147,590.3801951744754,13.04972194625913,7.869546643368409
311.2879170142483,590.3921313338691,13.06804410776179,7.845674324580964
310.9357636631745,591.0637100332192,13.11880535340649,7.809607838886659
309.60126795651945,592.2189931275454,13.172442636900955,7.787476513822956
308.4445114283847,591.2360558479597,13.194556579180244,7.789294689573999
307.60199498200933,591.4080263352115,13.2410792553889,7.773055758378748
306.6049035612984,592.2335327895207,13.266551190847528,7.762635271396386
306.1189790442003,592.2311929556982,13.253439132984166,7.767314939041451
305.95220624671475,592.2198418168729,13.258779840674512,7.79001721669211
304.61931853917065,592.5639170149497,13.29520923683196,7.75920332527129
302.9820479527525,593.5694528626342,13.282873850254783,7.720257565550247
302.96793756159354,593.583182438556,13.311094632572667,7.692798413706694
301.7877189206569,593.6019073956263,13.376943841136393,7.655348499566113
300.78958730372716,593.7781390920203,13.404373484929186,7.631024038455865
299.9682517757513,594.4442697708337,13.406384081434853,7.611291048386068
299.45849764472587,594.4554035720787,13.442412705916187,7.589023445895971
298.1625061639637,594.4544007928541,13.41054634371067,7.591029004345057
298.0093647008883,594.6176721614432,13.38928555747687,7.592029979551321
296.69841605263275,595.2805437572209,13.39321446042365,7.575270984778188
295.39592512281655,595.2835189851011,13.382042200116942,7.569320529017972
294.25911288844486,595.2932117015699,13.368397469271837,7.54993509608008
294.74508553085144,595.2959381160499,13.375115638666477,7.544482267120117
292.4542645292117,595.7937118019508,13.389568428291431,7.527618298244254
291.47589947795257,596.9411276215166,13.389370609691836,7.515869233750478
290.9888860591907,596.9434421904747,13.385542210369938,7.511240095834125
290.6715476523314,596.9381151107016,13.368586371104763,7.521894255380373
289.37775818550665,597.0932507684266,13.3501901776565,7.537369830817561
288.0811920812759,598.0725107203264,13.337418172039671,7.53327808757705
287.09126557039235,597.9055200730133,13.36439449790317,7.541779932885615
287.0884146463772,597.9076909725186,13.37009634593343,7.537438133875247
286.15633689534826,597.919156348075,13.278049605134841,7.51450738276234
284.70590259190317,597.9314185412927,13.260383008343467,7.489982996326894
284.7202224259647,598.092224402773,13.231743340220321,7.491974472331955
283.94208104868386,598.0949195186035,13.1719599043484,7.48658424067097
281.5288724916369,599.071726509085,13.164827199871356,7.466390187136257
281.5501678186243,599.0761993519444,13.122236545896618,7.457444501417587
280.9103665429381,599.0803522229813,13.117817878286367,7.449138759343762
279.7776209888644,599.2465088287304,13.137717828932738,7.4376242846316165
279.4534188908302,599.7279366982156,13.14432689819131,7.437461235875915
277.9850843797104,600.8542393007671,13.192062493256268,7.431804251908827
276.81772448285375,599.7214058105537,13.27556342309664,7.446252368462649
276.62918564374826,601.0141572207845,13.329557489661255,7.445418441171811
275.34312294252027,600.8518146960638,13.310741317635115,7.446235793802692
274.2008298136392,600.6962864466349,13.330103352524851,7.433688832250338
273.07105052926556,601.8277897030057,13.323930405301862,7.436413835478712
271.9450997373973,600.6967156444642,13.31041414557369,7.433144109096875
270.8171398996675,601.9967948226952,13.30270440970489,7.419990794153232
270.81208632043223,601.6781231792314,13.312811568175405,7.411258912594313
270.466541667012,602.0078615150674,13.3578245551793,7.397858560758905
268.65770772646994,602.0081300427306,13.417270527090682,7.397321505432465
267.82922458560256,602.0147031123261,13.452519666884374,7.384175366241613
266.53397240495013,602.0108660800212,13.445909293358454,7.3918494308514395
266.3537493365232,602.1781112643156,13.481682622790887,7.382031869684055
265.2073775059278,602.3540669911731,13.499194629194546,7.355153509509821
264.02333496567496,602.8463260215567,13.593454834264946,7.345131823929364
263.0361306076196,603.3325239782354,13.611560894969342,7.350887238275269
262.3619706941865,603.3200745095156,13.654217559035049,7.375786175714579
260.7198999893215,603.3144460690719,13.663652917966765,7.38704305660213
260.6960868462828,603.3190079237933,13.71127920404405,7.377919347159264
