150.5,150.3000030517578,6.800000190734863,8.199999809265137
149.98269287114553,151.33747876682546,6.834614448443797,8.192568868149534
149.9676908731143,150.8652892256221,6.864618444506254,8.191320468600145
150.30743766559584,151.82297743207394,6.8957383316253775,8.1709133145823
150.78542283240927,152.76768735746128,6.887998231216187,8.177953930242998
150.67260720546457,155.27339382245947,6.876587910550692,8.144414065899218
150.55434343181108,154.5852029918413,6.876774987241499,8.102752903438441
151.2673841273832,155.42555301975563,6.86489646244898,8.071956191686818
150.91868645508302,155.55547690297104,6.857190008616777,8.047142358066809
150.68614255710227,156.38964321214408,6.853224198198899,8.020497362048449
150.79948405941573,157.10070233297944,6.860592632331474,8.00268775293443
150.79815760070696,158.03532499469782,6.863245549749038,8.004599154437146
150.91078909237888,158.73782511415476,6.871949313500542,8.003399398095262
151.02314947347205,159.56345990264984,6.881316539691337,7.990745739745163
151.1429945363981,159.67939159866378,6.87566914612262,7.9929250800006395
151.37247745148284,160.63142144677198,6.884674856560023,7.960751546211599
151.83944360722484,161.45318944486533,6.885273141460664,7.952644093698057
151.72356707423373,161.46954992914968,6.883509413512959,7.919923125129372
151.61604884546855,162.40490875600983,6.865563829775552,7.91306180155095
151.73911980852196,163.3325414446846,6.852009966361084,7.918500925740272
151.97473883340123,163.81385391792384,6.845681590005741,7.88569532606827
152.43933478712816,164.98058150643357,6.843872115532247,7.870696231499586
153.01330196314012,166.02781712071965,6.853859714977919,7.860484515572796
152.8910763758267,166.3855600139359,6.866724532602304,7.839757800147636
152.8885182211287,166.50827974056088,6.871840841998313,7.8257897281779965
153.58372398442265,167.78415251891462,6.86945032626159,7.818749358030947
153.46576045810068,167.79580725598794,6.874187953299203,7.795439883884315
153.45915347237596,168.73167227770975,6.88740192474863,7.770940609770619
153.45336266848568,169.3141135931805,6.898983532529209,7.759733888832224
153.44769288615421,170.46998569649196,6.910323097192144,7.755453969080879
153.32237533229903,171.39621203223817,6.9300969748626855,7.74989113790679
153.4399754216262,172.30863324206206,6.925987573996092,7.773774940561045
154.37621015790785,172.06449538490742,6.90468652737658,7.799258548384375
154.3727560515736,173.6874873886075,6.9115947400450715,7.7935889604706
154.4918593449685,173.8054572807631,6.90486169076056,7.789122713664688
154.3753098959509,174.27601203945756,6.906664034191758,7.773199414691984
154.26164737878597,175.19670344037664,6.902910828630964,7.780442531978791
154.25987517002548,176.13184879505553,6.906455246151957,7.759197029239555
154.2546920969523,176.95480970029558,6.916821392298263,7.729277920194015
154.36247918035806,177.08181138266488,6.931805723105795,7.705833053074445
154.92834693188007,178.02334423253643,6.952237277845162,7.666234645784763
155.61627745319726,178.7274280394933,6.957237223786157,7.638928020446386
155.60945568645582,179.08930539224494,6.970880757269009,7.6045678837778405
155.4875875803747,180.02362410519788,6.985136584633191,7.5717735362563054
155.3768564898029,180.9416502199883,6.9774026292398235,7.569290398971873
155.49002046617724,181.64345572336757,6.980109043653465,7.539885595187207
155.609976193915,183.24161227448826,6.968816435685469,7.544236358051787
155.84606527503925,183.25047485454135,6.95365246873184,7.526511197945587
156.08443790195307,183.70473145685375,6.93288612788386,7.529955819280111
155.41138213135915,184.95757564768556,6.912721085031487,7.529107841690296
156.099306568343,184.96428138762553,6.901143714517297,7.515696361810315
155.88409299166094,185.7553580819035,6.8776003133809125,7.522439914006184
156.80005206416368,186.43324101669003,6.859405664786778,7.526966666741596
156.91971654173872,187.45643250195127,6.8465727688997,7.519048229586497
157.26351578401673,188.36759775896505,6.837479111871836,7.50606392230066
156.81228922516684,188.94512474193775,6.836647380767361,7.480116017360599
157.0453219264462,189.05608024225387,6.821389784343309,7.483608919795711
157.72675496704898,190.073303184871,6.809814996633434,7.476099974804935
157.5016237321528,190.97660264541392,6.810249747980279,7.468811927501022
157.50278338200255,191.54028295698203,6.807930448280762,7.46548787848167
157.49704080707343,192.44312673726483,6.819415598139008,7.457549133618909
157.61025561901795,193.3479335342419,6.8177639108917525,7.446159032799046
157.94713510069099,194.25181020477393,6.817727563678231,7.434999334754964
158.1729792400736,194.70672581648915,6.814838807005014,7.422767155508676
157.5017951131766,196.28163741424186,6.812228081131773,7.411228245893491
158.170970253348,196.2920667042707,6.817528451959428,7.390369665835791
158.06675160183318,196.95572018842745,6.80226479732398,7.40526844351317
158.96486485706345,197.1804286347227,6.795560649772272,7.403232141649923
158.95754747714028,198.08387666691664,6.810195409618589,7.38475076372391
158.84529101167726,199.41808518085415,6.811211664809163,7.398293844674828
159.06937809543558,199.9838883179136,6.810485471730144,7.385307506650031
159.0746081214345,200.87227927966072,6.8000254197323455,7.396605354889395
159.18983717455495,201.6574570565833,6.793086946491959,7.390887232048135
159.30797787349726,201.7649271279793,6.7801256187529395,7.399267159401781
159.4219102668512,202.6592995637531,6.775505131768234,7.396476685639394
159.86897378010755,203.5529837249383,6.7738870994145595,7.3941263515870705
159.53815133684301,204.32618125859364,6.766337388268631,7.40918534551791
160.3139961032707,204.55795421285652,6.7769021439575265,7.391997805147626
160.31237639663732,205.4510526121087,6.7801415572242725,7.390438709238723
160.41841052426105,206.2319092769371,6.791180299745402,7.390474363961859
160.85475451038522,207.36418603108538,6.8116254713786475,7.358753715369223
160.18255557319412,207.36927068444095,6.817339410468375,7.348584408658075
160.73330755592457,208.2686917792411,6.831066412104104,7.334111766412455
160.28348445434244,209.5055164234729,6.838558603747927,7.3138860096300835
161.06455928234124,209.62044050257097,6.83630095414001,7.306879566632484
160.94503309651904,210.5285144835467,6.852656897107584,7.272303034095584
160.95082219844247,211.42026844725777,6.841078693260731,7.268121268340353
161.40662499934447,212.19489796903565,6.818139813288362,7.274028987989912
161.85775738156553,213.4187265104965,6.803454585756023,7.267215631570002
161.31673241327664,213.41569628842856,6.777728189574611,7.273276075705883
161.86710872769473,214.20048793474967,6.783181819438955,7.252381545244401
161.54424671549597,215.9546147440675,6.765900996704024,7.280153777981497
162.09824326661274,216.0737813765947,6.763711131157897,7.262981160264603
161.98821721897235,216.96626272323593,6.762905419812348,7.2448809199926005
162.32658945242056,218.49016223961047,6.747848192069393,7.284955669959665
162.66429541519216,218.26346600635307,6.735281962304273,7.296451005955735
162.0033868937268,219.91401070803042,6.7315310672346005,7.309281447602031
162.67033093282865,220.03074565143217,6.724053119383038,7.296879915857189
162.5608024080446,220.92528016213842,6.722354147422065,7.273859066677476
163.4474625964946,221.48274538672942,6.711993962289499,7.260778737350088
163.4389158283172,221.49653620725545,6.729087498644343,7.233197096298066
163.65828129747203,222.27744434327076,6.730041892429124,7.210279486598086
162.89641808497535,224.04452249859352,6.717267961319008,7.1881239899034295
163.33742811984945,224.49078623919226,6.711052542146225,7.171401159281321
163.99590804020994,224.60715050900353,6.705640298134392,7.157263885776997
163.8889445653543,225.49216663444648,6.701282760502007,7.133507533640008
163.90031891638878,226.3519934871792,6.678534058433062,7.156606867819276
163.90562956461983,227.97989018476989,6.667912761970959,7.168469173066215
163.91440596381096,228.0794903750899,6.6503599635887,7.187128921275762
164.03310545769978,228.94630192370184,6.630833195018433,7.19648357771104
164.1447852115057,229.7033275638875,6.6251811520377,7.206384549757766
164.37113417640794,230.34058416877446,6.608026925814206,7.238502450726731
164.81694311148073,231.42523150294306,6.5884053059124765,7.24919840799911
164.3898140639183,231.53430984169907,6.571251825663015,7.248894624330696
165.26904424999782,232.50931002248856,6.5533889301649415,7.257066423995275
165.36446102323652,232.95144487684362,6.579972279106001,7.242464296959002
165.68316279425727,234.26218262915847,6.59540969555901,7.232352626307344
166.10957204603756,235.2465721568744,6.61340028982862,7.222894040993451
165.56715022663212,236.1138851128158,6.6090362222387276,7.231000459351848
166.32764073856353,236.66285578203218,6.6133433364913445,7.2225506481444475
166.0009078428454,236.34679434635916,6.613303273635528,7.201167665198407
165.89807671804255,238.83693881691678,6.601464049711856,7.223412615259138
165.89731033914103,238.19588300923945,6.602996807514878,7.199567185946467
165.89702199717289,239.400052721094,6.60357349145119,7.181664702412149
166.1091386450421,240.92060346685193,6.613425472590433,7.179160149039928
166.86703821799466,240.93536869608593,6.617749049813998,7.149629690571958
166.54112095341455,241.49227946151737,6.619277596796768,7.119651463338045
167.4053902740314,241.93489051038446,6.621340644987287,7.099730210316
167.4140951735492,243.01726636656767,6.603930845951666,7.095448702051856
167.4240311547411,243.87847305339812,6.584058883567894,7.09866367286507
166.88850423188327,245.49899160944022,6.577923511325876,7.089194214653797
167.6480290786266,245.49512264684782,6.565221649962101,7.096932139838575
167.54964298338314,246.35711229752974,6.546882551106403,7.093843153215485
167.44731192135998,247.0072512498326,6.536773274339353,7.082193653490153
167.56415437160803,247.64591609255433,6.5175172910030055,7.0914374710052535
167.6814527426574,248.92737644170532,6.497187147137342,7.099715951500651
167.90065876544043,250.10096481297245,6.486918885992915,7.107330023285212
168.11475841830364,249.8957012212452,6.486773412588376,7.089803374417843
168.75665320146695,250.97059833120616,6.485493605102026,7.0775254192296915
168.33063307281182,250.97902296897675,6.483373967416903,7.060676143688505
167.90476257128836,251.62683656865298,6.4821402370684895,7.044511044429051
168.97704944915534,253.22083546095314,6.467287488178169,7.051094770094224
169.29434993295834,253.5441456293655,6.47120133978807,7.042989252485496
168.65262621188273,254.4034798021141,6.478003157001238,7.026515073572384
169.29508974906054,255.2517689187641,6.468830389926987,7.030942583314221
169.0824180691295,255.99770180618629,6.469076207814366,7.026918205381656
169.9391902928264,256.63147234190234,6.45545136768229,7.034316839395962
169.94119250649996,257.8052803352076,6.451446940335211,7.02297315842528
170.15620737027433,258.7632899125129,6.445712946686264,7.01628480636401
170.68648700791826,259.61629650772176,6.444915445537534,7.005890454568875
170.25680387040302,260.1420792463677,6.457171099996311,7.013213252991692
171.0034579184131,260.7581084503275,6.448470951096537,7.053675942603891
171.0086921828567,261.70099611856153,6.438002422209286,7.081110059784468
171.00167721089224,262.54106666977424,6.4520323661382175,7.103682386227332
171.11304548267796,263.4802152203673,6.442709970967803,7.146112620650889
171.32689635909443,263.79730811331103,6.442859258185951,7.15370339484004
170.6795105326923,264.9768890429278,6.453355346656332,7.149046736885382
171.317230117617,264.9886803978196,6.462762199135114,7.12546402710165
171.20688738934103,265.7349274518524,6.4695234729333855,7.130439198311545
172.06466749583976,267.440281476814,6.466838506974565,7.1454816424656835
172.0639312062872,267.66103777237834,6.4683110860796615,7.132570319600178
172.17653809843068,268.62561061394035,6.4572205387380155,7.13053376898357
172.6044341477037,269.4841506865561,6.457087217254132,7.1247711778763705
172.28545476331013,270.3417945278213,6.453577252568795,7.120066784606022
172.1798306140878,270.6669400038415,6.451131807766849,7.1108570623055645
173.02900156530092,271.5321877599306,6.460881460704606,7.0884531054913404
173.0307835651264,272.3829392273271,6.457317461053674,7.093495132361847
173.03099500376004,273.134744016956,6.456894583786363,7.0832643079656386
173.13514163952365,273.243136753031,6.46177511403613,7.079652637592666
173.24489977672548,274.4138862803551,6.455454165233728,7.083302164558194
173.67582102588614,275.274178389729,6.4462174214104095,7.0679294548062765
173.26232585213367,276.01142252877514,6.422148165349404,7.0827954829543645
174.1201408476015,276.748616648793,6.407419374336272,7.096695792850863
174.23068969234095,278.54503092911204,6.398915648621219,7.117964616198165
174.55535810251425,278.8618585850436,6.387945666202344,7.122676142262875
173.8107847639381,279.72562030433454,6.388283134000188,7.096648942943307
174.55485230114755,280.5729839113102,6.386163172423305,7.100224715097118
174.23519013035224,281.1112347435364,6.388558640930081,7.085271172451245
174.97512975518507,281.22247315496224,6.393486960773036,7.074909716672159
174.87530544437615,282.4878011884184,6.38110272439305,7.088647945733598
174.7612990367205,283.24408929403677,6.397066656455332,7.0604139172403055
174.87549680485995,284.0811611084333,6.380535572644647,7.0811859081933095
175.19171818173342,284.4104651290657,6.383864266731532,7.058349314762325
175.40148843785724,285.37294283367027,6.387567297533317,7.037989849275911
175.08920261735605,286.32672205423233,6.378046762600342,7.032707935958092
175.826568444899,287.0771032224015,6.381225587054765,7.009856079160153
175.72545530480343,287.6026221979973,6.37262679075947,7.012943510400883
175.73424130479324,288.7560052628274,6.355054790779841,7.024274238603114
175.7396738097463,289.60103841500955,6.344189780873692,7.019265467659612
175.75023318137474,290.4404817272865,6.323071037616866,7.023426623437482
175.75345034991466,291.1864713676088,6.316636700536983,7.002208302053142
176.06996735193502,291.40573853910536,6.312631034277367,6.983026184247494
176.91295124963221,292.87939744542365,6.301174256745635,6.966102652870476
176.9145101993894,293.829992116062,6.2980563572312445,6.944724270071539
177.32961640453934,294.67491657220336,6.301786170527576,6.922759804981215
177.947779076666,295.41237115002053,6.314679786035153,6.9052727690678495
177.53427020694332,295.61228655754775,6.309152385460681,6.921714524023354
177.42606692669688,296.5550709799257,6.317254672137729,6.9108841436101445
177.32104309096673,297.18661819736803,6.3190376441921146,6.897377905160763
178.16151747606114,297.8013556831842,6.302750506077472,6.916399157583979
178.26506179070577,299.47101119096465,6.303781379093891,6.907000178914707
178.37518365417523,299.5745851287034,6.291527229400726,6.9078418806828985
178.37771424482543,300.30562172807487,6.286466048100329,6.900420651996747
178.3798370978278,301.7672234493251,6.282220342095648,6.883774440808348
178.49006244625525,301.86937508973915,6.269054034372062,6.886755549111601
179.1117949038767,302.80846387107374,6.26831514136027,6.872667019789104
179.0179455726484,303.53154412391154,6.249123922796912,6.874735681253627
178.91859567972293,305.07946009589995,6.2412074688675245,6.8781473339812
178.81976183954782,305.0782956990696,6.2323320179794255,6.8804761276419315
179.75542706558414,305.90336185841505,6.218942141417474,6.881846542738346
180.16904415496734,306.7367969396991,6.216690332050261,6.864941118968532
179.76911618906055,307.8574605053937,6.192759467978502,6.889027676263894
180.59591315803272,308.5836310887733,6.186680998421325,6.878262544343514
180.4910600759481,309.10957534383107,6.190712096341224,6.8547493654747775
180.39655936938158,310.7364535253971,6.17433971904675,6.886973649181853
180.40172392929568,310.73516384487095,6.164010599218576,6.889553010234214
180.4044274373878,311.4492622678766,6.158603583034355,6.899775885110404
180.51341782244592,312.99138983093536,6.146183756897749,6.898934918687736
180.82632637499933,313.19625864385546,6.136414902934982,6.899896126943521
181.55548256007373,314.62586367276714,6.114559921837065,6.91360084722194
181.56114150510035,314.7243886262197,6.103242031783797,6.9216223339868455
181.5663135983092,315.6406676964706,6.092897845366126,6.9341967421174076
181.57063350250016,316.45444516335203,6.084258036984176,6.9469947352482535
181.56969722439624,317.38362827372003,6.086130593192026,6.934565521987048
181.98431928833173,318.41092056954204,6.076652369320138,6.92939569034083
181.7831062543168,319.2339141737755,6.069659306582135,6.921085004945206
182.71181991240297,320.04049656430357,6.05245093980674,6.943670401130764
182.9099833226723,320.3571842163484,6.06521009038416,6.923924053715253
183.11403856948016,321.3834877358961,6.065982620014962,6.915732130852334
182.4014377440434,322.4078766574405,6.06089575736141,6.910223592802179
183.01873366923334,323.12749546191714,6.051264465447457,6.900106635392447
182.7183798545377,323.94250108488257,6.040424928677678,6.900887832557791
183.43641128551027,324.554683994168,6.030174903311389,6.898647302483111
183.43858981541626,324.66021460085807,6.02581784349942,6.891074717011602
183.5403516117226,325.7817813639738,6.025595754286911,6.884257728181939
183.64168987408218,326.7032252316955,6.02611155361364,6.870100909151571
183.8495648619573,327.5100275015327,6.016323980379449,6.880345979541666
184.05686771432295,329.03946006901214,6.00768464429013,6.866228609397578
183.3505456535789,329.14638499030673,6.001946394236928,6.855004819885692
183.86399245130144,330.26162474919283,5.986853918118831,6.850487764632741
184.56690703087963,331.0852149852644,5.995363954947471,6.819694945043952
184.57399831383762,332.19116823378806,5.981181389031505,6.82657142956046
184.676040972963,333.00922160632194,5.978683091314819,6.803160848764949
185.27628164214204,333.32419886207134,5.985306741763945,6.776758831669765
184.6789182510189,334.73889782825734,5.974748916515129,6.759691650119692
185.28719643945598,334.7431158017033,5.960875173569834,6.751255703227782
185.18671889843915,335.44478170200296,5.961735978063802,6.748583845406283
185.19221647940503,337.13908439235115,5.950740816132043,6.761110776376071
185.28597699304774,337.4448141354107,5.963304708534044,6.749906049319291
185.78192111675875,338.9475174274645,5.971977536136331,6.746182690284655
186.4789733532207,339.05219905991083,5.979225412704465,6.737012618176515
186.37448897317265,339.8590581275095,5.988027369461831,6.724628909689434
186.2675055368664,340.467296213189,6.001878964852718,6.70884440165981
186.26136004106615,341.476131304401,6.014169956453201,6.692088750473824
186.25631112478032,342.17990984124197,6.024267789024856,6.6847231312324435
186.3602411393522,342.9828233976546,6.016481774269595,6.679488133515142
187.4691231868468,344.9748110963897,5.997269706311128,6.6928800579189875
187.86524749874548,345.7776072440272,6.00410030362084,6.685446204858164
187.25871291260327,345.8818950850353,6.0185893777764266,6.676633872530136
187.7570015281364,346.6853331135693,6.021300248868724,6.668618778915873
187.3491152196855,347.3948603930439,6.037967930034724,6.647997857504421
188.05333021655625,347.3902168063805,6.027586583714702,6.657285030831212
187.96305781832913,348.5852013659386,6.008431165983673,6.663718481938439
187.97132000956282,349.4818713840948,5.991906783516309,6.665830718528131
188.07394853155077,350.47581615866557,5.985913543798235,6.670579211964882
188.5667041851058,351.274120244982,5.996611858671951,6.6679064345060715
188.2640296818567,351.77628318664165,6.003847336619413,6.660436432104648
189.0580600982108,353.2732733777572,6.010750646981499,6.6570138181304355
189.06431400775224,353.76048223698785,5.9982428278986,6.679733307981713
189.16775583067778,354.95231024066084,5.990940224779219,6.691049813415587
189.36597280284198,355.7457203469626,5.99378684491145,6.701351858654692
190.07196389026012,356.9317306662955,5.980725261141868,6.727480804674616
189.26902337014286,356.9373781902418,5.986263648745902,6.716185756782062
190.0674489453036,358.23725501724357,5.989060419655068,6.715859974778421
190.0769845592614,358.43004028085886,5.9699891917394545,6.730280696544523
190.08262709016367,359.2272681405771,5.958704129934896,6.735142058432572
190.19220126962907,360.0135360328268,5.939365350569213,6.7610829104541015
190.79509185514212,361.71321411075843,5.932998437085194,6.7600671509600065
190.10084612076827,362.40271935658575,5.922997119590753,6.779549445547442
190.91147110815712,363.09275156104155,5.901158128304308,6.798969647190633
190.91828401297224,364.29039131057425,5.887532318674074,6.802214556305747
190.9212520169987,364.1904682116587,5.8815963106211235,6.802352047640529
191.4216693716316,364.9943024754444,5.878839604816756,6.791608325607395
191.91782921343602,366.49878937601255,5.883545580543663,6.773711502478514
191.71873630960556,366.999364220392,5.883324170629435,6.768579857657531
191.61482224903966,368.0053709585523,5.892031678014016,6.74777251880871
191.62376541410657,369.0889895522466,5.874145347880178,6.768852845220313
191.6301988565681,369.8833874736516,5.861278462957148,6.771878260957504
191.63439482235762,370.4818261210078,5.852886531378114,6.767909583918743
191.73819190712348,370.578398699846,5.843914422536218,6.773386486932127
192.238276529484,371.6726896517143,5.83655928320165,6.768995615045873
193.04046098380965,372.6591415760079,5.819205225153596,6.779860329712602
192.94551952880894,373.457289299013,5.810821895676373,6.769694799531454
192.947661151468,373.95937459207795,5.806538650358258,6.755396484928163
192.9509811464509,375.34801540099363,5.7998986603924605,6.745699469094893
192.94728207819492,375.45639701678755,5.80729679690442,6.7263643017963
193.24140173015866,376.2520537352901,5.81080083629849,6.713033113648469
193.93137957958064,376.9487775060923,5.810529326665057,6.699269761254634
193.83695037391857,378.61933942875174,5.8025073570731855,6.705112391507894
193.83906561930004,379.109866263243,5.798276866310224,6.708269360438822
193.83616974998,380.19290296770293,5.804068604950322,6.707250070113571
194.4278183643236,380.29596499253535,5.80217289100515,6.698026272905729
194.91521926788138,381.0901025960899,5.811006609957522,6.683567907505297
194.71781723613736,382.6640563663577,5.8125207441194675,6.6819798015785
194.71399165313653,383.3555225367508,5.820171910121151,6.67556001768375
194.7110290310496,383.75359067267084,5.826097154295004,6.666095266823833
194.80559017658783,384.5443747813031,5.833591084423845,6.657456819202174
194.9976616342413,385.34090943594776,5.84265300829262,6.637206866615494
195.48233032100563,385.7385256315668,5.855483739137928,6.62770895887659
196.1671399334904,387.2165603346605,5.8613060804010075,6.619014337473383
196.1678853635929,387.61532816333295,5.859815220196045,6.607278290931046
196.27291902918947,388.5915532897534,5.845991833804517,6.617267486106993
196.66782993360198,389.5707487205713,5.840881312772786,6.620654843954554
195.98494912092218,390.4506706242062,5.833602812236137,6.626148341408605
196.67128798074398,391.0343043019675,5.8337461302723135,6.635584732468763
196.57438751136527,392.6052118779463,5.831281180351931,6.634023799355183
197.36562974009837,392.80081113759695,5.8184145384679,6.635229733949456
197.46636271393444,393.9704363124689,5.812963484746156,6.648158111610303
197.85660532662533,394.7602806168308,5.816989904506425,6.637492793170637
197.08018928114095,395.54123727537257,5.8016047974154565,6.643796674146819
197.5665992777256,396.2324643031587,5.808176571421376,6.6324910926199205
198.15418229544744,396.8161780941626,5.8078614120751695,6.639914386709596
198.15973533194736,398.1858656818078,5.7967553390753155,6.643397536563396
198.16551573728282,398.2774995991049,5.785194528404434,6.655924162997702
198.3654790198582,399.346431660257,5.776874223860099,6.671894474029179
198.75958965122445,400.1256007543966,5.7723205213460504,6.6808914061867375
198.17430819584385,401.5931501966977,5.766985182323017,6.685538146045017
198.9580290540455,402.1871845627462,5.7672979077614,6.673285245329327
198.96460629834704,402.478293664041,5.754143419158368,6.67842136169448
198.96164310384748,403.9325005821165,5.760069808157489,6.704804197345058
198.95620355144973,405.00822374718723,5.770948912952989,6.711076363050606
199.5463618018223,406.3643095502138,5.769199751888805,6.748895216252778
200.22726439678414,405.87947506066797,5.786285112651709,6.733642373425491
200.12472456186916,407.25461204791634,5.79434173201934,6.741691105401192
200.12492168502996,407.65531461521635,5.793947485697729,6.729393418300206
200.12122574067854,408.55143012712006,5.801339374400572,6.710885735747339
200.22424991561223,409.34131009663326,5.792203744468711,6.706427556205091
200.81940033949752,410.13019845702325,5.782085845033694,6.70222809987253
200.13491191720684,411.6985659192225,5.775773923255769,6.709010355723851
200.92951482935243,412.38478279091163,5.758355351234399,6.711890458081747
200.93083097612657,412.68872944476436,5.755723057686095,6.6927118821881715
200.93131949304006,413.67201375632,5.75474602385911,6.685137899748906
201.32556906192752,414.4607753426478,5.749313516533081,6.67374798799107
202.0027802131991,415.1542717217216,5.7634143426428865,6.655278358496401
201.80883474371115,416.5213070947317,5.760417602033453,6.657421369573543
201.8010438360673,416.6313804134307,5.775999417321128,6.632703660278824
201.8978359610552,417.9958486118797,5.77771134769759,6.637913788311484
202.2879862653539,419.3650641881384,5.779027944226112,6.635142853735128
202.87215152393847,419.2697518982089,5.782992413079088,6.630384935923727
202.4830539027558,419.95710159627254,5.779698244895184,6.623292008257626
203.15344178236384,421.4320296834121,5.805390392545097,6.6015813486912585
203.15396970156917,421.6323150890734,5.8043345541344635,6.591580092153863
203.73574599004723,423.00329236141556,5.811458840996108,6.5812048963778
202.95088775871275,423.789200138759,5.820647947837997,6.569916697518151
203.6309824826454,424.47360666649473,5.825723037110368,6.56636817918433
203.4336809449007,425.0678192519137,5.830198343761903,6.548326314860144
204.21561284507254,426.52907794852376,5.825177488482646,6.548639443635969
204.22186918491894,427.0149783191125,5.812664808789865,6.550738580891773
204.32435026813928,428.2720345474991,5.8023151533188955,6.566588766724741
204.72056570757215,428.26418790242826,5.7886558939712405,6.582282056866461
204.2355132030359,428.8563973058905,5.785172542517422,6.566169282573492
204.9220173156724,430.9871552226471,5.773048902560137,6.5817192886239635
204.82237113501586,431.4845176190255,5.777882207679337,6.5592897768367
204.82132258849404,431.5920854289845,5.779979300722995,6.5383428792336735
204.9258697296806,433.0391161845238,5.764782417126524,6.552742349805976
205.59979237366406,433.82620073881253,5.774079752295289,6.529593381954926
206.27471498642527,434.5141349473629,5.779905530552843,6.50939596863417
206.27149167409152,435.1967647661186,5.7863521552203325,6.4982656625066255
206.37410240127934,436.7431539119427,5.774508018437656,6.499524452344739
206.7656657546701,436.9378559259889,5.764211424507803,6.496535480678148
205.98942345102745,437.81566464885117,5.772723994206423,6.477886577238618
206.57137631251942,438.6827090355598,5.765876767291449,6.479385547924755
207.34352352583795,439.4585424607414,5.763637692768555,6.46977404967572
207.35135485622217,440.12957273949746,5.747975032000099,6.475716801563878
207.3521423843133,441.6688573686181,5.7463999758178534,6.475767974988344
207.73978463047453,442.3460284784412,5.740673028965731,6.468151459915281
207.06762515652366,442.7250201112712,5.739734752693943,6.4788866080687315
207.74540807890864,444.0718772080391,5.730487265046313,6.47780912877751
207.65058033645215,444.9403810201581,5.727976187607408,6.470300565706471
208.2314842202114,445.03393034024594,5.718227823898079,6.47521182616561
207.84632002182747,445.8077076182424,5.720835658774271,6.463098393956091
208.6180420139772,446.5747330294489,5.711663205456675,6.46331910252495
208.52541605197962,448.115389861252,5.705274495855104,6.448255576466125
208.5281212978619,448.40556404478326,5.699864004090564,6.441821437808143
208.62933664760388,449.93817951860683,5.688551677068686,6.43448444955424
209.20317242291657,450.4200698222886,5.685821631468481,6.424821763044998
208.72937857410022,451.6591088233343,5.680259306072931,6.424933820827066
209.4009878058115,452.8966345905074,5.670840190112068,6.426938217481187
209.30348975939555,452.3301575026613,5.675413132526584,6.417353490669025
209.3956846193838,453.85394944145276,5.681371052738517,6.415331856101642
210.05602697694619,454.5282710655401,5.693567366073726,6.399569636387056
210.82271361709306,456.04081471112687,5.683089684765928,6.420273543185342
210.81137202906203,456.14542777954244,5.705772860828005,6.401563145504586
210.80196989133245,456.91637660901506,5.724577136287185,6.384369325590626
210.99728186688168,457.758291488356,5.715195761052524,6.4161311582959435
211.56922112553374,459.282372401064,5.717105916023855,6.423405792281156
211.37631018941423,459.76164727643135,5.720711274540202,6.420397325853153
211.27862849939638,461.20220986814786,5.724955485539231,6.406059677969587
211.37121703948708,461.20913927410123,5.730742721710834,6.392200866062817
211.7591676630987,462.16843989111266,5.718207231751233,6.38201402519917
212.4331096300933,462.93447203374177,5.70370406881617,6.373813478288507
212.34334738910093,463.59536497218113,5.6931046278752095,6.382895061890153
212.3457751745462,465.1215016418063,5.688249056984677,6.372152057044203
212.4425081428124,465.3147263907377,5.684634339698523,6.365404997673842
212.63560629643027,466.44845367948835,5.67781538158564,6.374214514909789
213.3012532229155,467.3002129792145,5.674537151686291,6.378144573691921
213.11538799457253,468.0521513668923,5.6668173324205,6.392068902143151
214.16289935816704,468.99328350938157,5.659790820295941,6.407982994495942
214.35333403292634,469.5617303395411,5.658826163933461,6.41080341364525
213.6888159428937,470.98522216725024,5.657997733148187,6.4135296386207985
214.34605614608918,471.0877800633186,5.6735851249751885,6.398423531943869
213.96035478518024,472.4209443828104,5.684889122031495,6.3924404296257675
214.81244671975227,473.17702561084815,5.691718205865564,6.401178376197514
214.90657659887796,473.9366809077887,5.693815812643827,6.404726702553351
215.28242030458455,474.6971507325933,5.703912322081458,6.40735489464579
215.08217264905662,476.1314803829103,5.723111286682623,6.398418192422069
215.83571812589125,476.13702218185716,5.742549565532881,6.387334594528339
215.8274597738312,476.52955392158884,5.759066269652995,6.366088379308351
215.82149378613948,477.20988498593323,5.770998245036396,6.341638654953122
216.1971043943195,477.1260496332677,5.782566067545633,6.318612100566787
218.19510083738598,471.01722102465044,5.787555900087117,6.342798175174573
218.29704470608425,471.1024167392478,5.774647324477655,6.363385907766929
218.39350147168062,472.6267954449525,5.772827702150803,6.372131038211217
218.58967668166534,473.5735916950416,5.7628792203197055,6.39054822872476
218.9815701922003,474.23009144902335,5.744407143735604,6.416849873611596
219.75344688430337,474.9863296475514,5.732194973436901,6.435914690462945
219.75790434029417,474.9829675232462,5.723280061455261,6.442638939073248
219.75907542362467,475.55884288852076,5.7209378947943215,6.439921370566625
220.24471461706833,476.90455542814885,5.7067890015074845,6.428458873391912
219.37736409789238,475.672713961317,5.722294155325596,6.4088588627290175
220.1098229386315,481.3713179221476,5.740177571388012,6.385985991091976
220.41684638508605,481.8986860502278,5.757625135825361,6.367219692900575
220.69861354186045,482.4338256133325,5.766262907529809,6.357544351195605
221.0020529604895,482.98433293074095,5.77728049470946,6.348531503816989
221.28761766472877,483.46991686753904,5.799396143187595,6.325316443084993
221.56949876373517,483.97472725302214,5.818639845531409,6.310832142416615
221.8777519851365,484.4616948101952,5.830390043069557,6.303681728760772
222.21475537489223,484.97847846158896,5.846011935577241,6.29352360231901
222.5484722210898,485.4592241413892,5.8611271072844096,6.279631412694218
222.87575011819297,485.9315110145041,5.8792098877992425,6.26463800591916
223.2052943999301,486.39538462114564,5.899036387847569,6.258264031722898
223.5568772955191,486.8913100501476,5.919330280770563,6.248980347509376
223.89272899355302,487.3704632162086,5.944024127147912,6.240744672588103
224.21823562912385,487.8788639989122,5.966016836290502,6.234976606825365
224.5365760738347,488.34262238265734,5.993294410650956,6.24632532020656
223.66845943411516,494.50918154134985,5.994871113398146,6.248542659297264
223.67202889686618,494.61469976908216,5.987732187896099,6.230305523152499
223.77358577083072,495.3851178560704,5.977019002151901,6.228673846655164
223.97003363365778,496.82905495651335,5.968534119320391,6.223880966938812
224.83935138688236,497.9779516685867,5.957862697758786,6.230039655975607
224.93861012059904,497.97554343923537,5.951268735163594,6.234856114678244
225.04032980388607,498.45325528517196,5.939723855043773,6.238904855076342
224.18305650833932,498.9299039442501,5.9282958057218575,6.244482337150914
224.38456942613658,499.0222405636528,5.908632221652283,6.251490224107898
224.6712425615465,499.1217540818011,5.909722833371141,6.243942148657544
226.70142791053308,498.92934388716435,5.919235658528554,6.225463921811828
226.9556712156501,499.79546666073344,5.941161079334984,6.203658623679847
227.1777501781717,500.718510416098,5.958798024106972,6.183842955671539
227.42385312216865,501.67789695166607,5.974194604826958,6.163261125426281
227.65802620405546,502.67677848962336,5.990612380319286,6.14134329962815
227.89403010098798,503.71568620122406,6.006290486618427,6.123003780997559
228.10363059186503,504.83281779051987,6.021110191115841,6.105575842354791
228.33217106087162,505.9664004251389,6.033065990130801,6.085148749001996
228.54222518627807,507.1328878923579,6.046581697261866,6.0631265141204524
228.7303747820224,508.33995247941687,6.063760116193657,6.0542784174215845
228.9153871242686,509.558365442551,6.080535320132113,6.045521274270464
229.18218999247622,510.4775948936237,6.091151737671294,6.045601157790867
229.4454649240314,511.3662427497174,6.099699504767134,6.042445954535816
229.71184936102543,512.2815807301419,6.090955041984324,6.055165506333218
229.52149244025208,518.1201611574484,6.089114320815748,6.04591881453788
229.5195795783333,517.9385165491291,6.092940044653311,6.027002868478639
229.5191917963903,518.7116512921729,6.09371560853928,6.007649674999728
229.61746119876517,519.2835011974029,6.087748280478882,6.007378724675735
230.81831080076108,518.2141308287839,6.066829324413662,6.020695408608573
230.63887364041648,520.582826269096,6.044994897910924,6.0421638678839775
230.45734140064525,522.102465122898,6.027361466180608,6.048469450462027
231.47596747307156,521.452054395177,6.01163540447228,6.06496251321991
231.19365224907506,523.8177600116956,6.005719309969374,6.0881058009817615
231.1040191984788,525.1424623761256,5.994532577212418,6.105040747414747
231.2955170508122,525.7058782830761,5.992621822527341,6.12146378345885
232.26545427556124,526.2655293451846,5.988974853410678,6.122186894743372
231.60554575141268,527.1126720524381,5.973723395175029,6.1444181314928095
232.6821276725969,528.517858884179,5.961360828056593,6.162222353670522
232.11831802693317,529.3713397479816,5.943484006516562,6.173504795366557
231.8405660108822,530.0355964357279,5.926557662104704,6.180662298405918
233.27187470893807,531.8054283057221,5.906227828653068,6.193028699681692
232.32760880852777,532.4671523591173,5.889498730697327,6.203263222034656
232.33643036710725,533.1307722781619,5.871855613538317,6.208971571715444
232.43954637920376,533.5054132397491,5.855854317278571,6.220612560273724
233.21059144406877,535.0177620172929,5.835035324791796,6.2384572796729145
233.40475620547738,535.6839850414988,5.8269202114685115,6.236761664489927
233.69598374582182,537.1041587465282,5.814320625219935,6.245691726632159
234.5334244443524,539.0172896445216,5.806102168793411,6.249085792228782
234.53110747110262,538.2637055614565,5.810736115292982,6.237746489028214
234.90700467120857,541.3444638615416,5.803048579923372,6.243761943524904
235.13003010988342,542.6462095493501,5.794285642020189,6.250280408890078
235.34830868394232,543.9318222145961,5.781667657220306,6.254333026854298
235.559706343312,545.2170037932239,5.767460154192556,6.261533182145102
231.8747963013592,546.7293744845753,5.750952682653054,6.267080027317306
232.54348232324216,548.617476748187,5.738097675028464,6.275209889068937
232.4519429286721,549.187119080017,5.73203779615981,6.270757233461169
232.3615927282511,549.2823450873823,5.723765405785793,6.269278009946626
232.4626449092471,550.6001693101434,5.7104790183315925,6.277081207953037
232.7496403808653,551.3546211043249,5.702671325906302,6.277999621752828
233.41631445110625,552.1974614372193,5.6896463129734505,6.289877262812798
233.32478896642397,552.8619518114161,5.684102578659888,6.281059440166136
233.33239257490283,553.5145841656556,5.668895361702124,6.2943785115145685
233.33425811122052,555.0251627124686,5.665164289066755,6.2865594613328994
233.4322259767788,555.3049876091809,5.657381071543466,6.291367208688243
233.90499647485092,556.7119029780657,5.65235525042946,6.299081996009303
234.6571428883682,557.4696417861852,5.6532040818924285,6.288746038268001
234.7560163155276,558.4969702507742,5.643452841526782,6.3020408625742395
235.32903234158897,559.1446003468774,5.625699918826748,6.323106321360853
234.6687509155596,559.618557621761,5.629632546412525,6.3156419319313
235.42333699926698,561.0300971654259,5.624756294385918,6.313117685954576
235.51953904998845,561.2189396784913,5.620272057733527,6.311272389404526
235.61653555228492,562.2505097732691,5.61409859796929,6.314147192965053
236.3725934633398,563.7486821826732,5.604106757118283,6.322050336674224
236.28074674139228,564.5037682041809,5.600071800579817,6.313705497127215
236.27953179766433,565.2584923655417,5.602501688035741,6.304532170101483
236.27708277658536,565.9232840694578,5.60739973019365,6.286964696239249
236.28185977822474,566.5730373203274,5.597845726914885,6.2981128630376
236.84362545380446,568.1686216295047,5.597854980686922,6.290309291988949
237.50019179522877,568.4486659159454,5.594672699167535,6.291628033962971
237.41106061472794,569.8502407138571,5.585829684221781,6.2950590773503246
237.410895927761,570.6933068795702,5.586159058155647,6.292081999928993
237.60107223015874,571.5349276840539,5.5797590764082186,6.291627194677574
238.34564955804564,572.2861056910011,5.5855397493401435,6.284206509488798
238.24771555736206,572.9458675857163,5.594563583695802,6.272591889139226
238.24675905344162,573.3206889529719,5.596476591536661,6.270181413062902
238.8028633449023,574.5439547608938,5.605075191359062,6.252065359830301
239.45824344502878,575.3843980130165,5.600914797624049,6.2510928925365805
238.80878829998196,576.3168792497275,5.593796128802151,6.2518860747080796
239.46505442220044,577.0650386883194,5.586583237726086,6.24736074422265
239.56162420938114,577.9026376273243,5.579732341549835,6.248760969879245
239.64864529269943,578.4706250182294,5.591891155526315,6.229992071747378
240.20248548481908,579.873434968765,5.600832234871831,6.21592582963841
239.82794328499836,581.1809198058183,5.605806068847469,6.205343135361904
240.571382282501,581.1868156829553,5.606467539523541,6.193551381088139
240.66438422144068,582.1150968745951,5.606233224216158,6.194684623528846
241.1271478401919,583.1441355423602,5.609623261907489,6.1802252934248525
241.87312574110186,584.3468757616212,5.602567752206273,6.187707829595808
241.21817816527235,585.0021077748712,5.613147703688769,6.176559003272327
240.74908796475586,585.3782451378719,5.623269785005053,6.166730933044477
241.865387695473,586.7666633185257,5.618110123400182,6.174194321523688
242.1389554623232,587.7974976585905,5.627936453346026,6.15471914143027
242.50582894717243,588.639277111616,5.636218540721811,6.140725613796423
242.1357266901983,589.4755170701602,5.634738500251483,6.137035944149613
242.88239513856817,590.0250321183755,5.624122237555928,6.150046323252106
242.88245500503942,590.6704119059068,5.624002504613416,6.156902843571635
243.15597850920113,592.16062504073,5.63339132911535,6.144134348993609
243.4348453837237,592.2517796928047,5.631945300479977,6.147254284980886
243.3375877552867,593.5490542086823,5.641005733388418,6.149072788743553
243.3313806537148,594.2955738134834,5.653419936532221,6.141052974769261
243.5110182029033,595.0403298713485,5.665544918228436,6.137141179331944
243.8764956641291,595.6913325390105,5.6779178971514455,6.135959671413462
244.53430132028478,597.45094170229,5.6643790639463205,6.150938073857219
244.44226951223538,598.1897164327521,5.662414140078134,6.161616932669622
244.44007757390904,598.2850405310344,5.666798016730812,6.1571324570123
244.5334047791922,599.587187016915,5.666307203799757,6.159129852145489
244.90123365354154,600.4288563526015,5.675397139632775,6.151473470968527
245.37001905623265,601.0749949894222,5.668887348702923,6.1626816175605486
245.27896270178545,601.818056556006,5.6647167095141775,6.166825269058186
245.2844929617757,603.121289725814,5.653656189533624,6.168300559975428
245.3816611892736,603.672448731649,5.645448174235576,6.182753186491726
245.56546519068655,605.0696661646592,5.650285841684317,6.181660847530987
246.12974889850776,605.0638127996717,5.639415745145758,6.193367577506129
246.96908823348468,606.3581674632273,5.637364964802473,6.212746078677954
246.97170730324126,607.1955054807735,5.632126825289322,6.2171183110068275
247.53369182972,608.0344725014995,5.627430322846328,6.218093095326393
247.53421107493685,608.6836381984095,5.626391832412674,6.225161525423634
247.54023185232253,610.1650302742097,5.614350277641277,6.247642593163659
247.5362108538305,610.53519364049,5.6223922746253505,6.25426173859227
247.5336291296451,611.5601319396333,5.62755572299616,6.2610302176559465
248.09731605702072,612.8586973673969,5.62311408061752,6.284074524331319
248.75050831753313,612.7690788195627,5.6288273665811595,6.275869076144415
248.6593536098133,614.3543012048585,5.623730488392691,6.291331297230427
248.65748524857162,615.1018765910032,5.627467210876113,6.296701489904649
249.03483253747925,615.6650693283127,5.62360556202724,6.296565408735467
249.6935148242164,617.1649772532776,5.619751963201549,6.2990603580027
249.69053364586912,617.2614894206909,5.62571431989612,6.293657625085122
249.68542629805793,618.1083722488619,5.635929015518505,6.288588502675964
249.68121896179855,618.8548611099386,5.644343688037307,6.297349547829817
249.7694390098748,619.4156657607926,5.6558914481590685,6.303667383767264
250.05273110102175,620.8228721657691,5.65411855427731,6.3133110158751355
250.80033782196068,622.240973335212,5.6660408587938775,6.30298820147901
250.89061432180654,622.3319580132503,5.673909769544831,6.309440755844978
251.3561412093457,623.468443198059,5.686095100852271,6.300244241553328
250.78057053151528,624.1300871709959,5.70504068302895,6.297851364744699
251.54219074536195,624.877615485347,5.693514485226065,6.314508965933197
251.63481889649793,625.5437807237182,5.697297685972293,6.30545501031804
251.73012847787828,627.0504301671766,5.695637583084411,6.3155010813660875
252.3939112257398,627.6188365095907,5.691693743204416,6.3132212444036995
252.20675065167768,628.5606383474194,5.688034039681352,6.31952182698307
252.210206661906,629.782498925771,5.681122019224708,6.3331904322754315
252.3040847565941,630.6385250286955,5.682497921455736,6.323327050891989
252.39783082703104,631.3928410414535,5.684006545263837,6.326701142831909
253.06147421435367,632.1518605368774,5.680260819261901,6.321280493290777
253.72693580735665,632.6236629369694,5.671870322709624,6.322341899859314
253.73088767826007,634.128252357523,5.663966580902818,6.334215494654222
254.20785663369278,634.3188554632288,5.654398822526868,6.330757344238536
253.6495830336899,635.4406694300226,5.63894122589616,6.351139003923965
254.40560237312235,636.5767646522801,5.636797487649906,6.343790970336944
254.50471942191126,637.328058131902,5.6271519289999965,6.3499123225158955
254.5084946347172,637.7959651755879,5.619601503388088,6.3567447788087215
254.97562023960347,639.2173245603108,5.6279230140165835,6.341744170566038
255.63978452766958,639.308773811132,5.618498593006598,6.347260548226518
255.63666988177246,640.8160490125836,5.624727884800846,6.346306314023943
255.63478713074107,641.5745377432783,5.628493386863625,6.336805531407862
255.729730938458,642.3222992002013,5.626953118016047,6.348061390252269
256.1980798914721,643.0817573424652,5.632742246556615,6.337124361034775
256.10888993230816,643.7331517599405,5.622701941224963,6.353277091701121
256.95545377579236,645.2449955884663,5.626167342995876,6.345754925741762
256.95071095410515,645.4366963334097,5.635652986370335,6.339251532919516
257.14294495841204,646.8442995639049,5.628184531032927,6.351541721502237
257.79899320227,646.8501265621334,5.636085793865239,6.339887725045233
257.61340010517597,647.604449246939,5.630238845100997,6.339374927243344
257.6119414875362,649.1160248512522,5.633156080380429,6.33086587324876
257.89300601437014,649.6855997550022,5.636016072416531,6.321694157156661
258.4585863865481,651.1843155110452,5.634253229486382,6.335990382206026
258.2672246786388,651.3766866300687,5.640123094949362,6.3281016945146895
258.1697308057968,652.2292310000327,5.646712725385445,6.318595991817494
259.3934879770764,652.9860419729628,5.647823473264669,6.311820255457797
258.82461650919555,653.6495613581865,5.6559568290657545,6.302659328297804
259.48743849817316,655.2432935217956,5.648103504101681,6.315543729772147
259.3935921018625,655.619764100719,5.64746571643802,6.315924893065517
259.3912001000671,656.8444874343903,5.652249720028789,6.314720298829049
259.5840282281259,656.9322015902077,5.643361495048018,6.327676002762737
260.25058446959963,658.2441776705502,5.629351799501204,6.341929416879038
260.16228552729655,659.183481573628,5.617509083872596,6.347727613071347
261.00907226924494,659.9463897813696,5.619006215241032,6.328640633379334
261.0129257783552,660.6045362690094,5.611299197020458,6.328830169224555
261.4778623156347,661.9285460561623,5.62116929014519,6.312091464432713
261.28626406529116,661.9348776639624,5.628672585924575,6.29942824883259
261.0113765644197,663.3336643682237,5.61513805738216,6.318402491736401
261.9456183610956,664.1847062050819,5.625136172473517,6.306952355619028
262.4138863498641,664.9398747426692,5.627751182565496,6.299256860650426
261.8512664533347,665.5941332086486,5.626476209110858,6.305007156290597
262.50738516368375,667.0065823931452,5.6289885963631505,6.2974298043337855
262.5111311893659,667.0009150593149,5.6214965449988155,6.308764471994519
262.6014457110153,667.8507734370598,5.628667675711383,6.299249282607449
262.98174348733187,668.8782489008559,5.619140063623957,6.309735191515916
263.6422823090286,669.7170236210354,5.612505515878721,6.322184016990079
263.54468382158757,671.3120610709369,5.619837713280488,6.325810334351448
263.5433658738098,671.86815671711,5.622473608835997,6.3418488040286
263.54036189631785,672.430827206985,5.628481563819978,6.346483995977152
263.8264247597549,673.8417242715491,5.621847949335708,6.352150428798511
264.4870615373411,674.5052429638696,5.619928813580491,6.34446746357451
264.38847307184693,675.5492747832753,5.628776446102979,6.328026107888331
264.4797891473446,676.5893529730253,5.634359882981755,6.318241195004174
264.6704268959019,677.4391098083285,5.629390179519645,6.312103595833837
265.23563126484277,678.0973977768182,5.626850462800177,6.311374850210099
265.14075695606647,678.6637741920686,5.628672811497436,6.306179632841065
266.07994619930633,680.167233363463,5.629041406041255,6.305256619690014
266.1762049098188,680.4427002378502,5.624390247116602,6.3179216572165116
266.4525637547993,681.2004313350913,5.635638369975623,6.306368296921082
265.97998709348184,682.048229739912,5.6408470670356206,6.302671813314586
266.8236721845635,682.8007731176381,5.645609234275535,6.301702701776651
267.2938888645876,684.3010572617956,5.645554407169355,6.31034571887557
266.7303582569112,684.856558827591,5.643360948583988,6.328597261222698
267.2904478608818,684.9582254614902,5.65392705866637,6.31372154642837
266.91541498376995,685.8967310920347,5.650411659627169,6.320663168496468
267.67694668487235,686.548388423333,5.634924074586777,6.336477345918747
267.6740001937222,688.3442629366592,5.6408170568872045,6.32518443405596
268.05348024554473,689.5596807296383,5.635312568487412,6.343079597644944
268.7151209099822,690.5016535347526,5.631907536226763,6.344671554008263
268.6229042510808,691.1563193089249,5.6278168294396975,6.355008177793049
268.7142939246378,691.6312293312649,5.633656497015391,6.348283206561612
268.8126696025739,692.4804575228128,5.625513185219213,6.347299220150239
269.3833026179161,693.3205937722105,5.61502246374424,6.3631896851690595
269.1966086119629,694.1693567956191,5.611327976590872,6.362534884120312
269.00746439603597,694.9264692815041,5.612672461000028,6.356085702129837
270.2383293263657,695.6713745377621,5.600057605873497,6.373422885326473
269.7735877326157,697.0826344371593,5.587238831238604,6.3778089729368554
270.43481834494,697.1766050872999,5.583039276249186,6.3781907683211765
270.3384141376194,698.497596816023,5.587585946513377,6.371871732153633
270.34081031333153,699.3448769568183,5.582793595089124,6.371441246508066
270.8090251348856,700.3817871296299,5.587130051586365,6.367306320016826
271.1823706579654,700.9515934015656,5.593073345322962,6.356645285989779
271.8424946697807,701.418293676673,5.58944464682531,6.363687110869962
271.8391083214472,702.9292186662742,5.596217343492339,6.352069911213418
271.8428347165668,703.1108979918989,5.588764553253125,6.364846970952434
272.0253963140081,704.4292619611654,5.599934634506591,6.36217196537145
272.30264593492484,705.1904004032478,5.61028738054313,6.346167048859949
272.21176214532977,705.8475646100193,5.603853515280334,6.3492487464877625
272.2112774240448,706.510957495963,5.604822957850296,6.339487123635608
272.3097016476725,708.0101780890201,5.5959849094848515,6.349212319761533
272.68375830126473,708.0142957301923,5.599950892222934,6.340977037417209
272.9672857370064,708.7680359707103,5.596762709764629,6.33714106044801
273.61999426423995,710.8392944404021,5.606261014920686,6.327215251308467
273.61191142016764,710.7551900712889,5.622426703065338,6.307580989247766
273.8050192837073,712.7239080963576,5.6118042996552,6.3138748376365195
273.9914655989766,713.4791189686556,5.6143608537909895,6.305249831738665
274.6439411644095,713.5809144892471,5.622830629477478,6.289290348634445
274.1824485258735,714.7929161571417,5.6082206957425385,6.303034560943505
274.9330701820365,715.5460692030964,5.6069695592812945,6.296720644898823
275.03005449620997,716.289710649023,5.600381927182256,6.308485723028867
275.4978450377454,717.1365699334842,5.602092457221759,6.301892057705121
274.93175830697214,717.7981443122998,5.609965980497185,6.290426561390254
275.77689429229827,719.297042883719,5.6056743539287535,6.289927808033919
275.77533147636115,719.5782384270801,5.608799985802995,6.289301188840608
276.0612978301392,720.6035777790132,5.598752400974931,6.298867934977609
276.7161865113299,721.6378432421797,5.599955920987229,6.2904498238346145
276.7160116216767,722.3915052083422,5.600305700293548,6.280498166706115
276.71958110990755,723.041339498763,5.593166723831952,6.289987788551081
277.2809167761333,723.4194834153204,5.592830424574949,6.281923310899468
276.6311318010325,724.9135330057601,5.583923537276009,6.284628330021103
277.38089694265716,725.0136456616148,5.5789922645462005,6.271227894626592
277.38139232863574,725.7630093509415,5.578001492589012,6.2648046956266334
277.47547886044055,727.6242661394559,5.576250891888514,6.270740376779885
278.1276829838855,728.2861812807779,5.5772490726695985,6.252316521806893
278.7828961726492,728.7501928146719,5.570338352634962,6.255376066514027
278.68776370800373,730.2425711837155,5.574449690795964,6.249076786506016
278.6843211195992,730.3386163944928,5.581334867605104,6.243107843478647
278.7738999656832,731.1809317002313,5.588315949651629,6.233726199933126
278.95708313102375,731.9326661304357,5.594158655308878,6.219093484878076
279.5212096058498,732.4810299553569,5.581727968117171,6.238188097495984
279.51774314428235,733.9731928451453,5.588660891252034,6.230960355657031
279.60687674091423,734.5318576564239,5.596460744884921,6.230033014479377
279.79515349604293,735.6481078517656,5.592261573491933,6.2316586569821055
280.1598530234307,736.493295262446,5.607404086583337,6.216502363321654
280.9078508933364,737.5043723988628,5.6005401455815464,6.24190431385182
280.81422956338804,738.3467063989293,5.601356005778625,6.235077511016039
280.8136616733328,739.0024289968669,5.6024917858891605,6.227968395175774
281.0049860550125,739.6541985174819,5.59232572611806,6.228118816505175
281.4671943298949,740.9650869888892,5.598316188009844,6.211481506328788
281.4612477229176,741.0588613248874,5.610209401964314,6.209851221366959
281.64759782191527,742.2653562459861,5.609674793527343,6.215937711298597
282.20745819647493,743.010508761168,5.6069675919175275,6.21498407761417
281.7402630713494,743.7464161013058,5.610803342149053,6.232056597369658
282.48570808057417,745.0430029872288,5.611413861954002,6.249008767469072
282.4909023818626,745.0318836721617,5.6010252593771135,6.271247397603317
282.9529194259647,746.4336763463737,5.611443315374323,6.271018481783362
283.4185359281105,747.1861887480866,5.615476801562481,6.262420063125179
283.1424594657502,747.834487889809,5.606677372685109,6.274710604742126
283.98060492422985,749.3343196254409,5.6136971347260545,6.26759945170083
284.4501830485045,749.8895302980146,5.609721767352708,6.279395163964714
283.890738834364,749.8933957142714,5.605674673388794,6.271664331451027
284.5422544591343,750.6459109401751,5.611441707120674,6.262403346241013
284.53856800088124,752.2379968324813,5.618814623626772,6.255861721376522
284.62679225902144,752.7135389045695,5.629301596725773,6.239455024096849
285.18834319889214,754.1070909458384,5.627286497978889,6.255067894044841
285.0932870209634,754.5739472228149,5.630340464619423,6.256647286176912
285.93304279089426,755.4146530401382,5.635014110495199,6.259420837268055
286.40081779554293,756.1564179272863,5.635711101830076,6.273886263983545
285.6458212276832,756.8170731726331,5.645821147719994,6.264973476890907
286.2103203914422,758.3118703227901,5.641872030857989,6.2755104049926125
286.1185355161986,758.9643489679927,5.637832798175184,6.2838159967774265
286.86373099397633,758.9681523344833,5.648830517662324,6.276209263796122
