476.6600036621094,150.6699981689453,6.360000133514404,7.829999923706055
476.4792353727012,150.40781324775915,6.391030501258369,7.800698958696784
476.7991054274175,150.64493457240584,6.420938382759631,7.772888303359283
476.4505231098743,151.54572510638172,6.448289425470764,7.757476815074897
477.22159456798386,151.55903642847204,6.47047306051378,7.730854170894263
476.99137091917527,151.68109620923522,6.484075071819107,7.7101572525238184
476.7618004041213,151.80876168564635,6.496570820313376,7.678148940508373
476.6404490688839,152.61012647728228,6.516243527927501,7.636629097261253
477.4100703094594,152.63235268722067,6.535937604095567,7.592176677384464
477.2883868920719,152.6536687673179,6.5569699494501625,7.549544517190021
477.0595193533565,152.78727052816106,6.57068040588508,7.504353306001624
476.5004248316166,153.1429912034726,6.581208848058803,7.457508316162182
476.9385576134869,153.8290176475632,6.588841120563687,7.41130218234904
476.3857595917713,153.6317650958385,6.592539337305158,7.365048155122607
477.04233086145115,153.6522436983615,6.5977188743621635,7.3240909500765925
476.930006313439,154.43748108995612,6.603201486929393,7.287781551087042
476.82111002245887,154.4536670046307,6.602304853381748,7.255409721737892
476.6078218754076,154.46989342279622,6.592538895796084,7.222956885406871
477.37393718947766,154.59587736304346,6.582879862776631,7.188499232786727
476.9511772640253,155.25883550833424,6.561121001693803,7.163501010186379
476.63336791055775,156.13795671375703,6.548488522562559,7.133928428850874
476.6384735031455,155.71715140795976,6.538277337387045,7.113851772059653
476.6451903583387,156.6866759274813,6.524843627000696,7.109320204265533
476.5484507472956,156.68770177073054,6.503660935466274,7.107268517767077
476.1349296974607,157.2215065351613,6.473532452573236,7.111122217109277
477.0002508944898,157.01754246246512,6.4538712906790945,7.091305054460571
476.4798242550228,157.02029779490564,6.4284705432338765,7.085794389579529
475.8544983855776,157.12813301538299,6.4025615381687135,7.082884072617462
476.49883607212297,157.2476025722824,6.387696063557842,7.05624660856531
475.76953995901806,157.98934719969967,6.36473704892196,7.054308594576608
476.30401752586073,157.36838902608858,6.352050851482354,7.028702218303863
476.4138943111734,158.22056227405463,6.342950433418732,7.009580942866452
475.5796494160518,158.22799455053334,6.329755750794517,6.994716389909041
475.68629894281565,158.3451196999642,6.326225569225887,6.970234963006459
475.6879494835049,158.67254320223432,6.32292448784739,6.943382962291446
475.692103434708,159.20846768124733,6.314616585441336,6.915839487577705
475.6980917501275,159.11814276747265,6.302639954602274,6.888189464574497
475.70771770426654,159.8562310485726,6.283388046324092,6.865761868104186
475.7173442026902,159.45291609556796,6.264135049476868,6.844301987454688
475.7231068169013,160.29356215852545,6.252609821054692,6.8140620743729094
475.5159007406276,160.31006042954968,6.255568242309181,6.781065532324423
475.2077168586337,160.32689127687618,6.256157154155228,6.747403837671431
474.79428880960415,160.5487829286898,6.264037440943405,6.713108439679591
475.40554893072107,160.9749035708141,6.267520654083192,6.678202792346846
474.79174581816943,160.685631378659,6.2720628021163085,6.645215138121971
475.09155318327,160.70186740592501,6.282649509271935,6.6127430835899315
474.17268363143927,160.81897516707028,6.292844879523416,6.5815879761227025
473.76146051643804,161.54099972374792,6.304354205459414,6.556678444883722
474.36279092269234,162.26314407984026,6.316850605505684,6.530073147346429
473.75565563659643,162.27432606833025,6.317280417008064,6.507709170366472
474.3578403797205,162.3875579856802,6.324687573965958,6.483208109534289
473.7509702060764,162.60128676141073,6.328256226666893,6.459141122935705
473.8547906227933,163.11518371802666,6.321989092289965,6.438215704988334
473.0526565840716,162.9254627080395,6.3186889851662364,6.415765678820811
473.05507268409025,162.83612420098035,6.313856785128902,6.393901556563655
472.65661682399275,162.84741179577222,6.31028376092169,6.371326366979951
472.7602250140521,163.55301429643714,6.3027771981175515,6.358090086851566
472.7666332215812,163.5566556796829,6.289960783059356,6.350807320360045
472.67212938801833,163.66261825335562,6.279901812505501,6.337948810694074
472.476282364604,163.77274205147472,6.27418429261531,6.316406997815239
471.8796866579157,164.07803489069963,6.277715209192915,6.300651567764933
472.07843686616917,164.6825255861894,6.276383660369981,6.2801767798373955
472.081802394565,164.49733837463415,6.269652603578326,6.25506898886984
472.0852404128282,164.31251256344808,6.262776567051858,6.23024125786154
471.4967823935893,165.30837826179828,6.25925097716476,6.205912575102797
470.8183087432123,166.00041309099393,6.24208890531842,6.195952289311835
471.0207543653847,165.81198898508185,6.228946316176901,6.181051845932698
471.02727845480587,165.43093005316314,6.2158981373344835,6.161438997522913
471.0325278857908,165.1489297108848,6.205399275364662,6.140685012020218
470.9390970868029,165.9368967622574,6.19783501687022,6.120157761036059
470.55459458811674,165.9474385697415,6.190907318263847,6.099074146067853
469.8798700088393,166.05488895789316,6.1855648259990295,6.077715034167323
469.88425676924726,166.3553927672514,6.1767913051831185,6.056069366563652
469.40879157754523,167.1317293361291,6.164516038951359,6.044525268225546
469.8014825022361,166.9460541512473,6.148198372072878,6.031343546737425
469.42406463431615,167.43202711003258,6.135827696908222,6.018405642922583
468.76187820754495,167.15018397890861,6.120379436114779,6.007882856169422
469.14931133255095,166.87087255525304,6.109489996043284,5.993523096025193
468.29830469079985,167.6406365115516,6.096135283132652,5.978766735795034
468.20789479049427,167.64959503568926,6.086801392173772,5.96084968751974
467.83207760865736,167.65401702429227,6.0795389694594375,5.952005710313724
468.2149505429348,167.75829547402904,6.071675034668075,5.932919294281028
467.4628051863383,167.95666304851966,6.063601168292286,5.914275290192003
467.47157880140804,168.15186630780784,6.046053938152739,5.901117393792135
467.3848098741846,167.68290019067902,6.031450823409575,5.8983447820995085
467.0179784829139,168.25082524359914,6.013642112178274,5.889701916918502
466.3704156427234,167.87882337344402,5.996605918301075,5.883898871938334
466.3778008551525,168.633920942073,5.981835493442826,5.870443405475414
466.2912028120517,168.64066284331878,5.968383579089964,5.856959602983858
466.01777451584235,168.64648505586464,5.956568741028134,5.845315177892136
466.5770268527994,168.74878547567974,5.953190318112723,5.826568713428388
465.8403294472916,168.84920895015287,5.9425424334372305,5.811227101443524
465.8462546879252,168.9494301138626,5.930691952170057,5.795880618882176
465.2965945090345,169.23219189193557,5.922008009943479,5.784359212740174
464.5623231537892,168.78100660054727,5.9157582916115405,5.764984527502647
464.10517212567555,168.78991253586412,5.910335974204687,5.747172656868964
463.82938698882566,168.9825517633056,5.9111712952315765,5.729050837101279
463.18951850237795,169.7230350857938,5.907773439036834,5.714523996799283
463.28021263215595,169.36617277406864,5.909407160152496,5.696160697563073
463.2812787163514,170.1025552127246,5.907274991761614,5.685452898719202
463.10117188021337,169.74646226305194,5.902380087061332,5.667421644112154
462.46579175414695,169.66250625055406,5.897794875636481,5.653141460028224
462.64843432127003,170.3992070977917,5.896298358254859,5.634894233010991
461.4672285742352,170.49891064059912,5.898144909473677,5.617069066076983
462.102136789116,170.59968630735446,5.897627604145493,5.59684617891389
461.4671687582644,171.15106980511956,5.900564778747272,5.5800782294705895
461.4723256988408,170.61372225962623,5.8902508975944095,5.57009382685337
461.3911134296923,171.3365350929191,5.872215173240271,5.5681502614764655
460.8596783112957,171.24617068404234,5.854201454043647,5.568731753231647
460.1484082489325,171.24514877871547,5.837744236612833,5.570775563885369
460.15144651254667,171.61041828184273,5.831667709384502,5.558834281295221
460.0655164892047,171.88574919093452,5.824162636796412,5.546267820927803
459.4421948692212,171.2651514357338,5.81746618905349,5.534123643619397
459.61810655358687,171.80748618376725,5.823145363569142,5.521961777293314
458.2757237412483,171.45619588667677,5.828200522088022,5.509952913832095
458.4550499042105,172.17556005122043,5.82662022073095,5.499512683014407
458.4606994952654,172.0856142148115,5.815321038621257,5.501058655798753
458.37804869894825,171.99471095234432,5.8024291078553585,5.504671657332985
457.7581640174618,171.90828077447745,5.795854468568065,5.49948286988673
456.9588732073693,171.91200406186766,5.793659910596572,5.492036295106285
456.8653727626093,172.01006674634584,5.802949170122763,5.473622556143739
456.24289791905954,172.10803718605007,5.804944746290965,5.455246549725501
456.6843579327314,172.20569838302373,5.808547055891484,5.437228623167056
455.6247606540448,172.30291955720654,5.802845292959273,5.419860968160291
455.44826324804507,172.4886558169084,5.802420500729783,5.401808052985498
455.3462535487476,173.00902466456503,5.8221923087307195,5.389100064237308
454.9861485317069,173.1417685393487,5.83749409612954,5.37460375439506
452.241939668829,177.91543727057532,5.8534555581496726,5.359932041674801
452.23686971167535,177.9235296782598,5.86359547245699,5.343747226305906
451.6129093000977,178.37146241354588,5.876393504841174,5.33011232057016
452.31028734826936,177.7580259071648,5.89306123831122,5.321989482245655
452.57107192383177,178.55633771626592,5.90116524864407,5.3143853484160415
451.95081778958803,178.55916205122958,5.9057367043885485,5.308736678488725
452.65460236204757,178.5625056080779,5.910514020362853,5.302049564792093
452.4743837785292,178.56828499193503,5.917929598892556,5.29049079707786
452.6449400274063,178.2196672265583,5.929699907207989,5.281960715692035
452.727064703112,178.2254857627421,5.94193845910206,5.270323643324423
452.80893534341226,178.23219615809006,5.954689025051513,5.256902852628533
453.3314163857616,178.06165706834963,5.968576890055604,5.2450310488750915
453.7660586232987,177.97793120923077,5.98179404243739,5.235982441621596
453.4051697519667,177.45406745677153,5.997330737598656,5.224348375285942
454.1035057781276,178.07656154083708,6.0135747765857985,5.215661787050192
454.0964155513164,177.3767920072849,6.027755230208221,5.2013870351476
454.0903095121136,177.560773503726,6.039967308613797,5.186858309745739
454.35108692855323,177.74446664165308,6.0484307145742,5.172817526451399
454.69917334751244,178.0157382588608,6.058569957853665,5.1600083529343355
453.98804244804126,177.4037615573077,6.068601417472967,5.148260209132838
454.423190199654,177.93905069479723,6.080779806023569,5.136650604284954
454.7708660666646,177.32800183791565,6.091411884930383,5.123276645424021
454.67422322123116,178.12712363164084,6.108252905223804,5.113035093135148
453.96283452568184,177.5136415168132,6.118715421911454,5.104223807680815
454.48760485486775,177.6958601895057,6.12852628944295,5.092903637596925
453.86564425816016,177.96601396222522,6.136757171656572,5.082177654101444
454.47785301827344,177.35291569033083,6.147705898510988,5.073007950809337
454.29688791401713,177.44784371972787,6.1566332753243795,5.059653307864814
454.7308861442073,178.15947400761374,6.17075237748121,5.047777632152686
455.3416724557011,177.72446491828984,6.184318177361179,5.035554080180832
454.72110476289515,177.20063555918392,6.190239034880128,5.024457488598752
455.4200113747915,177.9122963813355,6.203391256796684,5.012101290004679
454.8884101679011,177.47797973827778,6.2083576750413325,4.998871246506788
455.59058556654907,178.18815274680784,6.213884172196685,4.988402523897901
455.14597616375903,177.75434474652553,6.222353659274047,4.975269205959776
454.9649673479242,177.31988383951824,6.232237484988371,4.963856505085844
454.9592600182198,177.9418211961952,6.243652144397052,4.95221527715094
455.2164458934358,177.33261751340825,6.257338556090752,4.93848693109843
455.21198754594343,177.95439111133507,6.266255251075478,4.926982591776447
455.2943869492463,177.34529114764172,6.277412182505877,4.913492352910535
455.2878108078723,177.87850784580516,6.290564465253819,4.902502072568251
455.3688411257758,177.26866553435644,6.3044334193077205,4.890679566438707
455.4496961367258,177.80153161644313,6.3186725949061096,4.880642587255506
455.97185588878114,177.1038311983324,6.330372967173201,4.868016921640002
455.43743033593387,177.3742077743326,6.343366377809655,4.855192617168622
456.1348389363974,177.46836813268473,6.356273431263557,4.842837432261931
455.86446598455353,177.82499651482198,6.369136684629775,4.833424201749342
455.50612096607534,177.12637442719796,6.381813219200322,4.8226413722257835
456.29128357856894,177.22059897488234,6.395672329803853,4.810212758589347
456.195922742467,177.40252394234474,6.410365495460622,4.798419836758611
456.18832528338476,177.58452086500748,6.425560413625092,4.786544758592776
456.1809259279639,177.76684427547207,6.440359124466831,4.774090555017031
456.08553989677097,177.06807701069422,6.455013712659291,4.762685291024725
456.0850171312248,177.1588742692877,6.456059243751608,4.757244158058171
456.08579166651936,177.24915843934735,6.454510173162436,4.752755909517057
456.0863833790396,177.33940415713528,6.453326748121992,4.748247454897763
456.0890664638973,177.42860743194302,6.447960578406558,4.7457319942776
456.177354639554,177.51772596489943,6.44715254773624,4.743263249007782
456.2631417961079,177.52013346082194,6.4512938046969035,4.738448257162732
456.3506611671842,177.52043492077215,6.451954592613793,4.737845337262357
456.43806582840057,177.52185992357477,6.4528449501467415,4.7349953316570925
456.5254974161379,177.52324571358963,6.453648237796131,4.732223751627381
456.70272126408304,177.6114034935475,6.450466950948627,4.731541396232993
457.22914900472836,177.61141250681808,6.451053650083872,4.731523369691823
456.7042208823626,177.608536640398,6.447416024825486,4.737275102532017
457.3196330717846,177.60586109022566,6.445941361038332,4.7426262028766795
457.05821870737697,177.6046973731691,6.441709916403275,4.744953636989797
456.88313986018187,177.60245667053385,6.440546433984973,4.74943504226032
456.7101129921938,177.60067343246232,6.435167442051834,4.753001518403401
457.4153543341148,177.59967988671906,6.430229261669261,4.754988609889906
457.2413268964622,177.59869688325168,6.426983015540548,4.756954616824663
457.0670280893623,177.5980321271617,6.424313789104664,4.758284129004608
456.977348961935,177.5987003589307,6.428057425721624,4.756947665466607
456.8853711570062,177.59902719223,6.436363395486167,4.756293998867994
456.7922962103537,177.59951237381154,6.446748098103267,4.755323635704951
456.7851258485849,177.60362914843063,6.46108882164083,4.747090086466745
456.7813567458309,177.60589174415702,6.468627027148838,4.74256489501399
456.7761165338286,177.60800533509874,6.479107451153538,4.738337713130515
456.774020196141,177.6092630401576,6.4833001265286265,4.735822303012802
456.7759998946432,177.69531160087203,6.479340729524329,4.739867662480306
456.77599578897804,176.98861801629602,6.479348940854632,4.744064823322038
456.7745294544759,177.0768712232258,6.482281609858939,4.743776147283552
456.85908928763047,177.16588275615783,6.48941947587815,4.742010613747834
456.85709306519686,177.1687358813798,6.49341192074528,4.736304363303863
456.8564975667118,177.17241336221275,6.4946029177153335,4.72894940163795
456.85599619855736,177.17601071389075,6.495605654024292,4.721754698281975
456.85489647642913,177.1788883819461,6.4978050982807956,4.715999362171252
456.855374098598,177.18142111449433,6.496849853943016,4.710933897074829
456.8551598928285,177.18490098697526,6.49727826548196,4.703974152112925
456.9435937754355,177.18734213809827,6.496242099802492,4.699091849866952
457.03139026603196,177.1906260494765,6.496384777721229,4.692524027110519
457.21145931529884,177.18983401311908,6.487506444878179,4.694108099825304
457.3912954564441,177.19130216766317,6.478876731810757,4.691171790737127
457.48204858916887,177.19258921090946,6.472712624456308,4.68859770424458
457.5719989695345,177.19198900805895,6.468018238227968,4.689798109945542
457.6611667165258,177.19297059388336,6.464837635409975,4.6878349382967786
457.92734252667304,177.19240143767652,6.45770919924302,4.688973250710424
457.22953171432,177.1936661777773,6.4534511919770345,4.686443770508905
457.4049813122145,177.19548558735644,6.4523096153778745,4.682804951350586
457.49464967340003,177.19635218832536,6.447774616577027,4.6810717494127605
457.58256725523825,177.285134200659,6.446643909456705,4.678212181301609
457.5870234841397,177.28404944678155,6.437731451653788,4.680381689056479
457.6772732774311,177.28461929880808,6.4317726131905015,4.679241985003469
457.6795307660104,177.28599160359315,6.427257636031865,4.676497375433336
457.76698088252397,177.28813499538495,6.426675439504361,4.672210591849729
457.8551074863039,177.28855785340554,6.424661041778544,4.67136487580852
457.15716028582943,177.29173943578573,6.427000588020554,4.665001711048174
457.2452058062932,177.29276521402105,6.425034894694237,4.662950154577517
457.33199933378546,177.29467365754292,6.425509669069943,4.659133267533801
457.4194078911021,177.29630640434561,6.424698887337678,4.655867773928359
457.50614704755026,177.29843087539675,6.425160962625444,4.651618831826131
457.59236121942445,177.30114501128406,6.426610205168454,4.6461905600514575
457.76561858672807,177.3907339718362,6.427716196917355,4.6408230021252885
458.19910180214504,177.48226868012483,6.429444333216293,4.631492498974609
457.5928731809964,177.57120575902195,6.4266195333882825,4.627230061483977
458.0277506675884,177.57350791201978,6.424358637780873,4.622625755488365
457.42328541725595,177.57358678078288,6.419567306019046,4.622468017962152
457.7706193766552,177.57418990028003,6.418153856266599,4.621261778967844
458.1179198702091,177.57472071100085,6.41664230215079,4.620200157526218
457.4249426687822,177.57570226183367,6.416740783278366,4.618237055860556
457.77275590666443,177.5759293070522,6.413919115029401,4.617782965423492
457.8560925773456,177.66548130820257,6.420396740296544,4.611829929752099
457.1655840751734,177.66475365739586,6.416203878672448,4.6132852313655235
457.4266181880952,177.66537037954973,6.413470540843234,4.6120517870577835
457.5138830809488,177.75514437245877,6.411990674140476,4.605553720244211
457.60080506108164,177.06528631341513,6.411067328775506,4.601904919125976
457.94590589677927,177.06713617384807,6.412252065288055,4.5982051982600955
457.2556631067394,177.06817797036163,6.410308150825674,4.596121605232975
457.77309567651463,177.06991284241084,6.411882736266838,4.592651861134536
458.03126426421045,177.07119358199955,6.413665713270714,4.5900903819571175
457.4273957351819,177.1583500057347,6.412561749370577,4.588469109052113
457.773215151597,177.24365039463473,6.41151559853257,4.5905165017501535
458.29240194299604,177.3286314696105,6.409138118180307,4.593220368872848
457.68459112791953,177.41833302791338,6.416038300695489,4.58649174478682
458.2904354826776,177.50335623475786,6.41302757771157,4.589113614888139
457.602777033585,177.58785489988645,6.407017807904844,4.592782118129937
457.77826866718215,177.67267172856458,6.40130485823943,4.595783619538103
458.1259874171412,177.75830657525105,6.396259272372124,4.597111904677886
457.4359397153091,177.06960997484578,6.396007731954554,4.59415816140667
457.6093828707401,177.15865445493716,6.3941033659430495,4.588560173649141
457.7834911851814,177.24644016122727,6.390626796156412,4.585358790616918
458.04305103038024,177.33356510201162,6.3883011650576345,4.583373595481187
457.35683496537047,177.41944736391397,6.383158976311261,4.583805861522234
457.7020263739094,177.59414633163388,6.381280095798508,4.578659894365
458.1337810221712,177.76912737100054,6.377835106464277,4.572723538507455
457.4478441042711,177.0847751487064,6.374804942896717,4.566523983727902
457.96604776007774,177.2584631773665,6.368688146641397,4.562578098193679
457.3698306095393,177.43057509284628,6.360220003909886,4.561469251179424
457.9718713898008,177.5160473029806,6.356015117329323,4.56193578433114
457.37516646889327,177.68737259102926,6.349940537419034,4.561995043012503
457.7198699182479,177.85882960297346,6.345589012478793,4.561608706008657
458.06293599200035,177.17516642714233,6.344223042771789,4.5594027020751815
457.3794411009162,177.5184169160916,6.342136339128858,4.5574399670822245
457.55360199366856,177.85997295102047,6.335955864582439,4.558610519141005
457.55631742629254,177.43123503868864,6.330524999334387,4.561105142303434
457.6455041947026,177.94443000537365,6.323106405500372,4.560444866849852
457.9036065542495,177.346971826627,6.319396565544298,4.5595398396885605
457.2201571867482,177.9452308278073,6.3202112575021605,4.558345374992066
457.5619619585449,177.34832051575677,6.319614595779117,4.556893455819964
458.0742743627317,177.69194654504048,6.3193116213631475,4.552522619890974
457.47588286019527,178.2050271433897,6.321587668450906,4.550224530036865
458.07364162876854,177.60952102559793,6.320554070611377,4.546752826313405
457.3892378006741,178.03852357525633,6.324819282793155,4.541586754501072
457.9001391118889,177.35937728009097,6.326301501462937,4.5354995566991985
457.30389700604394,177.70296051194157,6.325497189516767,4.530212249361474
457.81564506913224,178.2171578943125,6.3242246938279445,4.524041115107388
458.1572803277298,177.6251780614686,6.3219532663981886,4.516252373705958
457.47746423914265,178.22362842321164,6.320888084096239,4.509961839761481
457.98827639956244,177.6332141063272,6.319068648181254,4.5010181077851215
457.30845756918126,178.14705526831347,6.320364982192741,4.4920917788757135
457.817853315898,177.5583148255495,6.319565116686682,4.481915765154868
458.2424917241208,178.15460028986715,6.31771587183295,4.4757434367482265
457.5678782441997,177.56250438565738,6.312096282144899,4.474444514328835
457.9048703302432,178.15825771769894,6.315109624798009,4.467683501040905
457.31101965347216,177.6542539441168,6.318526162775018,4.4605897777207435
457.6473493828626,178.2493580943623,6.322339841658674,4.4542094681427
458.1502033122746,177.6612817036266,6.331056481115875,4.446867001619354
457.55676802459755,178.25592910340922,6.334357086891704,4.441142171632416
458.0613934100239,177.66826473136413,6.339327407159959,4.433212976081351
457.47145197052146,178.26313721340114,6.336342722895292,4.426335575276929
457.8943233734129,177.7591259508241,6.334712078770569,4.421423506441138
457.2221881669954,178.43676482588916,6.32924901934214,4.415879228574455
457.98243323850164,177.34487319701347,6.325642209502996,4.408608782853187
457.89798610125473,177.3490324425094,6.326168454268117,4.4002902918613325
457.8134515498106,177.3506071145781,6.326998995384966,4.397140947723908
457.81141227699555,177.35326520809417,6.331077541015121,4.391824760691799
457.80970480773567,177.35548062863916,6.334492479534942,4.38739391960181
457.80800436358084,177.35942257808983,6.337893367844611,4.379510020700454
457.8064413259877,177.36256512190698,6.341019443030858,4.3732249330661945
457.80562529119396,177.3656611570545,6.342651512618303,4.367032862771185
457.89233768072717,177.36534672689038,6.337164240682491,4.367661723099387
457.89551201380596,177.36727418440233,6.330815574524832,4.363806808075468
457.89658272634694,177.36899474740164,6.328674149442866,4.360365682076872
457.8961473385244,177.37074323295863,6.329544925087996,4.356868710962866
457.8969462354829,177.37241033394173,6.327947131171004,4.35353450899668
457.8972661874443,177.37432871998612,6.3273072272481805,4.349697736907904
457.8956753265963,177.3780801446464,6.3304889489442155,4.342194887587342
457.8097654104975,177.3800854408723,6.334965770255641,4.338184295135561
457.72585183997,177.381177703,6.335448791679917,4.335999770880172
457.55829981388314,177.38324908953098,6.335922381463996,4.331856997818182
457.39339721570036,177.3845496456836,6.331220041918591,4.32925588551295
457.3108455538051,177.387694246161,6.329183562618166,4.322966684558159
458.1462798151864,177.39051856089077,6.328364476596752,4.317318055098639
458.138999104889,177.39547321412755,6.342925897191561,4.307408748625062
458.1327705829918,177.40076820784682,6.355382940986073,4.296818761186501
458.12660573018843,177.40600062409206,6.367712646592702,4.286353928696047
458.1206934835973,177.41103198057417,6.379537139775076,4.276291215731794
458.20107629577205,177.41521215050872,6.385760634856992,4.267930875862717
458.53425943992215,177.4168131578694,6.387169836699901,4.264728861141327
457.8653689110123,177.41876780607598,6.389655956214868,4.260819564728209
458.0320395996098,177.42032753058842,6.390083164102192,4.257700115703328
458.201786392899,177.42211373111942,6.384267324599882,4.254127714641272
458.28574019722885,177.42283070982117,6.38305177409611,4.252693757237801
458.4518094962356,177.42400578419364,6.3842130756497,4.2503436084928685
457.78539179294626,177.42572618007716,6.384021702641836,4.246902816725796
457.9514722401394,177.4267176046349,6.384997358214221,4.244919967610382
458.20336268795427,177.4274781650314,6.380866395440902,4.2433988468173665
458.37063599213405,177.5113035851959,6.379244972634223,4.242210599264826
457.5419433441589,177.59334993238372,6.372445615875252,4.244536370160072
457.71134788235196,177.75997660025348,6.366346355977153,4.243992850908625
458.0451912665981,177.84378711650155,6.363676271464315,4.242625989407371
458.4616795660898,177.92885527296994,6.361656213003787,4.238680984575122
457.7947652488388,178.01494521060712,6.366721872063378,4.232596481231066
458.3760359695694,178.1006176255442,6.366673130255957,4.22732203702169
457.7123776787761,178.18447731857353,6.366134056996173,4.2255846078188215
458.0442041122883,178.26678753014215,6.366261046430298,4.226909148796235
458.3743170416391,178.3506222969724,6.369910778874488,4.225208512922137
457.70884721864667,178.5156651408131,6.372886670148219,4.227113763918437
458.1263398749586,177.85044272882914,6.368260741725684,4.228983573164256
458.62664276285324,177.93157611122007,6.363855644013477,4.232750254728599
458.04916246116176,178.01237255503847,6.356607250180307,4.237187223836999
458.63220335864236,178.09521623840322,6.352487885016502,4.2374944899356715
458.2991725553052,178.18024671677134,6.354798296438253,4.23337133201259
458.87947296627704,178.34657998548096,6.355525582797413,4.2325128255370625
458.29606449577716,178.43250891329606,6.361037757792029,4.226555650764732
458.8751199474222,177.7708305071154,6.36411844128874,4.222836363941227
458.37348693841216,177.85673086301432,6.37217063767899,4.2169046224149636
457.8734093956187,177.94279453893537,6.376977874955358,4.2106685786246105
458.453122569725,178.11150786393284,6.378569916872523,4.204961468666763
457.95451938362925,178.28025655031232,6.381044084910141,4.199041497292409
458.45296855658125,178.3654597859009,6.378509591275682,4.194362334826832
457.8724308507274,178.53373798095242,6.380305582516245,4.189028636285782
458.3699672354874,177.87273554223836,6.3785297695035,4.186637571704287
457.79162399325656,178.0390953600123,6.37683517088582,4.184883959893412
458.28985082988567,178.28658169379415,6.372951695008064,4.186196391019944
458.7867965521375,178.45152422841548,6.371411782179672,4.187095165668993
458.20890241266466,177.87055246955,6.369513679481636,4.1913523017562575
458.70583229064243,178.366258610111,6.368210831187236,4.192496928295371
458.1255388508427,178.8624414971793,6.370818208799611,4.192685013004766
458.78739760470285,178.2812167385262,6.370844126523326,4.196859033047403
458.3729011619522,178.61217528321762,6.372147992388971,4.197093159373115
458.12441269698763,177.94944390186612,6.3724410754218965,4.198065663686247
458.78796340404443,178.11495803081777,6.369994640494528,4.198201150579509
458.3773472807626,178.36121370738545,6.363489953225374,4.202331957743866
457.8823735303262,178.44365866922436,6.360326843998786,4.202960469082594
458.5452015082172,177.78158205323368,6.358521904976516,4.203262684304312
457.9708530456354,178.0279254659892,6.349003797531717,4.206953729911153
458.55336902489915,178.275841400462,6.341615631649442,4.207254914956331
458.0605688625931,178.68799741452278,6.335585952488911,4.209301223311976
458.63979513171586,178.19230977417087,6.333638903289065,4.209386084833742
458.146680635637,178.76930044074265,6.328744607351178,4.211715254468484
458.7252033873728,178.43607995715684,6.327765646133348,4.217546768923651
458.2289402897249,177.85835328549598,6.328884416585785,4.216358116594737
458.7252729364495,178.51689653113905,6.327608943342617,4.221124718916649
458.1481228945464,178.10198655742568,6.324867310087316,4.224486297013769
458.64479283630806,178.76193163082812,6.323365231404405,4.2270465566625495
457.9844243777848,178.34666196801098,6.321492188372345,4.230954657247683
458.3990160994928,179.00649381891088,6.319123695593842,4.234194876467863
457.82032211490014,178.50996427974158,6.3188434341631945,4.234966899992808
458.31826912086814,178.0947220671422,6.315288104565466,4.238502423243061
458.81647339496016,178.5902848191397,6.311249536786657,4.2397468996533565
458.2382220907989,178.09543157351573,6.310267919352825,4.237324054538626
458.7349433201919,178.67465816930803,6.308624832592091,4.235970130316887
458.56955224746696,178.09840805790842,6.308901590866032,4.231701498000495
458.40379149647157,178.6789545635376,6.310051125637338,4.226910372010441
458.3196141183282,178.18588205491903,6.313282166660375,4.22231309766619
459.14636493849616,178.9291303834025,6.310740110005712,4.221680066012225
459.0648596941498,178.76341587182606,6.308703391006461,4.223014673781283
458.984448043582,178.76220815859858,6.30448795240655,4.225430100236222
458.90399661103413,178.7608796999919,6.300375376393398,4.228087017449571
458.9029974502804,178.7620705470691,6.302373697900904,4.22570532329516
458.82169225249265,178.76132498449635,6.2999958898973425,4.2271964484406945
458.5733344101588,178.68157611435657,6.301780009627927,4.221717000407853
458.1578276676684,178.68379034483192,6.308228295663518,4.2172885394571535
458.73155956344254,178.605296955494,6.315319849762468,4.209338840183419
458.4005032832392,178.52622874944953,6.31778828826835,4.202564221797153
458.4016294634077,178.44720937049598,6.315535927931392,4.1957674428049945
458.402551428532,178.36841104475678,6.313691997682822,4.188675412392827
458.73556900129944,179.1935480609848,6.305829010662189,4.183831776222408
459.3175319957827,179.1906611651044,6.292313268311985,4.1896055679832145
459.8990293344834,179.1071212632343,6.27897866958456,4.192448217627165
459.33158941637623,179.02248545288774,6.265271258463688,4.197635945843788
459.83019839757264,178.85515189455054,6.25183665990804,4.204375274572463
458.6888024853105,178.85330810260075,6.240397481407505,4.208062858472043
458.52859449525664,178.77172257536245,6.2332881339524295,4.207471249167256
458.368460217856,178.69023468124172,6.2262650459651026,4.206801216014401
458.9433876367145,178.69019216030716,6.221112978979039,4.206886257883497
458.70012391960256,178.69083184596917,6.217282008476476,4.2056068865595
458.6213806223155,178.69146434363702,6.211394708243597,4.204341891223812
458.870033066063,178.6900731441581,6.203882597294079,4.207124290181622
459.4472400112501,178.68942550071196,6.191849502415781,4.208419577073921
459.0449403426959,178.60671627996922,6.181261536578356,4.210800557970247
459.62073936954033,178.60494987192268,6.1700851577588764,4.214333374063311
459.13857647705856,178.44243115597777,6.157566165899389,4.213755880345447
459.7137705057984,178.4415874052542,6.145442333239756,4.215443381792585
459.3125107318555,178.36143138699887,6.135690351276496,4.213301112333449
459.88628037427736,179.0117539543507,6.124053503263652,4.2108301911507695
459.48698883104305,178.93071928053303,6.112359756285944,4.210844172096799
458.92555132352913,178.8493924159798,6.102080424045255,4.211618708736347
459.4978265341072,178.76783607640382,6.089688340672698,4.212994482490591
459.2608646694951,178.7667417364104,6.0788941567956165,4.215183162477467
459.91273010093187,178.68563272094,6.066730306943134,4.215955316790655
459.6760177545782,178.686309476859,6.056330071861441,4.214601804952629
459.4390888669102,178.68415454991313,6.046901194511262,4.218911658844353
460.0870900834215,178.6847241520744,6.039093295358696,4.2177724545218425
459.8489616510354,178.68535254249474,6.032687526989242,4.216515673681187
460.0910756470798,179.2483811827192,6.030769555904372,4.215848442241446
459.36838115586863,178.76689825572404,6.029588445621355,4.214434234428281
459.5297779574633,179.41006336347027,6.02817247170675,4.2136145360343935
459.77212590409005,178.8477736551509,6.025438235865765,4.213616752043862
459.93440409393514,179.3291668034768,6.0221070708804,4.214506099506843
460.09722008090927,178.6867830346111,6.017628999307369,4.214658027737388
459.2973705868127,179.2474177743087,6.0122101439977955,4.216971038794096
459.85444642628266,178.60978486245816,6.0213348647407265,4.208492405714657
460.41235092912945,178.9349545679629,6.028787868733814,4.200017000240402
459.84712376835273,178.29713535182788,6.036171783134614,4.192146395764602
460.4046763502089,178.6218837011118,6.0440073751634396,4.184330129048857
459.9219316570234,179.02677357591188,6.047041496078727,4.176596433995285
460.4823597392071,178.3886804435065,6.04847522792586,4.170165674560669
460.001257172598,178.71291827353272,6.0492259625117875,4.162659613596436
459.44174760511095,179.03653485023662,6.047338273275876,4.155944645451473
460.0810486747345,178.39871400571482,6.048655778451378,4.151666690072448
459.6012183835326,178.72117348627847,6.048682216289363,4.146503825322347
460.16072093194356,179.12303583794284,6.048654840008079,4.142048922379778
459.6009768681167,178.56548791230716,6.049684424216446,4.138686230205703
460.23900520287674,179.04665839027376,6.051544827792937,4.134783079094896
459.7596340071447,178.40952422921126,6.05206897847154,4.131427080172794
460.3182919386842,178.81076353618676,6.0523405951520886,4.127225237478555
459.83848841033574,179.21265990361127,6.0544085999300385,4.1213817125619405
460.4755916101348,178.65557127881158,6.056395686281373,4.118889661955562
459.99615571314183,179.13521229721235,6.058190510895219,4.1166845945261485
459.83544138198965,178.65750594751128,6.060612527722152,4.115077357496117
460.4738644952721,179.29375324853456,6.059871653034856,4.118688107327161
459.91796206536077,178.89496055223321,6.054743508345176,4.118464210992459
460.4782882738439,179.61038398759572,6.050457279717012,4.122945296702028
459.84333917178105,179.2090822914392,6.044431075337833,4.128095933699612
460.40342234631424,178.72832354386065,6.040660085490913,4.13270312095425
459.84765580721336,179.3646793332237,6.035661622625223,4.136027589162517
460.40580957382247,178.88474584903057,6.035743398697363,4.138989435299867
459.84756237187736,179.52230533866063,6.035496631461661,4.14014608018363
460.40537861412764,179.04496634099365,6.036713296293881,4.137524804660852
459.7695729652807,178.80646573135326,6.032125937633884,4.1359515278089045
460.25008034507925,179.44603745187925,6.027688855529794,4.1322449900811105
459.6917287576372,179.4448919014429,6.029282619838683,4.134536090953822
460.24705354829047,179.36489293731515,6.034176175604323,4.135170713913288
459.68830546641993,179.36372035536917,6.035539122646698,4.137515877805217
460.2442418130764,179.36241505704982,6.040215280818895,4.140126474443933
459.7657226935715,178.9641240080897,6.039529263205279,4.138605025177903
460.4037740316173,178.5666186733159,6.040108002517142,4.1356898100983885
459.8463932657641,179.12704363937883,6.038050074213359,4.131659337982648
460.4063352310052,178.89024276139568,6.034301251580485,4.126917476299251
459.7738140586895,179.60869906099762,6.02484093768918,4.123820367933404
460.25382131037605,179.61057308668774,6.0195399608461395,4.120072316553137
459.6212486319771,179.53107375109937,6.012869814986688,4.120094049897723
460.1003903636509,179.4521968671718,6.007846716542832,4.118971090268857
459.4673807668475,179.45185212955326,6.003606761815609,4.119660565505954
459.9454098722085,179.2921251068434,5.999927758235757,4.1216548752116
460.4240677899774,179.20967681293874,5.994856267564263,4.127844072209907
459.79068542072514,179.12626094768476,5.991754562217089,4.135942497236388
460.26792015956784,179.04519234423685,5.990207900968249,4.139259234726105
459.5574628806796,178.96375336068226,5.981454634707332,4.143285221386698
460.03452908654646,178.96136927040195,5.980040782325085,4.148053401947298
459.4025581290174,179.03571691662637,5.973231516468966,4.158202007112725
459.88163607463815,179.03053562173517,5.9685282291777995,4.168564596895151
460.3608980030804,179.10531504412555,5.9640575806963465,4.178014620181537
459.7265575363038,179.1020145365693,5.959959944159872,4.184615635294073
460.2853883145497,179.1762652672542,5.956308630313201,4.195258494302156
459.6510763159824,179.2507796156402,5.950815134048818,4.205494484205016
460.2051212477291,179.3292900741915,5.958177958135717,4.207823951042426
459.64946246124634,179.3266632072362,5.952994377571765,4.213077684953022
460.2893043004133,179.48459264887308,5.949377529150562,4.216235509157462
459.73397340011246,179.56223075938982,5.943499630579565,4.220464959434386
460.37430030117844,179.55984874952887,5.938737083013348,4.225228979156283
459.8964023717287,179.6410243540438,5.937576181061239,4.2223705636016895
460.4543282700659,179.72141216375985,5.937721359106143,4.22102308341524
459.8969979076837,179.8021638138237,5.936525094553525,4.2189279246184705
460.454942516412,179.88178016923922,5.936124526005992,4.219050735060202
459.97596005675473,180.04327722156688,5.937980558634336,4.214759592633643
460.60907261927787,179.33057125784833,5.946226473099982,4.206391600619754
460.2881614734621,179.49351539058222,5.950865747924631,4.199094843555483
459.8879363594819,179.656616074356,5.955087791885662,4.191384749607611
460.60188645762787,179.7395228019785,5.959828586525201,4.1847536266883685
460.2821586846821,179.82240536300202,5.962705686302122,4.178133116169931
459.9618294349267,179.9837034872971,5.967048805651814,4.173694557660312
460.5966862325482,179.18888123451626,5.969904915258231,4.172626932160104
460.11862040532935,179.42938081782896,5.971456106990233,4.168917996887539
459.56021848187277,179.7490293428287,5.974847381215284,4.165856702709872
460.1154905107471,180.14783726254097,5.9777206244118055,4.163538935389014
459.55877682832926,179.51135529796676,5.97769486770339,4.163985011344056
460.1144611445477,179.83068842888042,5.979828212803545,4.161605593823654
459.55738494514765,179.98970363143962,5.9805282288045625,4.161704440933601
460.1110715481631,179.3553098083641,5.986692842554098,4.157877435906963
459.55559328089544,179.51493055842099,5.983902532363444,4.156849320000679
460.10959419246075,179.75668414706647,5.989233693787836,4.150484850376117
459.55087437290933,179.99804842435123,5.993513224958514,4.144824913491862
460.1051974072362,179.36367738003923,5.997824442382537,4.141615818026976
459.6269901293694,179.68237674094937,6.000203628612848,4.140240675875506
460.1823611593717,180.15970277471538,6.002594942982941,4.1397029292359555
459.62536572176157,179.60449745096577,6.003262126746173,4.136789885278369
460.10022189043406,180.0808070470145,6.007598512765386,4.138219416545121
459.6210100575446,179.52626593881735,6.011439019122639,4.133621280280851
460.2531024558,180.08492155650038,6.019886615559394,4.129863388743866
460.0094222603905,179.52981737605086,6.02981421736254,4.12606190860606
459.8492588165464,180.008471751441,6.0316790688588,4.124139266401539
460.48614497286843,179.5310443387762,6.031725105014609,4.123630330131239
460.16659172337864,180.08921701981515,6.033953367271235,4.121821882318488
459.76758410623074,179.61365645252536,6.03585261457648,4.117603832509343
460.4030324325249,180.25131242742162,6.038411599979469,4.115747520708164
459.92244130133884,179.77716818019297,6.0444552560475655,4.108897408861439
460.4768930714642,180.41564311354773,6.049722967608918,4.105286115651462
459.9975250674734,179.86104762992755,6.053338070273784,4.100169360022345
459.5161271978815,180.4990378258442,6.061195220173823,4.09744042056747
460.15129115597495,179.94285711005105,6.06470325779884,4.095195392568138
459.67434317020576,180.41769782360038,6.063128792992568,4.100984401814225
460.3898699122648,179.85760117554412,6.065931824943024,4.1059559632066875
459.9112747435442,180.25236254965017,6.066469845578313,4.113643478999518
460.5468821817508,179.61460601286078,6.071875994968066,4.112535526775383
460.0660814489449,180.09350381725997,6.075633373813979,4.112584004742906
459.74490831383014,179.533764326126,6.079187359766388,4.114176489525894
460.30334696774906,180.09207722667918,6.080756062514441,4.115996699005461
459.26972875887094,180.0104074567541,6.070178931133695,4.119504427383497
459.6686789935186,179.6122875159043,6.07093178693275,4.117090983988691
460.1472483327262,180.2496695584877,6.0720050702702,4.119942847825249
459.587270685226,179.85031983131404,6.073602278499019,4.119815097335804
460.06685208499505,180.48680186701034,6.073163769493528,4.125150079986677
459.4281661963048,180.16427143333453,6.07158181713466,4.130734082468628
459.9906982663017,179.759508578675,6.066083197237507,4.1405701345757375
459.43213981610427,180.39604193041768,6.063073853367663,4.147647710250137
459.9147204242632,180.15153806913753,6.058451982050707,4.156385760310016
460.4769388258593,179.9071414553968,6.055169276777862,4.164684374397419
459.9170224537446,180.54473222542003,6.053233099301549,4.171524459157452
460.5571754712272,180.3824369503026,6.055620369897507,4.175441683002032
459.99646656945936,180.0600556071153,6.053975803501421,4.178454443701406
459.989911751022,179.90255337098858,6.067085440376053,4.172533918817764
459.74689971021326,180.62573850070908,6.071422502915684,4.171224716610516
460.3126253993073,180.5439221160682,6.064213770297305,4.1742513936680385
459.7556437936575,180.46159673557204,6.054344911007325,4.1783547160046695
460.3193422349826,180.37933162272898,6.0502129607460144,4.182418522778135
459.84012483355167,180.2967458950603,6.045820150973405,4.187118709343042
460.4026019311009,180.2139149901344,6.044244682695683,4.192297843934712
459.923797029406,180.13173979878295,6.038587479580756,4.196103725553537
460.56939006729095,180.13041507477777,6.031577228951111,4.198753173563883
460.0115127333876,180.12877760796312,6.0241127151227,4.202028107193176
459.529138853844,180.12995232813054,6.026453122917649,4.1996786668583725
460.091565171555,180.13088476330987,6.024384913107199,4.197813796499728
459.53166112455693,180.13077144288675,6.021842884540859,4.198040437345912
460.1749036424804,180.1294387727213,6.017766465213308,4.200705777676832
459.61422807360054,180.13056227453467,6.017133006621096,4.19845877405008
460.1780301161563,180.12952498604417,6.011186779124984,4.200533351031087
459.6201227828683,180.12867543557053,6.00573264914339,4.202232451978367
460.1837470208764,180.1276600274014,5.999372428263458,4.204263268316669
459.6274133891241,180.0457080799507,5.991589629960009,4.208102868674002
460.1856029610954,179.88600840057745,5.995280579357301,4.207482200752
460.0283022816357,180.52504168607229,5.989770802843887,4.209860171493933
459.79197169680856,180.44247454064882,5.9823974438200915,4.214982952781523
460.35477515760016,180.4411296672079,5.976682171159496,4.21767269966335
459.87752324748664,180.51996465290708,5.971531350866456,4.219945168351653
460.3574354790634,180.6007304840691,5.971118853920848,4.218315500395627
459.7931245727628,180.60151564212467,5.980658452249053,4.216745184284476
460.34816805016413,180.60288679999059,5.990482488046613,4.214002868552628
459.7044236177325,180.60330002540394,5.997246457835259,4.213176417725964
460.10090206476104,180.6038016001604,6.005185772758047,4.212173268213002
459.53561220501183,180.60362572765868,6.013786556551429,4.2125250132164656
459.77868745111596,180.76504400021318,6.008891581498147,4.210525479544141
460.18160768763994,181.00624425556921,6.004608720491162,4.209059536056687
459.54345448389705,180.36526073685482,5.999134358913342,4.209245804421844
460.1038717768667,180.60660689381905,5.999300242254661,4.2069822630422316
459.5447397588643,180.84732633552719,5.996807735847367,4.205867612088288
460.10599528513677,181.088257291234,5.994660737971239,4.204161724104156
459.54751788647525,180.4479631240635,5.991675711493222,4.204818831243898
460.18553137710273,180.92719703922566,5.995305740409657,4.206093758548136
459.860493768479,180.2890363701444,6.005248812274568,4.2021508059453785
460.49822130384126,180.7699170542494,6.010739615396867,4.2010988431205485
460.0943462608101,181.17085975831904,6.017570516692484,4.200132619748112
459.7723409975435,180.53178752416378,6.020496689170291,4.196108379947994
460.4117080699079,181.0125397540733,6.0237531904755235,4.19609690465448
460.0071984080811,180.37311049404707,6.031283362523806,4.192572782138372
459.68228603414633,180.7771066891194,6.039694765162132,4.18634707353261
460.31809992841863,181.26076752710057,6.051086586004497,4.181290104610495
459.9128000112674,180.7000736590257,6.059357450883405,4.179417283567196
460.5529752413488,181.1823450655432,6.06348402874268,4.178232249048806
460.1480713379207,180.54084572700273,6.070280388679527,4.17641261105876
459.7425440053801,181.02481545173214,6.077961479766059,4.172521450393612
460.3854801990019,180.70024408625062,6.077898495128252,4.1787594800537615
460.46878038609714,180.69847366586853,6.072126584441654,4.1823003208179514
459.8270252827281,180.6970572055756,6.069236953498962,4.185133241403825
459.9092581544288,180.69603615086902,6.06557445639944,4.187175350816946
460.5504018438918,181.2592109040135,6.069541144775123,4.186298153416939
459.90527763931294,181.2598525476417,6.073172713485226,4.185014866160571
459.9838332884292,181.26021186537318,6.076922085861667,4.184296230697594
460.14786059728004,181.25820610961495,6.070678163386091,4.188307742214079
460.22996487326776,181.25785406539057,6.0673471126076635,4.189011830662829
460.3118040137603,181.25620243805264,6.064507712933243,4.1923150853386675
460.55113681508925,181.3385916504668,6.0683940814146835,4.188387317556737
459.9835401029129,181.34150316568093,6.07767704542402,4.18256428712851
460.38072008662664,181.34464411067816,6.087757483952266,4.176282397134065
460.8580300382744,181.34770053687225,6.098754543483681,4.170169544745884
460.4532512794886,181.34913190976087,6.1033082499610725,4.167306798968615
460.04863104730003,181.35049426774,6.107438755082735,4.164582083010376
460.6919997798016,181.3508917236195,6.109014175319801,4.1637871712514105
460.1280829803135,181.42944974242278,6.109499989838756,4.167720817138724
460.4487382365134,180.8625898183687,6.112678172396113,4.173585449071758
459.8030643074173,181.26200343604518,6.11388824193663,4.181094331626186
460.0430571411163,181.66135401104123,6.118132056901174,4.189442318905014
460.1259316438519,181.01199768824046,6.113995093374629,4.195258628948964
460.45059063857275,181.49121750307737,6.111260900025386,4.2066946934137475
459.80679663859354,180.91957330880132,6.104497188761679,4.217425334646483
460.1328380323108,181.1574790082757,6.099892028897159,4.227222156375346
460.6206073574523,181.31519490508458,6.096124618462067,4.23571410937348
459.9745507190974,181.31387948408855,6.091875187442269,4.238344951365543
460.2194567142048,181.4706748345791,6.08813709927492,4.248803518416006
460.3018960526052,180.81803436210583,6.085399342826692,4.256957100542417
460.4649145463345,180.89669070246163,6.083830718710953,4.261878601502281
459.8188065414721,181.05443725550427,6.077713001993291,4.270968927027624
460.0636726052283,181.2124200101515,6.0750286209996665,4.279701915412395
460.6351478137242,181.37235554538483,6.0692472117573635,4.284736275731223
459.9866223731491,180.71906495557965,6.066711730894356,4.291731093328442
460.15045302484253,180.95870799261655,6.06410093497207,4.300020780451599
460.5500474073009,181.03858250658985,6.078024015101286,4.302894121514171
460.0560619553275,181.1197660796355,6.088712529503793,4.303407373680188
460.5425255406521,181.20097873548264,6.09408874211253,4.304032625862243
459.96944872459255,181.28281304678126,6.0982469893784454,4.3035062011012
460.5402767675713,181.36319715195913,6.098965807531208,4.305934405618321
460.0520166321537,180.46309107319559,6.096002132509932,4.310425995742115
460.6218712096381,180.54337408219678,6.099228766452933,4.313136519012807
460.04931360731024,180.62334114852987,6.1007537203362645,4.316572422171251
460.61871222457467,180.7044276545749,6.106104682239917,4.317849152428677
460.0450888533703,180.86544922810992,6.108489235768137,4.322909487895893
460.5345213394203,180.86508879629676,6.111651633201211,4.323630351522262
459.8800185108914,181.0260554138203,6.110809649062393,4.329159026774263
460.372465576877,181.10889717647805,6.1087715405664,4.3272848387046565
460.94765316381984,181.18985443942603,6.104629645365203,4.329117924049342
460.32182451021094,180.88704432660407,6.102946535505701,4.327138458467602
460.34766292218677,180.86760645747592,6.089532518073893,4.3363724076020125
460.9250513113668,181.0258672580822,6.079998666614213,4.347063071218151
460.39278654854957,180.8447680707489,6.065947276974114,4.353176653287612
459.74616699496295,184.76737979245732,6.050982341254033,4.357177467231176
459.26287955911874,184.84924427002855,6.037370118602792,4.356813027811969
460.33014960498866,184.9283585187262,6.0238082576951975,4.361736702019141
460.9067225469321,184.92742381386043,6.011854454392262,4.363606111750683
460.6678924310312,184.7665858893092,6.000884199585801,4.359528303114329
460.6739409588575,184.68577517962567,5.988787143933209,4.3585063015608085
461.24865464837285,184.44281583910367,5.976461355398051,4.357095729535232
462.06662184846994,183.87374900508613,5.962855619500183,4.359599332563009
462.15463283254184,184.35818631099977,5.94890107169066,4.363129242741712
462.80856161358207,183.70957968887728,5.9363509569817685,4.365035039615134
462.8149522216081,183.79050437383873,5.923569740929674,4.364939722174407
463.3054195365026,183.87037272810034,5.911984901581963,4.366761312058098
464.03836770755186,183.86728795298998,5.898797414224496,4.372930862278774
464.205704622915,184.18475039446625,5.88674895773311,4.3832567277959456
464.7758828914743,184.58175181208122,5.875482002699458,4.395746451198084
464.7813358027463,184.01102599824983,5.864576180155426,4.407878010346339
465.35153212285627,184.24680941735755,5.853730056587008,4.420402536410185
466.0836215809012,183.7573539639568,5.84218047421224,4.430893887401596
466.1692176194138,183.3463435254329,5.832386993666924,4.445921782049918
466.25486513396515,182.93510871145645,5.8225865186584125,4.460918639531583
466.8248706296093,183.5732220003343,5.813703060467978,4.47740924245904
466.82902805926557,182.92176307350124,5.805388201155391,4.486544444848577
466.9958600031278,182.99904995171693,5.7952136290877565,4.493715346245618
467.48568361283264,183.0771511627233,5.7858022416920045,4.499218896235145
468.62367033346374,182.99486507548724,5.772952747064388,4.502139360233379
468.06531831957494,182.6718350737685,5.759137299604115,4.502188234963551
468.63617028647644,182.50912416142944,5.746479503131158,4.505025448975962
468.72279543708294,182.02404159238188,5.734374008744393,4.508321746114005
468.80927614911786,182.58806745105008,5.722425725883946,4.507362017243348
469.4584313452504,182.02446157678483,5.7106327008255136,4.508871069468061
469.7851991605658,182.02395810693739,5.699731611592973,4.509878009162935
470.51029495451496,182.0237830754426,5.6941124935105725,4.5102280721525485
470.3538972268217,181.943291572902,5.6860526055893255,4.510783405579763
470.518896920656,181.5437422688171,5.676679658839866,4.508315911451819
471.24285767903314,181.94313710242798,5.6699243546582565,4.510174140103817
470.92697165722836,181.46186370272375,5.661471531630638,4.51238363955641
472.0464723435547,181.463552726796,5.661945263466583,4.509005591411894
472.68137228333387,181.46482904435527,5.671465209517743,4.506452956293327
472.76128192280106,181.3861790920988,5.671665385661299,4.503733405728247
473.2386492673492,181.06835144181326,5.6768010654852,4.499475127019261
472.83997579907395,180.59016397038255,5.674208171331467,4.495922273035594
473.71565263524536,181.23266369286054,5.68165089927711,4.490047482834869
474.35308983137855,180.67721566154543,5.686050082895685,4.4815791665657585
473.78975502503204,181.08119909163938,5.693846510911939,4.472807438289878
474.5050547301469,180.5259631458332,5.701589709538583,4.464568411902801
474.262608243896,180.93003592662978,5.707081475629367,4.455424860994583
474.09999728391847,180.29467485231152,5.712831958513866,4.448261261348967
475.78062200826895,180.61829935739055,5.705431927111294,4.439840711628671
475.86060228908985,180.78188366673967,5.704928351073995,4.431586064139547
476.01908939511725,180.94422704415865,5.706584063540216,4.4255292338224805
476.57269245164025,180.22984044803363,5.714069717152881,4.421127297511437
476.41459243105,180.23224130478843,5.711700986911744,4.4163255840018225
476.41881231647557,180.23225972487546,5.7032612160606035,4.416288743827728
476.58106062752387,180.23222510579606,5.6968455419485,4.416357981986551
477.61731786613154,179.91181745972798,5.690597535651144,4.421398975378659
478.010646318354,179.514820634204,5.698591345378441,4.420741912254413
478.33037737810326,180.15031936282597,5.69529568740772,4.422077378066084
477.93343693409753,179.67478430155015,5.694111636723295,4.419069574182642
479.07293864859184,179.34736166329236,5.688741207681754,4.415709651980955
479.4130480871336,179.24570156326115,5.6799326609362515,4.415885315096117
479.7654800849306,179.16639002555547,5.671734835298224,4.4239392478051105
480.1011167627661,179.07173149871278,5.6691241388077955,4.425512527720507
480.44637527148694,178.99647896633647,5.671540806108384,4.426077584742442
480.8182631308426,178.9026913057663,5.664972227247593,4.433751817588599
481.1851223851526,178.7964589084478,5.6539865867555985,4.439169172115585
481.54115691748467,178.6750462365537,5.647031670024591,4.4433018988594135
480.19882986104426,179.30620347867668,5.635146410523098,4.449947119263918
480.12529825816785,178.82880292312186,5.623663664922937,4.453472522255186
480.92337878091394,178.27177330259036,5.611776009709883,4.458540390122832
481.00823287311346,178.90419197365114,5.600395298101058,4.46032283032288
481.3287946053406,178.43007873351266,5.591999779166324,4.459457392320443
480.93644099244364,179.06282075137656,5.586510672587144,4.458287488389705
481.8864813314062,178.6681533457961,5.5816637933714315,4.457941550088439
482.04765207868684,179.29955872484462,5.575034767649791,4.457980667350325
482.6825597663898,178.82908410679755,5.567261228487804,4.452398526261486
482.213882418392,178.35910491164347,5.559342689511271,4.447083681597583
