151.60000610351562,288.20001220703125,8.399999618530273,6.400000095367432
152.0275085588946,288.50254436666955,8.405300509147343,6.422703352294015
152.505655937533,288.14670020294415,8.380963612958492,6.435423283928848
153.09612066639934,287.43453289440936,8.364161618811426,6.462804944695646
154.93623064038152,287.4464550968838,8.412182876413985,6.438960539746791
155.17116200747344,286.85133395981745,8.409039362265299,6.4624047637916915
156.11005336540936,286.37680154957604,8.400807354777854,6.476694230082313
157.86930768171726,286.37583652111056,8.389313653778427,6.478624287013249
158.33475787084177,285.7928589964014,8.393040877840306,6.476294833542998
159.26545658314447,284.9684301690149,8.401050517128219,6.489421307409348
160.19766318813902,284.9615449634459,8.40873348900467,6.503191718547292
161.1130722057878,284.1554919800032,8.452744591439375,6.474822189916889
162.1554402259218,284.2731199879915,8.479078469114327,6.474129498156083
163.0777065145915,284.1669260393818,8.514176354423975,6.451563587544313
163.76311511019608,284.0640367486927,8.554083264013013,6.422221485456232
164.69162048558817,283.24737038634385,8.579065967259394,6.408809937877063
166.54613765636807,283.3758816418059,8.636593502528278,6.3871975442547635
167.48431605845246,283.38495979328144,8.647686628255586,6.3690412413036395
168.42002898360576,283.15425573845084,8.662679064767076,6.358844779260284
169.22977197005798,282.4520323764338,8.694233117463511,6.348114338493632
169.33048607912184,282.44387556126986,8.728970850342767,6.364427968821425
170.85034754655996,282.4475142944544,8.76974095591039,6.357150502452441
171.78519555730907,281.7316257747965,8.799725777254254,6.36416690963663
172.25108293527737,281.8468611316477,8.820071649598809,6.371726353004506
173.905109372486,280.8870397769386,8.850499573816375,6.383665748917154
174.63672798705753,280.511271064106,8.821985380247362,6.417841656795285
175.57650540824173,280.5165110111906,8.856426778084563,6.407361762626156
176.40967730308026,280.5083736511401,8.867281929101056,6.423636482727042
176.76310255013203,280.2734705039398,8.880527118251996,6.413378988291396
178.5440246867771,280.50517095301257,8.919645725538892,6.4301064742226774
179.3761231715101,279.52260412322926,8.94197445403117,6.46778219326562
180.31723099734182,279.41112207527857,8.994879344906876,6.44885622134957
180.80091736067453,279.16144076784565,8.997029743315078,6.46345727367867
181.88704120643567,279.8829023682393,9.008664121788023,6.4764554528881035
183.33553849850128,279.03102161873517,9.028193523625532,6.478911293414512
183.46308228169,279.01851685375186,9.016485957960079,6.503920823381167
184.55273959326462,279.018266978688,9.02969591857823,6.504420573508826
185.77264704386013,278.64746141533476,9.028104144593803,6.514564762053426
186.8769126678604,277.7898038546963,9.015257514972053,6.522125180146816
187.84507332635258,277.78527136707544,9.03009158497391,6.531190155388413
188.82893778810006,277.7651845788145,9.016509434889427,6.571363731910361
188.93452625349713,277.76477304343854,9.050054636193407,6.5721868026623
190.9155107084846,277.2686156981136,9.012000471231513,6.583522807058937
191.66550725277023,276.4105647163626,8.981126962612201,6.585651927283521
192.0234681893592,276.41734868797755,8.998463312675472,6.572083984053656
192.28941183218734,276.4235327565196,8.955496093218233,6.559715846969568
194.22708411282375,276.0800859397191,8.977827070306505,6.51579531712785
195.08613225354483,276.8232250810546,8.96228963560758,6.488853188808251
195.33876250425533,276.0963073072667,8.942117936879228,6.487422328306063
196.78143099591028,276.1088679714038,8.963360086357541,6.462301000031827
198.37713068698415,275.8616661886881,8.919575668894815,6.47245610935786
199.11363122072257,275.4982248194343,8.896337352363194,6.474457472392796
199.73125702782696,274.5437846582148,8.867622787359153,6.452878516104352
200.58797436507913,274.43540285000654,8.837809609415663,6.4291247758692025
202.2754303916655,273.96967100158474,8.818346469489384,6.401888783213891
203.4854795098114,273.9857048273715,8.787571542033305,6.369821131640398
204.33178050636388,273.8800776023976,8.76054061479064,6.343136857893623
205.18389496943576,273.41175019246737,8.71594393753349,6.3314303926759985
206.0146777530149,273.6618711755151,8.70792901925884,6.303631469118705
206.72259982959218,273.6764769503607,8.705944529907907,6.274419919427434
207.20876104369532,273.7917139932698,8.674154328526637,6.279078890315529
208.9662407002751,273.8066375651945,8.680109194145397,6.249231746466198
209.80361930890095,273.581661202441,8.64564296997031,6.230529902522714
209.93422574645268,273.4682147343608,8.617927431096733,6.223925502453246
211.44850351581172,272.6657520337675,8.617963446475592,6.1980708360491805
212.50643970008207,272.67545331416744,8.594987462321319,6.178668275249243
214.0169766996612,272.68190635834344,8.588310971996354,6.1657621868972425
214.26688650597654,272.5752267180312,8.55161790166632,6.147558196371422
215.08571426329095,271.66078344059866,8.528917005478503,6.130782330161059
216.81550730190258,271.6743373170941,8.52064882988447,6.103674577170171
217.40743013252361,271.67459492843057,8.484386314461245,6.103159354497245
217.65570805373267,271.0026503710904,8.445747840283707,6.073296364455762
219.3824190494788,271.125662745027,8.410555361355538,6.055153584086891
220.2940907466262,271.13417205647403,8.40361373001206,6.038134961192816
221.75898689639112,271.1479972918104,8.420468101347668,6.010484490520033
222.79421928886163,271.0406777083307,8.388192338965089,5.998658210528526
223.69425281921306,270.2643333204482,8.394380968744674,5.970873257121456
224.37526271774954,270.2754827994679,8.384870341913997,5.948574299081949
224.50698811118735,270.27741261555093,8.346326449849252,5.944714666915983
225.6328601461381,270.18008956055434,8.337181253915013,5.915100889512334
226.77140734981978,269.7458625726088,8.296423363297531,5.889020258705083
227.9042484035837,269.7609292785227,8.256612357044313,5.858886846877281
227.58716461803553,269.7790922122706,8.226315553317978,5.822560979381462
228.49506241144906,269.7828633558696,8.173968407038569,5.8150186921834575
228.83818980965876,269.5664255300783,8.146257310461381,5.808865210537946
232.4219902027469,268.72273750619286,8.121504335668844,5.823900033493251
233.46367875094455,268.53497016961194,8.118892960301899,5.809421794400896
234.45887439416566,273.01732686691867,8.095797526701547,5.8068339516227665
234.46352920905133,273.8917189402604,8.086487896930244,5.803617530343352
235.8899823874441,273.7842432207517,8.067607461504714,5.80056697540985
239.27309740457628,273.46303584768447,8.049014378605747,5.7899845972187
238.62794297963237,273.2511983753368,8.036063942910074,5.779239780052859
238.96116602912898,273.037889268521,8.020128543997474,5.772184193630765
240.68851949672168,269.9444705092443,8.016978619138126,5.758563885663798
241.70937416776584,269.90198572584967,8.004895843906784,5.753737401474175
242.7587578494384,269.8764925925537,7.984974658811104,5.747895054954713
243.83487182069473,269.85718757345023,7.980276747452427,5.741496861979706
244.89945323033277,269.8372719752424,7.991261521474878,5.735720468794056
245.96188152047927,269.78594055308594,7.984001976453839,5.729083782116623
247.01866788856722,269.73954623412357,7.984548905446698,5.722425424221561
248.11695342975713,269.6780298685293,7.981364412681204,5.720081280719992
249.22771545267108,269.6316953697086,7.994900518282234,5.704765659282128
250.34643103068015,269.5878712935878,8.002094604209637,5.6917971800250164
251.4852959616272,269.50872107603954,7.9773323336932505,5.721234410506601
252.62505705261236,269.45100430313846,7.957728883696728,5.746042676771338
253.76627597305728,269.40344229133484,7.928797947926306,5.770329711061312
254.89199317272497,269.37242860916166,7.897289389984088,5.79528666185712
256.06340330400394,269.35557569818405,7.863902207452924,5.817880080875483
257.22521890312163,269.3425574594502,7.856559796277924,5.8375925813507
258.35335708995376,269.33872782626116,7.850891135507721,5.854585668328971
259.518132362332,269.30036508285707,7.834819004668663,5.886451792831457
260.69623962443467,269.27344902493036,7.815927032231047,5.913433608774626
261.89739137275313,269.27287469348863,7.8228217858219615,5.907535887655972
263.0783454087093,269.2715683012882,7.821873828393561,5.9131137421278135
264.25737036961664,269.23912443482783,7.824137779078482,5.909666831020863
265.48860103571405,269.203523437766,7.8116714702041525,5.922059860185165
266.69963693938934,269.182157564611,7.824607015131106,5.916598736222157
267.8942973571914,269.1413903711547,7.814980277454725,5.892335309468456
269.1235832082157,269.09330054543494,7.818971403417154,5.89652391164412
267.8234498817614,261.4413173788681,7.833706508384133,5.902761919456405
267.8412860333502,260.6940781550508,7.798034205206536,5.886728870353671
269.44842773684866,260.27964149637734,7.808480110141031,5.855674371185634
270.8325939088103,260.72587718296967,7.830382663079304,5.821736812419858
270.4001012548389,259.98994662701796,7.837722133161054,5.792717708066571
272.21647848264655,260.0060907456108,7.843779843179227,5.76042947088095
272.95774073429607,260.0198875842757,7.856529211290952,5.732835793551056
273.1644758047349,259.8213336764083,7.86976194170668,5.703240737992584
274.54520555169387,259.51773082329515,7.878163547140923,5.671247728983776
275.5001777393639,260.1713342086612,7.882229183231356,5.640047632538629
276.45399300561104,259.44373826479926,7.884543723759324,5.6097266856898305
277.6225715722057,259.67065329630515,7.87665822273827,5.579400555799549
278.45631016375586,259.6860941717451,7.898244955133173,5.548518804919647
280.1398215606321,259.59334912653907,7.906426116386564,5.523058648143919
280.7775102292367,259.49985863376065,7.894970740691699,5.49938597344828
281.0957845008851,259.19395973722504,7.888691150005802,5.480914813908695
282.3726012226892,258.5673131300402,7.851333472514575,5.4760701452199845
283.92814509094546,258.6859129800105,7.875926529984258,5.447915831544856
284.5591459854613,258.7973504623968,7.867633706614759,5.43399236104928
285.6149773568534,258.06675673824867,7.841931957982726,5.4350071134392115
285.72375624307244,257.9737015111972,7.832599127525074,5.412892625561707
287.28714883081796,257.9792319087053,7.82159069960648,5.401831830545495
287.5926260592976,257.9843791469686,7.832744453849519,5.391537354018797
289.14491527366744,257.1668468643166,7.8386771330366045,5.367662661761837
289.56658002612613,257.2847704385487,7.823594519285458,5.338877236089207
291.7338052559126,257.19351365670855,7.822654351863763,5.3150331668099735
293.07148354078237,256.6914798155952,7.82462653604695,5.289359020604842
294.0970632427048,255.98431567139744,7.8289908007344415,5.264820741027614
294.72237174844844,255.9878451029584,7.809639219855779,5.257761877905721
295.64748908836503,255.99215189805238,7.802627039305937,5.249148287717754
296.47912293106793,255.89497197308606,7.775791376496014,5.238954134825894
296.79627580656984,255.79306459755514,7.753428361918139,5.238787973745737
298.118325632859,255.2917830810637,7.756668099715725,5.223143548891748
299.9534848960362,255.50683732825718,7.748102056599927,5.199896441531334
300.3690424196034,254.6985969456291,7.728650579980245,5.193050065758019
301.80110092203046,254.59924911629594,7.699667124430618,5.189236185188269
303.43127820574904,254.09518663956334,7.671472978880784,5.187311006813726
303.53719888093997,254.79795540386604,7.661185244766665,5.192648792082703
305.0591555210507,254.09238571046822,7.63958003957388,5.193377743865031
305.97872056428736,254.19254491580597,7.611014438093209,5.1942331648554125
306.9903908282965,254.20097795972023,7.595249359497439,5.177367077026887
307.80555931569006,253.7030637641819,7.566836663500851,5.171992793859471
308.21459118613916,253.61523201371566,7.5476659670473625,5.147933033680763
309.7236263195594,253.12916914747163,7.5151323630425635,5.124879878556952
310.82559176413577,252.44485936794143,7.491000482444552,5.10635461399165
311.41710643883897,252.55221339644945,7.492928827355247,5.089139506028458
312.9112315372514,252.5587692251757,7.463229411342643,5.076027848575972
313.60350108913894,252.46862532240036,7.454693986517539,5.059743699990936
315.2791786274974,252.2751612691868,7.43828760521181,5.054324901075505
315.97637047116973,251.5947358455803,7.414759235543031,5.044320430612717
316.5609629647316,251.60125135217538,7.417471306281959,5.031289417422566
318.0343137861444,251.3164637576048,7.397885213540421,5.015441496546889
318.4301341549588,251.0344602023846,7.3845775666446,4.9956987889376645
319.7021773580654,250.5533989397961,7.3632122724576385,4.987543963335351
320.4828004854651,251.13658454652403,7.3507538669043155,4.982763636814009
321.4440519174517,250.37165738016938,7.361566795308314,4.965965335621496
322.3148010394041,250.37891297242334,7.359010591028781,4.951454151113557
323.5616947102587,250.29192332174736,7.373397733740569,4.932496953663917
324.6163849928343,249.719799404173,7.385237315249639,4.9197156179070785
325.9746848144226,250.39521094173926,7.3678918364332535,4.9185196249546514
326.7475929652752,249.63210931796152,7.362260971137498,4.9045374361005525
328.29406998962867,249.63253869341995,7.344605396716969,4.9036786851836895
329.63723024146407,248.86962761786225,7.345254559691224,4.89408959821622
329.7453919844658,248.77407904241147,7.320707891422081,4.893409931383385
330.4259855987203,248.67955498232934,7.29929547127363,4.8910616503532385
331.2788414950079,248.0204471589671,7.312901487741656,4.8720301122662875
332.9026898451269,248.50356167045416,7.310908631320758,4.860419866885366
333.6685231085599,248.60279109722055,7.304848525209603,4.852661815946939
334.4387355757464,247.46384670897157,7.288269404675105,4.844781871687119
334.5449586441601,248.32699773323316,7.265923779647406,4.829384429360801
336.25274856889524,247.6680101586929,7.26149933194467,4.82079914442054
337.7646441870582,247.01018756643165,7.266498241801659,4.811348639988043
338.239863417125,247.0186960162592,7.262146432927021,4.794331740332978
339.8390099843974,246.92791693750277,7.274623353064755,4.787021071099814
340.50352774710916,246.74178853734546,7.268129510789045,4.781408819086493
341.1597686855398,246.1823398582146,7.276852668938531,4.767844718767653
342.48409744602765,246.7458490541624,7.269276057030013,4.77271814504367
343.14516589303196,245.81234457048234,7.267451698381719,4.753566347603286
344.5575997368314,245.81345298485402,7.266628853722495,4.751349518859928
344.45979265309734,245.72001239536968,7.27402265242503,4.750010329063044
345.4964501108901,245.16207648339756,7.272106719821338,4.736028162289987
346.5307071208131,245.2605412851783,7.272111650484109,4.727145736047502
347.2792408773148,245.26275295970012,7.27823723848075,4.722722387003816
349.4475449519329,245.17267009776774,7.263725167041786,4.714970890094856
349.5465864037394,244.89827750034763,7.253212571994747,4.701045159237252
350.67494583838374,244.24905851600334,7.242658125167174,4.68922054815682
351.42736468630585,244.6260367013633,7.232419127546206,4.682563526548536
352.16662703443353,244.72607815906127,7.24637648865822,4.669040868323511
353.94119944404713,243.7981805871979,7.241562534297982,4.659398714751881
354.77511665582716,243.43291545317797,7.250523373475368,4.644686643797313
355.42252321081315,243.99863128593745,7.259103473304727,4.630449158108096
356.17013095888643,243.4422065927543,7.252603992442138,4.6267615330114715
357.6572941667136,243.91130166229848,7.25316634984205,4.618224135502536
358.31204659121613,242.79970205449425,7.244234867427387,4.611869008384665
359.7055936556864,242.7096048520327,7.24048419049628,4.6065071831737985
360.44075006356684,242.3432368537832,7.253454689213774,4.597601522433655
361.1014701532263,242.34634450362168,7.230202898524182,4.591386222756667
362.5021602149425,242.34763288193707,7.203876812603293,4.58880946612592
363.15237704147535,242.17085588141262,7.195408866941757,4.5732304079164745
363.8012743313255,242.54279718016224,7.186868785184009,4.5660646663844044
365.2709387511714,241.71674467371133,7.1904446056067695,4.562785807971817
365.45940200136056,241.71734655772218,7.181378472607512,4.561582039950132
367.19870953069477,241.08227701841997,7.194476855743461,4.545300376837157
367.8389558828156,241.3619850189723,7.199868922229107,4.536977848901373
368.93421930443316,240.6325929897443,7.213011049499155,4.526649260353893
369.2086639045222,240.63804920101373,7.21510930765079,4.515736837815045
370.59622987524057,240.5451525491787,7.192641247361592,4.518019216075248
372.0568634074129,239.91062757693513,7.202788879659729,4.504575230781235
372.42306156333825,240.0016862322183,7.202951412490898,4.505597631385363
373.15948232156154,240.0950689950158,7.195384151358829,4.501991387704689
374.2691609714898,240.0993380635578,7.1718559530533454,4.493453250620612
375.27545671745486,240.0148811659428,7.1666661906976135,4.479875979525741
375.913748767387,239.92919421085065,7.165383357879117,4.469063994417734
377.8186114983847,239.3869311906154,7.177351436050722,4.461677594840596
378.0964829573654,238.83692805079912,7.1677291529410985,4.469442604769479
378.54250159675155,238.92988157705395,7.185825845704432,4.465562346566993
379.8992333741005,238.93568081509895,7.205841341274815,4.453963870476991
380.4439948979864,238.75874750477584,7.210334234923021,4.443158510649832
381.81525535118965,238.1249824205534,7.201136101861088,4.435138051533969
383.2809709226936,238.21717716819157,7.1808975193875195,4.432698091291064
383.3815856646581,238.21495094377622,7.161274627580021,4.4371505401217854
384.20712095957066,238.21330530003587,7.1427006544687925,4.440441827602462
385.20033425825176,238.12933838214877,7.14910517486537,4.42720919812585
385.93454632005876,237.94532670118872,7.129000718942076,4.4331526431233055
387.47605842050467,237.31073804687242,7.1202494494011574,4.436452862376138
388.3761897005707,236.59040487846462,7.127629589585823,4.431005038938348
389.19872150227496,236.59335630850222,7.109613638839423,4.425102178863147
390.1073945411498,236.41477378348122,7.09641760195839,4.421437220731419
391.01388249804893,235.78497369149386,7.085006164939213,4.419942270960873
391.2887391175997,236.40934966405757,7.075175726939299,4.430916861737245
392.9125201750326,235.69287466132647,7.067579393065125,4.4238820756476365
394.2700728172498,235.6918435963605,7.04897402872033,4.425944205579511
394.2811306167331,235.68985669156407,7.0268584297537355,4.429918015172403
395.4379540605129,235.24487461942317,7.043580615956441,4.423586361853342
396.2440087923474,235.8730535821837,7.04609877474907,4.423049920469225
396.7017498098564,235.2484625131459,7.027775319749971,4.416210046518546
398.31500641318223,235.51637115209988,7.024040234544883,4.417522455518311
399.12841203947585,234.35952528177597,7.008313464275879,4.404092166150955
399.65841243733956,234.26950763244173,7.019608363395703,4.405578182344901
400.9091165152816,234.89649082886834,7.020602224756111,4.402812798113955
402.3454477390857,234.27435244004675,7.0073238929129245,4.396109025109827
402.1728990992311,234.71726003571638,6.995619747756147,4.402297395936074
403.24529932280007,234.00545897253969,6.990772860361183,4.399263815794062
404.41150622320794,233.8308945415685,6.975039470263412,4.3919803068567145
405.13247672321387,233.65700126753944,6.955890172647543,4.384068929315906
405.76114494670804,233.03864363848436,6.940564759840877,4.378773153244447
407.1008370958023,233.65851199308278,6.9178650326119815,4.378822577162066
407.0192528356957,232.9562565235513,6.904259905848348,4.369144340409519
408.961199044797,232.3414004403929,6.90134654532382,4.363999533828699
409.66755704311265,232.96234542073506,6.898858050866844,4.356058637546816
410.3731881472361,232.26093282206907,6.8964619797524245,4.350017697746287
412.1303476608228,232.2688488980318,6.9015684818244,4.334185545820862
412.8350228205457,232.18859588559812,6.898477299476905,4.318909178550859
412.57308486437967,232.10842572640516,6.895912759857397,4.303769346286267
413.802478460437,231.58705500380498,6.889757137613531,4.295382975827834
415.12067828021486,231.6812945192596,6.877687904684232,4.281859305360309
415.81979808672884,231.94841206912608,6.875834191564538,4.2712689180929
416.5154694948378,231.08317393651146,6.879234162205528,4.258316699748447
418.1736864059499,231.00007716822978,6.872147639995703,4.250334062626874
418.2669187165537,230.826268640704,6.859619383348937,4.250078388556807
419.4876871677985,231.3497298996686,6.850513651884739,4.245626372495699
420.27104585550455,230.6587733796381,6.845606066252976,4.239264043863064
421.05312430747745,230.75069072763733,6.841638310402422,4.228783697652938
421.92369467047655,230.75089175351,6.831689016355489,4.228381645907622
422.6169095763333,230.66666158964472,6.828970464604604,4.223878066142871
423.22572879700726,230.3219823422621,6.821265988051911,4.221845723882264
424.8660175702694,229.6330149003758,6.821961760754684,4.2181918416645106
425.47057637588966,229.72461927184537,6.821377500213611,4.20763072025388
426.5976225291386,229.72286831350914,6.809284858139618,4.211132636926321
426.5119595481856,229.72630115902945,6.808270934493498,4.204266945885698
428.4086441392252,229.6409346966955,6.803509551716816,4.202790425130792
429.10459380777917,229.04343850961487,6.78851898159518,4.192987628179049
429.8813208458996,228.36301454387478,6.78059220318952,4.180033517139082
430.66201701497323,228.36508606655505,6.761704217959062,4.175890471778513
431.0110396333145,228.36421646575266,6.747810802120501,4.177629673383317
432.55439136841727,228.3598151502278,6.736584127120765,4.186432304433026
433.75658825432106,228.3551735292629,6.723950239762834,4.195715546362804
433.7629021340809,227.67733033289701,6.711322480243257,4.18494542533845
434.5375973813566,227.85297781619917,6.695872203244256,4.174526062634705
435.98787279780635,227.9439827624898,6.6858698565648815,4.162548433948684
436.41841805249214,226.93208451875745,6.673189075957665,4.150161572378758
437.7759030679034,226.9273973254792,6.6667750123000875,4.159535958935232
438.97024920088705,226.16452287734552,6.648929911706787,4.161168820319288
439.5651090719406,226.24552551945203,6.642959308266255,4.168270555915761
440.7500524578598,226.2419904557716,6.640988327341379,4.1753406832765885
441.4297527749444,226.16195328804923,6.63539454993936,4.166189161625402
442.6198897120256,225.8249293757401,6.620965299551186,4.1642813794510545
443.29217429522487,226.4174796847178,6.626326193381609,4.160369564195977
443.8779914549008,225.83101938435712,6.635982769457192,4.151999269489868
444.30237420352864,226.08871341715073,6.631016480770031,4.142890729043803
444.89103418110284,226.00653105240784,6.633426943740145,4.1387225416554925
446.837494691185,225.3349303233601,6.61598336067126,4.133931847717736
447.7561833370978,225.42239748181757,6.628345231296865,4.127155636480206
448.5109229635617,225.50932307836987,6.632927765606716,4.121533530846458
448.7677435365,224.2529163871303,6.623896151962924,4.111299252161182
450.1970188357929,224.92974454539777,6.619587219784647,4.100815484523938
450.28941049337953,224.259275601806,6.602460158891442,4.10050333746701
450.9666236236294,224.4284871646549,6.5871966036366585,4.096870888080376
452.311497976815,224.51184044187545,6.571151546731841,4.097270811730964
452.817860374808,223.92406178299785,6.559668178605529,4.10471313031649
454.90956371676856,223.9239715211805,6.546932372566195,4.104893653951194
455.4987684267292,223.8364913896683,6.534999849908487,4.113214360223675
456.1653440260508,223.66738329178324,6.534653699482022,4.118229293939584
458.1723070491814,222.9991055296606,6.521034674189373,4.121349144528652
458.5960847770893,223.1643226927426,6.506119472519614,4.123970920023
458.51766719956885,223.16384222136332,6.49660578935665,4.124931862781503
459.1906199882593,223.16214160621553,6.480480867630091,4.128333093077103
460.51765232082346,222.91716909114248,6.483026905099001,4.120163616486229
460.9284991039237,222.34011481861256,6.491031453600785,4.112694800962888
462.41956107974227,222.51004786700167,6.495726836479993,4.104697519131005
463.0815210243906,221.2693872270406,6.4987730712123986,4.097957316498551
464.82109234539007,222.01875688907072,6.501502909449206,4.091449055396408
465.4821348217145,221.69174723041678,6.505299959686309,4.082527371261285
465.31572819038036,221.36510826268622,6.506828189053993,4.07323524012109
465.9745865426674,221.7813683126796,6.513188282642141,4.068263138985751
467.38535436704353,221.12291053442308,6.505513886780856,4.061008694138332
468.0389808617682,221.12545855360338,6.520540484181026,4.055912655777737
469.27144232690836,221.12700980682652,6.536975753385744,4.052810149331435
470.274673301512,220.4662101738816,6.517920033010749,4.049471929333081
470.8482866755958,220.8000708693312,6.52762997542847,4.042857218768288
472.7518112417177,220.13892958502896,6.522724346416371,4.042655090596506
473.2536443147018,220.21920138546224,6.510462017569397,4.047345459250174
473.25958441074914,220.21875477541684,6.49858182547458,4.048238679340959
473.84080020302605,220.21734534325628,6.490920703341439,4.051057543662091
475.08454451345716,220.21560364386622,6.476933097397038,4.054540942442196
475.914984831056,219.64370305041803,6.463547584019281,4.045095544064642
476.9092365057919,218.98377771159068,6.447738156869354,4.049816940171355
478.80223622680666,218.82192971417618,6.439121694829744,4.045044849783844
479.6192774759883,218.74218450034977,6.445292100802781,4.040509987002992
479.6222469053402,218.65712598525417,6.439353242099071,4.04658550869827
480.7790077185133,218.1679234752704,6.422595553848037,4.040663126625038
481.5155938315165,218.49720688159672,6.42276693234203,4.0369156937503385
481.92308637379114,217.9247412347436,6.426004953939041,4.036334638851847
483.56546340489575,217.92297093423252,6.414916569365553,4.039875239873972
483.8113147848085,217.92182077006078,6.413944353463115,4.042175568217501
485.1968068207507,217.84207493799116,6.424174610608883,4.038066389472593
486.59529935293205,217.35366240069544,6.409833575252218,4.032781806767802
486.76689993861135,217.6008677140785,6.393396463745512,4.028517269779452
487.99455064744797,216.94611595374528,6.384067899419113,4.033501935327544
489.2197574917229,216.94751288527692,6.378786814400748,4.030708072264235
490.43961831607265,216.94875523663907,6.382311398783804,4.028223369539966
490.28401737319155,216.3811394802222,6.36772491241804,4.023195579925537
491.9181077721136,216.70709637452202,6.351381434083512,4.021649255227776
492.2456650161035,215.9740497915481,6.34555307914505,4.0268486218326665
492.9008420162103,216.05139304131131,6.333769919734439,4.034483477406553
493.068253113839,216.13010420190065,6.323493218420728,4.039333903199756
495.347022936314,216.04881144780398,6.307553999835363,4.039719396165775
495.43403150620054,215.47862320502307,6.295504654520316,4.046321320521088
496.7343878072076,214.82915474047132,6.285153985551104,4.050077283102088
497.951994021028,214.90963668965665,6.27702056562899,4.050918651912671
499.17186970312184,214.82741605400463,6.262730653462713,4.053662493081945
499.98724650293,214.26473828982114,6.247267406822068,4.04831477436596
500.71004144731955,214.83324706192786,6.2525493352990775,4.039753088018318
500.87058237012684,214.27119737852294,6.253756057781392,4.035842466489008
503.0221442079293,214.01755139596912,6.25163309184223,4.026453071003844
503.9104338663921,213.94077688631106,6.245047400479099,4.0190935789051885
503.82821494335803,214.344146420196,6.248798308665211,4.015789200545174
505.19179214275965,213.5449560764024,6.253338932703946,4.00729046293119
505.99136842365044,213.46417845007576,6.2603260276762525,4.008231749909027
506.3958265972735,213.30349181181464,6.2550813367341,4.008136363909655
507.6015393538984,212.82670612438426,6.253468755016762,3.99778256615745
508.80906872393814,213.38873021056276,6.245265075595913,3.9969334221078885
510.0909017371268,212.74592882721234,6.246718627938955,3.9999763994486175
510.6542166263864,212.74905931237555,6.24283702334649,3.9937154291221915
511.61690732367356,212.6693658870867,6.240213606317673,3.992872448237706
512.7378481344916,212.11306858200675,6.240802416073769,3.984231842701426
513.3039025894664,211.63524225560303,6.22897935635281,3.979639481027352
513.8604103789821,211.8000607968702,6.234473164743627,3.969576509185091
515.0566637775509,211.8848136053786,6.237481783695929,3.9597719199076526
515.1429364682274,211.80807717628915,6.224518434798662,3.9536627456308477
516.4937683983591,211.65341192484982,6.230714041616129,3.9444215464999144
517.932613595241,211.09501101460006,6.21905370059609,3.946656124265837
518.5765439691876,210.2206506122661,6.203887765186163,3.9454215617691846
519.3748939241304,210.54051950436795,6.195580500053305,3.941040835466613
520.0146480567838,210.62091672879555,6.1852055662684435,3.938888053051646
521.2072522483439,210.61971228251497,6.176752988413891,3.9412969456128097
521.844715517663,210.6974857815557,6.168739638422818,3.944114096112179
523.1173307093687,210.69548763692762,6.1561696533951915,3.9481103853683726
523.3610928792667,210.2984305914051,6.143154785989051,3.9513753557637874
524.4674526920319,209.58499503451904,6.142846879257895,3.955981793165055
525.0997408462383,209.8194472633966,6.143084358444422,3.9613825057597953
526.452088902524,209.3491333536344,6.127711045124153,3.9528375726073133
527.5623865865292,208.79986274754143,6.116629518188443,3.9466218642559396
528.4305072362846,209.42996605967764,6.113466576379417,3.9468358637665086
529.2969981175237,208.88016870170372,6.113081040222667,3.943869344782509
530.4776760075993,208.8838238392131,6.11352697216781,3.936559069763773
531.2681893125115,208.88208854435106,6.105881075356303,3.9400296594878244
532.0609956909485,208.80471469693896,6.093082766755906,3.9374959094846527
532.6158813407909,208.7285271314276,6.082642803907141,3.932823706673666
533.8675117355212,208.7234830118728,6.088387905206871,3.9429119457832758
535.8324044030713,207.70450543507422,6.085286078670659,3.9389916749271987
536.4552071482584,207.70595640617543,6.095323981289317,3.936089732724765
537.235196422333,207.39562679828242,6.105919976096109,3.9285191313282914
538.0979117600132,206.77086507956253,6.108477436462002,3.9213239246036875
538.5744955884476,206.93181707134852,6.0973575222920555,3.9134358552646606
539.91407150067,206.93476497152423,6.082269145673045,3.9075400549132526
541.170948577197,206.86002111087623,6.070676751742679,3.900642666264009
541.1712279860152,206.78089369132837,6.070117934106187,3.902801265583162
542.5050178935401,206.55041679575177,6.056644826772124,3.8953832847865395
543.9016023479901,206.16073947454512,6.067843193745631,3.895747017234976
545.7020242976606,205.53719022800846,6.05435558728248,3.895069408437733
545.7854041993355,205.540409426082,6.043354426712769,3.8886310122906846
547.1119860960584,205.3895402030277,6.033457637017833,3.8793968697226324
546.5737314462077,205.2390105714815,6.0236803478234755,3.8700885359877426
547.8949404918721,204.7002555353033,6.014253678865683,3.8634256697207023
549.2896936006616,205.16738612914207,6.008075550533761,3.8569405117921125
550.0661455829832,204.55399673585478,5.999456158395397,3.848291640362963
550.9191817399783,204.78912491078708,5.9890872696116,3.840499861009302
552.7714373814987,204.78883586556478,5.977440868428606,3.841077951453909
553.2383139809227,204.79012846246164,5.965915145362161,3.838492757660146
553.8514260961514,204.64048097633986,5.967600760668125,3.8308102684629226
555.3098545713733,204.10578797210448,5.965071297800523,3.826496676247744
555.6199334669255,203.41827574894452,5.958016318826757,3.8220397952735397
556.9967924977257,203.42133158298054,5.960018528540868,3.8159281272015004
558.7595602931337,203.1195894459612,5.9540218296092124,3.807318680912429
558.3055358796636,203.1985387736337,5.945332218311406,3.8022097652738136
559.4503570767768,203.2740151113332,5.944303325702928,3.803831323315984
561.6416451770128,202.69130601700593,5.9347879231438085,3.8040271923935105
561.7156907469289,202.08090341368612,5.939143490865016,3.8052587386063306
562.4763123337775,202.6906608389765,5.9432254860653675,3.806004023143535
564.3065123624167,201.7018299960499,5.945371868712253,3.7997863873704953
564.9926293989209,201.62635517556646,5.945946663848456,3.7982017096546437
565.4495744069513,201.62369431137927,5.947155247628264,3.803523438029006
567.0570078004997,201.09405595017571,5.9373817072836435,3.794435744851957
566.9811042933561,201.70700259538802,5.936863477058352,3.7871444105293697
568.1213989418529,201.17604250331115,5.93920794600418,3.78369550391124
569.2662459000879,201.17681563174202,5.932109081495994,3.7821492470495075
570.4036212539773,200.72475965157773,5.937971713732585,3.7740158713719603
571.2379069665851,200.12046528286214,5.941318828929759,3.7666638521393794
571.8504889743061,200.65502768292973,5.93151207870468,3.760976659069079
573.2873818908747,199.59656968582118,5.939603876740832,3.754403872421547
574.3451682405228,200.50691745468805,5.947674230679057,3.753973808888597
575.4803346851626,200.35742967748243,5.954375524635491,3.7493448055350167
575.5526228790147,200.20772241827737,5.961624084938456,3.745109427930641
576.3130568085302,199.67844264757466,5.959379666326425,3.740632561042883
578.8915444850771,198.54417224730133,5.962032737118344,3.7328667039928476
578.8966092609888,199.15266613458397,5.951903185295002,3.729184982473832
579.4293978732798,199.0029986001902,5.946477207288742,3.7256196950968454
580.6376872300494,198.47706396670628,5.950847839719773,3.7183236232027173
581.6275567525881,198.78316795989008,5.937388812784721,3.711124873186624
582.3882572945471,197.65271022298043,5.925293014237095,3.708082418950659
583.8973586289364,197.5812767626929,5.921066371898633,3.7002505382037265
583.9689754775203,198.18688614778875,5.928337010788374,3.6930664564726112
585.4768025295189,197.66426694479958,5.922531721638107,3.684857777254656
586.9827072574557,197.06423513359556,5.916082749340783,3.6827772062321924
587.9626436139905,197.06279092298644,5.907988597689711,3.68566562745044
588.266210378196,197.06179299126356,5.901112592439193,3.6876614908961884
589.7671554030214,196.83769903686738,5.899125357698099,3.6858639774520445
589.9970927186844,196.23868550076494,5.889056659032388,3.684408562562864
591.1983491278252,196.76562209754428,5.882711561398688,3.6788587467877387
592.7687630365598,196.16910439845998,5.882909013714893,3.6753130898000257
592.7724648803108,196.24231386458158,5.875505326212842,3.6784102844136752
593.8237753715104,196.24305035882352,5.86528857499757,3.6769372959298003
595.0204359171158,195.87210156776646,5.8604488782672375,3.6724344422687194
596.1382223827322,195.35316739137932,5.861860281318359,3.6663767723772
597.3323301750358,195.58022010374177,5.8584738680636566,3.6594268172808726
597.8560185396929,195.65733568458256,5.85328998807921,3.6540803483606394
598.601820646867,195.6573970361237,5.848861698177288,3.6539576452783433
599.0512701422596,195.6579775759898,5.841859013645379,3.6527965655461627
600.3845827915324,195.65832090355545,5.84868910899614,3.6521099104148993
602.098334789787,195.3638444065709,5.839348959019196,3.6465996267261396
603.2913997924885,194.25246935188878,5.8273611207460405,3.64359145440616
604.4822198585196,194.2524181212768,5.816190673087356,3.6436939156301045
604.7096163261276,194.25218959038597,5.805365254210261,3.64415097741176
605.6012649074447,193.88138089727576,5.796088761281778,3.6465930845881824
607.8931986182965,193.58526757226286,5.792078154490789,3.6478704681736347
607.307061554951,193.8084753914169,5.782762219743578,3.6445511029049964
609.080595205011,192.77723062377405,5.775787945842144,3.6419863728963935
610.0419546906919,192.77784665044197,5.768705322792288,3.640754319560513
610.6293150423385,192.48684245437101,5.771825445495787,3.633842298704186
611.5166133508588,193.2238080722732,5.7631606812214455,3.631520940205123
612.8449983168697,193.00333905952021,5.752256833463048,3.6314812850005267
613.4363601638782,192.41665840396894,5.744163977543321,3.630211758005501
614.9078815425706,192.56203865714656,5.734852637564514,3.6328243933908015
615.7115040751527,192.05198405231775,5.740108939346542,3.6267963695371965
616.9579724405321,191.32305585040984,5.738840833519266,3.6189653469225997
617.5458095230942,191.5465701582955,5.734515835470185,3.6111926688044305
619.2283222193445,191.5502022137166,5.732637711192278,3.603928557962263
619.2294560951913,191.479959813054,5.7303699594986535,3.5983393362869123
619.8177608754387,191.48059227081137,5.721332179792218,3.5970744207721976
621.351982381394,190.97319832281644,5.714483143180332,3.5913309916623977
622.5942411808769,190.4627319864984,5.705022404093548,3.5931226043483235
623.3259355253148,190.97233328521804,5.696435385202081,3.592281175897914
623.7656579020728,190.31706212423694,5.689016743053744,3.5947843308083125
622.6808720872397,190.60661985836384,5.679558415144323,3.59674351790802
626.1679678274892,190.17403151184166,5.673046614965079,3.590960250912408
627.042195094247,190.24531855564595,5.664181508938077,3.593351948927871
628.0580170869157,189.51952193212492,5.660762260958406,3.596213240714399
629.1492056152781,189.73600318683626,5.651433871587394,3.597860464762505
630.6004317301702,189.73681323315387,5.644138998261955,3.596240372127278
631.3976205729031,189.3760728658368,5.64059880041909,3.5946131578418026
632.048269481884,188.2951260417069,5.64017347721749,3.5883859815014283
633.6397560608002,188.15416947112456,5.634679515248877,3.5814373775875725
633.0651277554138,188.87878864855668,5.630076770229975,3.574523217463216
634.647538829173,188.52007117795685,5.634307757688565,3.5717188098044987
635.7288591247703,187.8741473022379,5.632630806363646,3.56698837732035
636.7406485883414,187.87709250610158,5.624491668576742,3.5610979695929905
637.3162879985714,187.8087398919505,5.623129983436553,3.554063555980164
638.32749530716,187.59642103731656,5.611136598697858,3.5478967154398022
639.0431282216396,187.16906145253498,5.613059754621875,3.542702494073127
640.8348162449039,187.17186086475445,5.61120094608468,3.5371036696341944
641.6956327712423,187.1026348457662,5.60723746562762,3.532416576592372
642.5545399415536,187.0336478721474,5.605439517215904,3.5273891578123595
643.3444652478591,186.60695323945524,5.597381881258275,3.5234367995675115
644.4906970622213,186.1071205286723,5.588175884626787,3.5241770070927565
644.6376996778223,186.67668992249693,5.579327374178894,3.5256651024601817
646.3443152315554,186.03723802932348,5.585399272643793,3.522330261583079
647.4159524670704,186.11151154733162,5.579713522211504,3.5162891402733525
648.2724053493112,186.11275094359988,5.574644428837898,3.5138103477368325
648.1272240029493,186.18460615037034,5.58060229264151,3.5123023486558407
651.3258294304492,185.61712346657262,5.585371715908124,3.509137889003899
650.7563755211854,184.97922474256163,5.586003498732137,3.5043747968593895
651.825769412876,185.47639979688637,5.580427616460105,3.50552357539408
652.8247705941012,185.04829529013216,5.57252584985898,3.508832333538469
653.0360108277847,185.12065148774565,5.576307456887656,3.506207296443386
654.0328578840398,185.47749818400496,5.572012127017302,3.5030134691532866
655.2443331858472,184.41306264788406,5.562758838213972,3.502151616561624
654.8926502018484,184.34131454879136,5.556977658491455,3.5038183852030023
657.6545058617506,183.84577624836916,5.5623319326894975,3.5024985973802583
658.8595903536271,183.91897780566703,5.5632535631049285,3.497924342441528
659.4258435615318,183.91948440547728,5.564875191062288,3.496911142821043
660.0625099413438,183.989129146578,5.567501848457737,3.4993949291772766
661.837028670362,183.8490270605916,5.564818081070192,3.4958908058982314
662.4081673120395,183.00008446804426,5.556583341039498,3.4927121760065636
661.9876385046913,183.1425326930035,5.548167131425206,3.490973667524916
663.6166347134694,183.14333820022205,5.5429275190405605,3.4893626530877957
664.6815084392009,182.93358154885644,5.532960827750513,3.484919803784446
665.6686691539195,182.86231208901754,5.533973464184228,3.486363433042924
667.7622379336069,182.29589050934737,5.527258784918693,3.4909801204032473
668.1898606129517,181.73141517390104,5.5186825677249285,3.4910386026349225
669.1805491077264,181.94139456891958,5.511084912479241,3.4940325270914787
669.5358720891912,182.71404065577755,5.505042445177099,3.498868043756234
671.0179897586762,181.51592459596554,5.499942308166774,3.4996097617941153
672.2176448240283,181.30231562681465,5.495036022206306,3.5042858451411356
673.4989480795699,181.255297160295,5.502601754971255,3.5027560987443214
673.9200315665862,180.76062441329654,5.5060730564160325,3.505523604684363
674.9789281271012,180.9034598061579,5.503849238950394,3.5019287261035212
676.3177690858786,180.97425291513673,5.504113647079619,3.501287051602954
676.1809089644242,180.97407714782977,5.4959583558363265,3.5016385862168495
677.7997956996362,180.9763472306358,5.497081482317763,3.497098420604811
679.000830875295,180.4848177944109,5.487973021702452,3.494820043941921
679.4970029434435,180.20300996319918,5.479745149629869,3.4960835553799265
679.5656323365923,180.62557118290619,5.482972373597617,3.493877177558614
680.7559047863334,179.57405249966624,5.490883661387295,3.4894532023282263
682.3712181364115,179.50522782426916,5.492718911277898,3.4865607292072536
682.7915301325411,179.015883717399,5.495220262760074,3.481602708582826
683.9160613793739,179.50816242672073,5.49376324504891,3.4803726856694923
684.7572758352418,179.01517881134274,5.496529849342081,3.4833091987420017
686.0237885923723,179.43810533664185,5.4929272196129055,3.4805971096544077
687.1514710806451,178.73652882286933,5.48434959365434,3.4795080430824643
688.555222843599,178.52856011212654,5.482399249793832,3.4746124872609525
688.7657993328927,178.0383117738208,5.481745935909839,3.473943279564588
690.2360313723447,178.4616063601381,5.484339070496091,3.468227596498668
690.935563473729,177.90413445238926,5.486161840045174,3.4624618341422058
692.0562959545105,177.9753356354624,5.485007569441126,3.460078886180888
692.8248308265645,178.0472505543543,5.487522602540462,3.456211300870422
693.7344213992527,178.0445604394477,5.487497489874495,3.461591530683641
694.2245286767735,177.765491827733,5.487456647250162,3.4596294898745334
695.8361875771473,177.41545775364764,5.483939802948444,3.459740908383104
696.9556470091474,176.92760392167597,5.484070957606457,3.4558641891634503
697.936174771861,177.0004870344848,5.481302671357247,3.4499756234871026
698.5636302731772,177.14215941845578,5.484030383569671,3.446106125510619
699.0548126216725,177.42199343527997,5.4796607480185,3.445292412684702
700.3125323269604,176.58599263788722,5.477644688547309,3.4416784400669584
700.8042589413652,176.58467280918117,5.470999053313939,3.4443180974790444
701.5020085779863,176.58406500868574,5.470388023483295,3.4455336984699025
702.9697384769553,176.09595607420033,5.464429314376378,3.4452512044970636
704.2933615456288,176.72446804547295,5.465901537062212,3.44288332723054
703.3174615959612,176.44730780838955,5.466261301231821,3.4396494770642936
705.7544528887273,175.5435607752778,5.4691712800387755,3.4357263051046094
707.2856197142744,175.5451534586738,5.471823825613511,3.4325409383125596
707.424430980001,175.40773839569022,5.472808928790668,3.4287634296491523
707.9823523222657,175.2002043858452,5.471008020199122,3.4260657833625308
709.5822056754957,175.82829025868296,5.472512385496184,3.4225418483745607
710.9070218691097,175.27430581615434,5.466663240664425,3.417338841896523
712.5014559646587,175.4835646137849,5.474147807121269,3.415736823707766
713.2681801504991,174.44317600932754,5.4703242227466164,3.410662049932407
712.9238545057322,174.44445365283124,5.4644026733798094,3.408106762924982
714.3112575153905,174.37649431935284,5.465261887515855,3.405242168209179
714.1016963769883,174.30946330549406,5.468140038619414,3.400556154026376
715.4165156118811,174.24202089066324,5.474037173636185,3.3967285834352974
716.7304445032264,174.79918208174684,5.482167364414784,3.392295874307756
719.1601140684965,174.10728022956152,5.480238376631347,3.3882681093193825
719.6475578717558,174.3866875149578,5.47615781305927,3.3842004202104805
719.5802098908057,173.48573850884796,5.472296264191045,3.3848507924419593
720.6217554405947,173.55565265259295,5.466867244130861,3.383533310253127
721.5233126252616,173.55462216015553,5.463052403261615,3.385594295127982
722.211402213932,173.34874674061047,5.470726422852734,3.382189175138493
723.8000701413027,172.93472064913792,5.47757219635822,3.379585281149574
723.937095405228,173.3515869241993,5.480523859757763,3.3768593047764788
725.8718745610478,172.79951609194262,5.4889469426514,3.373006285137456
726.980614913886,172.80224011906077,5.488429898578824,3.3675582309011984
727.5307990171813,172.94222787422976,5.4957491782442975,3.3645045921272154
728.0851078598761,172.80631946503965,5.495281310418289,3.359283956116518
729.8159119474121,172.32447706849965,5.494271813125875,3.3540011194182537
730.1625953867165,171.8428407783592,5.492505086943773,3.3490334863019466
731.200016433624,172.2586325963582,5.490814751851876,3.3467105537932094
732.3076757766833,172.3994216288477,5.485829470976632,3.3414241644696117
732.5813691829114,171.36558640140976,5.490372995510963,3.339355855630156
733.2693681811138,171.3661314695287,5.49452975622252,3.3382657193922944
734.3746673214526,171.2997307477987,5.492876381899588,3.3330081062051513
734.9302477296769,172.05851661154878,5.485282811458764,3.332841341965673
736.5849302948062,171.9899050449418,5.483837036753971,3.3322345020315502
737.3415066545764,171.5783085630509,5.486464707519654,3.3286381620100225
737.8221485685888,171.02921512214925,5.489618570051058,3.3246105403205912
739.1991234421124,171.1006073252811,5.4907880785466014,3.3195820968340137
740.5045554458446,171.1029024646931,5.496008944994299,3.3149918180100304
740.9834762368184,171.0364604865217,5.501990859343498,3.3101867034533297
742.6319860330111,170.83213595374764,5.509702332503504,3.305744385808234
743.0436838617431,170.35218661561998,5.512728611527253,3.3014841361610214
744.0756254321307,169.87097161469703,5.514497888537363,3.299943009707289
745.2437234853439,170.35475662031115,5.519380020603795,3.2963463907997883
745.8617001089674,169.32422954148547,5.522928568777309,3.291564222750553
746.4794545717373,170.35912655227276,5.526670000472038,3.287187463233393
746.8242624322875,169.32625405950574,5.5254354075301135,3.287789064292033
747.9949433025746,169.9481233595724,5.524430126057138,3.2830627072123257
749.0919734703169,169.46822006046918,5.531542153960865,3.279856396436298
750.5407445242545,168.84966147978847,5.524121717235664,3.2783499844477677
750.7439834294012,169.0569517849039,5.530111193461949,3.2762366607366222
752.2584515531817,168.9216088809939,5.527108243342138,3.2718376233347746
752.330749841577,168.85364764786766,5.519935135214963,3.270336620923506
752.6090856025093,168.78532970854778,5.512429618620942,3.2696809982456925
753.7719476730915,168.85464705073932,5.518576230044666,3.268215181661898
754.3894855244806,169.26751807095295,5.518619695687008,3.265885920181692
755.6268335885195,168.37574445594416,5.513465126621363,3.265875357579294
756.8635547681091,168.92181098870088,5.508182209126089,3.2707020439253305
756.3170746129423,168.4404563170964,5.504158713249928,3.273550556700881
756.8672347063423,169.26172128121163,5.500728625025244,3.2763557763331974
756.5942593852976,169.26071278366294,5.498248778106012,3.278372771430584
757.3495421342595,169.25974219663388,5.49583600110038,3.2803139454887194
761.5781301588363,167.92847881818864,5.492360794737345,3.2837662468558544
762.4888887384182,167.79914602873748,5.487732482391839,3.289086297048551
763.3988409044899,167.67636087312468,5.483265027481071,3.2939594812207402
764.2975157491665,167.5504430487993,5.4787292168496045,3.298740988778221
765.2284487335633,167.41038361827037,5.474538608025635,3.3033286977419682
766.1236256091363,167.2958640721069,5.470247504915247,3.307822769526817
767.0682264974505,167.1617758931655,5.465791977419343,3.312689701950911
768.0281776875862,167.03287292295724,5.461102340795404,3.3180295372765185
768.9772035756189,166.91768719665566,5.45655268500078,3.322592037852947
769.9132914455878,166.8034570109438,5.4516455899417355,3.3280436124826247
770.893108587521,166.67327688330982,5.44696579307963,3.333344289455217
771.8531294192377,166.52489142830316,5.442802705077909,3.3377409555932402
772.8249954586759,166.40009625162315,5.438067149520703,3.3427451398419534
773.8130136291966,166.28959349434365,5.433692889428012,3.3469578481717077
774.7774493121087,166.1357210620269,5.429247701593899,3.351415009817409
775.7347185071768,165.98390180735382,5.424904169732153,3.35600491744537
776.7045097047837,165.8312874113738,5.420116128671736,3.3607996380793206
777.6600747127851,165.72031515461464,5.415755397064482,3.364915793741134
778.6549387865824,165.61477921016348,5.410901643221171,3.3704975887508906
779.6493746947425,165.4993423806405,5.406096843122661,3.374808949055632
780.6286972486458,165.36394991325326,5.401308374800539,3.3801502704075825
781.6348479085385,165.23750964035648,5.397094723157679,3.3849929820709797
782.6692104135994,165.11805465533087,5.391177835370273,3.389186096713995
783.633813558783,163.60496495060164,5.385178794635426,3.393182685321324
783.6367703507855,163.46637163372776,5.379265210630529,3.395670887837353
783.6394469352985,163.39562290670193,5.373912041604542,3.3998658783248206
783.7066303848366,163.18794634095795,5.376837782083017,3.40334109114946
785.4224178352575,163.32791562447548,5.380127253036549,3.398191673858057
785.9725350132877,162.70977653148438,5.37875341246243,3.3982517799183634
787.349818786916,162.7782508110556,5.3709463675809275,3.3986412458946558
787.9017647168747,163.32893406965212,5.364876754321535,3.3950969753597113
788.4497123142539,162.71463398759897,5.365602879212854,3.389998154860122
789.5484667858282,163.05665351942184,5.360144559602279,3.3909749110699354
791.1958084697623,162.16805048319813,5.351970341011282,3.387988527658942
791.5377465015181,161.89576476859435,5.351922398835908,3.385497459797412
792.9063275489142,161.41948228024586,5.349224459586811,3.3809999820543433
792.9746916151367,161.55763027583308,5.349103889579586,3.3779191157553687
793.5878231371964,161.83316119291047,5.351828422220446,3.3730739823829725
795.2226708492196,160.87957028479707,5.358463604286734,3.369062945044064
795.6999067443782,160.88129456367676,5.359812258659929,3.365614387284687
797.3384686603431,160.8157691873912,5.358884069922965,3.360156988056084
797.8837785829325,161.70275235314244,5.359486766547597,3.359427286984043
798.7675400695235,161.15942502228816,5.365158508639351,3.354885200831801
799.7903621082505,160.6158523265264,5.365637327404889,3.3507650477049262
800.677176848567,161.0958460332917,5.364509168433361,3.345201422761339
801.6291903864452,160.1446187737789,5.367787352504109,3.340350681959829
802.5863786814848,160.07679920416933,5.360262146849272,3.3397861508629045
802.6561193226512,160.01021235583573,5.356862683323591,3.3368780287229223
803.7473432894116,159.74053547906962,5.350130946765698,3.332302733014495
804.3600376833259,160.21811212539657,5.346986897141452,3.327784236741945
805.2443734346994,159.61038792972187,5.342184116485922,3.322092743566634
805.7174823071358,159.61187869832392,5.344571314945361,3.3191112063625523
807.6825468364345,159.34282020502786,5.343959628730228,3.315225796763942
808.156905269895,159.2754073219686,5.343226521777742,3.3146253114584634
808.5639711822358,158.73645168264156,5.3415260623550225,3.309294769767293
809.6458499116586,159.14474937975535,5.342414315826241,3.304441517658523
810.792001819291,158.6060221878626,5.348886597046368,3.3001189148628343
812.417893494114,158.5404657011509,5.343009707061678,3.295985785800351
811.9471805318715,158.53978092202473,5.338812739267293,3.297355344052661
812.4818693511764,158.40586216478093,5.349830035107862,3.295094124927638
813.9674225338846,158.27141849902088,5.3525903246045194,3.293629942364757
814.0376648382522,158.06851473430368,5.347298044879777,3.293860484767352
815.51857612828,157.52982800614487,5.358055098949838,3.2902958923121477
817.0742277761603,157.59668867099077,5.356761199249073,3.2917923624490193
817.0769157225163,157.59659360087554,5.351385306537246,3.291982502679519
817.8185597806371,157.59756743201743,5.354710544017188,3.2900348403957165
819.4369779542776,157.32829193861147,5.361798936615941,3.287931703894338
819.4386221846596,156.9230994291993,5.358510475851984,3.286913414632761
820.9249534346197,155.97887290375087,5.359537976402996,3.283018283411492
821.05975921084,156.04721663548264,5.3601615343529785,3.28144837514308
821.9403430335706,155.97988794689584,5.355299764231846,3.2810053003674624
822.8873821474715,156.0497434083166,5.3515087208018555,3.2763148906953394
824.3693494064436,155.57996189851914,5.355046724852769,3.271682107837199
825.3122876212456,156.12179411538847,5.35720942105252,3.266897174557874
825.7861584947789,155.58498553450704,5.3531493657073534,3.262020974353387
827.2672628068046,155.78924733295472,5.353661165543065,3.2575047079881205
827.2017924061647,155.790595461842,5.350001237823351,3.254808450213542
827.8092108650758,155.7912176093333,5.345671630005416,3.2535641552309498
829.8275076204636,155.72562852957861,5.341538784519423,3.2503269592306747
830.3657360252292,155.19040873488714,5.339476275811371,3.2463722477904327
831.2399579398099,154.65597883734145,5.335658306524143,3.2416161291131402
831.3088402953113,155.12742982698188,5.3319586359897295,3.237169433109005
832.1763061853941,154.52661037580353,5.338182628182368,3.233392800756035
833.2489043666138,154.5283205204442,5.336413038195292,3.2299725114746543
834.1878792631531,154.3289893946086,5.332786182861381,3.226994133629126
834.6564230043022,153.86181257729993,5.332130893515732,3.224915575294027
835.7265946283342,154.39820524726747,5.331487730619746,3.221980277942904
836.5263268519049,153.86560714309945,5.3360900179753,3.2177986632809965
837.5959839777115,154.00169136170763,5.335500428157138,3.2129708087890005
838.6002241025182,153.0683042157879,5.33072234047628,3.209623082824793
839.7378148442905,152.867720530807,5.32423488573019,3.2104326829986514
840.1392157782716,153.53371130285544,5.321650977496488,3.212147738449495
840.7422305678713,153.06700831295535,5.315862222208851,3.212033077429585
842.2100218808882,152.46909157687577,5.312262860297983,3.2084188506292906
842.4122743526406,152.6012233453221,5.307230348420262,3.210470268154659
843.4122278787956,152.5997474478353,5.304079776559897,3.2134220631282235
843.9471970099618,152.59845518269103,5.299100675407616,3.216006593416802
844.3477816771484,152.13506027081777,5.296466849759109,3.2111716569843685
846.0744644404281,151.67177587627975,5.30028501267941,3.2069602219697835
846.2719040679597,152.13920980924928,5.304269378030759,3.2027741369977867
