343.9800109863281,150.6699981689453,7.820000171661377,8.979999542236328
343.45737210111156,151.2586054215477,7.86527794209448,8.918058717003374
343.43710356954375,151.28737430513098,7.905815005230073,8.860520949836822
343.42495916268746,152.36385688686562,7.930103818942766,8.81899380070876
343.5437520605336,153.29725241327162,7.9561904611302365,8.797909813056139
344.06985156975,153.6989702084304,7.95903481178498,8.785756749554137
343.8152231229181,153.69996965877866,7.94105741627844,8.783757848857638
344.744306930374,154.48811477510654,7.92598504579772,8.787263539999993
344.7481463351394,155.8093181026976,7.918306236266968,8.775990690488396
344.7527513543981,155.81496810231675,7.909096197749545,8.764690691250138
344.3660087949972,156.87705121853625,7.8951026701470015,8.740467515889277
345.2851254348691,157.79114961321292,7.890119727574467,8.745521063707171
345.1605827888735,158.57603182820532,7.877313022531847,8.747108615924114
344.6521132494062,158.57323189853088,7.847402831329546,8.752708475272957
344.0211540921218,158.6877656105765,7.802711801256786,8.78496292011013
344.1748366096202,159.58824697279746,7.756455467657532,8.81176110545083
344.9710812543262,160.624213921613,7.728672850848868,8.826102771290781
344.9809007821982,161.27200848474163,7.7090337951048555,8.833323048950252
344.99048734833826,161.26881035229377,7.689860662824671,8.839719313845999
344.99022701703984,162.19120285360287,7.6903813254215,8.815990197715422
345.3798505999397,162.46192703088772,7.690509308683173,8.794125275853222
345.90468954156796,163.49997344210132,7.678651668797705,8.793672940168168
345.1329807786868,163.9057610835157,7.666520783492061,8.759871862873439
345.3914972720572,164.95896586216134,7.666567902538233,8.721782728730233
345.77427125582415,165.8817441664055,7.674871376858082,8.681879484567183
344.99445204260405,166.17001963925594,7.689722455441897,8.620257654818367
345.9101551861252,167.1969986688466,7.655535028646663,8.620264007347968
345.92089391869956,167.2061022286094,7.634057563498022,8.602056887822318
345.93277788982385,167.5938769719816,7.610289621249449,8.593227030214415
346.0630880480694,168.50150717988433,7.604725392478437,8.56335922845033
346.6865891120837,169.41015405937785,7.630241231055486,8.527590622711191
346.68887108428925,170.31303977615843,7.62567728664444,8.50231065970253
346.31516520857093,170.32752071886253,7.611418296659318,8.473348774294315
346.19586698976104,171.1012426887748,7.5968022535358015,8.445179718929676
347.0853555409784,171.2439256357911,7.585614268154217,8.41235512733321
347.0863076594664,172.26895049081196,7.583710031178309,8.377124690205658
347.21414395082525,172.78551731446495,7.579311525148231,8.349087349650366
346.46805091684155,173.92618305164797,7.566891478007185,8.324665047946953
346.46855211215296,173.8150988118672,7.565889087384326,8.29664393426397
346.59386437449274,175.4473704056374,7.56500195504219,8.27868684710905
346.5871535295227,175.46489938645752,7.578423644982153,8.243628885468818
346.71951159464305,176.22068851650153,7.562818636758375,8.22671735748188
347.09475979068725,176.47021478789537,7.558119705791385,8.22486312210846
347.355843912046,177.45935761248768,7.532942381469673,8.234541146507112
347.11877678340517,178.20043471425592,7.510585907929855,8.241859135434773
347.73760586124234,178.46000401040558,7.512943578963451,8.218726873818564
347.61651612298215,179.5868163435241,7.507442552565641,8.194226733846053
347.49157936696116,179.96979936977326,7.510104822368662,8.16989440806429
347.60736264913396,180.71475352838695,7.525412722329213,8.16123287667353
348.3496075093806,181.21455027555328,7.522821317385747,8.149571592707398
348.09591667369114,182.21718934632,7.536683002228073,8.118373397319878
347.98169347623934,182.83359471059063,7.518635626207321,8.118031523400242
347.4915677628417,182.84181559674244,7.51408107965935,8.101589751096649
348.3393409345895,183.5914936076351,7.539642661133316,8.077469093570867
348.2229948884042,183.716920238901,7.526432448684194,8.072518135858818
347.9804133138655,184.70313763059283,7.520365338205695,8.06500439069878
347.993468394141,185.18604230011317,7.494255177654581,8.080800749897216
347.9958953210846,186.2977112953252,7.48940132376742,8.064559627864329
348.12207051537933,187.15949070361086,7.481953331724865,8.055317587120888
348.3677160774442,187.40910259733673,7.479941762598759,8.045373354672774
348.3635510912161,188.39725562078783,7.488271735054917,8.024688193221456
348.48980068196255,189.37211073095037,7.48003461952456,8.029074500596728
348.73197514650155,189.50042514623885,7.484085040091782,8.016645344842384
348.97956565025277,189.50230636090126,7.477043971550861,8.012882915517592
348.1317191911983,189.74990387917217,7.465441332522196,8.005486609586596
348.37026120713955,190.73536050996717,7.475556397823939,7.983369736733846
348.9872000356991,191.46179705411836,7.458752822298683,7.990985546344071
348.867442776853,193.0493816960536,7.455000468844423,7.978285587377989
348.7569817220102,193.05672389867175,7.432913632605269,7.963601182141662
349.6128181349677,193.66835380933253,7.418242337856946,7.952485311653387
349.3724522611192,193.80423965485858,7.414929790196856,7.922735768279861
349.0190736728826,194.77913279146009,7.3971721399453205,7.904989033009641
348.8998821523784,194.91026965450448,7.394609441125111,7.883661046749463
348.90818084814515,195.7625849771205,7.378012049591569,7.863033472022035
348.9201505843791,195.88099046960215,7.354072577123705,7.866208566153018
348.9252466341297,196.72858726356262,7.3438804776224895,7.848603773683237
349.0441963670264,197.569829479914,7.345199722426227,7.840650315159983
349.7677291744585,198.76025106037042,7.332826643983937,7.850961381616967
349.65445964577094,199.7074947667621,7.320285736830758,7.869113685059914
349.5407306155131,200.06382149529483,7.308579696282887,7.87395253118506
349.2988548554805,199.94406551123012,7.314224120171382,7.874410951226145
350.14133936834475,201.13660443325838,7.303308098637362,7.880837398876011
350.14856941528024,201.25063712368035,7.288848004766371,7.891849174831876
350.1508625504612,202.0996151104235,7.284261734404343,7.86702580062836
350.1587885348971,202.3477977382861,7.268409765532577,7.847778195885333
350.40994342794323,203.06296445691055,7.242112955045803,7.845483685452875
349.9478358090866,204.4934655125718,7.21611841947861,7.835110893972239
350.78900395373523,204.49584383337114,7.192621947470022,7.8303542523735
350.6821905323804,204.97131473175278,7.169719785225006,7.8255284754290155
350.69342873952314,206.15423996224496,7.147243370939455,7.820569771020953
350.5788466106138,206.161386837593,7.140753668628226,7.806276020324819
350.45123752430874,206.9966631654706,7.160643886128959,7.78301905033616
350.32754391461134,207.9529097240584,7.1727488615510175,7.7527838849422475
351.26119930959857,208.66957406357471,7.185465135557907,7.7294755038956
351.26030312828294,209.36574471340805,7.187257498189193,7.746185556138608
351.61590399985516,209.72032799463295,7.181449198401861,7.742412437045895
351.14890161206006,210.65745442434735,7.175534245312308,7.747999034976647
351.39436785936675,210.66145274739495,7.15454783159547,7.740002388881479
351.991948889118,211.3588568599714,7.131958481701731,7.752281415259235
351.2950898659458,211.59214500266702,7.119597038082843,7.754398293189137
351.53678422647675,212.4216478319825,7.104573935675173,7.734672299848041
351.29942220578715,212.78761554665576,7.1120254893603265,7.703645602042531
351.99400339947465,213.96912465451828,7.122489973315751,7.673338838534756
351.6375997773199,214.91847262728325,7.136402804581471,7.638361327787926
351.4008258067562,215.51301061478662,7.144670988754802,7.612484745166499
352.0952279541595,215.5207417446603,7.1500684443322555,7.597022485419109
351.9753081937552,216.45959328811833,7.157696980099319,7.5770072788355725
351.85742272163645,217.28340542158728,7.16144882784638,7.553516687330819
351.7404842675073,217.4113345052951,7.163614560238368,7.529369695781479
351.8583300402268,218.33951883182795,7.1592906700872705,7.523942285018875
352.21341082211245,219.1443961397564,7.142771669286575,7.532686982760196
351.8763862439011,219.25174225995974,7.123553252767191,7.5490839333342175
352.5731765100486,220.16937781847793,7.116217867106365,7.562139678476557
352.45885764552713,220.74865803384768,7.113727027878003,7.559222089093307
352.22760120997594,220.7529178473816,7.114153024225414,7.550702462025391
352.1085013602488,221.2224060651453,7.121435700476319,7.535394119311544
352.10052269237275,222.26896314722677,7.137393036228487,7.519418769149917
351.97325435239384,223.19917598894227,7.161133384246365,7.505363741238057
352.0788367164202,223.544350450915,7.180921210247257,7.507872479453298
352.29786367866484,224.58807339200314,7.205477804776118,7.502173932858821
352.8675401933093,224.71425005682391,7.224148678289231,7.481425383777636
352.05365136611624,225.64866621984118,7.230901452454684,7.465192920852601
352.17092201816865,225.65717585629105,7.227787352585199,7.448173647952824
351.58278136144884,227.39883035972926,7.248513759963125,7.431529359261533
351.92273785092965,227.98517687976369,7.262132650779276,7.414722768822341
351.10493947538134,227.99792998838345,7.27983019234609,7.389216551582845
351.21315456003623,228.24052848682345,7.294407027485,7.366033563600093
351.4414390190508,229.17017287757244,7.299582892063258,7.353723912531772
351.6687692750408,229.75877429695106,7.306443066683279,7.330322790274667
352.126858881766,230.80380259443075,7.312264545328672,7.314767752530519
351.7760338993851,231.49867985002496,7.32287361665836,7.307095028206123
352.47322122848294,231.6174076230101,7.310857999504369,7.300032655742763
352.246129729377,232.53953118977074,7.304855496844664,7.29652752570782
352.01432952720654,233.11861893880229,7.308569840435503,7.288067179519895
351.3195542575838,233.46885127445117,7.318910922657988,7.277207236733643
351.8944923759789,234.38909985554994,7.31833415555548,7.275589226036573
351.7853664861472,235.18374439950352,7.3067606166071855,7.295077368411215
352.81294957390287,235.19185573314812,7.321146115877655,7.278854701122051
352.8107476018862,235.88132930510508,7.325550059911093,7.279433746557402
352.7000133952764,235.9941287210388,7.317019014791982,7.283834373028542
352.5811616415631,236.92109639908233,7.3247879716656925,7.269375421364922
352.3457299624247,237.61477257106748,7.335993468728979,7.260996661035467
352.2269341726683,238.99384581062068,7.343711946436873,7.261327403587385
351.99068562707976,238.99939596864075,7.356209627841909,7.250227087547235
351.8808269224089,239.45062520534458,7.345905925522085,7.267853060785805
351.89147411834597,240.37139730366303,7.32461153364792,7.267405793364819
351.78126433353873,241.18620402147621,7.3152359962749305,7.246358106651061
352.7031565941098,241.42362207697687,7.305977884946938,7.230153598103377
352.82407234993025,242.3477755255382,7.29306105114923,7.213164123725536
352.9416289394814,243.0349644702085,7.286391496740622,7.2094479825471645
351.9215309346004,243.14281651637046,7.272066312061931,7.222024022938826
351.8046413026807,244.17343188362958,7.277592524909455,7.215070747347925
352.7223582988278,244.74186701154227,7.268001626425394,7.219352425153966
352.4889073035513,245.65837528945423,7.278609644355308,7.211511759822397
352.26040451777317,246.56813185780916,7.2792346626444004,7.217520836181352
352.152959534908,247.2500334881305,7.265829783355556,7.22348664565331
351.81203521742685,247.24975700179988,7.263144514638519,7.224039618314496
352.50195844779205,248.1666483377183,7.252164599286557,7.215412340315465
352.28468807161613,248.28413030845996,7.231034004574087,7.208284072364251
352.0617549044075,249.1978674294106,7.22211880839394,7.199935952852674
352.0633848587594,250.00323535604838,7.218858899690196,7.1790324377473045
352.06367210884156,250.23845291153407,7.218284399525792,7.162073785572033
351.95503227046873,251.2652605378998,7.209102175165389,7.146615642795622
351.73276712685004,251.94904033761028,7.201484940526816,7.135498609002538
352.4138137230609,252.0703051617893,7.194063772027139,7.1187476312981515
351.9636223789474,252.86731866294153,7.192855161819607,7.102505401254187
351.28603764289505,254.55698352489148,7.19728864802027,7.100015642114081
351.6255098013913,254.55851951231026,7.193803617524512,7.096943667276551
351.85431758731295,255.34944402369592,7.186287737721735,7.090443566647396
352.09377165589507,255.5624650559186,7.157037895837838,7.114059797482335
351.319605655435,256.5752243372669,7.1321798085471,7.111214205342707
351.3281953868999,257.2499629165234,7.115000345617286,7.107569187586501
351.3394525694822,258.0340079744798,7.092485980452649,7.107321328918635
351.350780059682,258.0387114308393,7.069831000053148,7.097914416199544
352.13982645345266,259.1606217525524,7.053536152747854,7.08523368739624
351.81899633865106,260.05408003358735,7.027223423735852,7.079578348299811
351.7206924167909,260.2703188946811,7.001677291334154,7.091408578356333
351.507416429611,261.15850366493913,6.984354794697505,7.090536921826009
352.1734353984739,261.93894078082667,6.982218424090831,7.081214518356472
351.4083271133147,262.05511055510914,6.962144902380507,7.0703449829383676
351.5330073646369,262.9377597207723,6.933766850096308,7.07290625449299
351.54501844033973,263.9339938983877,6.909744698690559,7.06561117448688
351.5574037678119,264.0471062803121,6.884974043746266,7.059467333080078
351.5602970552139,265.26273275223264,6.879187468942289,7.043739629892375
351.4609129254129,266.14599618330396,6.858700862469132,7.031251696350488
351.25299630694855,266.47518110910823,6.837063717897354,7.029087416992886
350.93150666124194,267.35368787497254,6.8249649591303,7.0189486857449275
350.7228853575839,268.0070369866524,6.8061894916970385,7.020304686633029
350.62477856371186,268.1200512618096,6.784669540822308,7.012009674937475
350.5237039321678,268.9925680888382,6.769555639388238,7.005081337057553
350.95974836264037,269.6537008559792,6.765128735928788,6.98430873900409
349.8765455708846,269.88072460639665,6.766337355030204,6.963300631051217
349.8702980626147,270.7558211012893,6.778832371570097,6.942781314453643
349.8691936913177,270.9815849070681,6.781041114164065,6.92342279963493
349.76784583365145,271.84794769374383,6.767921412105537,6.917220565411758
349.8741047181184,273.2610720649226,6.770914483756167,6.892612750653196
349.98570956888534,273.3775533713605,6.762876305702938,6.874821661257935
349.98991906275126,273.9216180770167,6.754457317971087,6.8605176911442936
349.9919632433439,274.8937073392086,6.7503689567857785,6.846006026514691
349.8879843903076,275.8515641093156,6.744211845630028,6.857325841355719
349.6722660590877,276.0712829441348,6.747257323795042,6.846279355992192
349.24642513337614,276.93073974738286,6.7426590798595765,6.839925940213215
348.39732479076974,277.78912463513046,6.729678920721789,6.834337009068632
348.39599489770063,278.22142236964623,6.732338706859948,6.824161381831157
348.40205139661447,278.2161680763427,6.720225709032374,6.834669968438273
348.4068223436614,279.0572118121235,6.7106838149384,6.8602706726286
348.3060581165015,280.5529173855075,6.698499696313896,6.860835547081372
348.20089949570996,280.65949337606753,6.695287925292314,6.861212578565984
347.9923814016507,281.4009654655033,6.685355715069439,6.87265779388923
348.63327708017783,281.61801159412175,6.6846059385883665,6.8655793968434145
347.8938413538728,282.4819993549076,6.669789479213454,6.844675774683095
348.011624523174,283.31881500288364,6.647044910022178,6.873618634020247
348.0123631572873,283.3214272581173,6.6455676417955125,6.86839412355286
348.01165491892766,284.18016576612376,6.646984118514815,6.8534056108596175
347.91248067471673,284.9153751181829,6.632734257338134,6.87117535393162
347.81048125280495,285.87979995652324,6.624081395239775,6.85619103054924
347.5042432949595,286.6192235775022,6.599717648962148,6.863302999851056
346.76809033833865,286.8254644844667,6.5879821620420405,6.874833014539665
346.76291615232265,287.6818233698002,6.598330534074024,6.8581216901228075
346.7657303332983,288.42425781727604,6.592702172122801,6.8565721158808755
346.7618126713156,288.42932631273123,6.600537496088072,6.846435124970487
346.54987094888156,289.1708816525784,6.600911947745752,6.845605921512958
346.123528272811,289.71001582954244,6.606607614644764,6.826074674137537
346.64810237219854,290.5624326353361,6.615115641597545,6.813491023714797
346.01177310805826,290.8905831338786,6.618964058502431,6.791595082317682
346.0061742832587,292.27308763705645,6.630161708101531,6.77199800752957
346.0026982668654,292.2809728955272,6.637113740888101,6.756227490588046
345.6801857524958,292.7062333748346,6.649388746943416,6.749373228885219
345.0433383909753,293.8719537790124,6.657067528668862,6.738961646274524
345.0404764738286,294.6150129262919,6.662791362962293,6.729564078640956
345.14290979998935,294.7262763560093,6.668827290584396,6.717939799149839
345.0367064413134,295.56895903022206,6.670419132863699,6.719093451305653
344.508632040245,296.4090171774436,6.672277347111182,6.725842097485476
344.086840394768,296.41679443273443,6.67188629626669,6.71028758690382
344.1943032301048,297.2608774573661,6.667703304470154,6.708062968656588
343.3496152759478,297.89233900955463,6.671945222157111,6.70899035724988
343.35066997791506,299.0423641022326,6.6698358182226745,6.726895295580414
343.249479972094,299.87217828168207,6.661244164742873,6.755040257656531
343.14453686000354,299.97472441079987,6.659851610126994,6.761226778217803
343.7806579321201,300.8165271107812,6.655733812829078,6.7684538408354555
343.7873503333077,300.91637832290996,6.64234901045393,6.780154083387456
343.4768401418596,301.7523890146125,6.629243744125385,6.799134431248431
343.0583238568597,301.7453473999773,6.6204111488517094,6.813217660518839
342.8457292201936,302.6016653836087,6.622504897858005,6.792963790559829
342.3216116361591,303.75650010639725,6.614425266615498,6.807186903468089
341.4712883119937,304.5049796773035,6.624203743670958,6.789737411521633
341.3606575698734,304.6175602995948,6.634226081322688,6.775815313527852
340.9368763378223,305.8877134519297,6.637073299867759,6.769654745529571
341.1455503300485,306.31664784842593,6.64197930452713,6.7562939307606245
341.1417198296978,306.4286058683999,6.649640305228488,6.743372399751076
341.1400443040061,307.3704840940681,6.652991356611926,6.7578265996251385
340.9252824767263,308.0015333243809,6.660130270513408,6.762882360973892
340.2862288476198,309.16716234003195,6.669930664671723,6.756853580438649
339.4387325005629,309.07205084659756,6.6733688511642955,6.735632253854719
339.2238802979816,310.543667983407,6.680743651107654,6.748705216769882
338.9037836750695,310.54861440267865,6.686476776772488,6.7388123782265055
339.1193242927342,311.3795698058835,6.6782384911310135,6.768273370568258
339.00525305099507,311.69609582553744,6.694626069022217,6.7704860480212865
338.792150874521,312.4328634161864,6.696734085142617,6.781288045620536
338.2619186469416,312.85648995782384,6.695942176146803,6.783040053669307
337.41210769408264,313.82024315984717,6.697433451440506,6.765930608849917
337.3091341982465,314.665725499299,6.691359647855315,6.771132292006126
337.09873546118916,315.4005863525024,6.688143488815672,6.785458301639719
337.6291644864946,315.5066081521849,6.688192046990963,6.785596024031891
336.6748346825075,316.3472368780501,6.68719337983697,6.801812594637555
336.56422788750035,316.4575850716783,6.695983596140009,6.793539581092593
335.8233638820274,317.30046748005776,6.69068727785907,6.807231140592714
335.8299730286939,318.13618366829866,6.677468984526102,6.836308072437506
335.83436277851206,318.134004858211,6.668689484889792,6.840665692612901
335.732546115178,318.87195878643274,6.659581370388958,6.853947924351334
335.71880345708416,320.0569687740864,6.687066686576764,6.824793748242038
334.96464301878575,320.9177929959842,6.70591048192402,6.8054048258745565
335.0564036006458,321.0368806116869,6.735164494986439,6.780004771251652
335.04140204483065,321.7946050793064,6.765167606616731,6.754414964987695
334.39549019185864,322.12669787368924,6.779550540660921,6.728949762171943
333.3227021750549,322.9915671371793,6.797807423092979,6.701066556132254
333.21164885851067,323.2179766408162,6.807334728367214,6.673406204487018
332.4680022248882,323.1258926792159,6.80858040052048,6.645281614103075
332.46551311682197,324.6154946701477,6.813558616652927,6.632228806265185
332.0367717633358,324.8383026306239,6.824081843760683,6.610092625244965
331.8286886031702,325.6908261451253,6.817137978566753,6.5974863383430975
331.198628979773,326.21676325910096,6.809776147925756,6.6018463415878985
330.46267970700217,326.64370029642447,6.803272541300737,6.592773496750354
330.4648429672087,327.4899167955075,6.79894602088765,6.5879792477544035
330.14328480711424,328.11797807996675,6.809628812904153,6.596723735180856
329.40235990536536,329.27062802580264,6.813659572238443,6.61371091290892
329.18270701836013,329.05893673831474,6.830067762078226,6.614195903714108
328.43598439688134,330.3366757436525,6.84151595500824,6.599284264514267
328.5433125086814,330.23205464249105,6.838517282863533,6.596868915381767
328.53726451864634,330.7565336571256,6.850613262933765,6.605772531972254
328.01217416464993,332.1231258171367,6.841279882763426,6.627324841174124
328.3323536579673,332.7572357490982,6.837212858506799,6.6316889020073795
327.3718243883884,332.76422054663567,6.8493487573826295,6.617719306932419
326.62605472684595,332.98341197410076,6.856384294254472,6.6034803909202004
326.4162971856696,333.92514790188926,6.851985339430606,6.627621702638033
326.2019728741653,334.8723060508494,6.856094112782687,6.64373472817226
325.2528127695281,335.39515027817066,6.841111937482692,6.660992042737696
325.0423202282613,335.4909988696957,6.836843362570376,6.681921688410564
325.36120149103726,336.12242950880704,6.837752165932994,6.696403068017108
324.3961956677063,337.0785094210295,6.849563240436914,6.702443815730249
323.63870670815515,337.93946401229164,6.870641129515393,6.6878489532332335
323.3124438352419,338.2600398219943,6.8826228422188285,6.687241366951117
323.09082735984333,337.7298211797656,6.898469570585072,6.679213095331583
322.2402581579433,339.3270887471184,6.889089538943179,6.691900027079908
322.0226556908066,339.32006685592995,6.896558042537467,6.705943809456801
322.55293563534633,339.5297691922728,6.907035000629616,6.7149538756398774
321.7989924411104,340.4830685839176,6.913322142379954,6.738982695278057
321.68758931924526,341.12249265494364,6.921135842074663,6.750089817439108
320.9326887076946,342.08308127784045,6.923902308045093,6.766528687956848
320.9315387871837,342.8241400826596,6.926202149066866,6.793567520115594
320.28672334465926,342.38621565932254,6.919491989477302,6.805189003697354
320.28304628732826,343.677234622352,6.926846104139215,6.816769093244821
320.07365827980044,343.55945010656984,6.912755820243979,6.835904975333625
319.8658860580517,344.8514002264432,6.895273268501924,6.850166707024559
319.10238012564463,344.42143832575397,6.907041821332118,6.8442371872693375
318.33244264835037,345.6189725565945,6.931031703880399,6.831273838794356
318.4399883886603,345.6193697546788,6.932668020959552,6.830479442625674
318.4344623583952,346.05638235763314,6.94372008148981,6.823418181414645
317.6667271405343,346.92836655811067,6.961567714027879,6.813875841241012
316.24989054076525,347.69317924919056,6.975111888770584,6.802781472432618
316.78919927032683,347.70138100678486,6.981346707237508,6.786377957243985
316.0278795608286,348.4634679770769,6.98632224059461,6.779867902299342
315.9059902727508,349.8733179257211,7.013316515840499,6.778363916837668
315.25018920901863,349.55372380465786,7.0218150120638425,6.766000343343657
315.3594243392032,351.1766778696802,7.020466358856954,6.7769163207343155
315.1427456263306,351.28320162562835,7.019277476603114,6.781141962837546
314.2642314806442,352.03921892598294,7.037734960878431,6.790356818338635
314.25183122376893,352.04615374677473,7.062535474628895,6.776487176755051
313.5902317729819,352.81029955547905,7.078180023560219,6.773675637429634
312.70963674424473,352.9204853214541,7.094359826123589,6.77143038734334
312.0413451294717,353.6928030307483,7.120878482382855,6.755203637589434
312.04049562509164,354.4611985748923,7.122577491143067,6.747926603772743
312.0397950877341,355.2291400003826,7.123978565858173,6.740936251258685
311.93243123897986,355.56138453240675,7.1203819802485135,6.731420036564271
311.16597450396443,356.76749755892365,7.126475658632522,6.718482227546821
310.93992689122774,356.6616635623617,7.1425565558167445,6.712143056526219
310.38914736503494,356.7743803466647,7.1533259944162895,6.704867410677317
310.4990647072313,357.539404506056,7.151702006736308,6.702293968884211
309.6193768820651,358.8505770648942,7.165921931791625,6.697682439123114
309.1867587435671,358.7348225916098,7.157984829439259,6.710898040854782
309.28131867757423,359.06229911741787,7.187244192587995,6.71108268272767
309.06496351064055,359.9297197373577,7.18227617863346,6.726954834135269
308.2993267273784,360.58230469043514,7.18045408668223,6.735866920959532
308.2928645758223,361.4596459784983,7.193378389794393,6.734197948774627
308.17252325904747,362.11354407292134,7.214758915296379,6.742214408214764
307.2721333030933,362.2235444858749,7.257431954891466,6.741976941346724
307.0410203128169,363.1037978173997,7.278806397544409,6.744876429896681
306.26822430602317,363.54583803775546,7.2787607623999735,6.7440175027460985
306.26326712294986,364.31697580830763,7.288675128546634,6.747279022549024
305.6001883434342,365.0883006285675,7.28884746923357,6.751612136764403
304.70626170715866,365.0872411186993,7.308147694050663,6.753731156500792
304.58486749048143,365.4163634270819,7.329532249953961,6.759698172089035
303.9101569365145,366.3023338620049,7.3479597247020925,6.762415479824158
303.9137620535389,367.0679749287522,7.340749490653245,6.786272919345621
303.80766324777403,367.16445133517044,7.330517152705989,6.815750055986249
303.3585627333226,368.0563937339107,7.337762242153269,6.813777137417004
302.3435508502429,368.50708294521473,7.362399773449449,6.803681485859258
301.8878291783974,369.3972963198926,7.381665071745317,6.807610827293634
301.99061037506897,369.62540083176674,7.39951012004712,6.7982166868353
301.3169617968225,369.7323005959646,7.405590591638665,6.80795327258976
300.9832341887804,370.63292075265144,7.401688213657801,6.796999876722942
300.09505731609215,371.41022550497263,7.389636454059365,6.807245188933728
300.6554632691389,371.956234431138,7.3864540705811645,6.832856859218389
300.32143031973743,372.40697018128515,7.38286879425808,6.826920259092274
299.5450192158744,372.41429030958597,7.369557311817798,6.812280002490623
298.66468654684985,373.31078056270326,7.343879372547276,6.805642773575623
298.54600243060463,374.20998372629487,7.358460791605161,6.789530953853204
297.76799159952554,374.763926538947,7.355176599684425,6.795435224319615
297.76531263505655,374.7648453754933,7.360534528622462,6.793597551226965
297.7562804876149,374.9931404313319,7.378598823505709,6.782717463063027
297.1910779021851,375.77736245394476,7.394186534143419,6.775017862147924
297.1878507285682,376.00195775980995,7.400640881377206,6.7719948700491335
296.3988289927348,376.8938839234348,7.4167308351455885,6.773232277540507
295.49918110442627,377.4525443027211,7.428774340456834,6.7729441885341455
295.7189406707943,377.89670099841794,7.436434177005606,6.7789887357100795
295.3856143637822,378.78975495689525,7.431671594904455,6.783321341756519
294.6053290904631,379.5725686516105,7.425642579861652,6.784293514007052
294.49890215764395,379.6856833068903,7.414774912990649,6.781785735956615
293.6150345466115,379.9032698976524,7.394411579502173,6.793637193320844
293.506698395968,380.9039738864519,7.387700124244282,6.802683024626353
293.06914014641956,381.67896002227195,7.369124146698572,6.816672587110839
293.07494950024704,381.7816150221716,7.357505439043604,6.8347186053457785
292.5195674270895,382.4498840658107,7.350961187035157,6.8389505960558665
291.7309362740868,383.22903710450476,7.364235843059817,6.844632168648433
292.1767878827663,383.2267762693851,7.367429799983052,6.849153838887827
291.2902501840837,384.0081818929414,7.349737112122695,6.8532646663473535
290.7361368423505,384.9007491574382,7.3397880231478005,6.8572113732599576
290.73882826151265,385.6862904671014,7.334405184823476,6.85092626088684
289.8379103338785,385.5684941017664,7.349372190522099,6.863160385360477
288.94220911668833,386.34969210496206,7.350481301313229,6.867271037109779
288.9463139119032,386.68936159391353,7.342271710883576,6.859539903356836
288.6153849667479,387.8110862374554,7.333274778798497,6.852273357592054
288.62495743958056,387.9203950203953,7.3141298331331654,6.857018142490796
287.95532956582036,388.48882048086404,7.31455363552408,6.835860509161107
287.95918361154105,389.93156863615116,7.306845544082741,6.846884943278657
287.8510311337217,389.8199527421155,7.300286532495389,6.847252764123875
287.6361461004817,389.8191503336337,7.284521928285313,6.848857581087432
286.7528952086683,390.81800902853365,7.270651966499218,6.8540584048770565
286.5388700783796,391.0398278234952,7.253877836086689,6.8552452059438505
285.65980519856436,391.93213797385624,7.234657658827414,6.847974842111595
285.6711433060846,392.05156428625946,7.2119814437867875,6.830875055727151
284.90619124337843,392.9504581718724,7.193996669144591,6.802103170278006
284.9058586833171,393.60781799008896,7.194661789267198,6.809720050584678
284.13813367473364,394.26416001417647,7.186467490204215,6.82015970203527
284.2527983015554,395.139917121325,7.177696183957851,6.833109066916027
284.1393391763743,395.69421242983947,7.1839885154641365,6.827648044167368
283.9236814585255,395.6906335925916,7.174028243492063,6.834805718663108
283.04439253419895,396.35612358412754,7.1678429873199505,6.827398064210162
283.15216630703094,397.2531781238867,7.172676635599538,6.7963385362392765
282.9367869829025,397.91537932829846,7.163506220782851,6.791723316636272
282.2789741136159,398.0263288451437,7.160644583591554,6.789572178906541
282.3940052428885,398.8006078735712,7.1502513471465035,6.778697276752947
282.2880294402397,399.13257573220886,7.142868941888105,6.772763591145811
281.852863015676,400.0181822416538,7.136704024329171,6.754546105628558
280.9857917706267,400.56263703073813,7.120933331544448,6.759332266762066
280.66451663617505,401.433930715869,7.1077786546547985,6.765291418614763
280.0198245632794,401.98010820959036,7.086421400284712,6.765220931306423
280.1338539177641,402.1991088905591,7.076484128730384,6.763462444198936
280.1407092917869,403.066433533047,7.062773380684824,6.772316980702161
279.9254269574972,403.3829026597291,7.057611179859788,6.7929690314443985
279.7149544091907,404.246149298014,7.0423374375969585,6.811351110378223
278.84131997868934,405.21978045647904,7.0443203612947904,6.827535472916096
278.73597488831325,405.32603490764984,7.036562788547549,6.833474324073916
277.8669485213189,406.1999286050821,7.0272561022164055,6.833046349529353
277.868509679471,406.5258136234891,7.024133785912147,6.836077680775258
277.87882073006995,407.2841269041218,7.003511684714224,6.84731328691247
277.66952848710133,407.49897713698823,6.985856649864698,6.853852341966401
276.9084515568137,408.3755608836367,6.982390648205422,6.844250405508879
276.9039351168644,409.25585986133046,6.99142352810403,6.825569745856763
276.8005678750207,409.91165106088033,6.980571485551582,6.81950650419606
276.4674060195975,409.9202366701013,6.994934109413283,6.802335285754156
276.4688816630018,410.6817124622345,6.991982822604669,6.800305485392424
276.46721848621087,410.9020835471539,6.995309176186561,6.793955609292889
275.821795768099,411.77607688798514,6.983266682802672,6.783152833773872
274.9640292686095,412.21081222385885,6.964493427229375,6.780835289302518
274.8632386546752,413.08488445785673,6.9496176162052095,6.764347132450467
274.2226830844163,413.8363818507994,6.934950626489405,6.7730934985041396
274.21879291685923,413.8419966655948,6.942730961603549,6.761863868913377
274.21814984625496,414.60284629291675,6.944017102812016,6.7508744593639145
273.36499821386457,415.5688367556746,6.9250225955889375,6.759853527352432
273.2585411907391,416.21295447818517,6.922430705887465,6.764653698046465
273.0394084182298,416.32485405040285,6.929614138891064,6.756395609618622
272.28523599075237,417.19090166625534,6.9292952158073025,6.74848755281488
272.3934168259549,417.19079873143875,6.928326994245749,6.748693422448176
272.28201962350363,418.0481071286729,6.935739895198917,6.757128659573883
272.06780771986104,419.55945692549574,6.932901424572917,6.7532650113061115
271.42235768043815,419.67136377984303,6.930648271192533,6.744976841315884
271.5294966065232,420.42652375853237,6.931729631708341,6.742171372737948
271.4316707382156,420.85545900791163,6.912049517536365,6.74562827712809
271.22794943787574,421.70971035616583,6.889337021893255,6.757745965910871
270.1513060211722,422.4668060095313,6.893501905745503,6.747940023868318
270.0500495987722,422.8965105309536,6.881191950942338,6.7478221794366045
270.80515222676297,423.75876679796124,6.873379717417552,6.740330242514902
270.0527507381537,423.87416255540177,6.877476679930677,6.723925301163232
270.26969883092687,424.72166281299013,6.871964283105748,6.742459940872698
269.305763036824,425.4735602379774,6.870254262809927,6.7394507863993764
268.9891859875055,425.6824031994275,6.8604375943498725,6.750412041563929
269.41474263459924,426.54215345648,6.866693651925666,6.7456502309854525
268.54879546657855,427.19637481422933,6.88366397665982,6.723400523967133
268.5512608958236,427.3001784311463,6.878733118169692,6.730074054724136
268.2321087011467,427.95012504788366,6.874111325684049,6.716033184928613
267.5921972639372,428.906894229841,6.869847774915085,6.728624458795698
267.9149526184959,429.97426351318154,6.866775911600631,6.735348711457341
267.6031607327183,430.8235870509162,6.8477471215775125,6.750335133529768
267.07450803391964,431.5558713866062,6.834344249365673,6.784758039882683
267.4994116999186,431.65916200636565,6.842431702988856,6.79265049676921
266.6423672732631,432.4037361781235,6.8387177870324125,6.806579576362469
266.5338705601816,432.6138677645562,6.8408247895472165,6.816089250793633
266.21376181554143,433.45854320315084,6.835834006063065,6.847293767643145
265.57194126339425,434.092928908336,6.826581260845811,6.871416206784393
266.32567392304253,434.42608126973033,6.829129388283713,6.852260104024692
265.46129216758226,435.2898789237714,6.834253893975028,6.848303801171739
265.4519544685254,435.83440765527087,6.852929292088814,6.836612943822955
265.2361339408033,437.0179568147021,6.853403739501066,6.840930969135846
264.47912796910964,437.9879175847516,6.857804139261562,6.8419385565569595
264.90638503227683,437.99206580857805,6.866265786098203,6.833642108904057
264.5924665887827,438.74479316023707,6.846863388796918,6.838412402261529
264.38131852264195,439.5976816944533,6.838127233244729,6.856764485164159
263.9608782552709,440.3425144883214,6.816337623230748,6.8767716507508565
264.28435076152465,440.44738789080725,6.8163095839607095,6.882663836858178
264.06465402495735,441.6350937271138,6.824240592672484,6.880295718570471
263.31818299529255,442.48827729492996,6.806449525097882,6.900480727971602
263.5324142919857,443.346993491082,6.809698730755677,6.9098955318441355
263.53642594469,443.8824658064132,6.801675425347048,6.919226711635328
263.21437987594163,443.98372574714523,6.797541913282556,6.932782046691729
262.45459309138386,444.84252146196604,6.80355481873642,6.94497423266336
262.56166915297524,445.16413196554134,6.80591210055459,6.951281440515548
262.56657165231684,446.13377699903793,6.796107101871415,6.961802613834078
262.5629782570679,446.8979628876988,6.803293892369158,6.95002330678076
262.3495518404016,447.6487091445248,6.796977543905119,6.9646229294172795
262.03248151013247,447.7444799316392,6.780975912165131,6.9897954526144925
261.4872363569919,448.3912423375793,6.78718467966833,6.997408487267869
261.49139028424594,449.79536881262777,6.778876825160331,7.011116187069551
261.49639298581076,449.89597095951257,6.7688714220306565,7.027069438280682
261.27874115191975,450.64708544751574,6.769676292686254,7.045586252217196
260.83712883251457,450.7604020415706,6.782691562069832,7.036505406464052
260.186912033461,451.6281106049978,6.777429326564097,7.042016057760236
260.3977359233565,451.9583708334296,6.791019724678778,7.034352867755213
260.5075249394254,452.93955326616236,6.789155664740437,7.031413752084809
260.2802434893518,453.71425593592795,6.80844175875412,7.005477234020858
259.9468965498367,454.0532821238354,6.822526140844554,6.980034355145772
259.29592299133043,455.0424214559041,6.8203155427594275,6.957992263654854
258.85997995307645,455.70427476409037,6.824287550462096,6.936156750490192
258.86660804261925,455.922467809153,6.811031371376506,6.933166900260154
258.43840326997713,456.78971187702564,6.801673193584396,6.930214210667637
258.54212488636966,457.5506870828434,6.8104777875409965,6.921998586223343
258.7544609114406,457.6620581924473,6.818321112718722,6.9155140546753335
257.99783351822396,458.52698560302275,6.817619295632976,6.915895351831994
257.89359871059975,460.1456356922914,6.809814474029091,6.922711726079677
257.6834245504642,460.36126436068787,6.797645938193984,6.9239712453929085
256.82250253596,461.22673164157396,6.790800605406922,6.9217260454162775
256.83051918446154,462.08281322539455,6.774767308403905,6.937105604392471
256.8378564753289,461.96829221442977,6.76009272666909,6.9502164032476195
256.6250029275801,462.6104385294505,6.7539894421528315,6.961354913247792
255.8722538131873,463.14616642033707,6.74760314900454,6.969816647141791
255.86588250286815,464.0182939217744,6.760345769642857,6.953683826825232
255.871862970872,464.77518718988205,6.7483848336351535,6.951642522176474
255.7677898022909,465.5206939496931,6.740788644786804,6.97082668462822
255.55774584309637,465.51439714518517,6.729029857474101,6.983420293644148
255.99419433796663,466.16467953110896,6.71987209380109,6.978464360897903
255.25134077748157,467.3564618832606,6.695593645047656,6.967734123303053
255.2582267450756,467.7870459435294,6.681821709859621,6.967205385691303
255.1557489497036,469.0781276882294,6.671843738410295,6.964244642610926
255.58205986191206,468.97631305875433,6.678138739717026,6.953144695130175
254.62649799836444,470.683894108316,6.657367835366776,6.972461940798876
254.6247245044185,470.90637083376447,6.660914823258607,6.956765787647593
253.97579604133665,471.77359673403294,6.672137688163936,6.937826068788365
254.07717311761306,472.4264212207561,6.683703463303264,6.918096661494733
254.0776304789679,472.53973510727286,6.682788740593587,6.905662513932744
253.86622795498627,473.17851749569996,6.677625463892292,6.912002711072076
253.31992021880012,473.1918102612849,6.7002312603479846,6.885417179902213
252.46420425644436,474.0531951653943,6.700125181529473,6.87418537521348
252.1387135199065,475.7551698090908,6.709813824892235,6.890464512956203
252.9846415427629,476.1923108600126,6.731340883388455,6.872873963217124
252.3356286126384,476.200112902733,6.743946511670648,6.857269877776329
251.3760579248042,476.7467297189831,6.735373158483972,6.834988872417685
251.16295487292203,477.8209794227616,6.734169163833133,6.823539956936781
250.52878472558388,478.6793970550291,6.7214730351668495,6.814753256858583
250.84637876711307,479.00489906603883,6.725787909938697,6.803252192669182
250.95666061339745,480.28120371968697,6.718279093898813,6.807301403719105
250.86137941207767,480.2769886792819,6.6958413822575515,6.8157314845291905
250.6593020721216,481.1259543556343,6.674438900251634,6.8200287794964805
250.4563038905758,481.0191019731896,6.6554188433502866,6.821225334389413
249.61498868436806,482.8225733478985,6.640236445619379,6.822134806532498
249.62378753611148,483.46130278504603,6.622638742132543,6.816681982419821
249.20675734217076,483.5781413484442,6.610149806610471,6.794642186474282
248.47630783037516,484.4276023229831,6.593390214045554,6.784472941574997
248.68716176591929,484.9660107040047,6.593021618074427,6.761004367324626
248.6876845158994,486.2380271000612,6.591976118114214,6.740517121110615
248.47808147775572,486.1395472120397,6.591267663045342,6.727519631475517
247.95199606645863,486.5689910143976,6.594728795861127,6.707599778582466
248.16206041136167,487.82120911711183,6.593567314223525,6.716966822165081
248.06168144923328,488.7588553950931,6.584712779679351,6.728186395410994
247.54826200084693,489.38284777143326,6.563307117702656,6.7380951132300275
247.2385598935883,489.38377658413236,6.55431219240335,6.736237487831729
246.51792401009644,490.1133993754692,6.530518309529719,6.7420575550154505
246.41779552993577,491.3630800801759,6.521764964072519,6.750819814944403
245.885924782,491.35814857703514,6.5404599521792735,6.760682821225958
246.0954318873396,491.9769117305921,6.540365016946777,6.779914340452106
246.09459136203654,493.54639227559886,6.542046067552927,6.78734872573829
245.87846916678035,493.55057634427413,6.55448477336953,6.778980588387808
245.25200315647461,494.2750664679139,6.547606443744463,6.799779083050796
244.51639920977064,494.4808882552326,6.547514654851831,6.808506846213533
244.4119400560805,495.5205360558145,6.54611195475991,6.8324213197718535
244.3096200567088,496.24631067518595,6.540078451902685,6.855586592233385
243.46325743412558,496.4627469722295,6.545277887128751,6.84459545063131
243.56210920522977,497.3163022101987,6.558425320394356,6.824292778485105
243.45959809875916,498.1531162991702,6.552706464809892,6.8365931487478555
243.03469542087444,498.2632388837301,6.559138768369326,6.827191242680689
243.2470171373718,499.09737010171875,6.556090895921737,6.84531104889199
241.9804465880758,499.94951988421496,6.556831042869182,6.829278784995991
242.50124184505137,501.4253193695799,6.569210345309679,6.8287953001626915
241.6540576480123,501.2201669533253,6.575720225773844,6.817135504268309
241.44079260917187,501.5488606463,6.580445208658027,6.792455760513981
241.0116197815164,502.50477947044334,6.596429867594905,6.775930354068982
241.01132070425294,503.3520512895955,6.5970280221218225,6.766055570361734
240.4802495911843,503.9932141606529,6.606979985310834,6.746358143784902
239.63552282695426,505.15520385019664,6.614146108491619,6.735523946956346
239.73728801778935,504.635015642463,6.620844578881653,6.724756102122632
239.53244049027842,506.2060285059097,6.610208939537342,6.735210582975552
239.3307108335765,506.09584282311107,6.593344688653041,6.745420166428871
238.70933014077218,507.77709193064857,6.575770818219778,6.743815967465442
238.81448902417029,508.2037899608958,6.575206150125604,6.729432301779354
238.6040137424464,508.3162656739454,6.577120021349802,6.713999221791799
237.97759633318876,509.2577033519499,6.5741177027106845,6.714879571514478
237.9759478346163,510.0007376960539,6.5774146998555985,6.69371917125707
237.55313106640986,511.05357269339845,6.587079325209798,6.677971454214491
236.71549125801388,511.7935488509006,6.591181250022361,6.660299619692073
236.61006572921207,511.7979078653462,6.5933482791953395,6.65158159080093
236.0801926218022,512.6333864844162,6.610189150233456,6.649272902711686
235.96813304275588,513.3710298199042,6.625498109074619,6.635657626495938
235.551154058498,513.3773459977067,6.624107746084449,6.6230252708907615
234.7207671691248,514.21193233122,6.615951382352965,6.6227827463419136
234.72389569607898,514.4159471792291,6.609694328444593,6.631721040499016
234.61871196440023,515.3570264240981,6.611535637647156,6.626297938156035
233.9871836849552,515.7789860698416,6.6237734704258076,6.616257797409997
233.97984587634002,516.7169761780758,6.638449087656163,6.616817370090905
233.66128139578547,517.5519905492354,6.649345196243011,6.616742901164534
232.92046073649405,517.7670934977085,6.668584206561215,6.60436623515111
232.8163839208603,518.9065693597939,6.66771560784824,6.624659040765264
232.0815878245632,519.7507530146543,6.672008579887342,6.610919411678837
232.0807398792548,519.9678672267094,6.6737044705041875,6.595049818192885
231.3499152022878,520.81156468093,6.672662925991047,6.579301650833832
230.6135884534814,521.6533189418784,6.6844789981743356,6.56532161514215
230.40182462004353,521.9708215149818,6.690694329217589,6.556284972684083
229.66953702619045,522.8076838237074,6.694991378276515,6.551449656544104
229.66660266389562,523.4372615544693,6.700860102866242,6.543908047147553
229.0413279943377,523.6511929867042,6.699957253593968,6.533195912140494
229.14613187648706,524.4863728309961,6.698741465308243,6.529972031660323
229.04008430897568,525.1131416824556,6.7025146420136235,6.5263660786450925
228.1991249160465,525.9565263509206,6.717839723288637,6.506190446298728
227.0538198008987,526.6933982382268,6.717746424751334,6.490167099125267
227.47046109115664,526.69689728104,6.716427519875426,6.483169013498899
226.64140501637718,527.2242477739106,6.711663289491119,6.467765765222121
226.64272316038972,528.1592528877479,6.70902700146604,6.4656261460641105
226.12659616913888,528.8839257777871,6.703950981315952,6.468542369698365
225.1839397275661,529.5108173060052,6.722370838572289,6.459354663854965
224.86522888675265,530.4450357110819,6.73706482785845,6.45910093072382
224.03501642056773,531.1700770040253,6.73507289601298,6.4636331010253825
223.9370230526982,531.2627563091555,6.723216983136925,6.486117139379974
223.62512161112312,531.36466540834,6.722981970083279,6.490311573079069
222.897067293949,532.1992041098493,6.722563520736714,6.485836551425894
222.57502455860993,533.6539156205422,6.742655146355266,6.48838480698488
221.9355393289799,533.6623072832158,6.771506317985708,6.471601481637692
221.8363489929248,534.3928125458083,6.7613474812332095,6.470367518491689
221.1173304622193,534.6008268524307,6.740858468145805,6.471060640817727
221.12352990523013,535.5308265088156,6.728459582124116,6.4835191807835875
220.6050426753372,535.7395165109768,6.725165449486534,6.4822466134304735
219.77830585741356,536.4720463865106,6.7147835184613,6.473060483376749
218.95021995607254,537.509718488958,6.70956443414494,6.474454887229722
218.23077132417055,537.724844355083,6.695163011753493,6.459431351035507
218.23895389889208,539.178279844554,6.678797862310455,6.452669479874544
217.51706397423428,539.0854928177805,6.675068041158106,6.4314564376403345
217.62669308716514,539.0931674990126,6.66220286197353,6.416107075176168
217.42150428241644,540.0256218469917,6.66068342978916,6.404735066785887
216.60330130375243,540.8495777746975,6.651131373159614,6.402781225331839
216.504464389702,541.1624188777841,6.643241075611319,6.393791396105814
215.68368048698625,541.9872258874639,6.642423263537836,6.386562994251302
214.66062658017202,541.9947670077139,6.636821128043896,6.371480753751233
215.07525440924803,542.717854649498,6.626943442814606,6.359216922797803
213.94936249680114,543.6469758852144,6.629275701288544,6.341434823890287
213.3275628147856,544.5752801310091,6.647371565076468,6.323081582665458
213.02030015689175,544.8841808357619,6.649167450357253,6.318009603667008
212.20011182065417,544.8907724402962,6.656017210623815,6.304826394598092
212.19349385868026,545.409166867379,6.669253134571673,6.288482741572483
211.371979202341,546.3366772522927,6.679988002336945,6.26979322227256
210.74776855454368,547.1541191810321,6.704961395597061,6.266173234573073
209.9314503129663,547.6646425082483,6.703672955401401,6.266329657234544
209.8284587724,548.4845437000243,6.705433058557643,6.2603110974928855
209.11184911898033,548.6906790007846,6.7095683187715,6.256350223579589
208.79729232418225,549.5076196644985,6.726212390145281,6.255720944744818
208.07651567426973,549.8186844316648,6.736921406423761,6.24681038907515
207.8654318252462,550.8505319018666,6.750225514063359,6.227433400709037
207.3501490715163,551.4690982874744,6.759135420931268,6.216287350203624
207.23930688509253,551.4736398430691,6.776527138767751,6.2072042390140645
206.50921838618999,552.0919360381447,6.805770698189902,6.197126224619787
206.40657318825848,552.1967300896974,6.806347153459698,6.192252062107643
205.27515932721425,553.0179933005568,6.818077323140314,6.186887496685563
204.54907117203345,553.4323625226251,6.837057655492883,6.177118182839906
204.53930536530893,554.2568039090672,6.856589268941901,6.167289524472344
204.0162884677226,554.4749145260123,6.87747993233161,6.141125543295312
202.46520108103795,556.0147128229282,6.9056236223851695,6.135560032779289
202.9686858420666,555.9104872415616,6.925071306566033,6.138727754264999
202.13799386851414,556.843637929377,6.94136785635533,6.123149700614123
201.09465055306612,557.874523085088,6.971659139381453,6.117774737062113
200.46799577724016,558.602128306107,6.988829871897854,6.104726250681989
200.9722931813013,558.6040221528283,7.010636003541181,6.1009385572394335
199.52567550422236,559.0220686564369,7.014870449148098,6.0902743810367905
198.79729580797786,559.0248405371931,7.027867356008135,6.084730619524411
198.27203011530315,559.7538109082031,7.0465786055072215,6.071338067694624
198.46957220442687,560.5814294585033,7.064371611830519,6.0676097053770786
196.92497233244126,561.2022280033102,7.053763314460315,6.065935832299591
196.60830091005786,561.2060670629695,7.067717242744141,6.058257712980914
195.76910207291087,561.8357388011494,7.093671799747475,6.03824657458908
195.65708377211374,562.6684337138581,7.111073584106345,6.025935287054885
194.62115481161132,563.5003194759389,7.115876416035357,6.015807834154081
193.68421856523608,563.6055317362691,7.130198699032594,6.0120000034661505
193.37260469061636,564.0182488348252,7.133097284612041,6.01367135790055
193.9949635389106,564.0126327267411,7.129467642534909,6.024903574068752
192.9544966899659,564.7394931956584,7.140673401615039,6.0199921934005705
192.03074837403395,565.6688476525583,7.124570308131424,6.024883004948274
191.73108544956006,566.3847574543129,7.103205490485888,6.041341623490013
190.69970892540988,566.4853451602219,7.0976404146344105,6.046998024087337
189.87569870772018,567.206041748554,7.090966412386754,6.053462480346831
189.5656305974979,567.2107558183606,7.090589790742686,6.0440343407335835
188.63475628621765,567.9365791797748,7.09221608699356,6.039149427257044
187.9154366221667,568.8665967823665,7.084467466232172,6.038755870611976
187.8111050806704,569.5950561690844,7.086629708546373,6.0273429819254725
187.085263371683,569.6023301208475,7.093857859068371,6.012795078399341
186.88322497098912,570.3324031289469,7.085477899250603,5.996247726419762
185.74499598021708,570.4418232943585,7.0977748606909135,5.983240215605873
184.92290079306204,571.2720885511956,7.095459465017908,5.969215471914966
184.7223956892764,571.3766284640905,7.085366262437714,5.965687351201049
184.11402169237175,571.9920457593827,7.070078922363692,5.966888094500032
183.6034985799782,573.4352412715886,7.0655115439575935,5.95221515902935
182.79607699929215,573.4355874984947,7.041826213834927,5.951522705216968
182.08862523066796,573.5375395786315,7.025653319501381,5.952058035169359
181.9807316209725,574.4627076596232,7.0372420379487135,5.939508381677795
181.26751636513143,575.0750483245554,7.034444767094065,5.93987943684508
181.1738294143113,575.171025608199,7.0176804587815464,5.952063079510667
180.26213331113948,575.9838321882736,7.004393088917998,5.95905398710132
179.5570091144487,577.0066356858638,6.986762068859063,5.953274725407311
178.03635256880543,577.8180432817932,6.973811790455661,5.959399997383095
178.0428894622312,577.8231351413386,6.960738003604165,5.949216278292114
177.8417925328936,578.6367509293899,6.956631275685184,5.947187048566163
176.43131630567623,578.7385119375987,6.934824499480614,5.946719262908542
176.63768342985773,579.5561161080379,6.927509650984956,5.933188521499507
175.73527418711134,579.5515717524457,6.910914496898101,5.942277232683861
175.34070718160066,580.055306275728,6.890973627290316,5.946151786905882
174.72599308120985,580.2591191518027,6.908266707908972,5.942571074810768
173.71895806853246,581.0731204424345,6.90001177316179,5.932428461628669
173.42060256188145,581.2792729976202,6.890896769643825,5.9240073624706335
173.122372214129,582.0908542389336,6.882359896797499,5.914171728780275
172.323237885925,582.1960801319324,6.869621097064425,5.905095874800203
171.8310952449275,583.10166376521,6.8487401823904515,5.903227762249411
170.83565639141256,583.4987541959192,6.832814481612619,5.911768263953989
170.03359777086496,584.4015273689467,6.832363587952084,5.91136106949893
169.93792169390852,585.0038822582827,6.823158234608429,5.909996334366342
169.1395863680117,585.8110071445275,6.81668356647708,5.898891881801705
168.74465599020428,586.4117982667831,6.806084974552897,5.897998658599053
168.24574777927555,587.1198140477759,6.804218931576329,5.881522547381193
167.04486556573903,587.3179276967164,6.810263735516432,5.884581853355437
167.1465446164956,588.1185890031309,6.806691546320423,5.881546539063465
165.74945922279426,588.2198458153663,6.805315143702048,5.878714856736966
165.75168493650702,589.0197998160742,6.800863716276499,5.8757285392552046
165.05269178738968,589.0244536112023,6.802361046762995,5.86642094899905
165.0505293607074,589.7273943156694,6.8066859001275315,5.856145073580517
164.25614089987025,590.1281746247392,6.801269595199513,5.8516810687419385
162.86310349009884,590.9264802408493,6.7996821973495605,5.848019675032007
162.85850614218958,591.0351029580441,6.808876893168082,5.829809639884645
162.16493196736516,591.8367832708349,6.80382969895416,5.817529635860669
160.96961145630374,592.336937273057,6.811153307385947,5.8102705537879125
160.9646819206785,593.3349741354947,6.821012378636446,5.800259611641846
160.4639794517647,593.6384932368328,6.829429243943005,5.789014252478169
159.26545531723517,593.6423426831195,6.843917026324077,5.781315359904852
158.3727696177801,593.7343139142669,6.841470568773392,5.796019326105906
157.67748426177613,594.6338638358895,6.840124407468292,5.786526891405961
157.58339016853142,595.0289739787809,6.829640827338129,5.7909936721015045
157.09426238171176,595.8197176899904,6.8149873293520935,5.798160764282994
155.6101864590186,596.5141049854751,6.80607681654878,5.79868194046871
155.61784594099342,597.6014248616575,6.790757852599115,5.805799621090944
154.93310654554153,597.3916216086462,6.772701413414816,5.828967489945367
154.63851462048143,598.7706507518242,6.7669483506546735,5.847281463697911
153.9430514204135,598.7642683375632,6.7682539597109415,5.8600462922200265
153.3568041364691,599.0535274493687,6.748295015701103,5.877754824558251
152.47231841731644,599.8443472856374,6.728811276275273,5.88585308778196
151.77932428541433,600.0442658729902,6.724983029544951,5.883106344657472
151.68175700413323,600.8369644787824,6.721675692685319,5.885244328448003
151.0831286613281,600.8331267349433,6.728382966739048,5.892919816126134
