735.0,222.10000610351562,7.800000190734863,5.0
733.3969321573171,221.2997601784456,7.802115709695412,4.999395441120442
732.1920256366079,222.2070340064341,7.80728414731654,4.9883312379914635
731.3905860149614,222.21037780439787,7.80792724864362,4.981643642063931
731.4877402536615,222.31385428862382,7.813796108340735,4.974868010709308
730.7812781836598,222.52379734569843,7.825657125215133,4.955285646025511
729.8807800943104,222.12891378021732,7.826638014666872,4.945045981766851
728.5740566371251,222.33616173150676,7.842100561683645,4.9302399818577385
728.6675958276895,222.9427424505195,7.854850335353774,4.916047472627575
726.5754333316426,223.5420577257661,7.8437779514450385,4.916101886706516
725.3779157137042,223.5452196281173,7.843417678426391,4.90977808200416
723.7819367631255,224.2465669969487,7.843297177871819,4.903617645090376
722.2944507199416,223.945837802486,7.827272091045732,4.906876599376987
721.6873194629385,224.752764799516,7.84624457838783,4.8867426408689685
720.5823339000593,224.56044148319737,7.865446859373173,4.87306766536576
719.4806730227737,224.56231847164662,7.877370675776702,4.869313688467244
718.8766267621882,224.66423966764404,7.889465678553048,4.864804216204845
718.1730526859006,224.86617747482148,7.900550300825983,4.859803896222063
717.8700038319781,225.36710041787887,7.908091052384829,4.855552937250703
715.4658875934456,225.26993318106895,7.926883439757154,4.850327407133386
714.1713041082947,225.27007011013404,7.919269818454554,4.850053549003161
713.2652835161374,225.3697776233829,7.934602887470978,4.850272757538624
713.362051074857,225.57466590920023,7.940934283964186,4.840229213769248
712.558155205139,226.27647645143483,7.95039073778261,4.835151504215676
711.1669722815636,226.27204404564716,7.934893452332885,4.844016315790991
709.5668132725441,226.67164659020122,7.938961903065093,4.843873618509627
708.4761777013384,226.96907163178184,7.922170843475787,4.8484950449849045
708.9769465442243,227.665863779292,7.91888954730029,4.852469695399307
706.5771329520213,227.66483302638156,7.9264560762011165,4.8545312012201896
705.0886736403316,227.95446084713757,7.906124532201831,4.874725593183861
704.3893762473263,228.44957054839813,7.905749211988064,4.883770552251766
702.1940641942412,228.34922226695656,7.896390681334706,4.884467904370198
702.0958889072765,228.1525815438002,7.892869992534333,4.878006825223651
700.7965120555267,228.25029496189384,7.895390898355244,4.882290204242436
700.2050463415401,228.23946324068558,7.879403697394612,4.903953646658984
700.0042729705746,228.5399094612792,7.881060939758623,4.902895454822375
698.2125392363054,229.13572043565716,7.865397056512137,4.910983956661351
697.0102336628922,228.9386625238617,7.871766382688744,4.905392810143982
696.1148063435852,230.03487746413097,7.86392747473386,4.911366153189749
695.0238576048955,230.92622955792152,7.847607589155396,4.927203444392369
693.2325081359012,230.92067118277947,7.832833966959214,4.938320194676476
692.7388309414148,230.81308241645095,7.821063479612251,4.953672752069547
691.9525035737721,231.4049988063308,7.794470312338224,4.969275899229388
690.3599518082608,230.80089703775855,7.783268341516773,4.978864873182403
690.4525467170031,231.10226601572177,7.797840223769982,4.975412016469124
689.4620789146169,230.89417673017505,7.779554406857346,4.991746303225585
687.2747985289408,231.78740132539912,7.755845710673738,5.004589167678501
686.0712172054708,231.78687335620506,7.765640998926601,5.005645106066605
685.4747069154024,232.17958685232972,7.758991386515376,5.01999824218261
684.0761960011998,232.17261358454087,7.7548238271554,5.033944777760337
683.4677471560494,232.26606222141024,7.77019056994122,5.047302661940787
682.2685417108584,232.65954666764694,7.760100651106696,5.063167372539541
680.5642353376359,232.35039140572374,7.7547466172895945,5.079013170457368
680.262166521772,233.1493467429234,7.755868387058904,5.089144794614168
679.361585480478,233.13673131545124,7.746312432670685,5.114375649558518
677.9515670532253,233.63382435241385,7.745805056538261,5.127526800861061
678.159562387712,232.91890216209592,7.733171651818239,5.145620756609913
676.4544156470855,233.51418173726327,7.713041105789881,5.165799498256891
674.9373353096111,233.61832737303658,7.719868686385198,5.159330433000537
674.1222011819228,233.82589695883883,7.7355973575336945,5.147826157453059
673.9269381104464,234.32383127399626,7.722397950370009,5.161271402429817
671.5062210021415,235.13462173481005,7.718526573942117,5.154792345148055
670.1000399661807,235.13049000432645,7.706782486436442,5.163055806115286
670.2009071514043,235.23057705818954,7.706730605261497,5.164564187661511
668.6991626377478,235.42424957781756,7.684618252357674,5.180632665767682
667.9973210173081,234.72254388433998,7.676816353025467,5.17255891251124
666.9837156296936,235.42984025986996,7.690133921697281,5.167691406041402
665.7758053250814,235.42772857623166,7.687846935303981,5.171914773318017
664.7701537517501,235.92780535280014,7.683703546064005,5.179484488132314
663.8720924476016,236.4266327862561,7.66535493549329,5.189869187257868
662.452136044436,236.33319538179762,7.684212971995967,5.175240084044191
661.3549385616313,237.2383313585031,7.661611306035278,5.178874465554229
659.8456958231573,237.64822040485967,7.661118933917529,5.1641571325919875
658.9230198526326,236.85609908286594,7.697348344443183,5.140290860558285
658.1061376454409,237.0662555789638,7.721813256123371,5.122302744038388
657.2936299497832,237.4755006089652,7.736978863463904,5.108737576022994
655.6803559933646,237.3778685624945,7.743792053371431,5.102768248781278
654.4700890937298,238.48801624274148,7.749489005962194,5.096073331076298
653.7593638777402,237.68883033380897,7.762465963300659,5.084761177923021
653.7533505535075,238.19334572925337,7.774492611765995,5.081814918891583
652.1308269780727,239.00615703522595,7.797966847504467,5.0669787645119575
650.6187060376892,239.0064643362159,7.800411927845895,5.0663641625320235
648.7977665844746,239.62034446382418,7.8156591602799095,5.047481131980592
648.7911213744339,239.3194798840074,7.828949580361281,5.045031140695925
647.9876876476555,240.12297600620747,7.823406468401371,5.050449461812412
646.4769442723017,240.11982044188468,7.82151253356712,5.056760590457979
646.2705687831174,240.02528529933574,7.83099217779073,5.044195208483367
645.0652315520892,240.1207392720836,7.822851009632973,5.054855232172122
643.648961462164,240.22879134497848,7.832656190538658,5.040375014878483
642.1285640071627,240.94078491893663,7.850514503704287,5.0270916121527796
640.8094491922872,240.94300613555987,7.868273211397933,5.0226491789063
639.90961675926,241.74581666615654,7.852041151269552,5.031158718764361
639.7084865581855,241.44802449556786,7.850970523291872,5.021746514752061
638.8946600387512,242.06109162887282,7.866686114852254,5.004565333623379
637.0851696160876,242.06872743328623,7.859744270620613,4.989293724796564
636.4754729430158,242.17020118479212,7.872652915491969,4.987427005330148
635.7728989280041,242.56848054373262,7.869102280219375,4.995838953332539
634.1672574697935,242.46806795703822,7.859100143664213,4.995333810910358
632.6557255871292,243.78176098121358,7.864580899878298,4.983186370458964
631.8603360002388,242.96738109749205,7.846952550800304,5.003538615043377
630.6514236883477,243.06315781992794,7.851245682138046,5.013112794542011
630.2621449755791,243.3579617369509,7.824395210942122,5.027560883045903
629.36945742704,243.95499380123152,7.79904841634179,5.040644682270385
627.959496687194,243.8618088289894,7.804550273731015,5.025984653733046
627.9588406040909,243.9679112446827,7.8058624399369885,5.014647504181318
625.8581142403559,244.67322601007018,7.792657345232351,5.008903914131308
624.6614893695458,244.47780050531065,7.781056264173108,4.9989464532037635
623.9632051738247,245.38147750509398,7.777175815702114,4.992169533525471
622.8649450262644,244.88604759966333,7.774875500575655,4.983565430638264
621.9657551849201,245.39101197833992,7.77582403338739,4.972209534327818
620.960070793557,245.39952217208156,7.791802901617105,4.95518914684455
619.4618779093702,245.80326110382458,7.795785132339363,4.945685560065446
618.5525209617228,246.51060318867147,7.819951655677003,4.926760457449459
618.2537079401867,246.01407099728246,7.819261447205607,4.922631087655007
616.8582049258634,247.11176181752847,7.819237812995565,4.9202013251218055
615.3553813069328,246.32491655995696,7.835111983314077,4.899346204242072
614.3653397054644,246.52388070093826,7.823136146865146,4.899829730156612
614.4679881015236,246.72323086326475,7.816874432108311,4.8991995602266645
612.9815634691404,247.5150355973617,7.805759507369875,4.907037659768691
611.7005016642725,247.50988421041524,7.782232752507766,4.917340433661642
610.4188970900187,247.60418184933826,7.762121141384535,4.927462137325597
609.1173498496337,248.4077338568654,7.783603471519571,4.909042522662055
609.5047982975982,247.72306442410465,7.803100691392177,4.888191685530658
608.2188604447508,248.519039476384,7.793948542303175,4.884566414685015
606.0375682087287,248.81716655722485,7.792985369643543,4.883341477281148
605.5309155734826,249.11731434277195,7.814749894627253,4.877970353491824
604.1465923907293,248.8183735199095,7.803790638307121,4.880222223111048
602.5670804657499,249.7099379086044,7.788137633394909,4.882849176586338
602.6731664803721,249.7058075672027,7.774193059353781,4.891109859389707
600.4955233224938,250.3967965372236,7.77001526470326,4.8962341362956066
600.4926508554493,250.30187913515218,7.775760198792345,4.887888101401969
599.8129979177821,250.39256964298312,7.748177718116616,4.904633993741502
597.7458093198978,250.4842723857852,7.724661705936053,4.919223422801633
596.5498653218364,251.08925217692888,7.7419037109540625,4.896586836066786
595.9613668134058,250.39503329224087,7.732302542448468,4.900660055848048
594.3835660831207,250.9874176360851,7.724849182709774,4.90203692577541
593.3926492445485,251.78593859957545,7.730658262166006,4.885814676945194
592.6945479088916,251.79272142435386,7.744936113708333,4.872249027388336
590.8151484620143,251.99281670392438,7.753056712290989,4.866866709844401
590.1195216551732,252.49050486883698,7.7622631127519135,4.8586669608915205
589.3243430744259,252.39765277178674,7.773136668251672,4.846935704242644
587.934052323314,252.4008334202668,7.790101939185065,4.8405744072825545
586.9389946182023,252.70185462019018,7.804739580927842,4.831175337979917
586.6390243856487,253.2987409320288,7.811854520478781,4.823053765415201
584.5592079389081,253.30070546923122,7.822343282966335,4.819124691010353
584.7463335014141,253.30971837158927,7.843429709404231,4.801098886294271
583.8528569455898,253.31376044555702,7.851260653093893,4.793014738358728
582.1786723963909,253.60183825102007,7.839392792711649,4.809842120158605
581.089246748047,254.29917309647536,7.842806404540803,4.799541865067045
580.099692872446,254.20038000153482,7.845466530119257,4.799483292385739
579.3111800328502,254.30168694152215,7.841024722944529,4.794552848206806
578.6084457736737,254.70682696174524,7.8637532046168035,4.774409971578131
576.9230995358407,254.9123996886612,7.876367160320129,4.7583325789182975
575.5386944376187,255.50863329510804,7.880861725458877,4.750572065155442
575.7306371893105,255.01643019071486,7.891750746874992,4.748041961941913
573.454497887264,255.91018867736048,7.901375100826098,4.738085347401865
572.6614446497857,256.0094244694062,7.907625192333373,4.737095811241484
571.4837452123055,256.1021594206866,7.892323840766981,4.74918426089131
571.0995640838167,256.38899776670644,7.870548123780907,4.768111049324217
569.2362399494451,255.68680264933968,7.8441420246337445,4.789797043255983
569.2466453339289,256.06909567885447,7.82333125566622,4.815214020480757
569.1591653331299,256.2534760792391,7.800673455865119,4.841688822510011
565.5642703109118,257.2069092584269,7.775087737480862,4.8631545315307365
566.171843395765,256.5046089722299,7.746155372548304,4.883838998354896
565.5927595231909,256.7889973968363,7.718624179067804,4.90791161845653
562.5955739516257,257.6825080258396,7.691582022886449,4.928836707639875
562.7951776240484,258.1768477217108,7.68747992541555,4.927920434333386
560.7237256394677,257.68156976668644,7.683390453597614,4.931096953672898
559.7471153425789,258.26716526337833,7.66193403253626,4.944712169192519
559.5490767353027,258.1734210901874,7.663264033286908,4.934826908673495
558.4643456261912,258.17789532449115,7.663212869922749,4.925878440065937
557.1872971964593,258.5767108634982,7.655292161672589,4.916560459809987
555.8059908191119,258.97941424935175,7.662649297224738,4.898369579286431
554.4326447781815,259.668361598111,7.656798936743438,4.89674610293898
554.4291371879256,259.6734744701792,7.66381411725515,4.886520358802572
552.5581350472087,259.7689018808217,7.673657781907159,4.89209504366398
552.4653881131285,260.35985996096895,7.6624815775351065,4.890199318563695
551.686474185874,259.7681558440108,7.648540838532132,4.8947811073460725
549.520476663595,260.55816428840313,7.661079130172413,4.885475765076901
549.1399247702464,260.64936735169874,7.636698520200922,4.899440737652748
547.6773649391358,261.33135143339985,7.61822633262492,4.909148770822391
546.212251521627,261.3231141637889,7.606580136287418,4.925623310044354
545.4256194762365,261.4184534500766,7.610041819362767,4.931170038432173
544.7415566238105,261.80904917682835,7.603579288763553,4.935457576615076
543.3695393570338,262.3996912742503,7.598792578031796,4.932239629321936
542.1843786524561,261.91659235948026,7.6144869575876495,4.9173428631953815
541.6024193382248,262.6983233884785,7.601171812960364,4.923525835985373
540.229279837735,262.8957321173385,7.601921712844672,4.9209268212789095
539.2540297658095,263.48362125716784,7.591650891231957,4.921611120898553
538.0896729874753,263.18252645815323,7.569150092163151,4.9359971299935514
537.0997528882699,263.18920208789746,7.590620575946008,4.92264587050516
536.3270403381816,263.18539470604867,7.568554924574384,4.930260634202679
535.555459623083,263.2768907181428,7.545857072503168,4.943001020297969
534.0745100130881,263.96826661139113,7.573693939336074,4.929478331941221
533.5785897933143,264.5609437696235,7.5865521149093995,4.918902732245755
532.7089126868033,264.3650744575556,7.563590264460673,4.919015564499197
532.0374159202304,264.4583255933551,7.538290706755337,4.927983734450285
530.4816921824273,264.5596054718579,7.525891925566387,4.920664368494418
529.2046583852768,265.2531373152462,7.545838795467484,4.898127225625331
527.0555896027201,265.2607568289438,7.557147755719339,4.8828881982301535
525.7784896033896,265.1698734752179,7.579323256081755,4.869883790428198
525.774178207418,265.1770086721754,7.587946048025022,4.855613396513102
524.8934423316553,265.28268881880194,7.5964251477242914,4.839030064574143
523.435179561898,265.77321200880124,7.593551004811719,4.831116912051193
523.1428005127119,266.55090457171286,7.594955269485282,4.831342009423907
521.0991700557736,266.8455641134263,7.598218955486306,4.825451101407745
520.3266914350709,267.42370881562164,7.587765431523627,4.835719771043168
520.332649078469,267.0306325745999,7.575850144727386,4.844105573822011
518.1898225066512,267.8176898530403,7.584626366168965,4.825218988648125
517.5146294298776,267.8187644520191,7.5754790874386115,4.8230697906905435
517.318909307774,267.8249772709852,7.578826899768709,4.810644152758282
515.672348026992,268.02352854275347,7.57584587350641,4.80131850190716
514.8979741752808,268.8039261137582,7.575091256919301,4.7900256799072976
513.3507397816427,268.5179336768556,7.5737604327041845,4.7815481265580795
512.56916125493,268.6218087043062,7.590312430378458,4.76712370362582
511.98173076681735,268.7237384267045,7.605184625502073,4.756595722346172
509.8488478601128,269.4072814483715,7.616651300378577,4.743150313999759
508.38811231538233,269.3170438818975,7.638277291982067,4.730302440423939
507.60044227691185,269.3214837230962,7.666175386794486,4.7214227580265575
507.12022778624777,269.90312000066496,7.6581174090933555,4.7203345537241646
505.17668677978673,270.6829404946443,7.674021523209178,4.709164725287918
504.88896842579203,270.68269100580955,7.668633047242501,4.709663702957448
504.0158739610299,270.5897401762487,7.672994168390095,4.702028938926142
503.5380371978089,271.0740393076215,7.661302195601863,4.700796175410917
502.6785940741276,271.45557802703127,7.640686196992799,4.710830845912085
501.43273260916726,271.25976797298335,7.6215999930230245,4.716172625717034
500.08103468928346,271.1664253090385,7.62377871381505,4.709913873679826
498.63223924320886,271.3645248556168,7.62829732230318,4.6994577516781275
498.15832375059586,271.55674661604553,7.612312048590994,4.700540734396006
496.71710486203233,272.2360687262967,7.606605644979511,4.689697131571588
495.1712181963002,271.6682066965612,7.62196867217943,4.671767326943505
494.8797749840561,272.6344884772547,7.628244798548347,4.661238092620388
494.49403916918953,273.5044986977635,7.631236739664296,4.650296950991543
492.6687671637291,273.5116240114226,7.634152511623518,4.636046323673339
491.4252294997134,273.99649669807343,7.628035687565082,4.625221008867801
489.6989952731114,273.8091348909775,7.633313049098846,4.616923390651929
489.1280829589636,273.7133876084002,7.62644090821429,4.616968494276394
489.22690998578463,273.71624657628547,7.620134732084937,4.611250558505831
486.64127067120853,273.81982709593655,7.630156876047533,4.595247166803329
485.77865343746015,274.1133387028286,7.636056443884553,4.581335586239162
485.30540767222027,274.87645718731994,7.628095661037212,4.58222231857957
483.589345665806,274.97748741496173,7.626054587282106,4.570948812550627
483.2058883717591,274.98090346339626,7.630703350762008,4.564116715681582
481.77993297053087,275.26950409308034,7.624808684753058,4.558476550006484
481.208375977821,276.03486402763264,7.625897589805208,4.5504567880586775
479.78220730296164,275.9423803633223,7.624959329876235,4.545205742702867
479.40594628737153,275.94091009204067,7.617018205005717,4.548146285266005
477.3193501040254,276.0271293049351,7.609169631821302,4.565755174926154
476.6500821318094,276.41141378909134,7.616112257409854,4.558096674524156
475.4227436353533,277.1645059807987,7.598166697617628,4.573526169696704
473.9061828359457,277.1621440473978,7.588170104989898,4.578250036498489
473.15034170156576,277.72627293025204,7.578846871895546,4.590746397180746
472.87503305588433,277.43399701939995,7.558872031787457,4.604706087414042
471.25660500460117,278.19897702073445,7.563436397862957,4.595824548975942
469.73598852991523,278.19714543708267,7.563816118129246,4.5994877162796035
468.971478455821,278.39233481879666,7.57187107055048,4.589350251793301
467.8251257286275,278.78002936885065,7.583736964641563,4.574241005117354
467.25740090215197,278.2134376083169,7.579233855497811,4.567471764089953
465.07445564275315,279.16318834041795,7.579471271459337,4.566080344599245
465.1715555024515,279.161692168926,7.575062638958992,4.569072687583255
463.8400626346663,279.64388986726044,7.581185959539957,4.553556724839062
462.3226326872135,280.4003151939339,7.582358195799408,4.557549900815118
460.99742224698264,280.01609436324094,7.57711551768364,4.567230545464679
460.7191300489862,280.01481842480115,7.564373702933529,4.569782422344196
459.49082961022697,280.10925104113556,7.5558015142954185,4.570545887072053
458.17343397868467,280.38908495899574,7.537398041158371,4.579419780542192
458.0846500323734,280.9477178331993,7.5255767093640396,4.598489378635594
457.3311973279117,280.55788272645805,7.516210387056262,4.620023726502532
455.52735619122353,281.6974893107488,7.518521095118684,4.617887336014117
454.965430778132,280.4565989189536,7.50384221146311,4.632853748287372
454.9765289329929,281.77840694455455,7.481645901741339,4.646262168719388
452.90049559162685,281.676087700931,7.460723998117667,4.661219356586711
451.85542918580023,281.67622998910775,7.465039300265977,4.66093478023324
450.33951909266153,281.774227008643,7.46198805770027,4.6546202054654975
448.9167080216776,281.8695512328396,7.464690510985872,4.653499736317603
448.71738352219876,282.5404100405261,7.484240413113524,4.638628959849853
447.3925124273003,283.39126769787214,7.479695980841698,4.643240759344856
445.6793526395301,283.392897975377,7.493188980909214,4.639980204335081
444.5461376607316,283.4877804679012,7.482641043935206,4.639963377167636
443.785450178217,284.1484480162367,7.487292578636922,4.645761282033157
442.65269822437193,284.0550780378446,7.475710166593987,4.642744045506277
441.32617249090305,284.05467994916444,7.475290777114156,4.643540222866747
440.1921862937742,284.4272103098526,7.468774370224013,4.656642435206283
439.5372085678977,285.0877553516491,7.451086999611519,4.663195173978843
439.0738035249966,284.89331357863176,7.430352453537566,4.6730608672630165
438.42192375988003,284.9841577389537,7.4085611971041345,4.680736944714349
436.4359279225838,285.2694558191937,7.408042860396486,4.67764221442006
435.9678721557391,285.83979858757885,7.398616525315254,4.6716021201745885
435.41071527572507,285.74015610031654,7.379737463848409,4.682021624450014
434.6665313944776,285.73404959843145,7.35804527132266,4.694234628220233
433.1532025126537,285.64758750244584,7.3665086520326195,4.67852167125781
432.31040759661636,286.77602673627285,7.355589473675536,4.683655217512817
432.12924259452194,286.11181356398583,7.341072533127241,4.6931172555069836
430.7249551277417,286.95534417170546,7.3241819472344245,4.701335351739702
429.60085501009104,287.04639247972693,7.313397139869233,4.70748748925227
428.6577983801299,287.1424877160747,7.317610910541362,4.703486965481675
426.40458833065253,287.6168913100425,7.307560680523549,4.695611096082046
425.6571091724966,288.273608233486,7.29928578536514,4.697506309231546
424.3469042200127,288.27394301377353,7.290329986162547,4.696836748656538
424.35392782461935,288.27101482356164,7.276282776949149,4.702693129080313
423.6137012505175,288.73583544022085,7.256306205016423,4.710820470847107
421.2708587584148,288.0832711295868,7.257245508119909,4.704220301406614
421.27271667019505,288.4586095655624,7.253529684559484,4.7027186641731324
420.439513522642,289.29658751345175,7.235018591759678,4.711680156300373
419.04818893633484,289.2886970589466,7.211394383418991,4.727461065310774
418.4900543444971,289.3847138855063,7.205703202809035,4.722420806238931
417.0958291421657,289.94264153310826,7.191793476243119,4.727509563526508
415.8874690302662,289.6608367741714,7.181414421422439,4.731019247872659
415.33443620201143,289.6559071375228,7.167864942872097,4.740878521169885
414.6826450223323,289.6533768576524,7.165505801098175,4.745939080910559
412.0750138557012,290.0256745946001,7.155637455909325,4.74779084679388
412.4505760768582,290.58181775008325,7.15049026494568,4.754470412853232
411.051483327967,291.2351631491462,7.15075558907824,4.75347569576398
409.18784380339235,291.32998831118977,7.1477253858015,4.7503408342982025
410.03628922863084,291.321473698158,7.1285946934336915,4.767370060361726
408.73841248281377,291.4103858104245,7.11456409489732,4.775958985126611
407.0689182848479,291.96511301820937,7.099347632328742,4.784572855723659
405.9556419414908,291.87113192989125,7.090796074708835,4.786276345332163
404.94083833386185,291.86513177730114,7.072662906542251,4.798276650512338
403.64760680021584,291.95227305708073,7.053947655009869,4.810078256583409
402.447073745629,292.227308343873,7.037042777281236,4.81800098766855
402.1758593579349,292.9656638013453,7.021849071024682,4.828283357110107
400.97845834609143,292.68244837106795,7.001053089843183,4.837268524233485
400.0604497547263,292.67590731175363,6.980569259157388,4.850350642862209
400.07026971714697,292.667726428888,6.960929334316043,4.866712408593429
399.23328325921517,293.0373325312716,6.965125874478917,4.8696230374709835
397.94415121486446,293.6805646674357,6.944399532665897,4.8826539803999705
396.93287225429003,293.5807646621785,6.925973929430748,4.896710034152073
396.1044789511154,293.57453973345037,6.913286721121123,4.909159891608413
395.0019241634533,293.7518312745205,6.89227290983615,4.925597373902966
393.98733113160796,294.39366620839604,6.881368036558025,4.940167193313924
393.16253272874053,294.84836589127764,6.861128574750241,4.958454642852077
392.3340045513067,294.7494851265278,6.848403547185761,4.970684907637021
391.784234330615,294.6473615102783,6.834708722389948,4.98939292910623
388.80399664169573,295.2720523390431,6.813376166635888,5.008501217118511
388.8111674478388,295.45065005718084,6.799034554349759,5.022561929628485
387.6152900738718,295.81269849135595,6.777461183026897,5.041027559511204
386.2336792542862,295.7120345392173,6.75645726213742,5.056740426451124
386.2399590122851,295.79846403766675,6.7438977461396385,5.069433996696309
385.6745578774315,296.174560512464,6.761286503672492,5.059516721884756
383.0466182190453,296.46108978028263,6.775431851265733,5.045922907568015
382.7587368678243,297.3042319630289,6.794201650465439,5.030617251802128
381.72930915419744,297.30958961132364,6.810366628066141,5.019901955212603
380.7953137396786,297.40733914513777,6.820664940919318,5.010172139202839
380.0440653389623,297.7824096291514,6.83703218050072,5.003095952101147
378.92952601213386,297.1322972639614,6.835326506258015,5.002029824539811
378.3795258061217,297.77691802396964,6.8201950988281235,5.013775427219944
378.386756423356,297.12053979358546,6.805733864359519,5.025804882298959
375.22851733424284,298.263907390823,6.806266437285259,5.031034221510844
374.18812037736086,298.5067339902896,6.808333599920591,5.032104083787602
374.56358032405205,297.76343803569944,6.801166987052778,5.031189431939056
374.1949040955092,297.8509530572995,6.7952618632709845,5.041973783955855
373.16117993436484,298.5090228441797,6.817796381420181,5.027142994647913
371.85490665044654,298.3268298149793,6.826331208534577,5.0195273758026575
370.748573124754,299.0652001548579,6.806930184200682,5.030832079858102
369.91087674067916,299.15844875328435,6.809257635352932,5.030231029338348
369.1692840530836,299.7116438432452,6.805069613462148,5.039370897227925
369.2538420344981,299.0593996307052,6.821961401835091,5.041805063893431
368.1244768443193,299.7153847488034,6.845038807326875,5.033965729702134
366.0686320700516,299.8108469656391,6.8531429397879515,5.029567905852326
365.5905708320246,299.81788872301263,6.87637742896316,5.015484391105291
364.1839368395164,299.8182429529913,6.889155853526329,5.014775931147979
364.45153481376553,299.3474056393541,6.914604734122314,5.022042509931692
363.6903586168607,300.66111211634205,6.937860463396577,5.018048718892895
362.17298737235336,300.0058305032406,6.9698154676499,5.014892420512863
361.68909142421484,300.1926576594021,6.997073430226487,5.017451681670037
360.25991163659216,300.4705750437091,7.027003915700329,5.0273027310103595
359.30013223225865,300.8501210160558,7.054788154217684,5.024920614376808
358.7181657615596,300.5647227580508,7.081367140219473,5.027040152688805
357.8449144100913,299.70113011941476,7.117903691674239,5.044259278478819
355.1661361827581,300.7548542791393,7.13213948537714,5.035972647265409
355.54442315334063,300.9411515103915,7.139212189736716,5.045201507523269
354.6691956090787,300.55531572883183,7.169130075285002,5.052189869320173
352.4585247931671,300.7480606264648,7.180485241590051,5.050177158012337
351.8788001516871,300.92718402674876,7.188672230526179,5.075684455452451
352.16373395158945,301.39613865598375,7.1960692106654705,5.099882830222418
351.0908187583031,301.1015705501195,7.219644225911123,5.110222122498093
349.9252303869111,300.5120354449636,7.229307975818749,5.128535836371709
348.76230276622675,300.789870336202,7.228273871433953,5.154588390333304
349.3280765640447,300.6912456436443,7.262651700590321,5.157516871316593
348.04726995798336,300.88319967253125,7.290700556451055,5.1633879452754226
345.5798299366221,301.9264169898393,7.273354403888618,5.189148371753857
345.09604563846335,301.8211560238017,7.2630602837683105,5.204097760541534
344.2983782130132,301.13607663135605,7.293093667369133,5.204617761545853
344.18177641945704,300.44860760980293,7.330171117188757,5.206672843603401
340.93079761303716,302.31530704664704,7.340325532166317,5.210978841411748
340.93750412351926,302.1022955397159,7.3269125112020745,5.243109980833476
339.5626602109715,302.5835284735986,7.314793300220952,5.2670037688097056
338.8572024343406,303.1750187915494,7.343339365648731,5.268911265337246
337.6783739172392,302.4684471874175,7.325652384134447,5.296437131099385
337.68058348725776,302.95246826502836,7.321233244097271,5.319044155133013
336.79106214510443,302.44480563257235,7.314368042492983,5.342198372316716
336.18788065907324,302.8365441349114,7.328470112051812,5.353561969307793
334.19553668573775,302.62698252865425,7.3309436200864075,5.3744637379583535
333.20005381727367,303.11363701169586,7.326997217699211,5.398610841532784
332.5048377889398,302.90088092111415,7.318638784490563,5.424468597017232
331.40246775370343,302.48787660287763,7.322016531906927,5.449981843288043
330.7852817293011,301.9833540167399,7.352830779549944,5.456062181262212
329.87951250773244,303.1864799900661,7.353918591365368,5.463744409705461
329.1619353829573,302.36613612756383,7.37994821671389,5.494003992765052
329.04338702830313,301.7480140516484,7.414850106258412,5.517079226013221
328.9379413942574,301.84048107075813,7.422637910948202,5.5352486511954515
328.13395119063836,302.2303702852558,7.4024637022015165,5.569547530192582
327.82726049952083,301.5111240314283,7.404525523845876,5.581627729802563
326.92345342139663,300.9905200609885,7.376121511036768,5.602825576761328
326.02121704604764,301.69089650093576,7.345355889419368,5.629480319778715
322.04558887854444,302.59996214296,7.3452551667379495,5.646277587504251
320.72330846247064,302.4873759131808,7.335824057323188,5.667296820788701
320.0915341339692,302.07304139264227,7.373262732930818,5.678559207602383
319.5723822370284,302.06435080132894,7.386032120086156,5.695940390228967
318.0169702451527,302.0619041986716,7.413080371927604,5.700833595543704
317.5858455377024,302.0580806138933,7.451018686098582,5.708480765100226
316.73379238298594,302.0606626305376,7.500873011129448,5.70331673181175
315.46799651974163,302.0618887331483,7.542972068801049,5.700864526590351
314.8286044060492,301.32221077088,7.573400071482292,5.723804855639126
313.4409565912729,301.95616669886823,7.633024995545318,5.709279479119509
313.00017848378343,301.2198652324472,7.676307971712923,5.714904244041872
312.2524986343604,301.3128866745478,7.699435032582349,5.7391803081231
311.4998254700355,301.41703653706355,7.727304529337142,5.7419487019337785
310.6418451172783,301.51010133965946,7.750966215567205,5.767356474152542
309.1340687022783,301.72187424851643,7.794133738580091,5.768437128865347
308.47144548289793,300.8677535881446,7.841455918951288,5.772779438423093
307.69889138110966,300.869424491232,7.890119919975597,5.769437632248257
306.17165550941024,300.8681336032214,7.942122962895835,5.772019408269475
305.39561153914184,300.4270568048338,7.987154912067021,5.792998152835738
304.39887026294406,300.42133232810096,8.033744307016507,5.8044471063014305
303.403119023837,300.5221409455082,8.070301282609476,5.820046038444737
302.5107225225576,300.40726592397397,8.110879573032598,5.83176924249633
301.7265772614474,300.2903486585503,8.147327361305063,5.8467690970655255
300.93229412708644,299.5298653905885,8.198457578381413,5.83029958134342
299.4747575012521,299.97699184123803,8.25175023528623,5.8165945553563825
298.9006209772871,300.0872441262204,8.296436142211164,5.816807413592622
297.4365142468595,300.19476254393925,8.346494491972539,5.823167125162147
297.2982686226654,299.41652010300766,8.400727776407688,5.823846259354346
295.9542484578149,299.0663232666633,8.411709586928076,5.854975302247893
295.15396848053143,299.0592626794573,8.44589052330352,5.869096476659886
294.9067435901492,299.05064021981957,8.491304427886151,5.886341395935367
294.21713184983207,299.15165351959007,8.517596138069761,5.909803424802857
293.084667310661,298.5666854667684,8.51979166860131,5.948372756540998
291.73692954509437,297.8618256666929,8.491942962910665,5.996430238280053
290.1528571529028,298.07286148466545,8.477668585549694,6.028989911155411
289.58534793798077,298.0549206816865,8.474505913256534,6.064871517113417
288.09944243353027,297.9198814068378,8.479988721093152,6.106770974421118
288.7685968250974,298.01993904981055,8.515388464916706,6.135607109635367
285.642750627586,298.185750498628,8.486439020999565,6.154289535579645
287.81235772126513,299.3453090615463,8.513998757544401,6.133474474955284
288.14764294123216,299.70289160942565,8.53314638555711,6.1080274471433285
288.37015876077317,299.14054954872523,8.547669905024142,6.083823672171593
285.8423962453134,299.02897822982993,8.552015923869465,6.07736726395879
285.2829677981828,299.027229186935,8.523080373130371,6.080865349748586
284.72320969577294,298.449889684448,8.496706437368221,6.089654214140677
284.04333843141603,298.1034397221402,8.482909675420633,6.095784493425481
280.51678734545226,297.74027814482,8.515489300010817,6.05644308107392
279.5901755478652,297.63178469997797,8.516497244282116,6.084966660073844
278.696501622811,297.51291486973395,8.470234887246448,6.104451950420505
277.8074403014064,297.400214608905,8.44717037301764,6.118367008110902
280.7868952274546,297.50814553988704,8.433015306983243,6.131149560995393
281.0025914947179,296.1472387901611,8.458902061313836,6.1092873273047745
278.94958725600424,296.948912611403,8.44879448653742,6.10665148290024
275.2453186995595,296.93240971926633,8.46327936670077,6.122042998867518
274.3707128823557,296.82797985594465,8.49413986343456,6.091165360476023
273.4677275392137,296.7569474787657,8.534396506617934,6.061292554962352
272.5822680907058,296.65603539348746,8.579555609495822,6.03253132764493
271.71457016187964,296.55461837862214,8.603727687858179,6.021365972110554
270.85903865285616,296.4620400988908,8.619973973666047,6.012063547386019
270.0083934160556,296.3708810354253,8.634250238278181,6.022624441487905
269.15237014715825,296.29689699270165,8.603158402501847,6.03566663956412
268.29379099916036,296.1933443030044,8.597417093276695,6.0424426431692355
263.81492474717453,291.02448671431154,8.59803747556021,6.045028449376264
263.82896748183794,290.3222412199956,8.56995200623343,6.071189953149896
262.34055620900835,290.19653205806713,8.560308610123194,6.092880127639925
260.9679464513986,289.4947796994066,8.546253691029847,6.116747627804461
260.9785177144653,288.5620118977819,8.525111164896412,6.141326164627019
260.64575979881175,288.5516307593138,8.500016293720073,6.162088441563128
258.7022113435884,287.7309298529871,8.474320512929197,6.1923403225304705
257.78986087387625,287.4877396081349,8.45685302048933,6.218178704268881
257.46064320287184,287.2410213109997,8.423999507356557,6.250756061778203
256.09511124198764,287.3361884413794,8.389494346502545,6.290885891237354
256.2130618570409,287.32819643916747,8.384188893548037,6.306869895661334
255.3089085085494,286.73802836132586,8.346285055639305,6.333324467037159
254.28738243015576,285.80706809649354,8.313658687676439,6.350197419146124
253.37377233954726,285.00033327308387,8.297608789748896,6.350805746713956
251.65225169074543,285.23297578730444,8.288042919375163,6.345868340669795
250.74686702232378,284.9924545075018,8.25923358939896,6.367016233570193
249.9546493900878,284.18408523843516,8.23470309971516,6.37478901754775
249.2680464975551,284.1827554669495,8.23028392185754,6.377448560519084
248.58664495976174,283.4896693948734,8.21560734430128,6.38614105152843
247.3312863330179,282.5630570988691,8.201856074511413,6.403388535698777
247.3428052429383,282.3209288690689,8.178818254670578,6.4285100108209
246.55034379979168,281.4992021201329,8.156377044998196,6.464599412727227
244.72120121196704,281.49010586836897,8.136807298028618,6.482791916255113
244.73132463386014,281.36907038607245,8.116560454242423,6.495001633440457
243.6998728137533,280.43826778754755,8.111724707437435,6.518616264251516
242.33570662978482,280.0760372021683,8.079369100003388,6.552905441167077
242.57340986765684,280.0709367038049,8.064194295883256,6.5631064378940165
240.85031948526105,279.36608314358455,8.059658745976497,6.592527032455321
240.50605373729385,278.4326864152078,8.056829084498625,6.615690736109645
239.8094036380938,278.30525319030664,8.065422304546798,6.639772689520018
238.77635663463687,277.3655626003289,8.049765575207154,6.668708770583547
238.08478093552162,277.4828692059773,8.043726382232142,6.665627324487582
236.82304456842854,277.4754181998406,8.021919368382683,6.680529336760952
236.13470538658353,276.4188905982058,8.01083619963575,6.711942241375202
235.3282761581162,276.2948262752725,8.002291010951533,6.728441795010588
235.32815252134364,275.70742843701316,8.002538284496655,6.74442197923461
234.52669727955399,274.76723137524544,7.981279296359464,6.768622420808368
233.0273829478017,274.0711784962769,7.962795448615234,6.768214712015212
231.86936497853603,274.0618797792553,7.960894981858872,6.786812146058427
232.33461821986478,273.5953625861807,7.958641647320375,6.791593384088663
231.18338650895063,273.70169594966296,7.940051792141949,6.811031984824781
229.66546409020341,272.3187169439242,7.958201881763657,6.791425613650617
229.66998419083984,272.305492871387,7.949161680490807,6.817873758724998
228.86632368316822,271.6005458899384,7.929815187977485,6.83348128631654
228.0586683161344,270.6645001210453,7.918798158798767,6.846912523249833
226.4358715335281,269.83609671252657,7.911104559690358,6.877075758126766
225.98491585282062,269.3570697616832,7.882046484898214,6.904160223606483
225.97808838048786,269.4740988119278,7.895701429563779,6.9028284291005475
225.1571887073328,269.11796184590787,7.907084950555006,6.916352721718031
223.6465242771429,268.41277661738513,7.895389267525219,6.926865697189829
223.52621563471433,268.2794447946501,7.902709825916252,6.960232616193712
222.71959781035832,268.04346914367073,7.8783345962653195,6.964295095762923
221.78997188359813,266.8635097819854,7.868535492840974,6.987900122952692
220.98014540366856,266.04140422297627,7.851190601887519,6.995113390158436
220.99330597784095,266.0365700503928,7.824869453542782,7.004781735325361
219.83437246424884,265.0976180155212,7.808251253447358,7.015097623244732
219.61259260208575,264.9770610201867,7.785100961600408,7.022856605827202
218.10971283477787,264.03979450475833,7.76031438504802,7.0324381836573355
217.77451715620188,263.2061670890019,7.732047080555635,7.069489471333262
216.8533651553368,263.1985123524034,7.710057683960111,7.0847989445302275
216.28463428428225,262.36519723105226,7.682830199143176,7.120864269535993
215.3671789481202,261.8904021174558,7.653044478875221,7.138106300432962
214.54771108506614,260.9500340716972,7.661706691282628,7.1556726620064355
213.73815977347843,260.1274344716576,7.647635569136435,7.1676981167639875
213.74119743550003,260.1267769712439,7.641560245093222,7.169013117591328
212.69590710782424,259.4137138622182,7.633271649655028,7.195893168449671
211.8913338654192,258.23700605381555,7.607884821172813,7.21426119483733
211.31982769738556,258.10396300168776,7.583901936571839,7.2469482549593485
210.16004482275977,257.2800912580116,7.568051430486845,7.259900363576
210.1730669328974,257.1534600709211,7.542007210211592,7.279664292372489
209.36779971752495,256.43936104507804,7.518720579335536,7.30744429124055
208.21164155706094,255.48207395773687,7.496267053997985,7.354202588910566
208.33597859253257,254.5312224181724,7.481455971440981,7.385001760949585
206.58334473288798,253.70522290190277,7.474980500027768,7.398187304494345
206.00613536670147,253.11318486854782,7.458287559796392,7.411151698599934
205.8917463678321,253.108272950245,7.45290145389888,7.4209755352055895
204.96031569407594,252.40735583687717,7.441889614235259,7.417404871559237
204.84955860475017,251.57527171910564,7.429399234735095,7.443541200040536
203.32618322153917,250.63528262960267,7.43129639799422,7.449763315561651
202.39292571724923,250.03939028836868,7.423032590958497,7.469811238269867
201.57802298255163,249.9049836045335,7.411109269194049,7.504091921488869
201.5822330345481,248.84433410085217,7.402689165201162,7.5114356753878715
200.8706249927943,248.01096984957698,7.416705967657527,7.534098350045192
200.63619038680227,247.53962269713577,7.4146873340370645,7.535016963718573
199.70085518706188,246.59713419583778,7.401945672899214,7.536581905695917
198.9954671793553,245.7592405065271,7.401221603405968,7.56561918525986
198.29599969740693,245.038358327653,7.385988214552306,7.593215190257621
198.29917177104028,245.02853927045197,7.379644067285617,7.612853304659665
197.71860756780862,244.1995786407308,7.360296574768793,7.618108305529811
196.66592167024106,243.24330204678486,7.342823462400608,7.643688242307654
195.7342474724158,242.2789673726365,7.31820251296276,7.684388245516038
195.15957313332223,241.43136151160923,7.286332807166781,7.7258942299941715
194.9254419997302,240.82747283565388,7.281819699748052,7.751733145397839
194.10776687702307,240.69073452137218,7.260130310639038,7.788489826172197
193.99834172310682,240.2018309719567,7.242030994699957,7.818498429916814
193.15535844255348,239.12043544977098,7.268085790616632,7.84711720475819
192.57043801566888,238.0427589256404,7.2479715217377585,7.860551032252946
191.3851215011371,237.9026982536523,7.239798632252734,7.902791784374314
190.56517922458875,237.1787706188911,7.2108212904521025,7.920194001127535
190.57777422071075,236.20972960965997,7.185631298208104,7.952530178168068
189.86648771255688,235.23352753145295,7.178285796808373,7.998376310972166
189.74943931352212,234.87240646115734,7.173467291485633,8.003872541386547
188.92444530598786,234.7357641081757,7.15098890789011,8.038233476112177
188.8143162457207,233.76933017709388,7.132148718185412,8.058314856364035
187.8598071142506,233.37909269584827,7.128297266113298,8.121463675725554
187.86534140225623,232.15680466459918,7.117228690102052,8.16577618033102
187.27422243579483,231.30443963175773,7.096788687204318,8.186757135865141
185.94863932929033,230.79877108765135,7.102095252971858,8.235963443262849
186.19309596805118,229.57869242151565,7.095940320142187,8.262329052074312
185.22976546375824,228.71663694826378,7.089096742060435,8.294623485243944
184.49388541951728,227.7368827156195,7.108393178433724,8.317513747721106
184.4848205085723,227.13215311789708,7.126523000323705,8.313267774448414
183.75778077975022,226.26056466981075,7.122802347427985,8.355677874991205
183.76259617257543,225.52677075073237,7.1131715617775395,8.361892448025731
183.2765056477161,224.42151428187958,7.111339157267748,8.380875113717263
181.94170224817992,223.29602684851878,7.099508952540131,8.437946977329776
182.06437421840798,222.43317235586156,7.098622290202062,8.452455015818048
181.08726633626088,222.06024639296677,7.095504169056614,8.464306734567753
180.7193356314068,221.93663272100292,7.096967853320746,8.466734836680768
180.71749579108044,221.0788645458876,7.10064753397348,8.46824940350131
180.48070556531053,220.46360548023725,7.084342218867208,8.474053118186873
179.51374947706105,218.7366959626786,7.060097409077054,8.501097427298282
178.909030011716,218.35098603582063,7.04555949522798,8.538131174290672
178.7959945700708,216.993925082776,7.026499496506556,8.555813378250178
177.94280957470565,216.98686952848556,7.017203671238466,8.569924486831125
177.8243283642476,215.9855602369779,7.009004174772209,8.611247730787602
177.330059997284,215.1264558468063,7.014882977351325,8.60980513127169
176.3451600013811,214.74834219996617,7.0187838549895,8.628820257139054
176.1098657601357,213.63374795103627,6.997187058385746,8.64317499907346
175.37757882057087,212.77357757760322,6.985978815338469,8.641769936733095
175.38451316943687,211.89690775224358,6.972110117606441,8.674784731718304
175.02389980910425,211.1447443506925,6.955208460464784,8.70285477920667
174.0376445194744,210.65419175605587,6.958123867525607,8.699162382380482
173.9228630960086,209.65507924759189,6.941496670315149,8.727867046171603
173.91413191912287,208.66652193330032,6.958959024086602,8.734098357614906
173.29194354797465,207.79039602222355,6.969639888762613,8.759175951099923
173.29027830820723,206.43040645089158,6.97297036829747,8.75889064029213
172.5508044731309,206.41706002211205,6.967839506624793,8.785583497851189
171.55845566389024,205.5446140294102,6.971159727511562,8.796770260359608
171.30747873714313,205.17071147170654,6.977318725191513,8.800883092045583
171.31014973624772,204.03370931988837,6.971976726982373,8.842343852517763
171.19669414946205,202.7707343242374,6.95027931451523,8.882207983434945
170.34897566643275,201.24665225035955,6.9036541326961185,8.943979877686056
170.2323962698504,201.1112132440449,6.887761518776942,8.96580648323142
169.99114349158097,200.0964624655341,6.8720156339939,9.002302274965542
168.9994656982153,199.06907445474363,6.859964250796952,9.061671326618175
168.87052199897872,198.19841751582433,6.867717281040731,9.052044626850913
168.23721343000858,197.44308805347157,6.883763224009268,9.062018117590346
168.37048327703852,197.30315488332323,6.86775176795958,9.091356219876852
168.38525513764534,196.283356752288,6.838208046745912,9.12524115576345
168.27095381679862,195.26915165195715,6.816063609353306,9.147674723736554
167.6532923806997,194.39137471302797,6.797755537135622,9.148145279413143
166.79290518701913,193.7491952692143,6.765494395341808,9.180335931929779
166.80027261441592,191.8776957813856,6.750759540548216,9.16741721399217
166.16927703810484,191.0065198969448,6.762967296694783,9.160072227807872
166.1774268661007,190.86227864590273,6.74666764070311,9.198509580674285
166.17495714270186,189.24391107892768,6.75160708750077,9.18053997825411
165.28875434945442,188.4902998821268,6.772823025832292,9.18674267343009
165.2880782745043,187.23281244471684,6.774175175732546,9.195597639599242
165.04509562884172,187.22865695042094,6.758603048125628,9.20390862819109
164.18093108968202,186.31663396994082,6.732454541773101,9.273477004479403
164.19662954005867,185.42159392290014,6.7010576410198315,9.30469114690791
164.20906661566784,184.2788843828336,6.676183489801495,9.329094829483289
164.09947607511623,184.15448931784442,6.644180037848016,9.326700426404937
163.2358109341544,183.40131537793818,6.617160374949989,9.329319782084529
163.25585944705827,181.38332983863305,6.577063349142228,9.36183501049567
162.50873010929067,180.51109557928058,6.571041956234028,9.35597678268322
162.5079327763484,179.75304078964706,6.5726366221185515,9.3729337648196
162.25851290654438,179.12295960057534,6.571193548592669,9.382389110128273
162.00933440153094,178.98362224797725,6.569029563242063,9.410803317635699
161.2620956799035,177.7287400631988,6.559582282320032,9.414026480231133
161.6300106179948,176.12130112119556,6.575392755991202,9.3717961815382
161.63400715190264,175.47543826608856,6.567399688175481,9.412673417908238
161.49614685683358,174.48266510207088,6.592464821199064,9.392976089027453
161.232800104378,173.6221994815233,6.617615187882816,9.358506346326516
160.23861529590118,172.467831969132,6.600663986020034,9.411255449940713
160.3519625709983,171.47321434273232,6.62515261550247,9.391025265326757
160.33847695028632,170.8520319236875,6.652123856926434,9.376983763290015
159.83460506231927,170.22332156295053,6.653814009658873,9.37683745576179
159.21842073522868,169.4535755073976,6.628487465692296,9.407095329090343
159.0898714726828,167.8197895905429,6.634006689921654,9.404136251588731
158.9737100494081,167.6881005370636,6.614703970355381,9.415888792431693
158.84925016935085,166.80634376207416,6.612138837673193,9.419008092833664
158.10370653221074,165.53857883900332,6.594287768923673,9.439640700592497
158.1054931529681,164.64955552474015,6.590714527408907,9.457139119352062
157.9875733521507,163.50185548797504,6.574841902492554,9.48712915392155
157.7226882002753,162.13067063018434,6.60080655411252,9.458567782783346
157.33451952365814,161.88564205168566,6.621442452188748,9.444823969675348
157.45414139125214,161.00763298273816,6.634232195798456,9.43660775598647
157.56413870823226,160.14286935568958,6.6663578751419506,9.401292816957348
157.4356203708488,159.5046102211243,6.6712787310247075,9.41723199166695
156.9235926063753,158.24302502524327,6.685581852007937,9.416021363519615
156.03449231372034,157.60665476889824,6.695194205103964,9.425484567485427
155.9168366405769,156.3296005084489,6.677548503001394,9.450022604489424
155.4130115487028,155.31298332095298,6.673048512680565,9.458956631343257
155.79188952148095,153.66394853000332,6.674588020401573,9.466745915707481
154.90163174064298,153.68878746179706,6.682411839684087,9.417068052119962
155.03795461338825,152.79357027798403,6.662385169005151,9.439168896064983
154.91406424153536,151.9139312654102,6.657542545521077,9.430083350883338
154.66901157463298,151.02401576958724,6.642835685204956,9.443071663106062
155.54690112807674,150.26873705496527,6.653576395388559,9.439469249146137
155.29237356509196,149.5166226731013,6.657666213835002,9.42880209030485
154.53079910200654,147.49451083659116,6.666482605026666,9.434805670047158
154.65864761627745,147.23461319388917,6.663410499481349,9.449351109458142
154.27729156841764,146.86611571262713,6.667739764295133,9.427963241076371
153.51278953879182,145.7320453701661,6.68149100858456,9.423224703555164
153.7572034937996,144.61084259129558,6.698057244126428,9.391356606287696
152.6117315857066,143.6141424088632,6.716613177662001,9.3648566310187
153.11381212250208,142.21950737332597,6.7220183465525585,9.377819535269014
152.6005595496992,141.9732608766792,6.737815940155946,9.364958752561309
153.0906571987684,140.5919827858665,6.768588105250857,9.347354410295093
152.43566397116797,139.6029272207366,6.813670617728677,9.301619232198036
152.54401140955412,138.85762795983396,6.850002600346769,9.27405659766102
152.5296038310482,138.10554724746936,6.878817757358604,9.258995219634507
152.02404421362618,137.85645161410926,6.87614981768783,9.250292899097289
151.15042508630984,136.3180977539028,6.850492775077711,9.287751538522608
151.40450237549547,136.071297188653,6.849178134707856,9.274512731020828
151.2874360054228,134.41679349841087,6.830113651691674,9.29195621040433
151.41044625863955,133.1600931149152,6.83724292027547,9.273859227222532
151.41392678476709,133.16360211165124,6.830281868020383,9.266841233750455
151.03762506052,132.2682285622865,6.824572466628218,9.28819168274529
150.53273690515894,131.38659733660484,6.822341869878223,9.28044204603239
150.78690267662955,129.4819905706853,6.819705180077067,9.296944179321457
149.51130142154545,128.60048285055163,6.8403592174012005,9.288575688597936
150.39629646980197,127.59470306710247,6.843233862510557,9.274004122213583
150.02771596588713,126.70109409982297,6.82111862699413,9.289577488964936
149.27118064544996,125.9425994746745,6.816392435621478,9.288769907014919
149.28438249225167,125.67379075843674,6.789988742018083,9.320634614997418
149.2967207345828,124.14533844369336,6.765312257355796,9.342416572127085
149.17449033956467,124.27332162150309,6.756920973856869,9.33930229004282
