150.5,150.5800018310547,4.440000057220459,8.520000457763672
149.5906303849655,150.0853105966899,4.452538475057381,8.509382926493249
150.4929023125448,150.4929646939856,4.462482896706398,8.500513966038547
150.4887579128083,150.90028883197016,4.470771696179389,8.4924671686841
151.9943955081041,151.71445356034337,4.484613507286436,8.47753344617695
151.685446254489,152.5287412840579,4.497434482467289,8.462498084212939
152.4857217163206,153.3439400667207,4.51041389873878,8.445630858822042
152.4797460877257,153.45248154215852,4.5223651559285845,8.430213495665411
152.57601650988443,153.5591483741607,4.531467677204862,8.418523197254762
152.97176065153295,154.37531844913445,4.5464876431264445,8.399199545744521
152.86517856996088,154.38296033554388,4.55805241705827,8.383915772925667
152.95855312916987,154.79561366250562,4.5728751693288725,8.364896601756692
153.15245547448254,155.51111755928895,4.588159895672949,8.344701767583015
153.64944752999955,155.52001902940782,4.601714511755331,8.326898827345275
153.94479247294558,155.7315087060803,4.615453305999314,8.306871927424318
153.73596785702645,156.547092523806,4.6302731293416715,8.287021925956527
153.72785422844117,157.0616157869869,4.646500386512224,8.264844850380046
153.8205142000981,156.97123234391668,4.662502708517742,8.244289471201041
154.01501293669116,157.48343204909435,4.676086016700508,8.226342014267866
154.2089761277866,158.29864872090377,4.69067090286796,8.205953744082347
154.30206560005388,158.3094886222625,4.7056933989256615,8.184273941364912
154.59620953744238,158.62184029510212,4.7208110631707365,8.16297613470774
155.09186450055986,159.4354284690875,4.734880207664261,8.144406299902561
154.8834736919771,159.74720783100653,4.749584259175998,8.123963924545262
154.87644590233984,160.76238932485222,4.763639838450497,8.103444857401168
154.8682755792775,161.27599750753188,4.779980484575163,8.080816189708475
154.86102285872488,160.8843082927766,4.794485925680434,8.060764161585343
155.45489599085727,162.40150113642284,4.811567119454212,8.038447119389303
155.6476208450804,162.2111271438691,4.827639318662094,8.01767319684254
155.03688489175596,162.32336618036635,4.844774188618115,7.993917963296884
155.6304702420266,163.33738029007046,4.861550396216209,7.972467924121029
155.219568625002,164.05231541046024,4.88087109294694,7.946942123648737
155.6112046636596,163.86299432713167,4.899859060970915,7.92445426763628
155.50193970505867,165.07849119515473,4.917840428987952,7.900043121807984
156.3930718418596,164.79000873090126,4.939949786301276,7.875550173343193
156.28359839367505,166.10372448934893,4.9584058708076375,7.8544992106641836
156.17362803709148,165.71351281323024,4.97786127937389,7.832981344498094
156.3644226131353,166.8273359214813,4.997250237119229,7.810714732077419
156.5550277414597,166.83930606116385,5.016999918625762,7.786774452712344
155.84436174621626,167.45295601300958,5.03517279878696,7.762182357871449
155.93577199372547,167.46402499197927,5.052738287390408,7.740044399932071
156.72783445431438,168.0755945478966,5.071387997294318,7.718986261408684
156.91935253207572,168.988438163067,5.089034784749032,7.6963722744661265
157.21140223602285,169.6998500009659,5.105822094946045,7.67561760754809
157.50374032275963,169.60985555072614,5.12193448869341,7.655343652287352
156.99498921766255,170.3222697257896,5.138308015389393,7.632095459057895
157.3860801862212,170.33346572303103,5.156717244179291,7.609703464575062
158.07799470660777,170.54525631620862,5.173700471053662,7.586354354690542
157.87017219165554,171.35695419859917,5.189254030896517,7.5633244701560285
157.9607724218375,172.26924036437546,5.208009673231323,7.538357062892253
157.35059810572076,172.48175399241728,5.229019774030627,7.513109317286709
157.64010348636808,173.29415684277504,5.249576568817702,7.487150432789089
157.8295085778934,173.40734256598626,5.270372528913404,7.460582057939787
158.01893622845895,174.1183515376554,5.291005958321416,7.436774671488506
157.70886498817302,174.3310774131068,5.311976118237677,7.410771134356111
158.39709551309588,175.14103210482452,5.333243672619404,7.388265870037754
158.28583178346145,175.2531594350592,5.356086945754113,7.3636953957025675
158.27298503223773,176.0648322293461,5.381780448201527,7.337844230136845
158.06107353304108,176.17748542524743,5.4061713920156516,7.31225386562383
158.14868755608487,177.0894790356687,5.430670392253031,7.285810061705953
158.43747545492073,177.30118033402215,5.452272820346152,7.261859615508932
158.4265989815402,178.11111254385418,5.474025767107214,7.239714507826737
158.51508617914604,178.12189384615363,5.49678445536058,7.218151903227863
159.4028853372597,178.93328367998308,5.519169677752896,7.193579825453134
159.39182442420577,179.04685003782967,5.541291503860765,7.166213286919013
159.3807933596982,179.65953081275504,5.5633536328759,7.139104238523156
159.469506261026,180.57157328359105,5.585581376310926,7.111901211667133
159.75743532532456,181.0849956047712,5.60851982934532,7.083050872026084
159.04598821554345,181.09900040133058,5.63470588168341,7.055041278907326
159.73092658427646,181.9109895915527,5.661506591556724,7.027265695422273
159.61970513266323,183.42194313962278,5.6844158965870974,6.998362572222952
160.50554765484495,183.4344878623279,5.707876704249908,6.973273126812755
160.4934828963486,184.2465292947801,5.732006221242545,6.944825720204613
160.48161614996422,184.26067486043732,5.755739714011316,6.916534588890175
160.2680007538653,184.373925952577,5.784262598888554,6.889386358271102
160.25535557777377,185.28485505245732,5.809552951071642,6.862085295724536
160.14331965526688,185.49831535621442,5.834243609586904,6.83392706120731
160.43387000479484,186.21112151476456,5.851173107051633,6.803718535988608
161.12183381312008,186.22574558081254,5.869284587480526,6.774470403892646
160.3175531174181,187.13476017298544,5.88595282112664,6.747321022024363
161.3045106753016,187.84471601202043,5.900373206012744,6.719244194411547
161.19662165727198,188.951925197016,5.917521734765425,6.689750404792354
161.28762596642235,189.56186790316707,5.933959701064513,6.660544500089277
161.47947171299793,189.3770881969099,5.946780443174246,6.6335916773426735
161.57224416740044,189.5876531649112,5.959277806596988,6.608546285795674
160.87002179676497,190.59066881709907,5.978755389959162,6.5810394927181814
161.06162802359896,190.90053170849055,5.991013303911601,6.554519261365707
161.34845030651684,191.80196942534866,6.0099215712079825,6.5293023270460715
162.13269477829294,192.5041773306659,6.020838546948308,6.5068666957925805
161.93233960803718,192.61542186829774,6.027049737491998,6.481627195512763
161.82881100992455,193.31800608312673,6.03715241735052,6.455140380421927
162.01750900925182,194.02021946218923,6.053159393755736,6.427624035006102
162.20622531465594,194.72170657373454,6.068778088555276,6.400329381542795
162.59139143412386,194.93091748534027,6.083832018775215,6.374600642909234
162.0909821836367,195.82588507903128,6.103738366363768,6.350307331621687
162.57171196822344,195.93703610934915,6.12286426783299,6.324122365114535
162.0737462540716,196.73411882376305,6.1387500384257185,6.298029988624242
162.1590671880083,197.33316342784877,6.163958958485733,6.275045508053132
162.8365159434695,198.8148889877579,6.180276616227264,6.249912606800475
162.53258407973212,198.6315110861394,6.200889613361269,6.225167923143647
162.13269344250287,199.3258017398705,6.2179274795007045,6.206387580239768
162.61123045053066,200.21825166097082,6.239145882337685,6.182414092045752
162.20850465700764,200.71814695675045,6.2621390387608376,6.160696538765155
163.08456436305363,200.63034030223827,6.270721804444979,6.140676272480992
162.98143893531167,200.8329399629593,6.281520254416136,6.12638176206441
162.97883929409844,201.72247149192162,6.286719536842611,6.105884624349016
163.07663480475102,202.50386559880764,6.28628244168255,6.104327819737797
163.17161820819578,202.51106099330107,6.291438095567844,6.089937030750958
163.36535097319415,203.00239537492342,6.293924225496584,6.082147417319945
162.57903845333482,204.1800504943946,6.3074162070301165,6.065536765655359
163.2600663392227,204.968442120507,6.309242848820316,6.047476271791578
164.04061024436112,205.07491712503167,6.3048197236966175,6.029109348386375
164.6203051741,205.76527283845186,6.310767689478241,6.007958717682015
163.45213118868168,205.87277590933408,6.319343198010967,5.986933614442914
163.4468666184129,206.56160857714627,6.329872338548539,5.965741992849753
163.63626874169682,206.57086517316614,6.338289078068801,5.947228800810002
164.21059535466398,207.25840176019014,6.35032515612255,5.926293148081449
164.8807861861739,208.23385045051944,6.36306966536361,5.90843315636691
164.497784200253,208.91319776586064,6.356198222355666,5.902270501671591
163.71725951502793,209.0184937032893,6.373138308821896,5.884692287312229
164.67375587394582,210.4742985034359,6.390129437441815,5.868058456702538
164.08364501358255,211.15535552984105,6.412359829206973,5.856934287680515
165.04005509135018,211.06301875911961,6.431216954067347,5.848440101083816
165.61791517745039,212.03462371434622,6.435452624791827,5.838489928838798
164.93880846507687,212.2303974507137,6.4410331492580895,5.833408999041173
165.71008895217125,213.00550074006298,6.444384824500769,5.829115069774022
165.52024689997754,213.10167142246527,6.437623453000996,5.829996442913134
164.9369705823395,213.77981005532305,6.445386424485167,5.82564045162142
166.09484867600585,213.97670121170088,6.4478249582572715,5.818223925716628
165.99899281895563,214.7518448926767,6.446434174108271,5.812756549760575
165.99491041497438,215.04699210544663,6.454598982070736,5.8014430229613465
165.9932675774878,215.82092011657505,6.457884657043912,5.79710702433627
166.38069760708896,216.30706508515397,6.454711987337437,5.789426324048218
165.02759403135155,216.89018690166887,6.462420475429224,5.779682118182571
166.66851131338223,217.5609526610237,6.456724755771394,5.787148947168474
166.4820154755604,218.81550712320453,6.4442268016782345,5.78372261609663
166.2015738891392,218.8163747828692,6.427622310667777,5.781987296767298
167.0764866377816,219.19401001308836,6.407687702659955,5.7955572315631025
166.41403060974477,219.18803048494104,6.387783330112708,5.8075162878577435
167.1865140648941,220.0546991025096,6.378797258101439,5.802157495794015
167.09716058881713,221.4926424309987,6.365731894518309,5.8028555748720185
167.00814630175543,221.48870651807704,6.352180430095702,5.810727400715334
166.9182937470818,222.1550977973876,6.340391137995139,5.818405652229004
166.82793655183957,222.2499838471475,6.329672531343887,5.820066549844952
167.77814269474803,222.73049369074363,6.342184172645441,5.815508826211921
168.6307633162442,224.4609359788133,6.359676256523873,5.800090903814163
167.9613038957874,223.89304734848463,6.3585032183337065,5.787217982382564
167.3834806916936,225.2380066910494,6.3668398435358515,5.774355457552498
167.66556570336212,225.14994404711058,6.376098827026574,5.7593377431542345
168.71460992751705,225.63546168502774,6.379533133359248,5.743540083066538
168.7159766437765,226.59695095654416,6.376799700840352,5.729050022758354
168.14295427280373,226.6999406919401,6.379394060854116,5.713645615621798
167.57211387159438,227.08370421554196,6.3788584118972675,5.70759620266843
169.0914707893903,228.51820026785606,6.38437603789512,5.692571093280466
168.04379017902025,228.61978622155914,6.388525955341531,5.67950930435557
168.8966508168915,229.29252915823204,6.392496716757703,5.663783904355418
168.4238475593527,229.29963866458593,6.389223412755741,5.649564891647627
169.18150874216425,230.1576925575767,6.389882958529595,5.638936755987706
169.28347854195152,231.5804532103092,6.375281283230656,5.63348431465677
168.71806441904852,231.4858818877867,6.371964346836077,5.6336027626683265
168.8120450867813,231.5829070018127,6.372977648608944,5.628527171854686
169.19412293884238,232.52406377165767,6.364458553685258,5.635305155161021
169.01162062006364,233.1791753083324,6.351692351954025,5.647280019322167
168.8305900167487,233.17525689540898,6.335996012167784,5.65511684516902
170.7186187731031,233.9319288975139,6.335144538649548,5.651855256635368
170.90703853496254,234.97673850774342,6.3356949410462144,5.637880629811794
170.15125042141915,236.10814035889615,6.339429787933955,5.636838997804838
170.4350176310706,236.86458005492932,6.3374598789805585,5.6321316333371065
170.81534146486382,236.96230133273122,6.330474891908476,5.625104747861946
171.0054207477587,237.62400891500315,6.326706136181811,5.61905391853898
170.5384794213093,238.10269289926984,6.320390454558744,5.601884284527489
171.1936319420665,238.95285668055507,6.323755111457386,5.590560619916673
170.91651702842512,239.32442862445248,6.315370400472767,5.5975694498117035
170.8235122358589,239.50809793303225,6.3138597913425025,5.605271221177584
171.5765542571272,239.78462556238352,6.308735015332733,5.615075687422559
171.48562137423212,240.81643773260797,6.302903686756677,5.616119385001929
171.39319789028815,241.2770236965889,6.300127419880687,5.63306363085969
171.29519428933253,241.46578315578802,6.30828377072166,5.63124641460208
170.62403909711156,241.75296005582808,6.33495459999657,5.620738138164962
172.13110010463478,243.07479415934938,6.331946477427475,5.611794587040054
171.48036400191017,243.63913433602846,6.317384277544086,5.611143723966956
172.1477653116549,243.7283009796057,6.296961201621982,5.62057894303637
171.86848215152972,244.1911478747166,6.292720876860614,5.632896227834068
171.59360905201308,244.08970452700723,6.279267728385451,5.6480498074166245
172.43685639338537,245.96802634448716,6.2826670651241,5.646726215752868
172.530280258544,245.97048039670162,6.2836170494174395,5.641818111323997
172.52787668848447,246.25231965747284,6.288424189536478,5.641341961346072
172.71715005794906,246.3467116134109,6.285479908778347,5.6403592785555405
173.37961218262436,247.65506849224462,6.274734139916029,5.652002481864615
172.6304360029736,247.9271263575129,6.27101763789292,5.671162574324817
173.09486815049593,248.77655342628108,6.2821858847542575,5.664367012219244
172.71732037335718,249.43184795225653,6.284994295875089,5.6702804607925525
173.37060215138612,249.7175185655,6.2958994390380925,5.663568676828839
173.26992958337829,250.47183226633624,6.308972319197199,5.661119322008683
173.07278783830287,250.4753835835233,6.326383119618146,5.654016687634554
173.07018384125325,250.7578390244008,6.331591113717352,5.6548860598635216
173.54224828875778,251.890568034251,6.330903221783606,5.653686447543827
173.73008150280967,252.46173867079978,6.332553494565058,5.643295277101863
174.20467721744285,252.46466541650645,6.325951754050918,5.637441785688486
173.92403338567158,253.21466517474997,6.322273775445439,5.644017314929503
173.45070082272426,253.12514543536645,6.327089718042398,5.634686957037008
174.30305560330248,254.81946396506817,6.3170398613541,5.635369306569934
173.45103996128836,254.81860365412933,6.327717808319279,5.637089928447608
174.58461122668464,255.4771000510261,6.3206994375582894,5.63850289467253
174.01818941103903,255.57281188941062,6.323999418140288,5.635336493021647
173.8309844077206,256.4182026492641,6.321893585006716,5.638876252281506
173.91648376559866,256.51687271580784,6.3391766550373285,5.629817904980896
174.38628955261294,257.46317588437273,6.341591716196985,5.621264838227598
175.04669823506865,258.2172116746875,6.33891664223524,5.6196415901118835
174.85864985191165,258.40621002697617,6.338536268327375,5.61812202575637
174.9609783303312,259.0547051542602,6.32208767763024,5.638590334181744
174.7720080120359,259.80542017835705,6.323467851967524,5.643402135001239
176.0999287769398,260.5497702818699,6.3049260555293145,5.661730347043842
175.35441518197948,260.5422239525673,6.28888751543789,5.6768230056490285
175.4489871494898,260.91167606798655,6.288118326491039,5.691417759105852
176.11426829867503,262.32248923787944,6.277725195401581,5.698725349207971
175.55400934713984,261.7529756353885,6.266940634701654,5.706450090419493
176.0324890218703,262.5019172637946,6.252509679821714,5.716612264936837
175.57061772987757,262.6853434041731,6.234037907107214,5.726645726859842
176.33135525232842,263.4355588313829,6.219081637423523,5.7327336476583195
176.33694235212621,263.5285403765711,6.20790743782796,5.734949158792662
175.77318995766606,264.2806247529845,6.207174577720909,5.735097271335524
176.9039091714095,264.56148700174305,6.2021025702651755,5.737464378826333
175.96549612386386,265.5961343189594,6.199037876011275,5.736049612673355
175.96926489303613,265.69458062463747,6.191500337666733,5.727075776687502
176.1568995116215,266.4531630738508,6.191548069874794,5.711178755775974
176.81438115362397,267.2074511772583,6.188429237581877,5.701853350917613
177.37514675082252,267.1207847469272,6.190154108859292,5.6879768673007405
177.19299458707277,268.4362064995262,6.18042766999131,5.67534872667498
176.820857060029,267.8761599329267,6.178051610734243,5.675465189857074
177.5764404456938,268.80976391413304,6.159905665542437,5.674533260116626
177.39667324268876,269.3751883775528,6.146780219330453,5.661663889943225
177.39969270211523,269.65965230438053,6.140741300477557,5.6504975784963305
177.6816425177914,270.40652402396825,6.133787688760456,5.6419435250148595
177.77816027586601,270.503608132535,6.126156314961564,5.633179450231744
177.87391094155475,271.24923121778977,6.119800686716741,5.623098904783803
178.1535230624545,271.25407651284513,6.115235016949976,5.613408314673
177.41447895011177,271.99925786554303,6.116037055401617,5.600331795511085
177.8738874040492,273.02164767579666,6.119545431801964,5.584667800409399
178.14690336171623,273.11925605756755,6.126324101013479,5.573721231716184
178.42362660807217,273.8601952758214,6.125481500795321,5.5654531751916965
179.0680658446995,273.95466513427476,6.124997764748681,5.560569849314707
178.70405450226124,274.0493506728427,6.117136399678167,5.555169784665558
178.61886687141978,274.6910765611327,6.103749083593509,5.55805605245841
178.52770651739775,276.2486318847607,6.102469589124117,5.564148847931853
178.34228052149467,276.0634938301275,6.1059668367902065,5.567070213058188
179.16313973460362,276.2473152685213,6.118253784146879,5.566984085953844
179.15674553848194,277.439358754847,6.131042176390224,5.574484908805992
179.3411463409264,278.08231832673584,6.1308143926481495,5.57857413904227
178.8743771575353,278.5447424193235,6.142610045067287,5.575468668230205
179.6151782087829,278.45240991099513,6.136868993025062,5.575651053580244
179.52241286470326,278.45250768440314,6.138003489935539,5.575455506764251
179.33555060644682,279.09730884159785,6.142906544742792,5.576728308344653
179.23924983731615,280.29904111300465,6.151000754984771,5.571859029782639
179.14901537568454,279.6511676057908,6.1469140429959435,5.575716597446057
179.8944057164893,281.03344887405177,6.132561846410432,5.5794574703442725
180.63607912168823,281.6792618974572,6.12433362399005,5.5785601880137845
180.443689649209,282.2395813340625,6.140617708821752,5.563405895183249
180.06825624307046,282.24648959462445,6.154447372064108,5.549589374059382
181.4470124502557,282.8958583902891,6.160744899532832,5.54062975558833
180.8918589696004,282.71722553924593,6.16579837549275,5.529477629224471
181.533261339615,284.00697541042496,6.171759507996976,5.527509631933342
181.44124534353642,283.5428333587178,6.171620891606039,5.534940692607325
181.4461159314765,284.18121401549996,6.161879715725899,5.548189252558177
182.00652249118556,284.8154772090829,6.147149877821047,5.57009336049095
181.6458060547072,284.8092950644869,6.1307124953762635,5.582457649683054
182.20812965073185,285.1702457824624,6.112518401500128,5.598191612514112
182.0313638360137,285.80723164702016,6.097297714049846,5.6148529925018416
181.76167164091353,285.7979033139696,6.083469520952404,5.633509658602952
182.60134291800082,286.43479006715796,6.064495019599035,5.651133526642649
182.13416942050634,286.626604460681,6.076495138232181,5.636443490138833
181.5736023317564,287.3706120031449,6.091090241428819,5.623813837615275
182.12375697651132,287.2824287180526,6.097480861732014,5.615730422831087
182.49649320275614,287.83341810574007,6.089692459314099,5.620277722563741
183.14942672558803,289.12483878608634,6.074428948590613,5.618643431751761
183.15756806088976,289.30885739584426,6.0581462779871265,5.6188220045311965
183.25311340662364,289.9535787289112,6.050912311001012,5.6163764097686535
183.62372577781878,289.95714551093573,6.0445074468005116,5.609242845719671
182.9888675937786,290.0464989709155,6.029782461918984,5.614027547611894
183.54546870742283,290.7788501367961,6.016607406810903,5.616028112091213
183.09439808118447,290.77839327184176,6.002928887103709,5.616941841999864
184.01572658733258,290.8680237511726,5.989920364793553,5.620645732336838
184.47747911443244,291.7798127290663,5.980517507801988,5.625272170965774
184.9401973934688,292.3245372636104,5.968815624679295,5.632304711817464
184.30781784947973,293.23017408926773,5.9548455638161,5.647786987418908
184.95407589819519,293.3128205120189,5.941247846672753,5.665196767672019
184.50201845022448,293.8585041076119,5.931534091011105,5.670423958409671
185.1413099757864,293.58487956956714,5.9318260678591015,5.669583736796982
185.50446763020204,295.1433104144745,5.936261549818535,5.658412907842783
185.78065007301416,295.04907109287956,5.931637238236687,5.664311359685247
185.14123322883742,295.23657455730836,5.93226230319642,5.654506894654468
185.77837780224382,295.7857606346354,5.935163048858192,5.650868933550085
185.14471477627887,295.7809207658741,5.92538485316912,5.660548671072671
185.7850088267478,295.8694729157379,5.9219028542179295,5.665888100200235
185.51213594418374,296.4121876273625,5.920227332713348,5.67530125021647
186.15207930842573,297.14355957696,5.918516560027454,5.673329871933598
186.1568769189472,297.59911394431924,5.908921338984509,5.674913905004968
186.2533356403693,298.2364443317816,5.8984171925952795,5.6771462052648545
186.61993343922532,298.2386192158656,5.8943576375062054,5.672796437097009
185.89701501231698,298.6903454818676,5.882982071780038,5.680101667307226
186.2535089310191,298.6989421552544,5.8983494328047685,5.662908320533669
186.88564749039895,299.34325440376216,5.908475602559712,5.6486871120327145
186.70754076646574,300.0738059158244,5.900706917124758,5.643512621113765
186.5252722700018,300.1688245715505,5.901669004216391,5.635262762579747
187.25660242802059,300.79960505495563,5.8923835256957435,5.645404778596729
187.17100274518114,300.70606341363214,5.88189584523754,5.650801015106576
187.08396964199437,300.88496561424193,5.874353894061404,5.65621292898626
187.0830457746239,301.61085688256696,5.876201628802324,5.657035236327041
187.17153944292843,302.7926409495318,5.880831870938417,5.654495626083873
187.2577460887175,301.9727731400456,5.890068537814567,5.659381618967756
187.34389325632173,302.2473305286644,5.899646236926525,5.6558829446914265
187.52444601952206,302.88512953338534,5.902474140194514,5.654051939089873
188.0702686646408,303.3402905608707,5.902720995580037,5.653640005471646
187.61920384993397,303.9780678298623,5.894953781837679,5.651941047906839
187.34638169452015,303.88541295061935,5.895105706141535,5.655420010884714
188.06966430903915,304.52670832738886,5.903646490791794,5.646047019323084
187.97554125966994,305.25464414604073,5.910018962536512,5.645164397968761
187.97676403941645,305.252641514887,5.907573403043512,5.649169660276279
188.06263914614806,305.25026822667513,5.917807769365444,5.653916236699978
188.4288920317607,305.97376284271644,5.914182107146033,5.664687222629182
188.97744794024175,306.0649449073044,5.911073185953111,5.6646569094147665
188.43520801134645,306.69609346796307,5.9018452279312905,5.678352239878554
189.16902688915314,306.68742404059697,5.893062060041933,5.6956910946107175
188.989513962074,306.68074778651925,5.887101049232522,5.709043602766153
188.8995094101294,306.7682130453294,5.884499083979175,5.716724154288546
188.89945174153686,307.22714314095475,5.884614421164234,5.712322226243919
188.99213767911448,307.86457414830636,5.881866430754516,5.715827404759165
189.17651989649326,307.86420085015163,5.878374332795195,5.716574001068617
189.3580672664379,308.1386227755131,5.88046592684245,5.71550965125051
189.81469745066602,308.8684796001798,5.880251405255637,5.71666935690809
189.17893319438423,309.0426553233806,5.873410999574954,5.733566172862108
189.8198699615426,309.67774520005537,5.8710235425450366,5.742872496799329
189.45866848073507,309.21555799397606,5.861853636059668,5.75278082383236
190.1930546908278,310.0343145284146,5.856326119382469,5.761418271402152
190.10358641807892,310.21337070404667,5.852307586532909,5.769216076832673
190.10594145615428,310.39179049452474,5.847597510382195,5.778406398308712
190.10440171734487,311.1219894808795,5.850676988001025,5.78269534660632
190.37732198206297,311.1220992400676,5.8544422543133425,5.782475828230157
190.37422557591012,311.2140648422998,5.860635066619071,5.781802300135653
190.83858976053693,311.39175861484307,5.848628795234587,5.793103594196792
190.2873805133606,311.93935181680473,5.851044207447536,5.797920272413065
190.9293253621365,311.93709778177924,5.851288988252716,5.802428342464069
190.65722140855854,312.12127481445873,5.844928782493026,5.801119685715456
190.5710506779211,312.8515838871615,5.833868230090233,5.807717649731234
191.399564722717,312.75817872946493,5.826827649685069,5.811196019659154
191.31199913794927,312.849427131801,5.8186828972537805,5.811975136953708
191.31284718211805,313.31079704182264,5.816986808916247,5.805035124047102
191.4019207964974,313.5925483066888,5.82186352341146,5.7906044240766255
191.40326588350553,314.3278459039361,5.8191733493952364,5.7829959923355405
191.85748688279114,314.42322758875133,5.82428688160338,5.7749437288609755
191.31279799095216,314.32963851720234,5.8176768505853085,5.779457236176309
191.86254096944344,314.69409300192734,5.813981603096267,5.781075406388743
191.50179993126133,314.60327115815176,5.805067122848888,5.7801199547869775
192.2354017989999,315.7900358209121,5.797413669271655,5.778359837353593
192.0577091962075,315.0596236374341,5.788207706784736,5.780819532022972
192.05689546282088,315.6092153823843,5.789835173558027,5.774772418408979
192.14661896130977,316.3423710623324,5.792507942557954,5.7654191863345945
192.33252247597045,316.3417295612397,5.784729864189991,5.766702188520114
192.88286055624576,316.706178853624,5.775527266082948,5.7654526453805
192.52362099327982,316.25212832759513,5.7670156006987865,5.764815208293257
193.25599524126085,316.9793065064533,5.755096176423013,5.763287922263158
193.348587675436,316.9840676705746,5.751303172174366,5.753765594020682
193.62414844545225,317.0756644698581,5.743728184912704,5.751754179710549
193.9865141313726,317.35239758030474,5.743121642310933,5.741381580746554
193.35397026705897,317.8105269936822,5.742201145257647,5.729414343763482
193.99075172956393,317.6347685580831,5.733225558074103,5.719620547011084
193.3594902434516,318.36324697435055,5.733230284720894,5.705541709422334
194.07899547900828,318.5521531008877,5.735323891252203,5.688005475759162
193.89874073308675,318.6503644642467,5.7360442534471385,5.671477313865256
193.8982766733127,319.1044980938811,5.736972372995254,5.6614365023012665
193.9926563439267,318.83787468242286,5.7277145483694545,5.656178775410949
193.9961720051256,318.7487965064166,5.720683225971692,5.655062101710408
194.0002836457653,318.75103199520856,5.712459944692279,5.650591124126593
194.5393818873616,319.29097766245644,5.707933599576378,5.64436992770739
195.0754141696296,319.8317469228091,5.708523432434244,5.635485804396006
194.5428613542333,319.5642572707055,5.701759728829356,5.6345304414043795
195.25796813852668,320.2811598502398,5.699733918685972,5.62891304077909
195.17209086104995,320.19401842104276,5.693085456043139,5.624792881576876
195.1767932925993,320.1967580999136,5.683680592944417,5.6193135238352605
195.26998297541638,320.2887435604537,5.67530041310337,5.613341788548034
195.80668502615933,320.82616271619924,5.668535652731533,5.605142818171102
195.54439188389003,320.4756763083223,5.660509311463102,5.595965466182267
196.34542180701385,321.187415103017,5.653848782487621,5.590620603257111
196.34405943015278,321.19076742124184,5.65657353620973,5.58391596680731
196.43196636923724,321.1957100879716,5.657774316250578,5.574030633347924
196.78670216489112,321.2882603364542,5.655813080900311,5.5658077253719584
196.25985620440244,321.3764182807606,5.649202901005583,5.566208853571145
196.8787953209161,321.5574659470851,5.647660808037117,5.557352418081891
197.05293813381996,321.38594134163134,5.652286119051259,5.547490692167685
197.58062362526897,321.39122199362924,5.655150182474375,5.536929388171832
197.04756734903404,321.4806505007381,5.663758154602355,5.534323137344528
197.7501390083425,321.5749060716146,5.669373170243388,5.522156787373745
197.56967176456914,321.66910289725917,5.677826149458368,5.510003890250484
197.65337030454447,321.7630469095577,5.686610413752329,5.498297209897996
198.1797888477845,321.94491342062923,5.690577544865718,5.486832260286067
197.64913270623913,322.12644718631816,5.695800484271517,5.475794510136589
198.35373102121167,322.4829508747594,5.693980660604584,5.466475536393069
198.35032182943326,321.87450342416776,5.700799044161426,5.453147834317288
198.35368734217224,322.49332195976274,5.694068018683478,5.4450039398799905
198.43792618992276,321.8859990912061,5.700997816383674,5.431797224584587
199.04974514851278,322.50590795653983,5.704507446665145,5.4191270413786325
199.6665335647479,322.0692870422527,5.69705714675816,5.416564203836343
199.5814329144853,322.8609091770777,5.692254724338339,5.40835344069137
199.58236562901712,322.9546547454463,5.690389295274702,5.395660737350712
199.58233594895887,323.13492554049526,5.6904486553911875,5.384255227563027
199.58405672149448,322.7882361806943,5.6870071103200015,5.380081466670191
200.27931812325582,323.6608442448832,5.690629128533542,5.377546365462594
200.27684983023806,323.5703420843226,5.695565714569083,5.384266144430751
200.36260818912163,323.4821396846693,5.6985173199327495,5.386202620606547
200.44968854245485,323.13388366995696,5.698901809220107,5.384533866215959
200.79610580865082,323.8359500210446,5.704166239798701,5.376599089981853
201.14543941239577,323.4914948470976,5.703423746018956,5.367584724165709
201.84553003354674,323.2337738659471,5.697854779297524,5.360047083124003
201.6722287138842,323.93532922448276,5.6962176760455,5.3498953363611355
201.67382626721857,323.7656728707036,5.693022569376733,5.3413417234873055
201.8433930196053,323.33918869574353,5.701383966428877,5.325572818843519
202.01414757452838,322.91031137002767,5.707130152975057,5.315189229294253
202.4458956232906,323.6111354756287,5.711396033706959,5.301960183302219
201.74923415984634,323.1841536725074,5.717449242320753,5.288880215623078
202.26497889022323,323.88400804964425,5.725730800659343,5.2755328201391904
202.08451125057863,323.7175472423899,5.740242127739122,5.262030482438471
203.29178886855456,323.550636244038,5.750811897107699,5.249406049810766
202.50628153265512,323.38383846033344,5.7631455212171945,5.236628051066796
203.0233760747813,323.0428154970278,5.7680074122314755,5.225973327500212
203.71657851959415,323.8269473956348,5.766250051047866,5.215437999783537
203.62689424145992,323.7464724238395,5.772733030929404,5.203502366987224
203.5375915544027,323.6657625114348,5.778542425207885,5.192126211960616
203.53415563049984,323.4997822733631,5.785414273013575,5.17867724820219
203.443007250173,322.9895127763221,5.795114282115501,5.1636357329734714
203.5263491742942,323.68689050693297,5.800937529805688,5.148937039212893
204.12637470363475,323.69510551994375,5.807424180011327,5.132507013191388
204.20802701302338,323.7029706460644,5.816319958816713,5.116776760950038
204.29046350379525,323.79702291150574,5.823533596823364,5.100758849617682
204.63088290106168,323.8908545733868,5.830462567213638,5.085037467086386
205.0562819094882,323.8987161837483,5.838651557893949,5.0693142463632865
205.73910027178027,324.0779787540664,5.8463919718912205,5.054133390372465
205.30659522606462,324.08588458916665,5.853659918534863,5.038321720172013
205.47310802565542,324.0071341578834,5.863448485348756,5.024415499740763
205.2121982049862,324.01491977563086,5.871262826154911,5.008844264245766
205.6363688301093,324.1082687013842,5.878949821042782,4.99335206176593
206.31526365322176,324.1154684204901,5.889762524651296,4.978952623554065
205.79779278034997,324.2084216856469,5.898640953671928,4.964056646027598
206.39210921015894,324.3012295395972,5.906362324207029,4.949348685291729
206.38803619577726,324.65024819394745,5.914508352970367,4.934471053847132
206.38558561294485,323.8892009375574,5.919409518635206,4.920484208852481
206.55276890202268,324.1525107122386,5.926094307647332,4.905441710241785
207.4086547164669,324.5002983670253,5.918182105985997,4.8914101715591825
207.41202554587815,324.8467645271107,5.9114404471634785,4.878628662893033
207.49914430392718,324.08918398746283,5.90693056249538,4.8662410593191545
208.01009146095194,324.1798831077545,5.901785660565823,4.854301054089133
208.68736118018455,324.270711141354,5.900736357367924,4.841831253798451
208.3507793459819,324.36132192931285,5.898025221483981,4.8295783789530695
208.01476035176918,324.4517359071031,5.895147086452796,4.8174794542367545
208.26757108601694,323.95249758438985,5.894993330035323,4.805020675507183
208.85833997799043,324.46320488180294,5.891453691606654,4.793318776839608
208.69179841107132,323.71145229528787,5.888453189376291,4.784447587560925
208.44279922494363,324.0522738915217,5.882894880563638,4.774213303184046
209.11226914460687,324.1377861857287,5.884765259351945,4.770789992034348
209.0296547418642,323.38863267624095,5.88241945297635,4.760925504261409
208.9443962942368,323.4760277172953,5.885557400930732,4.7535143694529784
209.02417351262906,323.56521667921453,5.893310118782784,4.742443600251105
209.3535214856365,323.65544479029194,5.90360162388576,4.729234240875844
209.68285328112697,323.74529881397063,5.913700885194181,4.7167169065908
209.59309759778708,323.8351933820603,5.926069623752262,4.704070398533145
209.67186183784708,323.92526966092123,5.935668166707049,4.691044863886177
210.0864526150248,324.0969628383933,5.941799664663749,4.6817837298668925
210.66933896167203,324.51885276145475,5.94506955908082,4.67303430353794
210.41883394845115,323.8529608938559,5.9453376223161225,4.669506136851886
211.085015470995,324.2729055776553,5.947860642805791,4.663920560238845
210.91751452838784,323.6071426732227,5.949245359441969,4.660977694791585
210.91595985673567,323.85555906294536,5.952354702746314,4.6644907127644935
210.91490523935704,324.02259525507,5.954463937503598,4.664191543298201
210.9931827608741,324.10997669548874,5.9648229061950735,4.656342674186321
211.07183673188882,324.1969322927299,5.974459791950067,4.649376307488374
211.14782078346528,323.0322163596781,5.989470534394242,4.64110433523271
211.8084959566965,323.7899076502627,6.004709194153787,4.629384386063314
211.88572273270077,323.7954826362118,6.017371172227111,4.618234414165126
211.7139086074715,323.71730971656757,6.026745148154972,4.607453116188254
211.54647314221594,323.63823018793255,6.027427302643354,4.598517785446947
211.6332271975226,323.63929716590314,6.020878232147904,4.59638382950573
212.8819221003055,324.22571591855353,6.025853379641682,4.591316635632757
213.215599046028,323.6454837974491,6.025769656086012,4.5840580840351635
213.13056710830983,323.81644593979024,6.029135718531913,4.575529425333796
213.21399338621868,323.9869272413498,6.0288930788586,4.567786654503346
213.29831309596554,324.15589891926555,6.026733453779049,4.56280288750028
213.46559488021254,324.40841750977245,6.024900869885791,4.556862183387715
213.8797294007243,323.7466236664723,6.02783452152867,4.550525561721824
213.29308630888272,323.7527191803716,6.037848625407953,4.5383345339230985
213.95082916821102,323.9240055554346,6.051443113704223,4.528031835535463
213.44661121433327,323.92954595361965,6.062837902021362,4.516951039165269
214.1074141809551,324.0177667123878,6.0705568346552505,4.506675129863656
213.60533559845692,324.0220511423159,6.078025258638714,4.498106270007469
213.021489194135,324.0256510441418,6.083102048119208,4.490906466355641
213.68322363923588,323.9442993761507,6.088010802233784,4.48756259679826
214.76808778019407,324.18800297287,6.07715353617827,4.498356407019929
214.69090449474658,324.3474128929365,6.065441259053212,4.511694262927046
214.86231737937732,324.2599603963365,6.054853817014267,4.520480092515793
215.36616207750393,324.42680007156656,6.043775706558898,4.519004503988251
216.03445786848414,324.5068117492785,6.034457331900019,4.524890299477223
216.0350843418415,324.8393505061427,6.0332043851852815,4.523267089633503
216.2013642457515,325.3359431621595,6.032280491291289,4.524989519378076
216.36830715056348,325.08718603143654,6.03005879611657,4.525007609150195
216.6208326184991,325.7474101556779,6.022403442797126,4.530947580805415
216.04361273448373,325.3331376084564,6.016389771074466,4.530597361138932
216.62810916722242,324.91676384212985,6.00716913935542,4.534936155393221
216.29961867436128,325.581005889428,6.001701385800426,4.5313495393514485
216.9650937863248,325.0038162812867,5.9945134352251825,4.527436766451436
216.88319512674963,325.7502228639367,5.9930139083057,4.52229521577929
216.80295719247616,325.4211171627982,5.988299777815198,4.519746621906456
216.8058053450435,325.0090019456979,5.982603472680551,4.51859435687181
216.88933686038467,326.07731444224214,5.9805113699706824,4.526591427425474
217.46959696230664,326.07432258518287,5.975478891410936,4.532575141544077
218.0498513605497,326.0714007932427,5.970604879547417,4.53841872542445
217.88501055884046,326.07282590235957,5.970062935005767,4.535568507190602
217.80476079845016,326.15343164539206,5.9655054689633555,4.539414007948765
217.88825012516637,326.23461195873773,5.963577078892782,4.542103644619315
218.1385612107952,325.65665041352236,5.958149154313137,4.542573492801394
218.55320067149944,325.904461994144,5.9538184001056225,4.541919231878627
218.05717552682543,325.9879238154248,5.956391263532524,4.539908493637288
218.63906464507212,326.3157642217835,5.94704840637123,4.543905040538128
218.56090623607338,326.23041476219885,5.938523197286038,4.549761932624701
218.31418566789873,325.7351776393181,5.937541938560705,4.551391388236886
218.97386509545134,326.7228737685138,5.936735546530379,4.553827824457933
218.89423175424773,326.63775245079955,5.931155756195208,4.559223987144065
218.81318353584197,326.63411437614536,5.92840293214753,4.566500136452404
218.64601940026938,326.5496152353664,5.932879602034913,4.570572617381439
218.6442650612532,326.5476573659953,5.936388280067283,4.574488356123623
218.81229667818883,326.7091018734148,5.9306808156354265,4.581955110724091
219.06206296125563,326.8714036785455,5.926785296921861,4.5877761987426275
219.64636965467525,327.61086181472524,5.914905354711445,4.596088640905932
219.56996939694994,327.6079302886428,5.9025044595116025,4.601951693070803
219.49351185579,327.60527711764286,5.890312310120811,4.607258035070662
220.57210016699327,327.6018866987388,5.878227714848473,4.61403887287882
219.91831345773042,327.679711276792,5.866341683482801,4.623322148008774
220.33641335157344,327.757979572197,5.854648628117254,4.631686903662936
220.75427305327614,328.1661816384017,5.8432199306886154,4.639573477230204
220.3461412928847,328.8223475617585,5.835428046754549,4.645730278063847
221.01104046721943,328.7369849483272,5.82396225223197,4.651663935658149
220.6040465267575,328.73520356022703,5.814389916597773,4.6552267118584005
220.19574548672426,328.7336083473287,5.807876882225222,4.658417137655123
220.8597036218061,329.39009262462616,5.79655931353338,4.66204728453197
220.53484639825453,328.9794239590403,5.788433647590106,4.661084474395702
221.2773318259151,329.6370081497008,5.782340524401159,4.660474077192045
221.19785023814015,329.4728451961424,5.777087345244657,4.660367274896145
221.20252571752582,329.55275466831125,5.7677363864733255,4.664682329926417
221.28894708569757,330.0430645643101,5.758953962295774,4.66842441092454
221.37526100642341,330.5332287974541,5.750312140023707,4.672012059714199
221.62644797916698,330.1222499065614,5.739672194174944,4.674413175435723
222.20404208737898,330.85783508981666,5.730990911264747,4.67732315201439
221.80025693007153,330.8546916126467,5.720059475331975,4.683610106354291
221.5598612095801,331.0164227613084,5.709949117860087,4.687415674667424
222.217574249801,331.09557630684606,5.702842659058618,4.6926485362972
222.1400312623562,331.5023301249463,5.694413467116682,4.696716734254364
222.2278126794464,331.4165569802449,5.682301800722047,4.7048118558713705
222.31465699032307,331.33149167315594,5.672008593518586,4.711547055499411
222.31836409434945,331.493519904323,5.664594385465811,4.714181760674221
222.40422284961178,331.89817146274663,5.656150756144784,4.721248049845218
222.65005423691267,332.5491134004621,5.654261143186723,4.7254259387974935
222.97902919425346,332.543431586977,5.6494949875607015,4.736789565767575
222.24668817460463,332.4569455689877,5.643526840288696,4.74635602546068
222.73737264171908,332.4546124663904,5.642963682121111,4.751022230655279
222.0841474802401,332.4538455427711,5.641141380354038,4.752556077893946
222.5747906704869,332.5360267808553,5.641038984555758,4.751724265841359
223.23211482630208,333.1902592286149,5.634516215818765,4.751384913215701
223.07283873332636,333.43530022213054,5.626249185745588,4.751531750221428
222.9963094101213,334.0854320539564,5.616023409012136,4.757543471718043
223.00139023896588,334.7350074028384,5.605861751323001,4.764179542887815
223.08927535302809,334.7309364625962,5.593264726435905,4.772321423372233
223.1771743407956,334.80776260292515,5.580576289996682,4.781778681810164
223.26504628584897,335.2924733117133,5.5678978337120935,4.790749867166872
223.76050443171218,335.20651295862285,5.555062521599554,4.799657076745422
223.19652175104417,335.04039261585723,5.542322357967169,4.805981897999974
223.77241828137238,336.0971712315279,5.530565042664625,4.809633908030114
223.20873732023406,335.44457966532514,5.518755340998803,4.81290661307292
223.86464213705085,335.76791575452353,5.507812773246472,4.816667967616721
223.3827173673214,336.1715509418854,5.496667437307822,4.821893322390911
224.03819778742076,335.76200217706906,5.484987667316622,4.828940183143898
223.88069941591297,336.4899789526314,5.47530062123389,4.834063682961572
223.80579851435135,336.4856454206173,5.462828762564382,4.842730746989831
223.64881910041274,336.8908651892416,5.452349970049132,4.8433852607223935
224.3026857922943,337.61726485790933,5.441149741602065,4.849185723117507
224.22692695578033,337.5352324307756,5.430681935842581,4.851265098597657
224.2324210742553,337.937496046502,5.419693698892618,4.85601855624336
224.23734436406852,338.178774039847,5.409847119266196,4.858746654820406
224.24271603028515,337.93110900047486,5.399103786832963,4.869121016394244
224.40713580478447,338.17379140776546,5.393565180395516,4.8687076156549
224.57255925541216,338.09069024085915,5.385833769157831,4.873352204458731
224.73820335033056,338.1673286379096,5.377568743026997,4.881586992210879
225.06520171417236,338.7272092258549,5.369629212207939,4.892425910833116
224.42368691149844,339.6129853860185,5.360150987539254,4.898071856778699
224.9936015451179,339.6903035557296,5.350862588632822,4.904941355689757
224.433207675982,340.0901126529025,5.341356459587173,4.912675923713553
225.0020794054998,339.6834237137432,5.333731799163811,4.918826088737768
224.76362418041523,340.40871099258396,5.326368603055818,4.921072469887672
225.4116267761706,340.4878074586081,5.32112714642456,4.924225004699432
225.1726148536714,340.968278719659,5.31520941729293,4.931165630857622
224.93321641500785,341.6111159891963,5.310010596991955,4.936146285457786
224.69292351753342,341.3681723555203,5.306606555697068,4.938043716566142
225.34217223747842,341.686131602448,5.298564889694179,4.947353109654402
225.18454565434007,342.2461407604493,5.291159378027456,4.956640166454043
225.02787218015985,342.2422528942583,5.281783980291862,4.964415898836028
225.030226783767,342.40545809625394,5.27707477307749,4.960681747654696
225.27209405606294,342.89077954173473,5.276956017492944,4.957270434707684
225.43313291963844,343.617736110192,5.277176814041313,4.953700654440128
225.51604437028757,343.61783669532116,5.272449959115632,4.953499484181864
225.67989142868805,343.6171954312966,5.2667938217598635,4.95478201223103
225.68192351981907,343.94067568984525,5.262729639497844,4.9516252904995826
225.76748299800113,344.90382973401256,5.25244801268194,4.9553651567443175
225.53041877421796,344.33784649899917,5.244368632963345,4.962180029772915
225.3716879460367,345.37992548816476,5.240394907296704,4.9673520346313875
226.1782739995883,345.85943839963323,5.234598227280327,4.972751467946571
226.10135717766113,345.7757983547068,5.227699429812367,4.97929911647714
226.10446504918988,345.9342027571055,5.221483686754901,4.983946780217055
226.10825486439103,346.4942529714327,5.213904056352575,4.988778247706928
226.11254118648543,347.1362508329501,5.205331412163791,4.990081592394593
226.11704623511213,347.1347244810469,5.196321314910399,4.993134296201124
226.12179830049976,347.4521680341214,5.186817184135119,5.000070757407194
226.1257027825023,348.01294280810106,5.179008220130056,5.001438060085011
226.13045865956303,348.0107583856029,5.1694964660085985,5.005806905081259
226.13297817312662,348.09076133483455,5.164457438881421,5.00603682091113
226.29652611476055,348.5719054911214,5.157682368225769,5.004710946174154
226.37986946498714,348.4119325625501,5.151028824958083,5.004590488945802
226.544523159571,349.60783352304423,5.141575148093856,5.011691410233998
225.91007817660469,349.1221258256702,5.131339587466996,5.023762660062442
226.15195575925569,349.9214960842529,5.127346302292314,5.024228409988059
226.63559253063164,349.9983478194212,5.119264297787556,5.030390196025934
226.00068560159136,350.15581793797867,5.110393782127789,5.035121052346038
226.56497174304354,350.87148124026305,5.100217013818957,5.041731537971557
226.01098563418464,350.8670710399337,5.090183802359584,5.050551938630322
226.5752222514872,351.4228323292228,5.079584814356913,5.056903606654431
226.25458301167413,352.0623801787699,5.082344737943273,5.054845019639734
226.89218821000816,352.1406013369029,5.084259435143179,5.058043340107228
226.57143845086782,352.1405600313946,5.086874272810376,5.058125951123808
226.4130514083549,352.617124979881,5.084121112457913,5.0635777902858505
227.05359626615797,352.6123371918327,5.081480997377581,5.073153366382494
226.89831021413667,352.8446271604596,5.072222124724379,5.088319894172373
226.57923319763407,353.2435201685259,5.0703422156287115,5.090576305665864
226.34136110389127,354.03824798769796,5.066043246360944,5.101264523166316
226.98373620637742,354.0359666932658,5.062211783808443,5.105827112030639
226.98495697245025,354.5148835251059,5.059770251662762,5.108750819380775
227.066806052407,354.5116919905559,5.056205817407474,5.115133888480806
227.06787749326264,354.586709679811,5.054062935696194,5.125276415963213
227.15017718385508,355.0654115482344,5.049767130516203,5.129694135145789
227.31363888332103,356.1822148448948,5.043454214075308,5.140360919262257
227.4779054217652,356.3374469525257,5.035667589631349,5.150643156444802
227.72149063870353,356.89349544069,5.029732519133616,5.161428694667058
226.99872918291163,356.73020066908884,5.030869032025991,5.167043482604664
227.3220399009211,356.8051120810881,5.026621467946495,5.177814126591028
227.64554683578717,357.1205813314815,5.022389051755323,5.189657079345191
227.48600501611023,357.1181348148,5.019844229537633,5.194550112708256
227.3254789304039,357.7633955704006,5.019194957906883,5.190834373680656
227.5680452508454,358.323234141146,5.016408867387169,5.196632516370755
227.4897974675013,358.48380615817126,5.012075397253691,5.197146555963567
228.05129581317993,358.56275651353593,5.014458517536562,5.200014389754224
226.92329533262998,359.20769977203935,5.018542601878116,5.1969375166093155
228.1338379536226,359.2066860649713,5.0104709094042015,5.19896493074538
227.73231681259443,359.849588344213,5.009654859437973,5.199333703498193
227.1683998674885,359.8513375467198,5.012136997871865,5.195835298484598
227.7311461380081,360.17399086622584,5.011887188792464,5.193524506306631
227.1670261242828,360.8185829120254,5.015165750029988,5.190010661808093
227.80847305373297,361.30045421435415,5.017916231732927,5.190501312603054
227.48520976651994,361.94421693016193,5.0214158569260485,5.189029779453368
227.5656524524825,361.3025567276092,5.021319487967299,5.186038160828073
227.48739245665283,362.506742051314,5.017098922459614,5.188775870923767
228.1292227474409,361.9464226616792,5.019172363748968,5.1843973801860255
228.1317186418351,363.1486451301626,5.0141805749605455,5.190165507434548
228.13027924012476,363.31039265873386,5.0170593783812345,5.188055228060333
228.04627520071497,363.9571855297439,5.024362631192181,5.180108094109577
228.04453769596986,363.9590640194581,5.027837640682405,5.176351114681217
228.0432876434089,364.0410054046347,5.030337745804344,5.173159975281355
228.04236372377673,364.52352845424747,5.032185585068656,5.172200284803061
228.03893168632828,364.0431305004005,5.039049659965564,5.16882494300572
228.03937440672448,365.2498032043762,5.03816421917315,5.166739779381635
228.12062229347606,365.49054346198864,5.036372406297583,5.167371146039396
228.44456489940987,365.0886043547306,5.031229451122956,5.167821539689253
228.93015599005852,365.8080438189387,5.0237155207594375,5.174444987673706
228.29196760325073,365.963585571545,5.015319755070252,5.18455461728734
228.77811599314987,366.4417178876695,5.006757467514029,5.192024477280458
228.2180595568643,366.2785770418444,5.002641540841597,5.197097940575248
228.703131024854,367.3982730626844,4.996209728724317,5.2063651879070365
228.06363366503663,366.83454052930284,4.9899088518551515,5.209196607729231
228.62956959808284,367.47593549041795,4.982282853723482,5.211259106025684
228.0714557988071,367.4743914862666,4.974883790154983,5.2143471143283655
228.6381478915874,367.63167095157706,4.96464435828849,5.220686684762911
228.07978587013355,367.71105509246945,4.958664697897414,5.222304646306537
228.64462926490407,368.3490560364523,4.95119541209229,5.228837048324775
228.16419828297887,368.9887952695685,4.950253984206506,5.231763104407317
228.8095043816362,369.3857498565824,4.9422930193926,5.239510950692579
228.41238567493943,369.1433093771726,4.934898984125635,5.243413040315798
229.05674443968357,370.34145200197,4.928341207581703,5.2511773274914635
228.4928837977856,370.8262380444233,4.934051932621053,5.243328578661997
229.21061922167758,370.4289648814878,4.9408779460358785,5.236598870533698
228.96675137179383,370.03194825405507,4.947838715737823,5.229340575289955
228.8833245549113,370.91609417705536,4.95443713772224,5.223856058875867
228.8805540123788,371.24103158200666,4.959978222787216,5.215077420271301
228.87659231845473,371.80396780313055,4.967901610635382,5.210776523382377
228.8766797255343,371.7226407580857,4.967726796476235,5.213147878053923
228.87442701722188,371.80314328506324,4.972232213101096,5.2124599127575575
228.87783239517918,372.12095245265584,4.96542145718647,5.218352369122374
228.9558340696581,372.84527223192975,4.969780132657013,5.21297103042955
229.0347034832785,372.84677405025457,4.9723881578944615,5.209967393779957
229.11242571787983,372.9290271113059,4.977284832236353,5.205802415221894
229.2705649198214,373.2530579468094,4.981713395594775,5.199154678698032
229.4310459553444,373.9767503702318,4.9813903024514214,5.194645232414964
229.67293331874308,373.9754861297226,4.978346766963167,5.197173713433326
228.8690105102641,374.5381998711577,4.9838408527694344,5.19339230236931
228.9474662867906,374.21945434600593,4.987192194237656,5.18983177458823
229.02743525268437,375.1831617916381,4.987514413625794,5.18553869743213
229.10713351759063,375.26299704797583,4.988315856532729,5.186066157476121
229.34572872262598,375.9063375978666,4.991782213352573,5.1811364360694565
229.90764430029475,376.06471215028256,4.989326593332408,5.184780341328179
229.26885047971817,376.2234433280295,4.98519611561436,5.187747515552145
229.90950200061297,377.02456894236155,4.985460254768153,5.187455263067241
229.6689254034064,377.02605770592805,4.986026953910277,5.184477735934284
229.18729877227793,376.94792256788605,4.988333383344872,5.180590206547904
229.82963693889695,377.6632699099561,4.984724038623491,5.191095884488977
229.67061443065896,377.49750379818073,4.982287267972844,5.202146320913078
229.3514518901553,377.7316452810415,4.979110598511214,5.214989668043401
229.99482550487554,378.12952819836056,4.976573510728756,5.221855171941424
229.9141599968109,378.7735460824578,4.977310963872255,5.218567907633673
229.5096534079747,378.93381298483416,4.983555223220163,5.219141670210797
229.26519841540502,379.013350150499,4.990480158364434,5.220729022212821
229.7468697433815,378.77089142771194,4.991914842741153,5.223257797622093
230.22915925386013,379.6508049712033,4.9924871020879,5.232874724530175
229.58596041658893,379.8108334605096,4.990739215138702,5.234854136290315
229.98721958720856,380.3733306063457,4.993328343036172,5.237010301409561
230.4728388926721,380.28888199080137,4.9886673449943935,5.244811263684042
230.0748965632257,380.446131036814,4.978829392298994,5.25260221629399
229.99700013806978,380.68661712181074,4.973511756542112,5.254961504506759
230.64589666229784,381.24406497459995,4.964223294950924,5.267507312435177
230.489091552717,381.1569552130567,4.9556096772346585,5.28061491708288
230.41242955821465,381.15214012239375,4.947753593354106,5.290245098408743
230.252315354651,381.31084462448456,4.945570459642149,5.295247635066347
230.17406058212276,381.95285268311903,4.940830784209087,5.301225281713687
230.0936964515804,381.87077435839996,4.940291789213393,5.304114675071426
230.01334160279845,381.8682571778183,4.939697687994189,5.309149036234827
231.06171866318326,381.9458979462375,4.940791817334242,5.315240441712532
230.25010003024585,382.2668029062458,4.949175032390727,5.319372142023184
230.4907846026404,382.8298297161041,4.952855278126892,5.325100433532241
230.81171301529133,383.5593619048596,4.958322568412164,5.322515316092368
231.2950396629996,383.9618934070597,4.962934636139153,5.326840114311858
230.64711799801537,383.3932522667122,4.962631080885541,5.329993870437589
231.0451035511685,383.7988467370742,4.976973820151976,5.32911877528618
230.8805932976199,384.36676941403596,4.9814403604047754,5.329212305317775
231.52784108585172,384.2839694795747,4.9857399077007205,5.332462783770436
231.36260296050423,384.366296780908,4.991279269536823,5.330276625533325
231.11694191663025,384.44973926810155,4.995034551145153,5.3259139198594765
230.95417829151367,384.77104234617485,4.9955343233379255,5.333362719793519
231.68435841190714,385.4245690105439,4.99891647612139,5.327413740895744
