172.1999969482422,636.5,5.400000095367432,7.300000190734863
171.98717543016429,636.708609192631,5.423962136727818,7.278859484283457
174.0704179992614,634.8224324722836,5.4471983400502815,7.260512663606038
174.6562743233358,634.0331276584883,5.473154299783353,7.242230814020684
175.04770137980282,632.9317694195859,5.48932894979146,7.247618193734656
175.74112086750952,632.1365296859739,5.503214252831837,7.237269914154543
175.93055985667584,631.0372431922881,5.524681094005581,7.233946394240496
176.12088482485268,631.0370877996397,5.544975146884826,7.234257179537271
176.81462765062096,629.4364366498387,5.563143354369713,7.22263637280464
177.20541888484772,627.6321591567945,5.585266567025825,7.214515793899602
178.4008735746311,626.7368217608,5.608309922641579,7.194726034501649
178.18814573175487,626.0426124241385,5.63129503026508,7.1744976843734145
178.37772079128155,624.5446087374662,5.654744139908356,7.151010842493207
178.7676376368606,623.4457588525034,5.680194399023312,7.134179749167842
179.76170831771785,622.5503629240158,5.706814523624512,7.111686268458962
179.95060389179895,621.8516561021604,5.73214904699816,7.098160061794185
180.84640245563494,620.9494609749207,5.756442480594727,7.0866597550050745
181.03713375379417,619.7489047652178,5.778944249864284,7.063985980882762
181.53179012537788,618.9474790993531,5.799619520495405,7.050856490534392
181.5199803073208,618.2492343027126,5.823239156609594,7.032437954805554
181.52361042102427,617.3361047115695,5.815978929202611,7.038648799553066
182.22921456404302,616.3174540435552,5.820212830133553,7.053889868484043
181.5214772554113,616.3074895822036,5.818124957050257,7.073818791187216
182.83154347102516,614.1831448964051,5.834156350543378,7.064089676696827
183.53633988411028,613.4684283357659,5.844800402945285,7.073285919402909
183.94730694306645,611.8348209302195,5.835683590756815,7.089231507600114
184.5582732294406,611.0158560111981,5.833566035190093,7.100741322734241
184.96278856763288,610.5067575398566,5.838316768420623,7.101711503398389
185.6758367729343,609.084702467072,5.836979434051501,7.0963034964999885
186.78581726274558,608.0793433494887,5.854772907982439,7.072699501163357
187.29274609165853,606.1504036982762,5.8576964697719065,7.066810169050127
186.57082672793823,604.938270194739,5.878345959056892,7.0513241964293805
186.96970651048068,604.7403271222972,5.894215480553141,7.040395798021997
187.57568605688465,604.849076013791,5.903224183336028,7.026392647633056
186.75229348927735,604.4486987921839,5.922618431617059,7.013451647380311
188.5681919851819,607.1028400423166,5.954478201714342,6.997117803202028
187.53085143334604,607.5155027972855,5.991190828647245,6.986979683959565
187.81924978889273,606.8087915226703,6.027084655522449,6.9707909779301875
189.64370783624688,607.8372920448126,6.060177163293907,6.959350268356614
187.98798443807672,606.8170887452693,6.093069598727562,6.950660391876305
187.04932066388417,605.7896974207193,6.122678715646837,6.952422561569646
187.03347058494182,606.3100859949587,6.1543788735315355,6.940662554286391
187.11729550644452,608.1676368651281,6.192857197575326,6.935867820833532
187.92841184620536,607.0288722472847,6.22397477918047,6.940040447470892
186.77541984466487,605.9956338217632,6.250421772522795,6.934210926023999
188.00576272872289,606.10116866296,6.280482285130471,6.930703433690673
191.05076759903505,598.598513731505,6.312043058479571,6.930194278889808
190.94859027839397,597.7582419612975,6.307915338931253,6.942878932661044
191.25950669454355,598.1705001728046,6.311924571844846,6.952818596596925
191.9857772123969,598.3772439409571,6.321211940751336,6.956996318752675
192.3956311667929,599.010391386192,6.337686860452412,6.944975671022595
192.49670004186882,601.3016537066218,6.344670234569129,6.963115764070888
193.01712099401098,601.0899750301326,6.351402576589696,6.967443418527435
193.84892839177436,601.4047101342477,6.365303847456026,6.967041735194505
193.949704412399,602.4529884540405,6.3736565356441925,6.969532389983669
194.7838998192571,603.2959340462264,6.385878283415331,6.964253767099076
194.88344120567533,604.1314665917328,6.396984479415031,6.97470042677556
195.72123166550773,604.8691104521248,6.405632165294361,6.97311273584263
196.13452233492208,606.4583980159522,6.421616857317492,6.954160223882105
196.9735599975906,606.5654373669277,6.428344868356912,6.950681938978335
197.49540727980528,607.5121695269917,6.4379162458649315,6.953096314337565
197.5972006373209,608.253338098988,6.44517259894487,6.946660647122658
198.33318763501126,608.7822050868892,6.449204892204721,6.94321687749197
198.3284611393403,610.0518943386678,6.458657883546584,6.934259234794013
198.85770863891617,610.6833879631639,6.454557041299246,6.9365449740869956
200.2189592529767,611.5327647608831,6.473097277567807,6.924586125965287
200.84171301050472,612.1706445368196,6.493332889459322,6.914569701039974
200.9414533075615,613.1208969731391,6.5049743148092976,6.914163003572735
201.5783635137285,613.4269525927807,6.498956506376868,6.935953066240268
201.89444005140112,614.7946600694169,6.501439620862312,6.950628268900727
203.37149851719286,615.6466700110642,6.512719539722325,6.9411208715736725
202.84571374834172,616.69443865854,6.505065837871565,6.964030055728176
204.43808118673198,617.2170713025843,6.501545330536842,6.979169557454927
204.3314387598871,617.5321087282442,6.502568775838444,6.985878931299653
204.96652240592098,619.0116326266345,6.506695923703004,7.0001848276943885
205.9176229839316,618.9048713819029,6.518536360336161,7.001036029084852
206.66358856994077,620.492440261925,6.516714449701824,7.018989543435036
206.87331351688883,620.5948134857216,6.523512556618525,7.027367096248317
207.9363082531683,621.9772440977428,6.531151057902103,7.0362222382014945
208.67934187010604,623.041727397763,6.54044066961241,7.043479703283315
208.77470196467888,622.9415397813078,6.563603812889717,7.029971603770746
209.83892111309498,624.7586681162373,6.575571067834938,7.034404371933383
210.6915128147208,625.1896920650513,6.58478662151516,7.029555952771365
210.68497508617241,624.9795116549194,6.597862078611886,7.021175791231636
211.64773507854844,626.7991627514737,6.6023663077380865,7.02747489100429
211.9606157786826,626.8077175396754,6.620456107307728,7.010365314600786
212.81531867713687,627.7750617756396,6.6281434988168595,7.007406679642174
213.34950226055705,628.4234141917517,6.633337867217833,6.998975689707439
213.34900529294717,628.8574071932493,6.634331802437595,6.989640876427406
214.21041430076053,630.0350379544977,6.6277738605766565,6.994236955358544
214.43092148123756,629.9238801132979,6.615760394859563,7.002052190139601
215.4985386461024,631.5397793133859,6.62484776439476,6.986736338860892
216.24599120879202,631.6533058223758,6.630299640141597,6.974020035327602
216.34535411267314,632.3074932343593,6.645797991391291,6.9509901654324695
217.41129955530616,632.9539741046813,6.654998734575007,6.942683401858347
218.15596459964166,634.0278231594685,6.664541860191336,6.936232741265604
219.55390777935364,635.2005814080478,6.652927157186286,6.946638414923197
219.6610633897449,635.0920811261213,6.652769836165172,6.949485079014645
220.30304817166822,635.0872265227259,6.6539762566975895,6.959194285805501
220.72537969346976,636.1634294225144,6.666781881565957,6.950460157407327
221.57550089900258,636.9192191566841,6.682004454509903,6.939912550076287
222.32366104867916,638.6334215512974,6.687245513617066,6.943648008759163
222.86076120733398,639.5982142528788,6.6862964270167415,6.94591482087269
223.82472884817764,639.4944533167474,6.690397976353366,6.938765934132949
224.56987759416617,640.2495452901417,6.702465633573349,6.930947136541275
224.7783934749211,640.9024528573304,6.714817623979345,6.913283257911316
225.84587651661244,641.7658786036067,6.725952264368338,6.903312344376287
226.59072381236683,642.41747663589,6.738664487402074,6.887893549417358
227.23047610890987,643.0658656699114,6.746689382790755,6.878644969849418
227.4388311009571,643.1805073264264,6.759118756490463,6.863931335716445
228.28761988551756,643.9367649277191,6.777818263449271,6.85315857470092
228.61110854815274,645.3277920495938,6.77482163673008,6.861687358006432
230.11441580862126,645.6465299220762,6.77466629020732,6.86845286470174
229.68597427880448,646.498466788027,6.772145345726587,6.883387141028692
231.403742600574,647.0341330719036,6.777344251272227,6.887284432364294
231.71960501786114,648.012191789845,6.791187201720146,6.867870351548339
232.58565133751478,648.7628334909057,6.779913931221647,6.872303897134851
233.32851526416636,648.9917758627263,6.799146356853453,6.844407804617738
234.19158227093405,649.8458969805254,6.791882943952337,6.85503616965397
234.2971751929722,650.6011398452856,6.795608636602703,6.848931197220155
235.16390613717297,650.607044667687,6.781140610988434,6.837121552417407
235.49095980449567,651.2520429844617,6.770414381764491,6.8338871297107655
237.20699909583652,651.689403373077,6.766181970752959,6.8161278953979165
237.31626775839618,652.6562925438135,6.76153892764938,6.8073980920669195
238.60111543784453,653.406399269686,6.75604847820067,6.802970837499942
239.4538827930109,653.9486868737358,6.758734116622379,6.786033347371835
240.19687015329845,655.2287651300412,6.765882610291148,6.78551663060754
240.94733676192908,655.2346939799883,6.758804035475376,6.773658930713412
241.80246880279176,655.6636076068427,6.753416921040552,6.768270160649924
242.6469464014968,656.5250528757377,6.767981099025839,6.748898998255351
243.4010082882828,657.0555344228302,6.749906728755284,6.752256906428482
243.51784268355433,658.7385778909711,6.7288704355988225,6.788289928332436
244.3784667225474,657.9821022203434,6.710567581417299,6.811164198758713
245.23486207865446,659.2536611154767,6.70129034696199,6.823316625130504
245.87230186853472,659.2552760841704,6.704313382765514,6.820086687742978
246.942947345562,659.8982599988499,6.692829702372919,6.812003222581319
248.42630975252226,660.8646016615975,6.703519385408982,6.793372073701094
248.42207086970285,661.7216389688501,6.71199715104777,6.77968381346391
249.0558374832754,661.8361974994282,6.719264413710901,6.763033500608927
250.429483169208,662.5895306963722,6.7321248841409265,6.742602714110754
251.07173701662873,662.8003770885963,6.72081970077837,6.745310766822374
252.54658123195352,663.7603266702578,6.7400406968591895,6.733996234968747
253.3928665872653,663.8776336206414,6.744986407386378,6.711571886845332
253.49478465636366,664.5227431694232,6.753064409703143,6.692837632363174
254.23039609817002,665.1618859185514,6.764063230779876,6.6850278809831005
254.9734722926466,665.4869972004004,6.7604814147016645,6.670192705660073
256.6576021942701,666.2340979890778,6.77630935912689,6.656529517911963
257.5984584873986,666.2457330852033,6.798444777732656,6.633259325661242
258.1160412573074,666.7908451128591,6.82087373917788,6.600629771612137
258.7434420570433,667.8550685454766,6.834203012182355,6.585734360504141
259.4786090349285,667.971974622696,6.8431688390768715,6.563250746445948
260.31406832855816,669.1428151620566,6.861155952622481,6.54381500633141
261.1521441542519,669.7834687983111,6.873701228420076,6.529030429211422
261.462080733773,669.7941262521015,6.886975643288304,6.5077155216306615
262.4162452181767,670.6405935738936,6.876916581899654,6.502131906863089
263.8830997503583,671.3868844823558,6.8926296450014455,6.484261153671236
264.61260894322123,671.5017604867555,6.90805734823619,6.465144300437534
265.7594955295835,672.1459940016658,6.930584125571941,6.440113607013575
266.5923147343289,673.0001388408083,6.9491597108249215,6.416037923472467
267.43091788791685,673.4269436781027,6.955422905494514,6.40416299980634
268.0523121193734,673.336477652406,6.974688828964387,6.37475265346941
268.2523235881875,673.6638884266275,6.995014579414365,6.350454137143547
269.30109914906285,674.5106448895239,6.9984991695566645,6.337769780865347
269.8266416213252,674.6194423373373,6.9971918976484035,6.330130419761683
271.5992473457976,675.4672005338401,7.018807520234125,6.313120883946901
272.32718931236104,675.5825208048992,7.032070182823999,6.292358426931049
272.5324242215304,676.4316368915511,7.041105701209667,6.272147600524751
273.991112098349,676.7568474410945,7.057711133152013,6.25043675549069
274.50917522181095,677.7132605035038,7.068988453642408,6.22293705201785
275.966512164522,677.8308068556053,7.083333330215997,6.197059973671603
275.85917155530313,678.3640384084068,7.088990957935048,6.17571482166176
277.73404614783357,679.8340307625326,7.097087190598115,6.1584987716400414
278.47239878332533,679.6291498730125,7.080711560434877,6.151023510445969
278.4818169039361,679.6304331888423,7.061875319213433,6.148456878786441
280.14239362261986,680.3682253938257,7.067319710906332,6.128259019033495
280.9768555368668,680.3805193404884,7.059778254207778,6.1036711257082485
281.7000523990786,681.1159986307832,7.063516197445985,6.082844212780124
282.31806504041225,681.2280521717668,7.068802369430182,6.065622373255037
284.07023605347456,681.964625401355,7.0781980129572455,6.03930907217067
284.3765923995659,682.7984116673775,7.084723977024828,6.023039623459151
285.30689662154566,683.0095756162127,7.080384679094921,6.013215980462166
286.2403878481151,683.0095476143823,7.067646565446344,6.01327198412281
287.1704867661044,683.1169302339616,7.059930901291082,6.004338097389132
288.09287842365984,683.9487404393823,7.065264569320009,5.985266116005426
288.9121548235156,685.2921749320127,7.069465025907505,5.967871172230617
289.7305882886997,684.5877681617089,7.073630670226587,5.940781209986987
290.85341830095365,685.82774804072,7.080299433217573,5.9179074019632365
291.67635020217494,686.6534890825167,7.070367179067077,5.902356866661996
292.2857341109882,686.5609812275441,7.07612585225781,5.883284828137779
293.91807285694705,686.9748805684205,7.073351759467339,5.8709619961663755
294.1295881349587,686.9775392371716,7.057576165900257,5.865644658664321
295.54459502802797,687.9995597640808,7.073745131524218,5.854591284676244
296.0420373535717,688.5177767210583,7.095707528147605,5.835004418431891
296.9582188815663,688.4188013691353,7.093864888346036,5.829563964923898
297.86548321221295,688.629178119781,7.108810695708103,5.815360345555786
299.095403628703,689.4404448576414,7.088273140324435,5.819029054899305
300.20614606287,689.547036391404,7.099994640580656,5.808864748154936
301.21753903379135,689.7542144024669,7.107556275080024,5.800578241297676
302.13340137014785,690.5673977847997,7.102984969533245,5.798347803002182
302.94362597846185,690.4699248473722,7.105821537792389,5.790382954746327
304.0538136795988,690.580194732219,7.11652700828324,5.772668718940644
304.85654936007273,691.297767570457,7.132683310676154,5.756447247887772
305.87930013103016,691.3935508127447,7.114071376954412,5.7675697241317945
306.7001050699579,691.6887368109574,7.093127395897716,5.784947439005953
307.39884880183064,692.497166211526,7.113437919864934,5.788429195254758
309.12467004162244,693.2097623437319,7.111281839373502,5.783613683410327
309.84403649395085,693.1002704967427,7.0921486009572146,5.799797425068672
311.45882841018494,693.5094291742978,7.106846191838059,5.792550425795816
310.95035529779886,693.7177762892267,7.109410775192445,5.7816088525050295
312.7837421390975,694.4226982237193,7.091935118559749,5.790936438061552
312.8876931221121,694.4224168370039,7.086654225443648,5.791499211492531
314.4114330804444,694.5266479364819,7.077409291079323,5.785586011356315
316.0365538944291,695.3353504955597,7.064148559413976,5.786671341352735
316.247386782946,695.2371147839783,7.046732738801224,5.781017786305081
317.34832029233644,695.3487220045658,7.064289813239137,5.759569171786325
318.86977310763956,696.1557132406233,7.046720052238907,5.759099163461337
319.767973063465,696.162577603872,7.063022931159029,5.74537043696391
319.87394439043777,696.1644647146567,7.052520247281411,5.741596215394481
320.7861502521567,696.2686672261391,7.039066594146431,5.734408755796751
321.78736559468325,696.8840348792984,7.045581983842314,5.709041094327518
322.6884755136179,697.59820762304,7.048621014958338,5.684785838277371
323.48933827609164,697.609314552676,7.048802164685372,5.662571979005487
325.7784979347434,698.3204394248291,7.067753011432044,5.639491415062251
326.3697059948427,698.3332861330423,7.084123846290825,5.613797998635814
326.7720288481394,698.5429395599685,7.0780055329433935,5.593754841406248
328.36184435310804,699.4489988909347,7.085778696730055,5.574551027193607
327.95311885332774,698.964519215178,7.107150279772876,5.548411108059838
329.5476574930843,698.9739373861111,7.100823379287388,5.529574766193726
331.4346683200828,699.5789622673719,7.098658126265802,5.510637551348565
332.3168671247153,700.5810585219418,7.117858029701372,5.48822005632031
333.1072332623581,700.5873220700322,7.1219719652470905,5.475692960139624
333.59668290299413,700.8945737855289,7.132895040599073,5.455082943120711
334.28729997435215,700.311998910083,7.136227065017666,5.4334616936113385
335.3791357386914,701.204178502294,7.124981440021918,5.426541884930057
336.6581914394542,701.4082403287238,7.130585056320908,5.412835927120246
338.04737544252254,701.706573169849,7.111205198448396,5.40738199092661
338.1537449713643,702.3955682951449,7.09515222768131,5.4061943487498
339.82925148770454,702.4017790686956,7.083311655402865,5.393772801648364
341.3066082384422,702.2096748309281,7.069177783687182,5.385903993215572
341.9008047373245,702.3095953015311,7.054952938666313,5.381757744133398
343.3675723929056,702.5152544123171,7.052568924125594,5.3612596954443195
343.7551534441117,702.7228250034125,7.057563753407326,5.336196979100284
345.3246040584984,703.4040707416397,7.033960686949222,5.33664844865897
345.3218526904893,703.3183415101461,7.039463422967332,5.313753135416466
346.96481773031815,703.1358756461984,7.05261628132231,5.290557458839657
349.100707363453,703.139061611104,7.046304620649327,5.284185529028446
349.09439781132346,703.2470017913521,7.058923724908463,5.2619897728164124
349.6872622143653,704.0203009738104,7.034276252252094,5.263499852469264
351.14403207530967,703.9251448942908,7.018184384156109,5.2606488212557805
351.7266597712932,704.0270844900308,7.01015864361755,5.249641238347025
353.17016038359986,704.0363034127415,7.011698579256889,5.231203392925573
353.2695680809483,704.4249272352729,7.0051743926709396,5.223120580307111
355.580837750922,704.4273197780333,6.992067110541877,5.218335494786289
355.2039832472393,704.5208290630936,6.9786483948807545,5.2230988554221565
355.9801924723793,705.1828545210298,6.959475099634741,5.240637450204538
356.65825167759937,706.709342968153,6.944909959027018,5.254068029860591
356.5684693301309,706.1290407828923,6.932826657249445,5.2647844200948795
356.47501677801876,706.8934989744505,6.928092954356455,5.2689784939161886
358.54461308453176,706.8403020025393,6.910773830936455,5.283052551825699
358.554566428646,707.0579865695447,6.890867142707986,5.299100251392255
358.5651712140672,707.263850138785,6.8696575718656145,5.318609288616173
358.57642943547387,707.494559656743,6.847141129052267,5.336904364526879
358.5882956981142,707.7122006777435,6.8234086037715205,5.356511930679721
358.59962795420995,707.9160460953535,6.800744091580128,5.37509073974202
358.60816751140726,708.1153750996664,6.783664977185512,5.380179575409609
358.6158429464818,708.32937878085,6.7683141070364075,5.381331970647997
358.62652941090124,708.5551798372583,6.746941178197565,5.399206378597965
358.6327734182443,708.7755669765924,6.734453163511377,5.404095092375927
358.6436511151602,709.0128109411448,6.712697769679649,5.4184514439867435
358.6488936505299,709.245580578109,6.702212698940269,5.421251168141668
358.65333847008543,709.4769192516976,6.693323059829131,5.423144489520922
358.64703714685993,709.7467586776219,6.705925706280197,5.414090093230971
358.6505629779862,709.9771714386337,6.698874044027524,5.4193972256954375
358.6544177916902,710.1952046120056,6.691164416619532,5.42448531114506
358.65691660127817,710.427410561113,6.686166797443697,5.43264019788937
358.65184228952734,710.703904541249,6.696315420945292,5.428818491635097
358.64900370073343,710.9735807921288,6.70199259853314,5.426945134849408
358.6426618252766,711.2511785693308,6.714676349446819,5.424727009341522
358.6424396160063,711.4895402923981,6.715120767987407,5.428147662687295
358.6357423335885,711.7651904433285,6.728515332823006,5.421679360014263
358.6380649502441,712.0358338103705,6.723870099511847,5.430102601132305
358.63878355471775,712.3150542898422,6.7224328905645585,5.436160805465739
358.63808369229724,712.6228482377139,6.723832615405534,5.4410262598563826
358.6309184849004,712.935343925903,6.738163030199162,5.430611375188058
358.63217213614666,713.2254983126716,6.735655727706698,5.436699022293093
358.630807897981,713.514240676717,6.738384204037958,5.44134642559966
358.6309371890781,713.8048811508617,6.7381256218437775,5.446161313046845
358.63325436239603,714.0960459528495,6.733491275207958,5.453612668469461
358.63435763190637,714.41347684677,6.731284736187296,5.461069963687545
358.6366798077393,714.7200826871343,6.726640384521413,5.471331260911544
358.637859212835,715.0165164472536,6.724281574329979,5.468928625021645
358.64123155987187,715.3009301435741,6.717536880256219,5.470931952506564
358.64784989591595,715.5712363332548,6.704300208168072,5.487628927468836
358.6533585308781,715.8705250873873,6.693282938243731,5.498811003748317
358.6588729377249,716.1557931325792,6.682254124550269,5.510488950159148
358.6622965545239,716.4356244838059,6.675406890952192,5.51992422221868
358.6651051152131,716.6997805592719,6.669789769573722,5.53541798110655
358.664103279754,716.971228631143,6.671793440492077,5.545761378052308
358.6686918606002,717.227803636366,6.662616278799599,5.558016316662973
358.66993200154286,717.4754365020613,6.66013599691423,5.565702658854884
358.66604962388493,717.7404696875049,6.667900752230178,5.571090749572386
358.65977292858014,718.0675900767858,6.680454142839683,5.577553967944974
358.6581554856253,718.3565618073769,6.683689028749476,5.5921191718070595
358.6478268781206,718.6860617631727,6.704346243758795,5.580952898015359
358.6500776986884,718.9927044847337,6.699844602623231,5.596785996402277
358.6418020231255,719.3141246092359,6.716395953749066,5.587752425925433
358.6338544570778,719.6401553447022,6.732291085844428,5.573034954853703
358.63622112443903,719.9553835628876,6.727557751121905,5.58559236281754
358.62911828985824,720.2894907428582,6.741763420283512,5.5648299149523535
358.6209675752527,720.6253540164224,6.758064849494668,5.543360394550241
358.6138352808698,720.9608569148254,6.772329438260389,5.523837307691928
358.6064912675899,721.2957412490912,6.78701746482019,5.507393536285279
358.6023221565295,721.6307703193584,6.79535568694099,5.4940047723806344
358.5959070988152,721.9667284649352,6.808185802369667,5.480625276382175
358.58757606344943,722.3075596835774,6.824847873101097,5.46105211762449
358.5779090906937,722.6505363423676,6.844181818612527,5.439494437840129
358.5686195806066,722.9942241369829,6.862760838786822,5.418229571704908
354.8919830057547,724.549873189299,6.879500742708195,5.395998096875938
355.07795450224876,725.3329155972921,6.893481152995129,5.373606893990157
354.3951309797613,725.0550322062849,6.909448095349737,5.350939346310381
354.77288409609673,725.161174270403,6.9246882047698595,5.331341803596838
355.15120764265583,725.1713116499858,6.938441722941583,5.311067044431134
354.56543335799364,725.1817154489376,6.955112763748661,5.290259446527757
355.04069183453004,725.1918046709434,6.96656791558498,5.270081002515962
354.4560587951989,725.105837440828,6.982396504574995,5.2497758811346715
355.6042144542267,725.594512073116,6.991872295815759,5.2331712454321595
354.3472600470077,725.124254042826,7.00949929225766,5.213578914475301
355.3018742767401,725.7073422873851,7.019963677351422,5.199218132091918
354.81168485458886,725.1421747770917,7.040876253724183,5.1781936311633885
354.99973254894473,725.7246272609436,7.048513923971425,5.164487840336797
354.70325439029017,725.1584267822301,7.06619695458597,5.146342224374688
355.0845604820959,725.7410977753924,7.070498454535943,5.131370763392255
354.88515189958514,725.1749129086006,7.086219956023513,5.114453506373943
355.0743115648828,725.754730287051,7.090917184951153,5.103868428042254
355.3600384431668,725.1874084098305,7.093679793551661,5.090079452146357
355.45311938228207,725.6712208849349,7.09873843933161,5.078557121989356
354.3003947092191,725.1064688575987,7.1108970001787,5.061415784022562
355.3470737476978,725.7823794833591,7.118643134391641,5.0466608487009035
355.5366988472264,725.2151434229827,7.121160225838317,5.035831097942053
354.5795178046371,725.6025171360734,7.128089891452593,5.024056639586468
354.96315204309343,724.9399787720913,7.123437107300953,5.01455590521887
355.1544838864304,725.4188898972493,7.121627155353184,5.00886799171833
355.2462637543501,726.0910703592642,7.12837309508915,4.996646796715651
354.7621155837538,725.2447056926329,7.145639428193472,4.977522115419668
354.37268123885605,726.0147079960678,7.163903660993201,4.95872642254134
355.31957284078635,725.640821882816,7.171283311577011,4.946033507267292
355.5085058255124,725.1704150168417,7.17345285376512,4.936758460115276
354.2681797132706,725.8433348496042,7.185443466195177,4.920198124157729
355.3093791186069,725.5646868643295,7.190886257257214,4.9080827487794885
355.49769901682276,725.3803201908147,7.193616837718395,4.897445718916096
354.1638966063345,725.9562398966361,7.207520133648907,4.88290696086448
355.10839993575337,725.5827231469584,7.213699074557499,4.871866220321155
354.62636064315075,725.1164503722835,7.230635208963584,4.857269318871957
354.335270227668,725.6910613334646,7.244492519544456,4.84469443727874
355.1851619351758,725.2224454288341,7.249676508716933,4.834722133101958
354.8961293971436,725.7965898456061,7.2596822990827246,4.822551870955059
354.51116179848464,725.2353852569785,7.272412625345348,4.809153741627604
354.124173378066,725.906356249991,7.289310757716433,4.792099495418499
354.9729060420397,725.3444378491159,7.295001994330553,4.780498587460878
354.68370615021064,725.918173454847,7.306006236664007,4.767818458648302
354.5852241583115,725.4515327722473,7.313884528014706,4.755671361609908
354.48573617566467,726.213379271937,7.323859139498494,4.7439891927100275
354.19490507396944,725.8432521044169,7.338653174644196,4.728419303423498
355.1382884220236,725.6586606844728,7.341065574276385,4.719766324163596
354.84907659395776,725.3826580556334,7.353060585887398,4.705342937321852
354.75164141214333,726.1429909069274,7.359182732039654,4.694662974546349
354.2735629707687,725.4894147205316,7.372032922750871,4.681185978484503
355.21734635452543,726.2475527093017,7.370748522979203,4.673935895137855
354.92803684668036,725.9717644138439,7.383904427975322,4.660049375359522
354.45023909790507,725.6017363360987,7.397239860143779,4.646297478544052
353.9757054090022,726.2663125686227,7.4042021625783505,4.636092119015993
354.82568981038895,726.07988295065,7.399419479340211,4.632243328397812
354.54319362439384,725.8940941532741,7.399757766620631,4.627384866676439
354.5459014139241,725.6137889897126,7.394342187560083,4.623570317167471
354.0723115020299,726.1831087617215,7.401538227878514,4.612911313313249
354.92127121543695,725.5279319797727,7.394948139344389,4.60778650299325
354.7324066138581,726.0946505343984,7.397195166094069,4.600795922966281
354.26118272788676,725.5368256981553,7.401356151222018,4.590501451274809
355.1087983281436,726.0998172439114,7.3940453107371455,4.589798599782021
354.82594247466335,725.5421507327569,7.397479714830688,4.580577016356786
354.6407005128942,726.5714963520072,7.393319183309826,4.582430280680895
355.0242197562641,726.566996863755,7.3754456592684035,4.591429257185459
355.4073374856201,726.5626782382193,7.35791185393745,4.600066508256822
354.3805431341799,726.4692403563155,7.3538582736391955,4.599883882684579
354.76247938433596,726.4656038909175,7.337964839016047,4.607156813480555
354.29262457376035,725.9080415754557,7.343278566621427,4.6010063721488
355.3255448668579,725.5324889564585,7.33284854571364,4.604689586402438
355.32933285493124,726.2789117352341,7.325272569567008,4.6059349499758655
355.52220688810274,726.2770317238262,7.3128624898470305,4.609694972791706
354.59350907760927,726.1836765311253,7.3047936150053365,4.60985890861041
354.5944942218101,726.0923854934958,7.302823326603637,4.606012439700811
354.21742490366734,725.9114950954287,7.31162329501473,4.5951239018978995
355.14883781173216,725.8221508557702,7.311635756176784,4.587528553485687
354.867495906294,725.6405490995918,7.315849363711928,4.578418596948472
354.6790928922872,726.3894954174424,7.3205214055612196,4.569061905904638
354.49099595392966,726.3009604243236,7.324755500563171,4.560152001285576
354.3982794197234,726.1185295087558,7.32429490144871,4.553226497367359
354.3051813447625,725.9363779412789,7.324720467609572,4.5459884647992865
355.3296807079513,725.8454394156494,7.317931815771104,4.5422100547368425
355.32955345764043,725.7564617159408,7.318186316392831,4.534674761557293
355.3270218755802,725.7617990220365,7.323249480513212,4.524000149365808
355.42195647992037,725.6718322960538,7.318644584488213,4.5186692886760245
354.30861076262005,726.4177411540767,7.324063312361474,4.507700043781775
355.4225375374191,726.3261318610631,7.316241069728106,4.505916020895149
354.21942679995357,726.1465781084773,7.31933528612516,4.495311640138501
355.1456223798315,725.9641241233409,7.314182881582372,4.490771859368701
354.9577364844228,725.8773388723416,7.320813230450004,4.479771640392499
354.77267082182397,725.6965875046285,7.321975303744806,4.472305123916031
354.5887826607199,726.3446088654104,7.320998905876416,4.466896922620043
354.95630036327975,725.6122822998061,7.3230467825327406,4.45738349027644
354.31198978992774,725.7963897258911,7.3226791882793085,4.457451135522874
355.0536412478851,726.160731798623,7.312471549926398,4.465314628839806
354.40893910465775,726.344782630386,7.313056139187362,4.465447164512237
354.9635118485313,725.6977813336198,7.308678908785599,4.470553457808351
354.3185833473877,725.9735919563324,7.309495106306807,4.471378271568755
355.0608390770223,726.3375132484499,7.298381462213137,4.480234594921375
354.5092428373304,725.7847283450128,7.296626343680157,4.480856803878677
355.2506712691313,726.2419894705698,7.286907221225135,4.487045640981353
354.6965927522298,726.7047856973821,7.290456670919531,4.481959507447162
354.83806439315356,726.0352880969706,7.277145940112359,4.490877673913979
355.5768048221966,726.770141362607,7.271825201132183,4.493331261746965
354.9304272407953,726.1300392068521,7.276707535046553,4.4856627443688195
354.470018287914,726.77547457358,7.277896115043522,4.482273066984697
354.7431425223506,726.0420247153075,7.283307577485528,4.4780796333557324
356.1330508762149,726.4947253318627,7.261944279721325,4.492162870233729
354.6608876780922,725.9429194040978,7.26523462417353,4.492886206341243
354.8441467122347,726.0342838211371,7.266468566893755,4.4940333777649375
355.21098981626756,726.4028185230203,7.2684371009744275,4.492618716145059
354.56501638339984,725.7610924731385,7.272948829451473,4.488635678650056
355.0262517727806,726.0346003374618,7.270076695007269,4.493379136593909
354.3794444352403,726.4034355296554,7.2759955615097525,4.491534928536957
355.0265331225934,725.7561137463937,7.26991542093366,4.498081260930364
354.47270048111903,726.0321847609994,7.273382090528594,4.498038538395886
355.30568772648644,726.9502341744969,7.2641646989264235,4.502780932659215
354.7530503851376,726.2135835051074,7.265282329954139,4.503872869211853
355.21505678807944,726.487063827726,7.261575472618898,4.509095793103673
354.6605990980804,725.8450710867028,7.265929719087178,4.504426619365368
354.93646722875894,726.1206246719165,7.266433906857554,4.505559898065424
354.2915583046072,726.4896337981825,7.267504849514286,4.503968448760349
354.7516697417719,725.7528320100473,7.267761826203434,4.504804263400743
355.5846338894016,726.0300447850447,7.258858072283195,4.502720227185746
355.3097070177093,726.4920851046653,7.256873995143719,4.498369288818
354.9423575692233,725.942760262842,7.25619976033198,4.493959274788932
354.89456051096766,726.2802117861319,7.252409496078024,4.491346058738164
354.91184914992783,726.2856336690222,7.255243872841147,4.48458731615721
354.2646281371249,725.2821757954504,7.2645731367765425,4.472040152104283
354.7211919135584,725.2860920799548,7.269025323458586,4.464207583095565
355.3637023541062,725.2877423397929,7.268159436235981,4.4609070634190955
354.8101383591804,725.3836917207423,7.274993523736795,4.452390618578906
355.45231715547294,725.4769127649603,7.274023068040151,4.449289549698221
354.9932877428229,725.8463259367323,7.2757099118424495,4.443560791352329
354.53453202641765,726.490951663553,7.27720545077953,4.436731589133881
355.1769263048317,725.9412802603423,7.274190878714408,4.437410980044205
354.71733756218845,726.4952459991712,7.2779830015611715,4.427941937313969
355.3560533386546,726.0417848598323,7.281371076114801,4.41999305350191
354.80483002608617,726.595719859382,7.286472328248751,4.409468427405258
355.4452802378613,726.5986085748317,7.285099354498346,4.403690996505972
354.8975992835868,726.3279384319013,7.284430074240434,4.397015687963083
354.3506381548487,726.0574670364725,7.283055757551809,4.390310191738204
355.1769089477144,726.6941724134778,7.2722578789556875,4.393811209944246
