942.1199951171875,150.57000732421875,7.099999904632568,4.800000190734863
940.4193288029422,150.71997176946348,7.076514690809469,4.805742446106615
941.1770253390374,150.34414020784806,7.051249232573475,4.8123417623602425
939.7856887749539,151.00351809488635,7.044003425780244,4.795548157931858
938.8708436228729,151.5588999478661,7.017622066594833,4.798427449980686
937.1103808846241,151.93491357928912,7.018659827919883,4.787429179802579
936.460358928113,151.66534070334856,7.023068688961579,4.771302766549202
935.6318041959315,151.57820042148163,7.016168798437722,4.760693401962319
933.5940160382847,152.78625742326363,7.030322526390839,4.744510927281413
932.589972391762,152.2329546323776,7.008306117098126,4.743787216868972
932.2123938380273,152.23919006857835,7.0266177312693126,4.7313163444674595
930.7494313049082,152.42261260003943,7.00406003653836,4.733031626666499
930.5769395600773,152.51341269220288,6.981105434216872,4.735400488331143
929.0063761534406,153.25245861201125,6.999967411701255,4.726609747909305
927.4557752752276,152.88141486851956,6.976553920992523,4.733493647331638
926.1622245196079,153.6173224329565,6.993780917799759,4.7301782409902735
925.1609275413057,154.0764289541088,6.974938539274204,4.730799896471959
924.436902537628,154.71626046148143,6.9550407549649185,4.735591199433193
923.7055338972434,154.44699380504238,6.9515931086158975,4.7243051646419225
923.0763144833232,154.71597037415452,6.928793009997466,4.735454423471502
920.9705922994041,154.81078446511864,6.9341065009693805,4.728701497059139
920.6995762736484,154.99863871742727,6.927608089448292,4.718679967796831
919.4256466717686,155.46154704903995,6.919354038492788,4.705760895541103
918.0526835259326,154.8306063745207,6.931664408713443,4.691954814568927
916.6980694391967,155.64892557578867,6.907928404424144,4.695094918689572
916.3274442831945,155.83707974407213,6.9216101383055,4.6825708711841845
915.1529802253992,156.29385957929267,6.905960754527417,4.678464085115753
913.610608928922,155.66055344289043,6.9037277959606715,4.673968777882197
912.973116736264,156.3889496832655,6.908361811235363,4.669005291465088
912.3469626172405,156.75027195082131,6.890407458879435,4.672225093726722
909.9792047896029,157.21145519644855,6.9134466756137485,4.65610407142235
909.9765776040471,156.4924354658515,6.91870104672566,4.6435148480751645
909.2489502054412,157.1320324863023,6.924366355811029,4.632711609283876
907.2477261592937,157.9521889772059,6.9425153207692984,4.622339179569044
906.4425490433213,158.041317107107,6.922023873371861,4.625287995249305
905.4427678697738,158.13576063373918,6.931180741485296,4.617346894619645
904.2769503831843,158.49853796445842,6.91044375349659,4.615598990463544
903.4718201023697,157.95846626747675,6.895206895845443,4.612077438240161
902.2928612569198,158.95653557761526,6.908923512731744,4.599493572897822
901.0398625136124,158.9534084494611,6.890436483616918,4.605747829206097
900.6737926396771,159.04732105312655,6.901991179218556,4.598068884942441
899.599377091576,159.59321483428462,6.888513244482213,4.587435838095653
898.7047614296215,159.23954447854675,6.879614029776497,4.575524334125514
897.3480415145349,158.97607057275437,6.900834848719299,4.5640283434642
896.0119714644192,160.05192746948126,6.878840105217302,4.567622424997262
894.9346080650057,160.23204642298384,6.881507822675015,4.566061031553534
894.0481097978089,159.69138431030368,6.860980489955206,4.571270936645876
893.4296849349937,160.40312400065386,6.843917168103451,4.580835038782394
891.8241144895486,160.40239327342496,6.832468869200913,4.582296493240172
891.2081713408822,160.66555711992993,6.812161711963499,4.592623137903186
889.2427563954376,161.20114190703194,6.810478757047944,4.593957067100455
888.3521655841336,162.00450211414557,6.804186557073838,4.595963093197407
887.646142050132,162.00245986061978,6.786746164668176,4.600047600248962
886.395218698869,162.00279347613366,6.789718309680369,4.599380369221188
885.1563029127126,162.08862690001098,6.768203521447887,4.6062382615054815
884.5379643083771,162.3570699766813,6.756680516088197,4.604295057035181
883.3022111528569,162.26637282578147,6.734668129039948,4.607580880399901
882.6897343591866,162.43955504193914,6.714803936998326,4.616878670765166
882.7886777554749,162.43457559643497,6.694602615851924,4.626837561773531
879.4249183303149,163.21123261776359,6.6778351112759164,4.643234327174142
878.2809327356325,163.40128841245797,6.660886179270924,4.659990921540313
877.1165035337285,163.61360922190093,6.648167123505499,4.677770147811194
875.9470872810323,163.83914942249956,6.632261245396977,4.694472113720101
874.7841306941348,164.08987203704496,6.618033375044644,4.708470727183624
873.6299510729638,164.32072616571816,6.605081879484613,4.724184790428645
872.4922950406374,164.5566768480264,6.5917461027830395,4.74032700335284
871.2971686837491,164.7907041875802,6.5845788643439995,4.75364239280467
870.1330607951523,165.02493417639144,6.575282771065618,4.767534386480109
868.9554165735717,165.27535380919014,6.562919455522224,4.777390224693776
867.7522254001226,165.48824638568323,6.5590876814902686,4.784071663650838
866.5247904376172,165.7269247721505,6.556150150507204,4.795369689936444
865.3233256887245,165.96435845325828,6.549572439369717,4.809876140578538
864.1128163039618,166.21780640700013,6.5366114958870165,4.820303228513261
862.8714463850365,166.43115621437332,6.522310168271639,4.832640172537828
861.6417870987194,166.66513560187786,6.505421811285896,4.850112740842397
860.4263809793655,166.9091751798803,6.486656974875898,4.864655795238779
859.1376448277709,167.16714071185044,6.473590422093926,4.8799861350545255
857.8898315920114,167.38482675468134,6.4556261833654895,4.8893855956565435
858.7026116792125,166.93616653460415,6.4341850485406615,4.895528791601294
858.7135860299288,167.11239159745992,6.412236347108118,4.899096416891134
857.6471782709456,167.0305352595931,6.412264004824268,4.885076770937234
856.4137956748082,167.74092477112686,6.393972894211607,4.884329920948296
855.6208862502444,167.74393000054752,6.384876153920289,4.878319462106952
854.1961565112816,168.2805128636231,6.4027191538051795,4.867009915220967
853.6678598849153,167.48769671553816,6.3969306707194304,4.859069607663175
852.3311916109113,168.11258539891006,6.417580853977778,4.847212544469175
851.0139381451065,168.02289088125622,6.397584927028561,4.849634722539552
851.0196643191518,169.08653985887085,6.386132578937861,4.842757097226021
848.8052691103471,169.0940676343335,6.404552216419762,4.827701546300693
847.5758053101512,169.71814886549555,6.393185629891261,4.814686177436865
847.0436195463589,169.46141217043194,6.4011746606795885,4.799968319165914
845.638443058223,170.1727516050365,6.396410853167985,4.784847841848539
845.8181327853896,170.0909871296399,6.388281365134586,4.772751809491751
843.6204238758924,170.09880453608233,6.401114793571419,4.757116996606922
843.1027191017915,170.4496196640051,6.385067966622087,4.7564576575286575
842.2329541194146,171.06615246685547,6.374719497655147,4.7483069554325095
840.6653806668195,170.97884383195418,6.36532031721289,4.748227220477711
840.584141611546,171.06946343134533,6.3532457297215394,4.741540719733831
839.0091270149975,171.07535108518198,6.366602908410339,4.72976541206053
837.2725725395865,171.596325543537,6.354311638723627,4.733436561503163
836.6577684473125,171.6015554309287,6.364917792478398,4.722976786719737
835.9621299004167,171.69341632985928,6.363129105179631,4.713388211494876
834.6616019117723,171.43442724220586,6.354950323081945,4.709519434924404
833.4387439061231,172.39613060915974,6.36800864484976,4.697486599933421
832.578544934175,172.83032453782,6.350780439426337,4.697911817272731
830.7477712631446,172.40329928769597,6.368665551068607,4.6844236912306485
830.4867482931842,173.2767755613195,6.370036097907802,4.673055787589615
829.7978465218744,173.4548262859278,6.360696713062264,4.6637400702393546
828.4987875613974,173.71724070468497,6.362341233982707,4.658205912731684
827.030685742721,173.6344928934577,6.356993797268861,4.650669119064627
825.6404877514391,174.5043932580348,6.372148729334726,4.6391440464715386
824.8664344394151,174.50747659654343,6.3644393333519185,4.632977369454318
823.0453832725456,174.59885984461803,6.380887364392584,4.62286107819545
822.2588456791216,174.7778394547854,6.399360219132017,4.610369042773719
821.4031464545518,174.69040823938573,6.382674882422511,4.612423094988154
820.3586741294996,175.38542389556895,6.400549373260783,4.60310522213252
819.7530363529698,175.47664696641905,6.402876237363337,4.593366035997597
818.8026357345166,175.74110385649035,6.405275286052826,4.582198307186885
816.812923929062,175.31398801405555,6.418703148365364,4.574257003231202
815.6133939246702,175.5699092271475,6.402662134562725,4.579936224744432
814.5705102212547,176.35041224712512,6.420136098163845,4.570150267211444
813.8855407777528,176.52520917558928,6.410384734814579,4.565478972871361
812.6005982664174,177.0393973037019,6.39671893623501,4.570523045146332
811.9078210899663,176.78306060224295,6.405370604923997,4.56685794148426
810.6241446980246,176.78275600307842,6.389970720858827,4.567467139813374
810.0151581404166,176.70047959593882,6.404221524468677,4.560059623863148
808.1230876728291,177.99722086357497,6.403170828942359,4.547389564069093
807.4425393611685,177.90917604113042,6.389630931501708,4.551649643862936
806.5794880365235,177.65683141010703,6.398785881795263,4.541254596210811
805.8105389270748,178.3466103158432,6.391724974998695,4.534993785355222
803.9200296691129,178.35183076206462,6.400797059670742,4.524552892912388
802.6351321710578,178.78290634969423,6.399332500338244,4.5194882361340465
802.5532636632835,178.44143366243128,6.39175786282363,4.517186998407149
801.0916938521722,179.2182415881874,6.405192217363512,4.504003347432764
799.7306277012266,179.5592987078196,6.389006237435124,4.5064686786232855
799.1239719820576,179.9910105770942,6.405732132155845,4.4977488998006026
797.2502746712737,179.64476690229588,6.390029707325042,4.506036786415682
796.7437408339882,180.3242571283842,6.3774024876483,4.514649526569346
795.8845463772517,180.32775779586885,6.386790129126085,4.507648191600073
794.0124522481201,180.92268734142777,6.3705904819926635,4.514276161290269
792.4631624814026,180.7541214009379,6.394933780862508,4.509826238429418
791.954140810911,180.67216275924991,6.386462274872317,4.502657713976546
790.8457196255296,181.44203864535373,6.382391500999529,4.500461195747398
789.4728016096892,181.70033435015287,6.396360571548101,4.496094841361399
788.8756466805107,181.9624610350501,6.394504153130513,4.484484161613117
787.5076725733431,181.53907981554303,6.399872321586569,4.477940336289986
786.8291163698766,182.30960459997334,6.3919097346009535,4.472600135588055
785.5549901858287,182.31294872923056,6.3837737448100205,4.465911877073625
784.6965409270275,182.827684876417,6.398746939099979,4.457594776688233
783.9388602071809,182.6551820185883,6.381575754727452,4.462037686997715
781.4597714830524,183.51130825407094,6.406987784434333,4.450738808636001
781.4665911309125,183.08644030656302,6.393348488713905,4.449011759440097
780.7929048072884,183.08693054084944,6.380256494956248,4.448031290867275
779.8538420299008,183.17762590554727,6.390096522059773,4.436484700350848
777.8190778456116,183.8538160701496,6.384377255752932,4.442520249441261
777.1443727962512,183.256742131818,6.3752645916564274,4.447960708639257
775.9518901681112,183.9405271172444,6.383483955934683,4.438531247501688
774.6854666561331,184.02072704832156,6.37029173017574,4.447867335328321
774.0011410619975,184.61979147999352,6.381415766926887,4.437574729564526
772.4765930348171,185.81288878913986,6.376111386814152,4.427024893640256
771.791932082102,184.97215938921227,6.389957378966026,4.414138801897684
770.6021398374041,184.9783451234657,6.397515264785627,4.401767333390854
769.9258302821177,185.49174177877907,6.395415502238146,4.391013177604398
767.9736240337241,186.1745494013251,6.409832956450946,4.378439686451189
766.7122625843408,186.42567184663807,6.395464547004118,4.38361305746797
766.5360039306696,186.8508347536808,6.409964927417007,4.3783295607065496
765.269523151972,186.2606510659528,6.4058326975385045,4.374719835434811
764.3387096215237,186.8547259477261,6.40826714700264,4.369692642799766
762.8964803333046,186.69070921932376,6.420219980954487,4.359784247547224
761.5511240032849,187.96105014484158,6.407143375507067,4.3539048329053545
760.9612027003726,187.29026935108882,6.4061393571169125,4.345927421308177
759.3665324953872,187.96324098066668,6.39312456574791,4.348344246927111
758.3614889224532,187.95963660066536,6.382543665245192,4.355553006929739
757.0111404470111,188.46886110205725,6.389656681387169,4.347197979674331
756.4275419593641,188.4673287941153,6.378629363516004,4.350262595558178
755.0851150606385,188.21664841305642,6.372245389156864,4.347016275461499
754.1649380669708,189.55854295498185,6.364023350535909,4.3520650475470335
753.918115175535,188.96979704957786,6.353632969806114,4.35347247661846
751.9816965323538,189.64750190605244,6.3652600743052705,4.341092392143469
750.8129272986351,189.6472836315143,6.352913227138451,4.341528941219759
749.549425008175,189.65336998320313,6.3648665947477925,4.329356237842102
748.2135791123644,189.817942705872,6.354181450864141,4.335507909442486
748.304088654606,190.4850158249327,6.340751832793568,4.342077402621378
746.8715483998488,190.32250922001842,6.358403429614374,4.332098975662437
745.4432934725633,190.99705411467548,6.365770770868107,4.323782133791914
744.1817857838579,191.16382416649608,6.375239236039825,4.325381618449212
743.0869809000094,191.42138427957613,6.384242761754616,4.313478217361923
742.4117901143964,191.25306645692774,6.393207238228457,4.314759588970671
740.9830094444159,191.92315543586304,6.39760144167726,4.317248518870539
738.9597354415831,192.17236881251563,6.383738035459827,4.324016411196038
739.3757853558574,192.59699182571416,6.390859774180764,4.313991952068498
737.4423671340328,192.18280984418254,6.398634676289753,4.303429493057685
736.5219849066428,192.93970607500677,6.394401708164171,4.299180377422716
735.1776753245792,192.94390843537755,6.401535997244093,4.290775656681142
735.0160911838512,193.10915198529648,6.389583058536845,4.295409777006534
733.5010779476374,193.78243677621933,6.405370941845995,4.288501790324597
731.9963992876436,193.78062431618594,6.398278591004495,4.292126710391376
731.9202206876852,193.8652148399465,6.383101753528599,4.290479700263188
729.9874658398747,193.87045259175028,6.401209948556961,4.280004196655616
728.8180222916664,193.95442071299723,6.396821835509797,4.279444754837679
728.0666416868552,194.28845166254328,6.393869488532823,4.280588880900833
726.8148198443812,195.20478942953272,6.388371656749778,4.287950459191414
725.7311368159466,195.20037557043628,6.380634444799101,4.296778177384276
724.0539616685603,195.20333323248494,6.388070072348149,4.2908628532869395
723.5601036571557,195.78860166357825,6.371629392265437,4.291842144474492
722.8990022259649,195.28710787580874,6.356806038305756,4.292060057757528
721.2246203341948,196.20835774318763,6.36739490779545,4.28555652572738
720.7219731053079,196.29620721681516,6.370928003582468,4.27681780547011
718.8809266590281,196.8852140410581,6.3819175432830235,4.266882496530345
718.1366400737439,196.29992302833975,6.3686728130599795,4.269383932462612
717.3793790094096,197.22076313918114,6.382796224185983,4.261524365554052
715.7109605215713,197.81003618834,6.383776160007288,4.2505282311856
715.0534175236253,197.56079163903058,6.365863374995551,4.249142786965556
713.7161333138304,197.31629276354386,6.379112004056939,4.239143077214931
712.3876822555593,198.56404302646425,6.374166631714924,4.23912457220313
711.7236464959539,197.40452199052038,6.371911565705037,4.230095119954741
710.0593467896928,197.40649486283874,6.378374971649599,4.226149375317997
710.0604094599622,197.65722103886813,6.376249631110776,4.2231119603579526
708.7260822339689,198.32614895703966,6.388010419463854,4.213702955831641
707.4056038758985,199.57002908999775,6.371751407586888,4.217082434932039
705.9110158227953,198.90736375143067,6.374944103756762,4.21530937427207
704.9962274880388,199.24306407337937,6.379549963537784,4.207534479368069
704.4133520615333,199.49646416041998,6.384377097595608,4.198273041981086
702.5060304354748,199.49567207835983,6.386435436995082,4.199857206101387
701.7647689619345,199.90990630782264,6.376561784456509,4.200497969186529
700.5992102172156,200.41212838030847,6.388099843803694,4.190159294253624
699.3606638938123,200.16681725386766,6.379912524931757,4.183725553999584
698.1195332524607,200.99503252009683,6.380344796629516,4.1818476955449535
697.1243237108247,200.99843562594057,6.385598170235831,4.175041483857466
696.7161664164611,201.73764272386515,6.374933146243433,4.185190590903957
695.4709273862862,201.07553216351397,6.384337416831261,4.186172357066665
694.0709074426928,201.7353192631915,6.369815746376677,4.191097714248674
693.6616535970752,201.23678464118268,6.361191195072152,4.195608267218849
692.1730060742673,202.80267707291867,6.361790048036465,4.205891607101243
691.8491831831651,202.55010789979144,6.347227316450188,4.21437356801283
691.0283239464774,202.38198244411518,6.3342019664267095,4.219675714685537
689.1264372784132,203.2062316352852,6.334540620938976,4.224844585222118
688.5433832599151,203.20725134164732,6.342444623867385,4.222805172497908
687.129905114677,203.78599375477992,6.355175627069076,4.224118993934029
686.1428214612822,203.20324456690477,6.340272302605513,4.2293261681202035
684.6490651984263,204.11039387070284,6.346654021065517,4.236829720511418
683.3302539895584,204.68809175676114,6.330852022827143,4.242307130383527
683.5865639293726,204.18905824840797,6.315309148519244,4.246220136449486
681.0993006561721,204.77133141849094,6.324132585981374,4.240337855035909
680.5230726716003,204.7701560009386,6.317678752379689,4.242688690140597
679.368605168345,204.6873284616109,6.309607160838828,4.242843297506659
677.633942091946,204.7696476995885,6.305920251174852,4.243586395954397
677.2175305098631,205.10233881694072,6.312051310936482,4.239557844773231
676.3111929423176,205.76696914599043,6.305724474281763,4.233207711579907
675.7400636328207,205.26697754556463,6.291840768515315,4.2422117769228995
674.0011701643085,206.42356146249625,6.302450304568719,4.240495543706987
673.2599256348883,205.6834894487536,6.297825289507334,4.233525497290291
672.6851427685922,206.09858363358472,6.292043822370126,4.22858512743481
670.2951452087789,206.76156596522475,6.290501912057366,4.221665162069106
670.3832142425879,206.75885509846498,6.279106345982498,4.227086895588602
668.1520621235504,206.8433334100369,6.295563205048638,4.222791286482089
668.1581247973933,207.2557636166742,6.283437857362965,4.2221176285947255
667.5071911892039,208.32307675610897,6.26815531963635,4.227859700146099
664.949181105431,208.48854740900885,6.284396560543708,4.225936389613339
664.6255441874036,207.82793215365365,6.272784248780379,4.229394604687988
663.7191220759601,207.9970328624711,6.274982845681335,4.220401482686967
662.402282539332,208.1669253093458,6.276854018618579,4.209592576477416
661.0829185780168,208.74607775140856,6.286194685858888,4.201644616585085
660.4204264710631,208.832536646362,6.296417266173661,4.193072030877302
659.1138334034725,209.48900685431875,6.279899849280206,4.194983391001184
657.875093237657,209.16309538458341,6.295282177736856,4.190246862958724
656.8071621649756,209.8240749550209,6.295342502124803,4.182627304222027
656.156263835832,209.82342269427417,6.2838056928579675,4.183931825715483
655.3319801421902,210.07354871470653,6.292223642506566,4.175724616141146
654.6794512019661,210.73315336336307,6.285241282687281,4.1685555590955
652.9550770313059,210.32921832806053,6.294591263494847,4.157521258149871
651.7338999654759,211.47414736076016,6.2808784422716375,4.15999234877507
651.5776903745306,210.65609034310583,6.266151846990338,4.160377498225064
649.1209737071292,211.23270821061246,6.278845639230916,4.150647656476257
649.0455100280711,212.04782596118136,6.2663861090159445,4.154281038648994
647.9837632170922,211.88774065465094,6.267498146171077,4.147931407894015
646.1923723479857,211.8010707938288,6.26051316903625,4.1580999152042475
646.1954830420705,211.7968291860997,6.254291780866971,4.166583130662496
644.884613574574,212.04444221092064,6.263504884028833,4.16120567448896
643.6663771009928,212.7751647557719,6.2499982690032585,4.16974832209924
642.4442244143879,212.69161690429965,6.245240014720506,4.173573116544231
640.7301880046477,212.7732301426857,6.244791908901804,4.1736095409768525
640.3253229290631,212.93986735163284,6.238238225491692,4.166848656914341
639.2555569474684,213.51189469194367,6.258173741492547,4.164115140163272
638.5257997668051,213.51123848472992,6.24798627147138,4.165427554590813
636.5635681992536,213.51414161481426,6.256396933705046,4.159621294422089
635.8316394814412,213.67740470767285,6.251465280013181,4.159492684108616
635.4314461695785,214.24728010747026,6.236239328738803,4.161599489513724
633.3968106324901,214.89970736959404,6.23229530906807,4.160173795297354
632.669892578431,215.14358826836084,6.220520971260754,4.160948813072187
631.7798727161727,215.6322954522703,6.211065296045709,4.159622845106985
630.5651590190125,215.14878406979372,6.202735543522364,4.151542751322701
629.8423010043985,215.87786832908998,6.188132806801855,4.153692998678719
628.5405960970782,215.8811831001929,6.1983640523080945,4.147063456472829
627.4126821668666,215.96189309946416,6.184547133557155,4.147760942157053
626.7636588528231,215.96730704108376,6.1872240402344785,4.136933058917873
625.383605927728,216.53757984769817,6.1970418609385245,4.128858987242238
625.058947174521,216.1382283505627,6.199178855958047,4.1185863422700555
623.6801237053098,216.9500335149428,6.208665518134104,4.111540881890163
622.3927332753312,217.51078335953346,6.196536203666175,4.121814394019735
621.7441223265122,216.86271663163157,6.200394656159832,4.124584404679037
620.0484410252818,217.5864833532056,6.194493148714835,4.133021294347729
619.4882222031754,217.98598405724454,6.182148958852986,4.143149767751725
617.6209612378042,217.66192657581053,6.195073935816893,4.144030477788706
616.7335961080531,218.06850899038616,6.187610414252121,4.140953730940619
616.0886262690115,218.63043817794733,6.1827161126165935,4.150075088072253
615.4353355179508,218.38942313514931,6.193840894927076,4.146308903739099
613.8969123578394,219.6051829214597,6.191985844900854,4.1453430444726775
613.1649968225476,219.04087556638353,6.197880206041008,4.140006980613338
612.2806384900879,220.00881545509284,6.1846740656637165,4.148042990790828
611.3896025573073,219.44304576194833,6.185540039970408,4.146087719008827
610.25665861698,219.03397443286238,6.184710764486067,4.154688535702494
609.44537489745,220.248148588955,6.186891236367137,4.156920674285357
607.0095468657889,220.33240711083212,6.195290382710953,4.150512194430334
606.443798949764,221.14265231827662,6.191886515453494,4.15130706426614
605.2285716544487,221.14414682567391,6.190983300344288,4.148318049471502
604.5060144700424,221.7913342591639,6.177852010430816,4.150161545803588
603.2182990601328,221.7086677812416,6.16351747750721,4.15363416710183
602.2409449015084,221.54859061663078,6.177798987651894,4.150384028472811
601.357133882705,221.70710992629716,6.164925493887568,4.157071869389332
600.9576658306077,222.11202000101787,6.154959240631458,4.156154077398727
599.1009956866463,222.7574392457602,6.151149789975517,4.158237236115381
598.5382980768868,222.19547620990306,6.145398180244949,4.151016478579892
596.6770324636466,222.92544639141346,6.156050774469626,4.143550362963458
595.7148204126011,223.24795448813515,6.1434048338758265,4.1442241837483555
595.1501722799676,223.41438834777566,6.143997772516933,4.133843129217536
593.940390809506,223.90031794070308,6.147360894008071,4.128463871135568
592.809089516209,223.42138922523017,6.155385217010555,4.120073474827935
591.3527701407096,224.713938967569,6.169615365240113,4.111337192611955
590.7099428379663,224.2324301926697,6.166537539376587,4.107805418897973
588.855362415478,224.8012364650389,6.1730070428993855,4.097098934602038
588.1344192471273,224.8046854270576,6.166740846963979,4.0902010105646776
587.0878472264726,225.44932034893108,6.170824491132161,4.086506795827558
585.4731904128208,225.2932626535262,6.186200616646848,4.077228436458428
585.4750655421859,225.29137850924056,6.182450357916641,4.080996725029711
584.831688416771,225.28991671728733,6.182965741789024,4.083920308936163
583.0627115756884,226.0123199472356,6.182521901274491,4.086640108317811
582.5011620991204,226.01200185339474,6.179496981718832,4.0872762959995175
580.9725906195164,225.84988883072677,6.180680340366051,4.089822383381705
580.2541630221947,226.73082259338,6.169434492342296,4.0978561324461475
579.5324095923925,226.6510128533394,6.165158754280783,4.096610879453366
577.6813662868581,227.37217208093136,6.169310853357009,4.101310276788249
576.8764921667789,227.61161794965173,6.169856053567082,4.105179451331979
575.4272484105178,227.12685123328495,6.1704727755633675,4.10875595389018
574.1437656499347,228.16978650697763,6.160453606147334,4.1166854676029665
573.8154801659506,228.17314621217832,6.172853959311817,4.109966057201547
572.2097722542097,228.65548005937868,6.161920663725783,4.112003098521243
572.2150483234665,228.5730889282989,6.151368525212211,4.115798441531324
570.356477701468,228.5763319122125,6.168010478410048,4.109312473704052
569.7980657118568,228.9754438394388,6.157598043913413,4.11625748619362
568.5147202285264,229.45697632961074,6.148407469605969,4.11914808371282
566.6653056653518,229.4568708470719,6.146482188378414,4.11935904879051
566.0233650270479,229.4556894649586,6.143348221638967,4.121721813017139
565.2178781877312,230.0229415734467,6.145632005068929,4.11330052268329
564.0184425946435,230.02389479212968,6.133050761278453,4.1113940853173405
562.8985973662834,230.18799413004345,6.125145234310711,4.1042805500166075
562.2541530293234,230.83101559033355,6.1315898508778925,4.10068168678925
560.8882759327392,231.47379405141103,6.137518569963927,4.097866164202378
560.1622451658008,231.23813052261886,6.146114517314173,4.088038026277765
558.3216324897559,231.23770550608452,6.139267590137145,4.088888059346443
557.5141376471438,231.4027400096671,6.151635624945993,4.0793433822643905
556.3932534247292,232.12261623702577,6.149352725993465,4.082195362835387
555.8345975485079,232.35912200135618,6.144546975041188,4.090091335629391
555.1878037945735,232.2037737860865,6.155242193817024,4.080064693895503
552.7043308543055,232.2851832911266,6.151165217571023,4.07760125984051
552.0571139482593,232.60602803575418,6.163572320097592,4.0769251253684216
550.2937662289854,233.24755857959485,6.160840396257522,4.0772921694643145
550.1361571573989,233.32907889833135,6.1552713850466265,4.074645109183296
548.8485493879867,233.33262128199658,6.166233032981406,4.06756034185279
548.2943466159024,233.9716854928888,6.152449987233841,4.071933165686655
546.9322467173115,233.65562351649092,6.153617617745996,4.0633436675013055
545.2536333247477,234.77763002684586,6.149731592888736,4.060072520114766
544.696507116398,235.01813073310748,6.144402729079095,4.058891656381172
543.7381174381134,234.45946547084583,6.143096265631447,4.057338785894503
543.0229020362576,234.93700078602168,6.135371892515656,4.061038273427546
541.2625098838425,235.5801309592845,6.141864654468501,4.052702124311814
540.3825497996081,235.58294339057514,6.145091870283343,4.047077261730533
539.7419567461549,235.66487920592837,6.149044341274632,4.042859835513391
538.3861458013472,236.14607025486637,6.146729450109512,4.038337777912962
537.1136460285279,236.06515767114107,6.139196448670136,4.04062966117116
535.9927196853359,236.06661687329495,6.148632422159576,4.037711256863419
534.3204837506499,236.46967890935463,6.142524457402565,4.029344288108141
533.7626272578533,237.02932710418895,6.142994804689063,4.025290536746072
533.0440648993903,236.8733237842401,6.146780308667277,4.018777351544228
531.5385104943423,238.14592572309957,6.132933159464495,4.020904807971649
530.8224340705747,237.51217214418097,6.133763544799918,4.016125332742234
529.9435111498025,237.99002985925623,6.142953989024069,4.0142219374936055
528.5962029229298,238.62779150370756,6.133297514378424,4.0112976737161405
527.4779346533468,238.5507131872755,6.145496669047945,4.006573064830506
526.2910797259989,239.02359365325862,6.1344234277591285,4.014725371258139
525.1004561705985,238.31154142740746,6.131341765265835,4.008232558983966
523.9868171299755,238.79286258328452,6.1354084022386175,3.998395151918371
523.2783127823035,239.42897858662027,6.12413629854968,3.995746077720676
522.6403654312037,239.35461707004808,6.132154205783005,3.985984511494335
521.3784022217553,239.83172205267897,6.121006735938408,3.9824272545105277
519.7937692385681,240.38936037492698,6.125960610808901,3.974659842040949
519.0786647096664,240.31011326907017,6.132726514529751,3.974993703300897
517.5002510676585,240.31149880104311,6.124206436453893,3.9722226393550146
516.8624759396134,240.47197031218144,6.1350095684557,3.96746639810051
516.2359941679946,241.0259053809836,6.122565185151128,3.9668281962204337
514.499385572735,240.71257624369304,6.120249114996226,3.9615713324971824
513.4756891973088,241.3439310887889,6.115509352369066,3.961712419831202
512.8472122948908,241.18518453760075,6.1101620076642185,3.9636302348222876
511.662976278404,241.2684434046296,6.1125420758848685,3.9548519650814717
510.6448268367086,241.82052623102928,6.099668080784161,3.954087093008429
509.6194573812971,242.45520584449912,6.103909113856278,3.9441111754539064
508.44371126768004,242.4550623616785,6.095601029927526,3.9443981410951143
507.81953509951967,242.45521283617424,6.0863511699192365,3.944097192103641
506.64160425923023,242.7694823591549,6.08636414195888,3.9437844684195227
505.31348312205114,243.39873244538836,6.072729939535735,3.9416967556143447
504.0546526022324,243.08884180354352,6.081394229054473,3.9342288517743738
502.25651021937585,243.1677935530892,6.070874140580184,3.9331429550390142
501.4742558656579,243.56053655278782,6.068965138622822,3.9308658103384
500.9207658843627,244.10892361229781,6.079919009049107,3.930117783482449
500.5347104031143,244.57570957046678,6.068395576703202,3.9369071409558685
499.1987144294316,244.73341229204897,6.077041601634314,3.934836512195531
497.62864998832765,245.12417477098276,6.081920641181055,3.9371240149933118
497.471915288572,244.81363294997374,6.081642427451669,3.9307124305301353
495.6642330059154,245.52213349583235,6.091466360105908,3.9245750646360587
494.8085703454028,245.6021687881241,6.077910215986269,3.921311885974773
493.94565297756594,245.84086004966045,6.081697359037603,3.9135787063445515
492.7009928595234,246.46748880966186,6.067379129086881,3.912140419359548
492.08307160347,246.3112632483988,6.053310886921079,3.9121138533175452
489.97348400465825,246.23783216997384,6.059742011370793,3.9029484519017323
488.8088276555583,246.23847343574195,6.049490829843424,3.901665920365538
489.12415516894583,246.3959416361119,6.042019400490466,3.8983213183367322
487.4180672097961,246.7843737384297,6.030377245026983,3.8995975850109135
486.8803119584085,247.251611758214,6.0175634188873115,3.8979709702264227
486.182508484086,246.6337415825522,6.015869355523782,3.891665977542327
484.0952000331573,247.6445084970817,6.002109586091268,3.886757953178532
483.1640794597599,247.57116754620432,6.006308085164264,3.87860296762312
481.6967836786264,247.806633258671,6.0003889324086455,3.871962708219616
481.4687072608731,248.27367336375863,5.992849278103906,3.8652674776669733
480.1548250972713,248.2009268552943,5.996843841550595,3.8564210967275807
478.6174452803683,248.20120259374264,5.986572906787831,3.8558696198309366
478.53835130962204,248.43632149155744,5.990672414981941,3.847897124096404
477.38762774393876,248.8212373661025,5.981869086408948,3.84814886165278
476.2387440555176,249.74134711859358,5.971301146079392,3.8545976104080775
475.2397573824112,249.81882904427638,5.969376046950913,3.8534721009917723
473.4766767079143,250.43137479792358,5.9583512533180265,3.8587062085240724
472.4003801074589,250.04562789674458,5.958965260522761,3.861636013129922
471.7889061169554,250.66060489433306,5.951746131243339,3.861849128239312
470.7959417764885,250.50725827903696,5.940014196458255,3.8612099564132074
469.6460964281804,250.5843356673553,5.937510807485298,3.8605347854825265
468.9610089787022,250.65819730682156,5.926808499507873,3.8662423073204253
467.957743155403,250.9633215862753,5.9395896657544665,3.8694554346749865
466.88506620813126,251.57485458604762,5.93439337311607,3.875275256377182
466.1164198107587,251.03547932289794,5.935388355517047,3.878617314035575
464.2768194908589,251.6486359800515,5.925779188252739,3.8819072687497895
463.2070367121944,251.41601675650458,5.914790504796956,3.8863126642469386
462.20518388940184,251.34316383577968,5.922743494791912,3.8784990706513507
461.97106702178826,251.26942355238953,5.93045120415812,3.872470962144628
460.82472648677793,251.34628104873465,5.9202738755146935,3.8722798626986603
458.3828334842266,252.6909883827987,5.926041882935299,3.863755849125605
457.85087573697655,252.6121546325376,5.916770071161876,3.868110877323041
457.1604270445482,252.38271466643113,5.918453979360888,3.867252983983413
455.47923711174246,252.46070819619337,5.909181738718471,3.864522838379552
455.0950839283705,252.69109519876872,5.912126712249054,3.8629656691569045
453.2552329546855,252.84703809345302,5.917656126091669,3.85726092424892
452.6473927793744,253.30709408310713,5.908709303158627,3.8556193251070785
451.65223406898605,253.31114267585315,5.911108232820589,3.8475221396150068
450.0463294781729,253.54246550306786,5.91374350219553,3.8433299012215483
449.5139072689531,254.0802625087889,5.909075971674735,3.837247838739764
449.0519762905788,253.55015257481932,5.917242023296013,3.8291558173637483
447.6844255697302,254.23589337706363,5.905481934064685,3.8311049783394746
446.00599802278384,254.2395034793018,5.908225300017179,3.823884773863159
445.40143135151135,254.23651669007933,5.898316325922786,3.8298583523080376
445.4071051125693,254.23712342077687,5.88696880380685,3.8286448909129582
444.64724990819076,254.6195083463781,5.885269598864016,3.824579846560459
442.7519809522601,254.16103454138104,5.874615384573674,3.8292413462781445
442.75784796649583,254.69266805292148,5.8628813561022595,3.82973355518218
439.19673903747673,254.84506585031838,5.850604532487969,3.828533478756607
439.27855893711376,254.84776327335305,5.838558264977689,3.8231386326872574
437.61145943769515,255.00279618762693,5.843654417227145,3.815718517465607
436.40697915282385,255.38228841761355,5.832203984160839,3.813112495870179
435.8001590722246,255.53734683007144,5.837360623814487,3.805116551340662
434.5941682731236,256.069037549816,5.833269566113063,3.7987668988092733
433.61368482264044,255.54467097386026,5.83335142372808,3.791638873531606
432.558193872861,257.1249871842122,5.8342578226006765,3.7961197038571757
431.95707362993613,256.4484194865735,5.830034343685136,3.7919831387736664
430.296111240934,256.90231876354864,5.837094376182783,3.7882386063251867
429.2472064362506,256.52626937181304,5.824836641477475,3.786741909770649
428.8013284164585,257.2062436915083,5.813530819083912,3.7813860633467757
427.67144518825023,257.1350027792359,5.819525845164748,3.773616459202516
425.34415801474296,257.2888661502642,5.8175362367674195,3.7663131981403617
425.49446541682124,257.44313517562233,5.817041549928108,3.757895264741313
424.89398922899437,257.44567283574867,5.818696672787452,3.7528199444887362
423.09912049361805,257.523883825418,5.8119804385020695,3.746250202859869
421.6019036001413,257.52795622343103,5.8135761395858765,3.7381054068338235
420.5557501220084,257.60700042772686,5.812465914701989,3.729546796895795
420.32942889821953,258.2075137139842,5.816997768489918,3.723481807820432
418.6152861102422,257.6138304053034,5.810538735533332,3.7161546481694687
417.5006904902744,258.13979191879054,5.802966870549412,3.708054403491062
416.45849307565663,257.6228477698406,5.803198957458322,3.699861330227567
415.8693269602073,258.2933199330278,5.791649128084015,3.697534321660202
413.1929203024883,258.29634415895964,5.79761815793862,3.6914858697966153
413.1179545401255,258.29931345907164,5.79903802469118,3.685547269572569
412.4551830511788,258.30086016028633,5.7886788750076565,3.6824538671432334
411.33880372677226,258.3781162184677,5.798035500871527,3.676168552310351
410.08052788687957,258.38179872220854,5.794139255167461,3.668803544828777
409.4875537538187,258.7559148795983,5.795446784528373,3.6609716905247054
408.30329806371765,258.2415108281777,5.796461586946209,3.654000040585334
407.5637755430678,258.83639659916014,5.796836998102691,3.647164202734993
406.1590250919669,258.3228638321484,5.798934570697941,3.63992324690346
404.46608378352533,258.9904799383693,5.788451000349404,3.6337038903349734
404.17053443420406,258.8466080779639,5.789920959237814,3.6266332412687765
402.54906438279517,258.3347674433199,5.792026940400153,3.619140017302806
402.1787700943361,258.92719322697144,5.796533151600857,3.612020235147675
400.5573945446163,258.70982570064615,5.801668187500624,3.605262188224664
399.9733842700909,259.0758879900287,5.792667492062873,3.608775887264838
397.83657025369104,259.5200308341014,5.801781514368054,3.602803442670092
397.3910471874764,259.9642906519549,5.810299149947865,3.596812303812625
396.80773181738596,259.59567137642995,5.8000126483716805,3.598477578764437
395.4831020772265,260.185074527625,5.803468929961656,3.5955838091428314
393.94433135551407,260.4772135514796,5.794176662804073,3.5992740872587357
392.84678521031344,260.5500502048741,5.7855393421718535,3.6005160878720486
391.74932340060366,260.6265041328979,5.778355271017967,3.594415411195965
390.7275530862658,260.6283972325089,5.769530369912436,3.590629211973873
389.18690353228783,260.7780188549743,5.776382665283924,3.5841904253846244
389.1858422732767,260.1223379729752,5.778505183306149,3.5779838332927167
388.1615883028378,260.19901041867115,5.77847753032446,3.5709629128907467
386.4791773538195,260.5672967491111,5.780569301492306,3.5654185404604917
386.3347629325513,261.0075006234224,5.777110665237392,3.5618732282120464
384.21856531075883,260.4270439104994,5.77456120183515,3.5545260452339735
383.7118702223481,260.8675048636932,5.766853732842005,3.548830692401527
381.08743277439123,260.28814363051976,5.771953783153874,3.542269859725857
381.09107277306555,260.87183908087314,5.764673785805243,3.5398885830832825
380.6592755972619,260.3642226926364,5.7554025128150155,3.5367781308597253
378.912545543288,260.9481493866934,5.761973493595102,3.5312211184683386
377.7556889140247,260.65907390675665,5.751020882368643,3.528205610903568
377.1735878365574,260.66138973727516,5.75460227083936,3.523573949866561
374.99869688716774,261.09917348963995,5.752790607895225,3.5183251574816747
375.58249434927666,261.31740962816525,5.744698360517518,3.516666384246182
373.62275413127577,260.7408256419264,5.754867867035255,3.511520007247128
372.6119760867595,260.8146480615219,5.748463460742501,3.5087294891507494
371.81262111535483,261.25121850976035,5.755342326654438,3.5038600891634055
370.58103607204754,260.7475481519724,5.758060010537009,3.4980733447908077
369.13238293364435,261.4018245089578,5.761854679463046,3.491600854366228
367.46666103660334,260.9711454987451,5.766966658441025,3.4852201404166445
366.96346941967045,261.5528812768484,5.761207470445526,3.478482780623085
366.96121945902456,261.1226972760261,5.765707391737208,3.4724957554739713
365.3781635785339,261.7003834528906,5.7559299510712245,3.4719922023439356
364.3016653611782,261.26781430685,5.745858030184913,3.4719031521859893
363.29126814966526,261.05487732062653,5.749909152557271,3.465617845921582
361.6363140860417,261.7783551942736,5.747644873292168,3.458737057980594
361.42382090835116,261.6378186683785,5.741057799877196,3.452094490573495
359.63225978816854,261.5674563290023,5.732985466861394,3.4491713863906663
359.05978272762474,261.4266646304651,5.730112750450013,3.443798074090349
357.6954699228174,261.35752150290074,5.735183215088021,3.43873932158859
356.62445909687955,261.7138724360159,5.727177551570248,3.442713227156083
355.90742126055545,261.78878127708333,5.728422902783223,3.436178577164705
354.76450716000085,261.86242771486764,5.72318912885794,3.432077075035726
353.910939971234,261.86441129613183,5.713791649566376,3.428109912507375
352.9799427217597,261.93872764504545,5.718897621392295,3.42231479368961
351.9136387739937,262.2960714707954,5.709268543591556,3.4217061333005394
350.8420602927248,261.51417256135477,5.71249144175166,3.4162189716382314
349.7022364139873,262.01426338183995,5.710256767623731,3.41436089449422
348.70726674061854,262.65749590759987,5.704453286389446,3.4108733752420295
347.49410453767655,262.5178697090508,5.709843648439963,3.4053100024773753
346.0739873500943,262.516554599618,5.702194546365443,3.4079402213428995
345.64800640207073,262.16195191174614,5.700207680399452,3.405521628742202
344.0166932016235,262.8732798808792,5.690982243382529,3.405409967828853
343.87926005030357,262.80261308277227,5.681617925665011,3.4046282538640034
342.2441920771509,262.7344233590651,5.6866093819992205,3.399044897366494
340.6861142079471,262.73603971418896,5.680022044994664,3.3958121871187315
340.11609930623155,262.66789914250245,5.685729190488562,3.390302998249528
339.057194832935,262.668502825105,5.676804477300926,3.389095633044498
338.14001575257817,262.6705052251157,5.6699839095891535,3.385090833023081
337.15081787590884,262.7438958188723,5.667938244803237,3.3797697468043744
336.09392139663294,262.81286566134315,5.661633169105282,3.3831699308127083
334.89021746511935,262.81309722692674,5.666881941133918,3.3827067996456304
333.8342237899552,262.9538069298298,5.658263333837006,3.384034854856152
332.8494131374494,263.02355264349376,5.650133443130278,3.3858113700795434
332.21132760021044,263.09675479727713,5.655711867388936,3.38058402364819
330.16874149808007,263.5203152137109,5.646902950257167,3.380493767620568
330.2429215984256,262.9551537025457,5.639581946318067,3.3825032159352513
327.63461217525867,263.45155504641156,5.640526689944334,3.376449682769838
327.4274793511289,262.95952541096864,5.632164002314771,3.3743761699146337
325.8069140488582,263.1025479169214,5.63681015424079,3.369764588671224
325.2480069545675,263.2422282840493,5.628960059135738,3.3718199253371397
325.11124675418455,263.6645472308197,5.621228606256493,3.3709375927312477
324.8340255461038,263.1010027889416,5.61368698831186,3.3740584082752854
324.34546447052907,263.59330894661224,5.607754298322038,3.372500934073426
320.552748250531,263.642833130756,5.601935631705582,3.3773971487298935
319.38266866463675,263.68745015190797,5.596423397884026,3.382080051488471
318.2283734322593,263.7573961771533,5.5901315941499625,3.3865911549952057
317.118331246806,263.8050919246735,5.584283886326129,3.391907486307719
315.9804290162189,263.8783838689229,5.578192310001712,3.397211352454816
314.8359299892736,263.93019239952395,5.5723423301319555,3.4026679063843006
313.68789890097725,263.9687310833256,5.567181540123628,3.406576164353464
312.504628008343,264.0380441601975,5.56099395732537,3.411115398369111
311.3535304773048,264.0995739027885,5.554677979146192,3.4161437495480595
310.1610337159498,264.1563274759307,5.547834442309096,3.4201766421471267
308.9824769122924,264.2025443350859,5.5414831834154,3.4256699422858303
307.7802543785977,264.2417725743715,5.537791180325947,3.429701307949115
306.56621759909046,264.29458065285996,5.536782543950981,3.4323891761244507
305.3607969404054,264.34741643269257,5.532712269363864,3.4362535317210363
304.1428095868267,264.40085247477714,5.529051841947027,3.4403683012903477
302.92539175772197,264.45131581000334,5.526667804268664,3.4448871338547447
301.7083693458678,264.5013996623892,5.521327849564616,3.450978027552117
300.4837949915945,264.56767354323676,5.516151471373546,3.4545454039100245
299.2518108325485,264.59347902119805,5.510538968090067,3.45824712995493
298.0076375790793,264.63770016967067,5.506473646547846,3.4611830379987887
296.5377427979991,265.4779776730816,5.499928109766097,3.464248087715359
295.4756152963346,264.84586508533505,5.49448149444148,3.4685464445967917
295.9700047421567,265.68546705753914,5.48742262990756,3.472291118091807
296.53467184541876,264.84335925480684,5.4797111670526535,3.4740726080525013
295.837604347018,264.9820475626597,5.472673104701549,3.476930604177418
294.7141923255506,265.0537609306045,5.478539935417567,3.473563694051585
293.66738853122496,265.26288448510076,5.470778516514988,3.4755903865698197
292.61170356530545,264.63493640043725,5.4820126375111045,3.4714050693910035
291.2141696784478,265.19745713215013,5.474938631221175,3.467220317967284
291.21856009086844,265.7581156237413,5.466157806379862,3.465353159114562
289.67678008891835,265.20152156507385,5.4748081233266825,3.4603922993754543
288.14262742011203,266.17930991833833,5.467184019707786,3.462225237266561
287.23083161070235,265.832225087442,5.474264539465753,3.4577367840356765
286.39385850461866,265.3455885536518,5.4710621487214555,3.452673166584311
285.2115535212769,265.13801885441904,5.461967134555624,3.4489234507823574
284.6511689180877,266.1858791614736,5.467289070965288,3.444666467864627
283.05173735597396,266.60382579697665,5.459050740977206,3.4454083588279265
282.77405005144635,265.7012449665229,5.457111604911995,3.4393003480943762
280.9672790956543,266.05068836076987,5.451527668696305,3.436399299561968
280.34314195645675,266.5378242967237,5.44821631982776,3.4355829155258015
278.74254037351875,265.98425266957656,5.4523761252718685,3.4307110879308147
277.8427352937111,266.47006745513517,5.445214139016601,3.4319588261286578
277.14627385758143,265.91668306614406,5.449174019085923,3.4275572103588625
276.38617199571536,266.47295068436864,5.4416783039870795,3.4260761112412452
274.8638734440785,265.9187269565947,5.433887627605795,3.424564374187385
273.7522047340672,266.54390770754657,5.4395754384376485,3.4216307774534767
272.71597848754527,266.61187588146146,5.432443048933352,3.424333421793615
271.18755245249605,266.6832554529873,5.440587180425455,3.420151912314997
271.0511899802863,267.03196956896863,5.4360534476401545,3.415870373364465
270.362363497629,267.1700821865813,5.428808098171471,3.416624801095877
268.28189992874053,267.44803053222284,5.437910267864361,3.4143047722239017
267.31620794094886,266.89337990266347,5.430415344401906,3.415675231887884
266.83484492562286,267.4463505422705,5.424325385554744,3.416952226387109
265.31590001563853,267.3077280424504,5.418897273293345,3.4175319594610083
264.3517969036057,266.82371766993924,5.411446923838784,3.4177244177230754
262.83323358934604,267.5166180825192,5.409207612053535,3.413453565428916
262.2838906253301,267.3794945052847,5.403509582046243,3.411604730388005
261.6613573266023,267.38150998745635,5.40718972706358,3.4075737660446856
259.9405353332305,267.4499628878175,5.400849971005784,3.408587315034584
259.4617069975661,267.58734336821936,5.3936159396724355,3.409509412134238
257.80812812828503,267.8646253133927,5.394802833157282,3.405940662633765
257.19221836229474,268.4154014661965,5.38726132858972,3.4060426117356313
256.1573997390129,267.936250077586,5.392963006823949,3.4011754570696473
255.06023412776625,268.69246921799714,5.38570269088983,3.4023313589161823
254.51403583575402,268.69206981652377,5.378017209197474,3.4031301618629057
252.24518085499025,268.6945657900976,5.3812405477193925,3.398138214715185
252.248620387019,268.9680603603385,5.374361483661931,3.4006423468692506
251.28878466393135,269.38171965953705,5.371659889618621,3.3971979085658837
249.16128099710792,269.3841093019188,5.373024198785158,3.39241862380242
248.61354488846231,269.3869605695164,5.371259009129225,3.386716088607148
247.78960188014884,269.4577070374368,5.374751621903342,3.382255936420681
247.17367793398193,269.5972500141206,5.37350688657923,3.377190566977085
245.18474863342885,270.010098709096,5.381067717752945,3.3729340949433335
244.15553056562788,269.5321724434449,5.385276547436536,3.370147216817028
243.4741018772366,270.0804205819511,5.378487338950466,3.3693682080194747
242.44758523718497,270.1471522694855,5.378768291509337,3.3727549881204397
241.4201153213881,270.1494483429376,5.380041280508598,3.3681628412162183
239.8440431300076,270.21968937784084,5.384562803211127,3.364533939238251
238.7503595028973,270.70029439607487,5.382172050949009,3.3613430306064345
239.15998559127456,271.11282116214437,5.383543776360663,3.356913400633631
236.83291144419675,270.5680330412362,5.38931932727597,3.352754879334583
235.39981283852214,271.52605023692155,5.38411656100012,3.350987139714008
235.3992833340662,271.4597584829088,5.385175569911928,3.346944668217182
233.8269048697521,271.462185110813,5.388731419596332,3.342091412408747
232.73550204086544,271.8737794698746,5.386807646305216,3.3381762309346454
232.121927863085,271.3986598126019,5.385895687918492,3.333257523520889
231.03426352567357,272.3525956107928,5.3795451827698955,3.33435520961411
229.805129976615,271.94609908285537,5.3847976465104335,3.3296767206967433
228.8498418067235,271.94708552568954,5.387475964119772,3.3277038350283865
227.75971162165317,271.9492185830432,5.38717211126246,3.3234377203210435
227.07444351124624,272.01943799183834,5.395617637936913,3.319207972144705
225.577993486239,272.5637348708674,5.3907098621376965,3.320726150746175
224.89506257415874,273.3150748700044,5.394408751567886,3.3164253806755175
222.91851885596608,273.2481802533339,5.397719531256558,3.3140154189581414
221.96304247401358,273.2495770282188,5.401759388865337,3.31122186918824
221.00741051733775,273.31998477356456,5.405924509555904,3.306627720829685
220.18880381941523,273.86651143074215,5.408663693479172,3.3032238810889845
219.23166548464005,273.39191433430597,5.416283706973712,3.2990897459335424
218.41322030413644,274.27800127961683,5.41836884862468,3.297954842947829
217.72962810744048,274.28014451074364,5.423095846057456,3.293668380694206
216.63874482651832,274.41890432152434,5.42495819208822,3.2886367861094596
215.89163151204238,274.96411875173965,5.421127452574939,3.2877041936535436
214.18553303604017,274.6256698119648,5.430467696625586,3.2840307316124435
213.16278881355515,275.240493198031,5.433083515472248,3.280107535154139
212.34768059220883,275.1749711979759,5.429327621578534,3.274987173882261
211.32419481810675,275.2443889263633,5.435966798229121,3.272173875211053
209.964688281467,275.7871829097061,5.433508349503256,3.275174517327576
208.67071452389965,276.3995911886825,5.435792297840652,3.2751459646998415
208.12987387927907,276.26306186388075,5.42850498350878,3.275962463410165
207.18091790864395,276.12642563248926,5.422048089006659,3.277182235368565
204.86277013753977,276.3187741025453,5.427249737831706,3.272599232924698
204.5936450607482,276.72700571071493,5.421695969632586,3.2718418992588334
204.4595715710009,277.3373613230535,5.4181318835808945,3.273830469539901
203.44419580479686,276.861146225343,5.411343846413634,3.275408865825718
202.22437078739105,277.8112804582139,5.407287327065182,3.275801053319533
200.73356772700595,278.1518664117605,5.403324825166337,3.2731674695602706
200.39789572347274,277.74459274725007,5.396647372159742,3.2740890464935104
199.3115992024935,278.35555086504297,5.400914820061472,3.2718559575646196
197.6851746626262,278.5595298835247,5.400652491339783,3.27053684665829
197.75651116659841,278.6268995690613,5.393499668132945,3.2713176603226244
196.6052169831979,279.10041729178874,5.393832526796612,3.272269777042077
195.59245507745726,278.6252859338799,5.3876395582613785,3.2743979955186617
194.03328909575217,279.6408142928255,5.391970311182058,3.2742116322946533
192.4791050883825,279.7082644098845,5.384925309417289,3.2747641380246124
192.4827755420718,280.11417437082474,5.377584402038676,3.275086697370649
190.92243659217024,279.57491699200955,5.387440441313625,3.2715764600346904
189.36373528115692,280.1170658416122,5.392002608518329,3.270005875550021
188.95418862833344,280.2538053188002,5.3988014822281984,3.2672917318198236
187.5350023832557,280.79432064098813,5.392976848295746,3.269764753763016
187.4708011702057,281.2675874617519,5.385986417644585,3.270981109493477
186.11905569006476,281.19788963181526,5.383293290101442,3.275067564975551
184.49852531576687,281.5357050096779,5.3762451452704205,3.2761261620474684
183.75201826328086,282.0091177324966,5.381501997465283,3.2760553318136965
183.14417112470974,281.46595605278293,5.379246036268257,3.2797562571616408
182.12830856865855,282.0064334787506,5.380624150719325,3.2816531373071363
180.5054238094498,281.9362918370095,5.376579518587539,3.2865274978497827
179.9666015744712,282.06988057651347,5.3707788774512135,3.290211296615238
178.40980010977648,282.2042034060224,5.370041189269212,3.292377865212323
177.93798759393408,282.6779121330624,5.365645411113259,3.2929812209728917
176.31422272181493,283.21813780179065,5.364147844471349,3.2955389871432126
175.2980041242912,283.3515019003706,5.36563303806602,3.299604390176973
174.48791942752598,283.8241616335981,5.3599550493120995,3.3026958967211266
173.87622613077096,284.3650737049321,5.3642508474070265,3.3045080166443235
171.77253266401738,284.43269266363905,5.369616707342499,3.304819166119925
172.24956467946197,284.5007335676037,5.364993062915437,3.304371699113914
170.55212311423367,285.1111776151931,5.370929972542616,3.3035042434335025
169.60251706296404,285.2443624235077,5.371296421033766,3.308398291668356
168.58254283381936,285.31455933708844,5.375451770554367,3.3037240050914196
167.56162102078804,285.7895938311383,5.381750838453869,3.3035758108012496
166.952533633882,286.53382315077715,5.3777757984467085,3.308855832858228
164.57477747274143,286.60223290927604,5.3794521912129385,3.307860199560823
164.57574511574893,287.0079844778902,5.377516905197894,3.311349999617114
163.89861070143388,286.4649615787152,5.373166387179298,3.3105003206481767
162.06783259115545,287.54935257575465,5.368588183367318,3.3142424298989117
161.45759641488044,287.6162418881372,5.367064683992615,3.316241122014435
160.50884380066333,288.09031689833404,5.363535753883947,3.3186081808921934
159.42512385090384,288.0217960555945,5.358571785832366,3.319874624648041
158.67631856016033,288.02265703381056,5.363235788975667,3.3181526682158835
157.65686315787298,288.4316953030397,5.365699856638343,3.31465482452243
156.97899480703634,289.1103200923863,5.364025111131729,3.3148166930091585
155.41544828972724,289.110618850229,5.369584091551474,3.314219177323764
154.40017937463563,289.5166742461528,5.363245125506972,3.3168591039671917
153.17659700624168,290.128581527721,5.367062276671888,3.3147183336423334
152.02478176455784,290.66877819902754,5.362729552678707,3.3204253239049946
151.55209977488818,291.14195751379424,5.357537482301203,3.3246227440884035
