159.6999969482422,149.6999969482422,4.5,7.300000190734863
159.28062582103027,149.5781226189255,4.523256506288341,7.281805856826312
159.36143278361402,148.9409691316884,4.546275808556021,7.263680239254459
159.44111331814906,149.50312514509662,4.57166337363284,7.247860017319339
159.61350057407867,149.97294081440367,4.596763995672843,7.2329165134534605
159.78843237028119,150.72379588802576,4.617168762696032,7.212279803922236
159.1300458353909,150.64145368435044,4.637776668738692,7.191797759310299
159.2127532898349,150.83700842132058,4.65756562388838,7.171096013445502
159.2958714896719,151.21799651455808,4.676552973784645,7.150014825251396
159.3778077030844,151.96876958567572,4.6979045811492535,7.13026095653302
159.3673656930901,152.16370757339635,4.718788601137816,7.110951134371207
159.3569649821282,152.35861672018655,4.73959002306164,7.091813713736307
159.34708846770084,153.1094768702584,4.759343051916362,7.07328111196996
159.3376613638918,153.3042453043454,4.7781972595344175,7.0546395296325946
159.3271793827546,153.406615208154,4.799161221808832,7.03537949888859
159.31855174288387,154.15858637561485,4.816416501550274,7.015733694599427
159.12474834334557,154.44772965183148,4.83297009640628,6.994026948497128
158.93106333856866,154.7368029646054,4.849394139432432,6.972299272740783
158.4587962969215,154.65468286099556,4.866846030491521,6.951123041513347
159.09819719056244,155.2207215563243,4.885737334664611,6.931354014960208
158.90498307240225,155.97342328024848,4.901370471294889,6.909130965872303
158.34102891958455,156.07674803899826,4.917364473405882,6.887800498960144
158.89091432617195,156.64345102468644,4.929150986432792,6.865951853785469
158.23728197998759,156.00618947348337,4.940557835951186,6.844617113341338
158.6958823061866,156.7563057050174,4.948290931207673,6.824278646520495
158.04386684611893,156.76614634354127,4.958684130710152,6.804597369472803
158.22228461982323,157.05349439538776,4.9712034696040215,6.783933595233443
158.30880416159835,157.80265430814669,4.982733565708705,6.762167206955143
158.3020986470365,157.90554985560988,4.996144594832374,6.740803713990923
158.29518743814168,158.37554802499216,5.009967012622021,6.722420460284835
157.64070878519993,159.03032845602883,5.029039041717417,6.702744874999595
157.8177626030029,159.77828496700084,5.0434951418402365,6.681086795970876
157.90257828003425,159.51269568132173,5.058052076800297,6.659700500260767
157.89692441870372,159.7074403084027,5.069359799461379,6.638411411679367
157.89052129045857,160.45375101466192,5.082166055951666,6.617469558380931
157.79246005102576,160.46380438320352,5.094439332189963,6.597362821297761
157.78878741692088,160.65703429482087,5.101784600399722,6.578387344109938
157.59840747591738,161.49023671333907,5.115400713966041,6.564129465056622
157.41078685057198,161.40339288203774,5.123490909527908,6.554241600094846
157.22365189084059,161.77786512479742,5.130649016559679,6.5395207394374895
156.75997961089894,162.5202035473783,5.140758163586877,6.522420554845461
157.395807450152,162.62109700405196,5.152549855989672,6.50398326591361
156.84220352361598,162.99536288558986,5.160205140102851,6.4884865488103864
157.2929987575702,163.73613904411812,5.174342511282871,6.47209877429543
156.64694764876506,163.56158791952632,5.184579241528456,6.454953741374845
156.82530923407376,163.75267134077512,5.19390925159079,6.438840079556914
157.00259441393308,164.49132817983207,5.20519978670465,6.424969980772943
156.2666300311293,164.50003369659188,5.21392633527213,6.407558947253314
156.44520768974982,164.68930685036486,5.222319066686572,6.394560688362876
156.5312075283439,165.42316277924644,5.233029376801172,6.388528729022305
156.61582750675652,165.15619070272342,5.246579785471786,6.374101785580886
156.611565327845,166.0752335632214,5.255104143294811,6.3638898409350775
156.51509533197344,166.2664699433363,5.2652762579032135,6.346952834974719
156.41943201326222,166.54692627085913,5.2739315959009865,6.3340540782030095
156.23159731331276,166.37037261230122,5.284376519160196,6.321936918679122
155.86102702849436,166.64850746963174,5.295141441842032,6.313448939234322
155.3985120280098,166.92860847994075,5.306988825259253,6.301156489147447
155.93999711382838,167.6660238320418,5.3198451770048765,6.287427816122435
155.2949848215895,167.7639554803835,5.331439765108649,6.274197376063907
155.472836243931,168.13442937567544,5.340967167443626,6.263710079515858
156.01422164803486,169.3244151990526,5.353834358781569,6.257620765110467
155.27662753786993,169.60091619017663,5.367270336049562,6.252775874010589
155.3595727636442,168.96129346413292,5.38423985542166,6.252001529653613
155.35224110814042,169.69354996641064,5.398903166429168,6.252452242698503
155.34239333292354,169.69348062952207,5.418598716862944,6.252590916475665
154.87701531382064,170.24428276827874,5.430950196316779,6.2530721094647
154.41173043441847,170.70268406552088,5.442087734275252,6.255701735826249
154.957981514674,170.42449040748642,5.454219938049947,6.259771869752299
154.9554494830576,170.69982947649513,5.459284001282749,6.2621834262181135
154.95469289730306,171.4322626786433,5.460797172791839,6.273170976518479
154.8604589523739,171.52141802305164,5.464588910016582,6.279536440335405
154.76493940844512,172.16688156381622,5.470792495923239,6.282457872462589
154.57766861682117,171.88434293367428,5.475373710699054,6.292594580038256
154.02381696476152,171.9735990043235,5.471813498653587,6.299293024767253
154.58371488297715,172.34087794943412,5.463560943203629,6.305763988533555
154.03291367440372,172.98378737032405,5.453813209074848,6.316520323241926
154.4049757904824,172.8906600958564,5.450629251386178,6.31753980356006
153.76118654751178,172.79354525175262,5.441809539934799,6.326569749282931
153.8558757235654,173.80917848128354,5.437629009707525,6.3324793309000205
153.85746174861933,174.35973044674714,5.434456959599621,6.34270778994428
153.95105341796284,173.80540641780414,5.432602849168294,6.339380478296044
153.95217834776162,174.63805033838764,5.430352989570737,6.341324796988196
153.95395386566366,174.54890178668535,5.426801953766653,6.334379973730243
153.67485349009343,174.83014987635647,5.429770062945445,6.327116436349642
153.30734817791858,175.47705467425064,5.424728900493924,6.328397467463486
152.75260165765621,175.47805838602582,5.424511258762223,6.326390043913159
153.40346640451216,175.56774583606605,5.417202555619309,6.3319323996282675
152.75696172400896,176.02952337632027,5.416013385254145,6.332804841528122
153.1250286039282,176.0309647654464,5.419399144298811,6.3299220632758555
153.58799464352396,176.03093453228382,5.41791570155647,6.329982529601026
153.02750246104478,176.2235148083766,5.429699089464719,6.314555636432223
153.3919499720078,176.78247627832684,5.4400745061188065,6.305538354402029
152.7424874259112,177.34012356375013,5.44508665995574,6.299312016432303
152.83162734648644,177.34302107765788,5.45163563184807,6.2935169886167825
152.82792916211395,177.44090374231328,5.45903200059306,6.2825958646588385
152.919553488081,177.72221139079542,5.460577128094285,6.274361906000438
152.9200678048066,178.3708025822821,5.45954849464304,6.270016986455208
152.8283338781222,178.2815517061445,5.458409051103299,6.2639114418218185
152.8306382220576,178.28372485353597,5.453800363232492,6.2595651470389395
152.55735776036508,178.37759366536056,5.447301371519726,6.256180828422382
152.64937849347154,178.3778219950218,5.447456629045984,6.255724169099876
152.74125451557538,178.37843315278786,5.447896725801536,6.25450185356775
152.83094191802212,178.28830794297545,5.452702187966509,6.250572006134105
151.91349566977973,179.3901069902249,5.445630451595572,6.25733099106207
151.91365612312777,178.55971374481234,5.445309544899486,6.260427745624126
151.91394702101124,179.20446141038602,5.444727749132528,6.260546288032625
151.8168246519601,179.94636355866734,5.4547494258285365,6.250526482720272
151.44712377394032,180.03623664205128,5.457237078366561,6.255008841827735
151.53591938980043,179.85575327762507,5.463983665362079,6.247299933248674
151.53260612856434,180.87133569393865,5.470610187834292,6.243726590885247
151.6215072962255,181.24126817730388,5.47718512931861,6.241370731381437
151.62021007326146,180.59870479500503,5.479779575246705,6.235375056699572
151.61854538139312,181.43033588429086,5.4831089589833795,6.231664875766065
151.52328512552828,181.43585317405848,5.489239024057206,6.220630296230837
151.43449981369304,181.9907207799333,5.482492204485275,6.216799743935865
151.5238869295611,182.0886798282996,5.487868042293072,6.205031716747166
151.61475748072328,182.18341542916346,5.490180486698953,6.199614061749702
151.7033472248133,182.73535310719555,5.497007479160175,6.199777589533253
151.7005242365899,182.55402004567432,5.502653455607018,6.1942073072510855
151.69614611069332,182.46607368985042,5.511409707400188,6.185977990538344
151.23636509036035,182.55799251906484,5.510300564023712,6.186274568917976
150.96048218082493,182.74423731620715,5.509703036467225,6.182027205718247
150.68468247189205,182.93035888568426,5.509165609171155,6.177875296871919
151.41936809203884,183.57858466864923,5.511574796464724,6.1692316050808325
151.14218460802917,183.48995602324385,5.514311353547096,6.162612092245906
150.86529024283064,183.40108336791087,5.516647010600094,6.156539711797187
150.5917015128384,184.59208065162244,5.5125425218128346,6.163433589051426
151.23543537066465,184.50284811832543,5.511690199904874,6.158096456539065
150.87015160541122,184.5013505706998,5.5074350452850585,6.161091551790295
150.68520863862759,184.50117280209244,5.509952519960172,6.161447089005053
151.42008545225642,184.59678519910887,5.51003863325694,6.153952262541515
151.32939664998025,184.69241918623842,5.507801330378815,6.146299195712844
151.23802539062083,185.33826646263017,5.507083581369814,6.1388265170242216
151.1456774837389,186.16682831240962,5.508446708096728,6.1316970007981135
151.0549287680988,186.1699193296613,5.5067004919597,6.125514966294761
150.87129347856404,186.44876572756093,5.507731709050823,6.117181213463166
150.68804468872366,185.72214028857573,5.508216112375194,6.106379386008163
151.42079503017067,185.72718163606407,5.505486340856174,6.096296691031446
151.05817967091863,186.09626867434102,5.500133020838608,6.088706652999151
150.6059515521444,186.73614410835188,5.492376462023076,6.086053699887141
151.15580563139227,186.46479435182243,5.4863336087059364,6.081920560356739
150.52218248209883,186.46527321552492,5.478761889576782,6.080962832951771
150.88805215028336,186.4668566421717,5.474947127625558,6.077795979658201
150.16414292701927,186.46390491327725,5.467797362256805,6.083699437447121
150.25576357019222,186.5526945175867,5.4664047568710785,6.087968909788389
150.3490046904194,186.54988291651372,5.4618153243332745,6.093592111934364
150.4410465493325,186.5495681263126,5.459638518839653,6.0942216923366015
150.53607144161214,186.72769011133514,5.451470666025975,6.101741585782758
150.6325506109304,187.45038132002017,5.440380615495484,6.111305473261184
150.7295256202048,186.89994903878502,5.428270189476356,6.121132480553319
150.91042709808883,187.08132716842246,5.4300642667015975,6.121973254271779
150.09478803258924,187.71938409800148,5.4247801122508035,6.118741172685919
150.09531802013925,187.2671805179084,5.423720137150785,6.114620360003745
150.095913199928,188.17878165902644,5.422529777573307,6.107665017364786
150.00418539497105,188.18403422030315,5.424487674932068,6.097159894811399
150.0025920170507,188.1903485407338,5.427674430772823,6.084531253950081
150.00121137924742,188.1964078451064,5.430435706379362,6.072412645204884
149.91065046541416,188.29165686967198,5.43048085897472,6.062991271144856
149.54770043050098,188.74754126790288,5.432656818204341,6.055877612929027
150.2694605732442,188.20741816217557,5.435978442123892,6.050992392329127
149.81443316948028,188.93480514235353,5.441871509048739,6.042877216938074
149.2679312436941,188.93622737858928,5.450073785817041,6.040032744466558
149.80507453867972,188.93895330751147,5.461108721463343,6.03458088662214
149.16821278961862,188.9407744642568,5.467985113484115,6.030938573131507
149.43409880919148,188.94339462892654,5.479306527991849,6.025698243792021
149.60879245414262,189.03656905730776,5.492179417099546,6.020479476534562
149.7834865753726,189.40228047752112,5.505299147062996,6.0140725809546085
149.1505958700622,190.03710684254534,5.501538232025001,6.013962176564985
149.41961159455616,189.40648547966822,5.507411497316622,6.00609390233359
149.7802626994661,190.13312896282895,5.511199376646822,6.002987114312276
149.14587721648294,190.1322223188061,5.510979413650773,6.004800402357939
149.50589251145698,190.13360600497745,5.516185516659886,6.002033030015215
149.68462439851473,190.13550056130651,5.521419587678,5.998243917357092
149.86425738304482,190.22669971665286,5.5248999537108645,5.99721877421092
149.13861177180235,190.49983241057987,5.524890604114377,5.995191100887424
149.41033555277846,190.76846655135125,5.525585474648864,6.002065251831351
149.6797801461976,190.1334608757751,5.5311933885842155,6.001583367845128
149.86083354054347,190.768728966017,5.5322481201817375,6.0021125083738545
149.22738266857527,190.67601408710954,5.527909316208322,6.005936473630206
149.40773344025297,190.49517304611464,5.530400497533867,6.00442583093899
149.49887872324229,191.39857807344413,5.52972238909954,6.013740351723197
149.68295683780238,191.48697503057628,5.525059879660325,6.01869329729938
149.86829314783475,191.66733137704145,5.517886922092574,6.021480266866037
149.14648116410322,191.02962458912697,5.508078489382042,6.025140492543147
149.14771013466188,191.39442341576543,5.505620548264755,6.021862270816182
149.1482084812525,191.93976758703084,5.504623855083498,6.020111808344172
149.15088187783806,191.30383535999684,5.4992770619123945,6.021850717627729
149.15215170515583,191.93911682958955,5.496737407276828,6.021006704760341
149.1540188998498,191.48577846876296,5.493003017888906,6.0210093525453
149.15599750825768,192.21062748722585,5.489045801073157,6.021514191438792
149.1583295586115,192.11872015628222,5.484381700365455,6.024108685757003
149.16144621523787,192.11777622130978,5.478148387112764,6.025996555701925
149.1644912024548,192.11695528797486,5.472058412678918,6.027638422371744
149.16542086477395,192.20805851170033,5.47019908804061,6.026476717559712
149.16598167186214,192.29955304433972,5.469077473864225,6.024484672913267
149.25409912240775,192.48162859151387,5.473790710825206,6.022229854669356
149.34207906392103,192.9357012363778,5.478819009859417,6.0190254752454395
149.34075541783025,192.303470771066,5.481466302040958,6.016357268191339
149.42904408699073,192.93989258956083,5.485908061159328,6.010647313276785
149.51915417033064,192.3997674338211,5.486688857298998,6.004891847839286
149.7887104621064,192.9454753507482,5.490347581328513,5.999018629147126
149.06783339112232,192.49401547832616,5.484977212628818,5.997485554823829
149.3382788651908,193.21762550951942,5.486429713245128,5.996514689112734
149.79230105569596,193.30588411224926,5.48233113823943,6.000786644854004
149.16111645811722,193.30438582614534,5.479167421184175,6.003783217061907
149.42983643656217,193.30528225870373,5.484087508311256,6.001990351945112
149.69736035381598,193.30747840052086,5.491551098253515,5.997598068310831
149.8749860099432,193.31014142256657,5.498074988616219,5.992272024219403
149.1510519984892,193.76645078977754,5.498675006009909,5.984195793243898
149.33029764382303,193.1373072862428,5.501768105985357,5.976937433062631
149.42069914823867,193.67433481396924,5.501693388939387,5.987252128321416
149.50833380403225,193.04067503958555,5.507311952582575,5.988356550476289
149.5969842671528,193.4906130403828,5.511005546342246,5.993453148885537
149.68477614696872,193.85176182435845,5.516554533869019,5.995686569568707
149.77248011574846,193.30853340878176,5.5224024732828525,5.994608138881846
149.04616099674172,193.9408341782497,5.52438367046199,5.999331510676042
149.13396905757838,193.66784185657312,5.5302048410740525,6.001004277172917
149.2204131862314,193.48747636977384,5.538872585759513,5.99862324678847
149.30520556166985,194.21768341443786,5.550944615428122,5.991463401824514
149.30035676835624,194.12922296871562,5.560642202055368,5.9866471867700914
149.29903488349902,194.12960106835445,5.563285971769787,5.985890987492453
149.2979668388592,194.1295176162857,5.565422061049427,5.986057891629892
149.30178117942845,194.215387244954,5.557793379910944,5.996201550257845
149.30689156504974,194.3909289855699,5.547572608668369,6.008957922789969
149.31168537837036,194.47682340561275,5.5379849820271385,6.019125425171905
149.40809790126633,194.74295594718694,5.527122240298027,6.032747254212072
149.50234780423133,194.1018998248862,5.520624082859653,6.040847959372048
149.596409811419,194.6477953130244,5.514524409442625,6.041203028845653
149.68961811060382,194.0983379756625,5.510040511486995,6.0485215010853555
149.87390388147597,194.73190896885453,5.505419388551918,6.055205980533608
149.15078857788131,194.72981203153097,5.4956050641943275,6.059399855180748
149.425912800833,194.27341395182273,5.491099884664729,6.06262390397427
149.61296565993274,195.18082158209106,5.480779657036421,6.066736096293401
149.80058100546844,195.27413209852585,5.469133170727077,6.061907165804891
149.0813429854353,195.36432817891875,5.455359682641513,6.0630461960380675
149.35923771667137,195.54548252625858,5.443557510759592,6.063395695085199
149.72840237190783,194.81645976073455,5.4298126974193925,6.072272231867908
150.00519248550847,195.1782360738153,5.419426095804307,6.07297777315459
149.37903156314906,195.62731841514992,5.405381011076148,6.0793608972331965
149.83860752529094,195.08196219845254,5.390150094355848,6.0853681215517845
149.30555092502365,195.70750185116623,5.372459934256379,6.0987260701974675
149.85457723992025,195.160670529933,5.35775567056006,6.1090403465670855
149.2315488206451,195.7856007732695,5.340434705283688,6.12255766372075
149.78023751483207,195.23811302423317,5.325544233791311,6.135046244911819
150.41886531114295,195.8649686246741,5.3108726884308055,6.1439190912911466
149.79333669350677,195.3285861921584,5.3000320536505905,6.135057210563193
150.42808362682706,195.96361174697347,5.290258706362811,6.124726620285917
149.98452312649044,195.33866641999228,5.279162578636044,6.117113294488272
149.7214106590741,195.60969387838017,5.267344760012797,6.11310113116838
150.43879886607678,194.898564822771,5.265335143741545,6.102592444652631
150.1714302793093,195.44106258257878,5.263369157285065,6.091003245019974
149.7236415465307,195.98499387309027,5.265495521350314,6.075281985787324
150.34640460868192,195.4572693017024,5.269336823413379,6.0598447631069385
149.8998449037914,196.08987080493938,5.2709377567328435,6.042767623679202
149.4593524477707,195.82329348938785,5.261598132569244,6.04172753305925
150.0794413736702,195.56400271910687,5.266714032558863,6.0266117514261035
149.72597754075437,195.39207086012257,5.2626538219529655,6.014981531175903
150.3480271565778,196.19187625441018,5.261066734202849,6.0128863561823325
149.90668435720008,196.10691618197052,5.2565330945934114,6.005362653388634
149.46592961182398,196.0207584316113,5.251769349085399,6.000423506855053
150.08579382347625,196.02331969655805,5.251753576107879,5.995300976961562
149.64636975693688,196.0230167704021,5.245490815828061,5.995906829273458
150.35228028893667,196.11629520520466,5.249119726837596,5.986281206544531
150.2635319608784,196.3013463785951,5.24977616871208,5.969859288247863
150.17410442520503,196.39859153133366,5.252035066096104,5.951965156733447
150.34927182074648,196.0526583414284,5.254409981577655,5.938412123414963
150.70101063472745,195.7929399462586,5.2556628037836655,5.929301076128637
149.99391177211626,196.41611405625315,5.261370284319117,5.915381820240581
150.35039850435314,196.32774220766083,5.252142795677605,5.916189023467105
150.61233424334472,196.06999295316996,5.255675823548737,5.9042830265945385
150.0022380349479,196.41834501428391,5.246156105638034,5.910271552769148
150.62303782788246,196.8546602158552,5.233854069236584,5.9157108278177475
150.01392043438952,197.28983456061033,5.223577692577334,5.9228701123397345
150.6349295483202,196.75707388784062,5.209697066946971,5.935702084538356
150.02591863625432,197.1033672375586,5.199744041191549,5.944815299323697
150.64613604107655,196.4832824662418,5.187156756391389,5.957137317112934
150.03718465296242,196.91721068074193,5.177287955943795,5.966260585738345
150.65573239929518,197.2655098881346,5.167845172454249,5.971178004767811
150.04551914603866,196.47543483729524,5.161146446122549,5.973595664217583
150.66322774263122,196.73608995420017,5.152364009039068,5.977986040165572
150.0536514390627,197.17102440356166,5.145393078922184,5.983919668052545
150.66811036316588,196.64275582936764,5.142457733405542,5.989614671277954
150.14430392656192,197.1643124906333,5.1389829676135035,5.997588987746553
150.84738704951977,196.72502587752942,5.134806553721762,5.9999185689393935
150.32419259995538,197.16296529830254,5.129889617097841,6.000127923853742
150.93968647398373,196.63608823911432,5.124894983915976,6.003030800908951
150.50321643853934,197.16358749803803,5.1223027405477035,5.998671060170034
150.1549048940323,196.72672358675885,5.118936042528105,5.9974116489363425
150.8571690649585,197.16459384640416,5.113798761887622,5.996290542903185
150.42229792072774,196.641361511237,5.109421079176054,5.993811247829832
151.12532366060356,197.33472705369417,5.101092238379811,6.004802801870889
150.86680397977787,197.07035237820594,5.093878098108147,6.0092986509243
150.69544308452672,197.0663835241239,5.087190800127049,6.017236359088351
150.52349744287025,197.23940041485508,5.081643155852918,6.020641505213045
150.3520621687892,197.2394622794342,5.075148254992126,6.020517776054833
151.0556811154857,197.32244503296,5.064520512582481,6.0291285378761605
150.88367562731565,197.3190835212492,5.059455588371799,6.035851561297709
150.71207153345128,197.49266962462258,5.053543729106145,6.037799401545403
150.54004399648642,197.75367173232826,5.0486092034758325,6.039279585474125
150.36779100607293,198.01424627510184,5.044238992929512,6.04144478698688
150.97825777910458,197.32124594237013,5.044112637021977,6.03223723512951
150.62822751795744,197.41483253804802,5.047144779900395,6.019321138627661
150.27861324369425,197.50824265450322,5.049945914768411,6.006607759131923
150.9742849018188,197.59968434097567,5.050250094855531,5.9976803232290266
150.62698001598986,197.7777586291173,5.049567285378801,5.989178037513081
150.36683976122035,198.30336617162203,5.048804799151266,5.980048944036833
151.06476414599507,197.9580334322028,5.041179074400517,5.976602900475899
151.06548496782236,198.65063538240858,5.039737430745972,5.97821476863844
151.06631739966176,198.56480613041396,5.038072567067182,5.976519641669605
151.06792993248524,198.5658793527691,5.034847501420201,5.974373196959342
151.15711950711153,198.73961253034815,5.02968400184727,5.9733381411604825
151.15705637912302,198.74106713805483,5.029810257824272,5.970428925747095
151.24307148302057,198.7420645340889,5.030853761415694,5.968434133678954
151.32915413203546,198.91520833196748,5.031748202347842,5.968266015845644
151.4175115033325,199.0008128661846,5.028105003959901,5.9701284916175705
151.58959044940678,199.0894401715153,5.030030357872081,5.965915503986521
150.8981710667934,198.65089005834866,5.028808085385848,5.977977581749142
151.24395430309502,199.25301297542407,5.029937641795618,5.985949798371216
151.76624779967574,199.15857890689412,5.025241511506647,6.001502791619017
151.16102615502905,198.97808082047877,5.021329789046552,6.015540389663062
151.59560247459052,199.66807712647207,5.020340108888584,6.0246085120204045
151.07746980432768,199.6590180210612,5.014067322908395,6.0427267228421115
151.6859176498568,199.91386323909728,5.014711396873517,6.0548390432085775
151.5078510317343,200.25457343936512,5.02258236514499,6.06994317861991
151.24088018581637,199.64389392522864,5.033052067130426,6.069867563908489
151.9376059932537,200.07239294678303,5.036867917917762,6.086161686838454
151.93045022574753,199.4603836192304,5.051179452930128,6.085384329490496
151.83909032184258,199.54912728023854,5.058709464935324,6.0830868032790075
151.65986753989452,199.63419620900126,5.066603300369272,6.088224809984615
151.47873801784363,199.72057066792996,5.077897738283636,6.090958195220936
151.46967907718317,199.81140183070957,5.096015619604521,6.085002388332303
151.4607852113151,199.90191231755438,5.113803351340681,6.079888153010092
151.45197402356158,199.99234012613073,5.13142572684775,6.0751469336699575
151.53211113726644,199.1122222414133,5.147476448143076,6.072133216054109
152.2300460410595,200.26658434528304,5.163900183166886,6.058386015055736
152.0450732449672,200.36268392559327,5.180668747068691,6.042775368576698
151.9477382820721,200.37011863322186,5.198721925860487,6.027905953319542
152.02775424685652,200.55410760111704,5.215366688600621,6.0132814021471095
152.28379875423968,199.94258505746504,5.233430035081097,5.9993043132086274
152.45118238455044,200.30337182048373,5.252244036244657,5.9848933107412865
152.79648292880424,200.75331096973065,5.269117893666398,5.96935869465922
153.0549691714881,200.05350366160005,5.282839336827031,5.953789501511622
152.42667088515026,200.3264718839432,5.301304589100411,5.938480765569105
153.0370059098639,200.95365201137386,5.319168164303629,5.922654135338264
153.0291906735951,200.96089920071054,5.3347986368412,5.908159756664938
152.8447186630077,200.96801891458813,5.349748868668884,5.893920328909741
152.83744081756697,201.06457989249836,5.36430455955039,5.877812178003002
152.92009082352885,201.2505423798748,5.3759995777195595,5.859877263435993
153.001588593795,201.43573710661653,5.389905954353461,5.84329164428495
153.0822525566405,201.44389856847124,5.405442752522259,5.826968720575526
153.2526182456977,201.71754822993472,5.418425829189716,5.810241079821347
153.7768117410876,201.2840982101526,5.430853745754683,5.793128696598323
154.92005150193435,202.0874301491612,5.441898148896276,5.777058305005379
153.7672133628923,202.00649579759678,5.451036437779358,5.7622702397341845
154.90997247476477,202.10186793123287,5.46093472618291,5.748096473396469
154.28962912818378,202.28443469319603,5.466081561233185,5.735974337502064
154.19734370845958,201.84954291164462,5.474254872359308,5.723770258993677
155.33915321355664,202.55895332156342,5.483002663359768,5.715636701429689
154.62607019006967,202.30108387259358,5.498392612957178,5.7023345628532
154.7946997498834,201.9552084654349,5.513897682190867,5.688556999448296
155.4938673114267,203.1946988162945,5.526852547600901,5.67933377759824
156.0180392225494,203.11107490305875,5.537336470833725,5.670110313156733
155.39672521689002,203.02789734543785,5.544519582409216,5.659973299863783
155.48079609056006,203.38600216074863,5.552824200006435,5.6495491289915165
155.56292233368526,202.77393994219284,5.564985397759306,5.638777778080382
155.64286227015853,203.30737412320275,5.581541783434488,5.630526967790841
156.34463620186725,203.312445322709,5.590534644344292,5.620384568778305
156.25159155477965,203.31927008671482,5.60007418610363,5.606735040766692
156.07068230695452,203.41410997905945,5.608922327989986,5.593540432959411
156.50497579938644,202.8022930729986,5.622418817210757,5.582257381362628
156.1448929848285,203.42565690208232,5.636779205098374,5.570688895344676
156.48985655725903,203.60846570930013,5.6528312340081825,5.558060867794473
156.8370075049753,203.96708058394447,5.664720958081523,5.547022738011746
156.65211306524793,203.44406827600247,5.6813889163068145,5.533684590207168
157.35140909090956,203.98214862886033,5.695688876656561,5.517192893246216
157.25806126521246,203.63628147241414,5.705809306266083,5.502626318999961
157.25040672488456,204.08575334661055,5.721118386921904,5.486200303769995
157.33099659709887,203.47635759321068,5.736422156748019,5.469607210786262
156.7944822366712,203.57180228217203,5.750688493360428,5.455178230237359
157.57877160203387,203.75510030861102,5.770204772195134,5.441492179483898
158.1017336022097,204.38046562860086,5.783539878104913,5.4265638301425225
157.65407170096833,204.20983721179522,5.796290242081541,5.414791288351349
157.3826628772501,203.95206549327173,5.809527164856987,5.400754000737322
158.08245993619232,203.6937181724197,5.822017181264628,5.387917092081877
157.901934038325,204.31617161352887,5.830066369661786,5.378519335544653
157.89548922297985,203.7937261159126,5.842956000352127,5.3645462419404115
158.59326273228857,203.62436551804032,5.8590561304509405,5.350355650505905
157.88144728001552,204.16049575229357,5.870841276585231,5.336979500808233
159.1953664630626,204.52048019645449,5.889768654315154,5.322814810839448
158.83829564072497,204.08617239229588,5.897831593119543,5.308832036818029
159.4504398802839,204.6241625638064,5.9084967153414425,5.291383352088246
159.00468584611613,204.19203032340772,5.918459201588724,5.274102250797401
159.70431246496014,204.81734200181623,5.928708140808989,5.256793298775131
159.52285128777885,204.47345581931765,5.939490178719065,5.240285030867251
159.60446161359417,204.21752013172778,5.952242876133041,5.224236358913105
159.77377242842755,204.92928183837887,5.965449596329891,5.208026345065457
160.29305183046537,204.40910600681792,5.982045700089732,5.193223100351896
160.02147892253225,204.06470126952954,5.997554983298,5.178517198051383
160.1039611423869,204.77482394828502,6.008473484836846,5.165335370525408
160.18642704793626,204.60562131192398,6.019381885971755,5.15206021878007
160.35790068588634,203.9963033062316,6.02802584966411,5.140126891591221
160.01124184925771,203.46546033283698,6.018393888238848,5.14738838635661
160.3587683269,203.90986144902152,6.02616209907588,5.137112611639551
161.23079618649822,204.44231416376832,6.038708056917513,5.126168188368851
160.96399151337272,203.83043254199055,6.04528357980356,5.12018584407276
162.10049664624785,204.36263628625989,6.056155152879304,5.109877665761463
161.4815937911963,204.8939662402488,6.064165129706518,5.101328386305768
162.2714246236202,204.8108810836062,6.065542694580473,5.091827674066338
162.0931743416761,204.46473355515016,6.070964733415288,5.081965680871617
162.17855843890007,204.20766302168445,6.075660514421676,5.0697148214400585
162.2617183757623,205.0048840461124,6.08467954422774,5.0533229043594465
162.4333813783219,204.7486608777882,6.091780573764804,5.040128689023432
163.12896501002888,204.75609334792273,6.101493107815292,5.025263748754425
162.51677231069775,204.7622901102084,6.10074214113983,5.012870224183089
163.29829767047138,204.8573573284506,6.1109613517499515,4.997543557716133
163.2935542941198,204.95099604567025,6.120448104453163,4.984983387080659
163.81456675804455,205.21890420049965,6.126383193446301,4.973147085843197
164.50967684826264,205.8369608091706,6.1326408174157745,4.958951947356269
164.33131724593082,205.23354454525196,6.14050782599205,4.944801788887758
164.41493941088174,205.85049193381823,6.1475812310106335,4.931131156198032
164.58246712123724,205.2473431492978,6.160935382207633,4.9179952235608635
165.18524424371762,205.51536836761684,6.174757575495488,4.904534689029344
164.6572138437421,205.7829222636182,6.185677557069921,4.891997306214954
165.433293322033,205.18006636376558,6.200903865205526,4.87863167780664
165.42614229303223,205.70813373004685,6.2152059232070656,4.867516695232083
165.41889713739715,205.104401783535,6.229696234477193,4.855523451045962
165.49878194140578,205.5448903009767,6.244161360774316,4.845720087734574
166.19041523411437,206.16103435340128,6.255265352148078,4.833506237577471
165.751956018675,205.6440347701059,6.260848225780922,4.821902735473183
166.79223189232914,205.1284834741924,6.270256702119028,4.808025215477029
167.22281450951675,205.83061423416459,6.279495440220304,4.79641005149507
166.52141442092537,205.31385218832148,6.290036832166583,4.785740054253912
167.2124392865659,205.92824011898708,6.3001393445614,4.775097406139091
167.03238625895315,205.58667201835942,6.312246782526981,4.762236372874579
166.67944970018507,206.11357686418023,6.322224971574961,4.752269073965298
167.62858132500986,205.59845226989094,6.3375526889354195,4.738741371447486
167.79505864198967,206.29990580407437,6.352547937742668,4.727633834147937
167.6164994338083,206.04383506886762,6.361623682624724,4.717711297340401
168.13092463991202,205.61378643049093,6.37675467284683,4.707824072069061
167.60152796832506,206.31525678739214,6.3911583319604865,4.6974029370136865
168.4657328474818,205.9726350901038,6.403878377757691,4.68619440994611
168.11040004006932,205.71691259807437,6.418054708837838,4.67527243119634
168.10290014711785,205.72325716797994,6.433054494740755,4.66258329138521
168.1860527738223,205.81341757922456,6.440926695546099,4.656439923110217
168.52627784856088,205.82006699057592,6.457260147430075,4.643141100407504
169.1280279622041,205.82699971007028,6.473334026240473,4.629275661418767
168.86004974153965,205.74637365750712,6.486569619368891,4.616287483811634
168.67740850541654,205.75150979572783,6.503398366852811,4.606015207370216
169.97913638425175,205.84316897677053,6.514627465964355,4.5970091690702315
169.1876933373287,205.93387418329658,6.528509951277126,4.58993249029967
168.57426653610457,205.93872504317895,6.534374905716836,4.580230770534887
170.39782509802393,206.032391936148,6.5487237768257,4.56725250816574
168.65445960567283,206.03722073593104,6.548293338480692,4.557594908599617
168.83257088378258,206.12826382572507,6.5404548751389955,4.549700775450492
169.95538246820274,206.48161572957204,6.556093917394851,4.538769955786186
168.9935336929196,206.57454253217102,6.565805544106339,4.526915070938635
169.16027684313124,206.667108201998,6.580217721206769,4.515732970046535
171.24102565400392,207.02075195316772,6.594278745073245,4.504371908642375
171.75417197210467,206.33034743069862,6.612019108181231,4.4931369545012565
171.0495596350708,206.5100302303368,6.62855026751207,4.481944733909145
172.00030326379675,207.0370735074959,6.642714147095044,4.472758799791759
171.81997676786082,206.5179148310812,6.654945278892079,4.465810572396667
171.98672364717706,207.1312525890422,6.670010827890689,4.459092633183455
172.32742025042532,206.52577455209112,6.686196486060372,4.449285693919694
173.01813032245167,207.14053915268607,6.7005773609095165,4.4410823842688245
172.57272972676012,206.53480752008016,6.718604189179219,4.430661541121962
173.61481020905754,207.23764355541243,6.730270968299716,4.422207966267617
173.6070962321676,206.80633297585683,6.745698922079574,4.411395263318622
173.77527487082492,206.3750579946517,6.758818115329809,4.40025404931676
173.1568539491854,206.99158417488897,6.772414433622711,4.390447213828362
173.84938836724288,206.9093838242495,6.785663182647796,4.380058216964822
173.66658539401044,206.82686696173639,6.801639278787217,4.370277016828238
173.74775315809126,206.74235295148935,6.814194721757595,4.364414066190309
174.18224716933892,207.53142864421233,6.820112035430533,4.361092285847372
174.44265211291872,207.44406397731635,6.82434461690451,4.360807463428087
175.66384525991725,207.44427167941393,6.832977065618531,4.360392059232914
174.96433879870997,207.35440331605892,6.830429520482694,4.364933727499151
175.5769342174063,207.26398424221213,6.8318686217394315,4.370539026814222
176.53808347501234,207.0874972682467,6.8383991073443156,4.3728167927783925
176.62137380664694,206.99946904358336,6.847302390331718,4.373389295848399
175.65902696294157,206.63802990607525,6.840101083749179,4.39376030032164
175.83890409833646,207.50925912540524,6.832065614326744,4.4098958684982845
175.84341162199834,207.41313263828218,6.823050567002947,4.426140391617415
176.1997304098114,207.2283799102083,6.814990557923074,4.44335706449202
176.98994454251363,207.44796189762678,6.798223180605177,4.457311742136066
177.0725407424726,207.80515221130977,6.8093223088710655,4.448097227505322
177.51489136140484,207.60193111604895,6.809998673138653,4.4427287579432235
177.78845643897662,207.64130992968492,6.8058092829184,4.447204917287632
178.05689465394798,207.6794445176303,6.800994368139771,4.450623594412839
178.3291120932118,207.71845859174056,6.783823208915951,4.456945544724004
178.60034307827624,207.7613872051297,6.788649385484382,4.452030537798066
179.56456360425872,208.6467750599093,6.796866680165063,4.441853325189493
179.56347219830525,208.73531628753815,6.799049492072014,4.440784487861198
180.0033488121229,208.73374571364866,6.799439059001371,4.443925635640191
178.945696353882,208.64666954369912,6.801702944606703,4.441991222966259
179.03053096251756,208.4716697486581,6.808122212158796,4.439813843401772
179.9949585452148,208.5601698046987,6.81690059078919,4.438962235322817
179.81350300832116,208.5617556730311,6.827279676793549,4.435790498658036
179.8105556285475,208.64970954555622,6.833174436340868,4.436251527732633
