150.25,150.77999877929688,57.599998474121094,56.290000915527344
150.5137741339506,149.46249073543572,56.07245020621989,57.92501700324968
150.26966042416558,148.91283269010842,54.765501186392356,59.02433309390423
150.33310179360993,148.51409618612794,54.63861844750363,59.82180610186519
150.38947051524102,148.52563378972653,54.52588100424144,59.79873089466804
150.5308644602404,148.5273298832794,54.24309311424268,59.795338707562266
150.6425177153462,148.53466243598623,54.019786604031076,59.78067360214864
151.6063299324635,148.70624808354523,53.88372123130905,59.4375023070306
151.64247093805454,148.72871773898584,53.81143922012697,59.39256299614944
151.609582665534,148.87093195885888,53.877215765168074,59.10813455640335
151.73117931654437,149.92750222477264,53.6340224631473,58.773814088759494
151.90622447082316,149.75377356527227,53.28393215458971,59.121271407760204
152.93769407880447,149.74395124996192,52.990556791466986,59.140916038380915
153.85776258547344,149.90187336689027,52.91560555536092,58.825071804524235
153.7500004745312,149.96074169472013,53.13112977724539,58.707335148864516
153.66401624982396,150.00211258018751,53.30309822665985,58.62459337792974
154.62747867711784,150.15800956524004,53.13831607223033,58.312799407824684
154.6450098976706,150.1896619719334,53.10325363112477,58.24949459443799
154.58251727935087,150.30876278911268,53.228238867764276,58.01129296007943
155.4963585715371,151.19607622533562,53.15195504342117,57.988064847662834
155.25991593032126,151.172822263597,53.62484032585281,58.03457277114007
155.2390309745365,151.10335635083618,53.66661023742235,58.17350459666171
155.97632194539685,151.31767478509715,53.95293239602056,57.74486772813974
156.78009085893694,151.24512540894366,54.10416162105421,57.889966480446745
156.79995070457167,152.1197780326373,54.064441929784785,57.90409635477771
156.581161342712,152.2006090693116,54.50202065350415,57.7424342814291
157.30791598242223,152.17192998553443,54.81595642582276,57.79979244898345
157.93558473154997,152.21287777153782,55.33393965321232,57.71789687697669
157.65668822069418,152.2569074922241,55.891732674923915,57.62983743560414
157.53478214155987,152.22609498365293,56.13554483319252,57.69146245274647
157.2940161884586,152.3084303794354,56.617076739395,57.526791661181505
158.04004727405948,153.2283851281437,56.9225415304792,57.48440912605078
157.9451700730553,153.26054543006964,57.11229593248753,57.420088522198895
158.80873934673795,153.24178587472127,57.18881535457103,57.45760763289563
158.8380292134438,153.27542184759233,57.13023562115933,57.39033568715354
158.84560147450358,154.2527167912623,57.115091099039795,57.23921820084689
159.74049547319964,154.18627400268875,57.12615810098622,57.37210377799395
159.75079286974898,153.95248970911624,57.105563307887564,57.83967236513899
160.60647319665878,153.96513324393013,57.204354616494214,57.814385295511215
160.54160940990198,153.79280749565686,57.334082190007805,58.15903679205773
161.1280114043065,153.65462438993734,56.16127820119871,58.43540300349681
161.46761868971626,153.838350055218,55.482063630379244,58.06795167293545
162.00125724406556,153.72508275972717,54.41478652168063,58.29448626391715
162.31038410584708,153.83288331888647,53.79653279811758,58.078885145598505
164.04007508717635,154.0669645916924,53.86014063555087,57.610722599986666
164.2306787130108,154.1003241425474,53.47893338388196,57.54400349827663
164.3266195529771,154.18390367109834,53.28705170394938,57.37684444117477
165.33927920376004,155.08104776350407,53.00417336746619,57.32499722144604
165.29649217800204,155.02307308271685,53.08974741898217,57.44094658302046
166.1650793778332,155.1006460808916,53.09287664969682,57.28580058667098
166.08310439826715,155.2137944329391,53.256826608828945,57.05950388257599
165.94438474859953,155.13140230236638,53.53426590816415,57.22428814372145
166.06661907066874,155.1021589142351,53.28979726402576,57.282774919984
166.9798505253804,155.13096174400457,53.20435083491219,57.22516926044505
167.03368166726253,155.15439819110946,53.09668855114796,57.178296366235266
166.95618880356125,155.35746842836184,53.25167427855052,56.772155891730506
166.87342160544733,155.4343886358138,53.41720867477838,56.61831547682658
167.74434370766974,155.4748261565008,53.4080240432567,56.53744043545257
168.68964614553965,155.43570381079482,53.2486684542107,56.61568512686457
168.63686423296153,156.32845677577538,53.35423227936697,56.56012335736231
169.59043527467065,156.1761332801269,53.17784085213043,56.864770348659285
169.54075535739605,156.20699567343343,53.27720068667966,56.80304556204625
169.53321421824185,156.1709609888685,53.29228296498803,56.875114931176086
170.32390151715157,156.18406725431095,53.44559863419656,56.848902400291166
170.17895251125736,156.25578138310996,53.73549664598494,56.70547414269314
170.0952684693367,156.3063092214575,53.90286472982625,56.60441846599811
170.25771379717608,157.14690070579564,53.577974074147505,56.663377660020274
171.31808867721193,157.1543790009604,53.193138598027865,56.64842106969074
171.6357737938698,157.02762591842603,52.557768364712175,56.90192723475953
172.2796292863568,157.16188811458997,52.99349269454096,56.6334028424316
172.38813657872294,157.03489182213428,52.77647810980867,56.88739542734301
172.44017218510135,156.97768027677867,52.6724068970519,57.001818518054236
173.21907999639032,157.87591995965863,52.84140797190969,56.93215584973009
173.2261266466197,157.65000413320635,52.82731467145095,57.38398750263462
173.4100867803247,157.5690799651185,52.459394404040964,57.545835838810305
173.57284128029133,157.5009199115528,52.133885404107694,57.682155945941716
174.4718993663869,157.4074715277136,52.064603816640876,57.869052713620164
174.6288863706211,158.2554181463329,51.750629808172526,57.90379476470066
174.67114722165348,158.10207881952212,51.66610810610774,58.210473418322174
174.6463218791228,158.01845608466903,51.715758791169065,58.37771888802838
174.77869944126058,158.00227591489974,51.45100366689353,58.41007922756695
174.87429277975542,157.92225021407734,51.25981698990388,58.57013062921172
175.72124670891503,157.95249167585663,51.294556512532694,58.50964770565315
175.78941395308385,157.90941686241072,51.15822202419509,58.59579733254499
175.84559588333636,158.7203226676769,51.04585816369007,58.70140303783711
176.7389013736041,158.6031845809083,50.986498966378434,58.93567921137428
177.63185904987162,158.58031270922208,50.930509560722385,58.98142295474673
177.66758288591737,158.5471124763605,50.85906188863089,59.047823420469896
178.4854878328058,159.44548265830994,50.95286765600379,58.98069871772077
178.51314403958736,159.36439924249612,50.89755524244064,59.142865549348386
178.38681828523545,159.39137142301115,51.15020675114448,59.08892118831835
179.07995981361802,159.51660957287584,51.498847203899594,58.838444888589
178.8695583915096,159.51389840364834,51.91965004811641,58.843867227043944
179.61557635439328,160.48194117849974,52.171069191734105,58.65123674672622
179.55908074485097,160.38419037403492,52.28406041081874,58.8467383556559
179.5396224347207,160.26633449108633,52.32297703107921,59.08245012155305
180.27053649508733,160.41329548587453,52.61475756170265,58.788528131976676
181.06851847634147,160.53168782006105,52.77250241916141,58.5517434636036
181.12840986241451,160.42173692867877,52.652719647015324,58.77164524636819
181.17748134221222,160.49121267851476,52.55457668741988,58.63269374669618
182.26875893930543,160.4296372407979,52.1223479451522,58.75584462212992
182.38256216033744,160.38156650927155,51.894741503088184,58.85198608518259
182.43497355418364,161.28397296790735,51.789918715395814,58.79035555029946
182.4245140213752,161.1991228872535,51.81083778101272,58.96005571160717
182.48021701277094,161.1835007438044,51.69943179822124,58.99129999850538
183.4551574101404,161.12497420729625,51.49176628801108,59.108353071521634
183.35219682139243,161.16686026474886,51.69768746550703,59.02458095661641
183.39505811550418,161.1510658361568,51.61196487728354,59.056169813800565
183.5007077034969,161.12697662703016,51.40066570129811,59.10434823205384
184.40365590514935,161.19638752648424,51.333948231415334,58.96552643314566
185.2369015760412,161.12856048088523,51.40341675828867,59.10118052434372
186.13269089458117,161.17664901916893,51.35101211405885,59.0050034477763
186.14609058944575,161.15569530223686,51.324212724329726,59.046910881640436
186.12930608359858,161.2376831023009,51.357781736024016,58.88293528151237
186.25366653434918,161.23686405072493,51.10906083452284,58.884573384664286
186.339370852573,162.13038949256466,50.937652198075156,58.82862338006531
187.05311767498466,162.15863400431812,51.23764427853451,58.772134356558425
187.00102189520365,162.16146687028223,51.341835838096536,58.7664686246302
187.7793056125169,162.25306536365918,51.51827164825241,58.58327163787631
187.77824427090698,162.2445597666293,51.52039433147229,58.60028283193606
188.51763626183754,162.29625080750074,51.77489798509262,58.49690075019318
189.2356410099448,163.31121615451997,52.074645440665414,58.202727007941974
189.9403390723961,163.38075552680644,52.401230375067655,58.063648263369046
189.901856096364,163.2936472525675,52.47819632713187,58.23786481184691
189.94686127810223,163.28660613635435,52.38818596365544,58.25194704427324
189.98726977202108,163.34463967421192,52.307368975817724,58.1358799685581
190.07546077741875,163.35089917994662,52.13098696502235,58.12336095708869
190.9523483053394,164.28617257202382,52.11285961581715,57.98846187957038
191.08238245073773,164.2276007186465,51.85279132502055,58.10560558632503
191.20842520312777,165.1245542743231,51.60070582024041,58.0426266942828
191.14182282341994,164.98802270359133,51.73391057965607,58.31568983574631
192.06934866002004,164.9925307709472,51.61114842663472,58.30667370103451
192.12941323965848,165.00290501762782,51.49101926735784,58.28592520767331
192.9874569070646,164.9866239181761,51.502874586329554,58.318487406576764
192.98657347674873,164.89611026286707,51.504641446961244,58.49951471719483
193.03771111005634,164.91747165455334,51.402366180346064,58.45679193382226
193.80326726138333,164.8827908209974,51.60042742046315,58.526153600934165
193.8306829122812,165.7586807573496,51.54559611866743,58.50779299987228
193.83838896036357,165.6928089909941,51.53018402250267,58.639536532583215
193.9113233702281,165.607094828277,51.38431520277361,58.81096485801744
194.7950615482524,165.5710162527485,51.35121202910765,58.88312200907446
195.60758201454297,165.59216060953946,51.46113151802649,58.8408332954925
195.62617393709112,165.55387243598926,51.42394767293018,58.91740964259292
196.46577146310852,165.61323581612606,51.48140974392321,58.798682882319355
196.44743505519963,165.68302804274515,51.51808255974099,58.65909842908118
196.4611656212782,166.59807912740092,51.49062142758386,58.56315863976862
197.2837814683746,166.5759553326353,51.57762518809146,58.60740622929992
197.22951428485328,166.5429845878013,51.68615955513411,58.673347718967904
198.07109928540675,166.6025236921098,51.740063506138256,58.554269510350906
197.9886966778624,166.60898578307606,51.90486872122692,58.541345328418345
198.71766477202715,167.6117900818772,52.18545782954132,58.27426202745994
199.4320827233558,167.63297597671558,52.49548426080173,58.231890237783134
199.36118280450594,167.53090918444798,52.63728409850141,58.43602382231839
199.47175017248966,167.46265704664296,52.416149362533986,58.5725280979284
199.58633957010534,167.4582454549665,52.186970567302666,58.581351281281364
200.17891379812895,168.44816746357955,52.74547834377928,58.34516349657907
200.29169481064784,168.34261753152728,52.51991631874148,58.55626336068358
200.5218838666573,168.13482285638725,52.05953820672253,58.97185271096367
200.67755708815008,168.04222224899354,51.74819176373697,59.157053925751086
200.79826251059677,168.01683206212044,51.5067809188436,59.207834299497264
201.651991916006,168.06748197950657,51.541804572885,59.10653446472504
201.66844213521603,168.10688934270001,51.508904134464984,59.02771973833811
201.72258473576005,169.01517078619148,51.400618933376904,58.95088402729543
203.40587248275438,168.9493343328951,51.50764691289161,59.082556933888235
203.38315196821637,168.96030301140425,51.55308794196765,59.06061957686991
203.30739149691644,168.94937040732924,51.704608884567506,59.08248478501993
203.2540193497336,169.01678010330193,51.81135317893317,58.94766539307457
204.00885812605998,169.26000284247124,52.04500678694684,58.46121991473595
204.11684370424837,169.2440897053946,51.82903563057006,58.49304618888919
204.2098416287491,170.21679034442263,51.643039781568596,58.284207947925765
205.12789075739153,170.1282136386378,51.53728929853588,58.461361359495456
205.78707760424447,170.17979747664685,51.95031963736876,58.35819368347735
205.7192425438453,170.10343330839348,52.0859897581671,58.51092201998408
206.49907807438842,170.10929332847658,52.26726745765601,58.49920197981787
206.4583557986397,170.01319867586196,52.34871200915346,58.69139128504712
206.67907741925166,169.95203875069498,51.907268767929565,58.813711135381084
207.579796098341,170.0158172013774,51.848620644532744,58.686154234016264
207.56773248887094,170.00602220238503,51.87274786347288,58.705744232000995
207.53054346685664,170.93166633032115,51.94712590750145,58.59501818753384
208.36462384832612,170.95119685672006,52.01899913050261,58.55595713473603
208.76299082492574,171.21361781586847,52.96284217437601,58.03111521643925
208.54667861611557,171.30303068227536,53.395466591996325,57.85228948362545
209.30485828328918,171.40858722028693,53.630688912845486,57.64117640760229
209.32504376671943,171.31603478462398,53.590317945984964,57.82628127892818
209.26369813859765,171.22980982166152,53.713009202228506,57.998731204853144
209.26310271128776,171.19366243099208,53.71420005684831,58.07102598619201
209.25229997910347,171.1572144349519,53.735805521216875,58.14392197827236
210.31468389038338,171.9840775320069,53.37258124428325,58.25173932978856
210.18972804106878,171.92468267240992,53.62249294291247,58.37052904898253
210.9885480697171,171.94743103354364,53.788126225041616,58.32503232671508
211.22723978240802,171.86637553777123,53.310742799659735,58.487143318259896
211.89921775680244,172.01905999254086,53.72691161886948,58.181774408720614
212.1410833226745,172.0060329119662,53.243180487125365,58.207828569869974
212.98036047538798,172.08228360489582,53.31932478794221,58.05532718401071
213.12714237781137,171.92940159686606,53.025760983095466,58.36109120007026
213.25914396048225,171.81290255408277,52.76175781775369,58.59408928563682
214.1171122463258,172.82395102665578,52.79885520760715,58.32502630203132
214.20716181596836,172.7268520623628,52.618756068322014,58.519224230617255
214.2059062151112,172.77240154125303,52.62126727003627,58.42812527283684
214.266189341272,173.699149327721,52.50070101771473,58.32284120259803
215.20152317114957,173.7434743656215,52.37468378613748,58.23419112679697
215.27331552112938,173.744506093128,52.231099086177906,58.232127671784
216.21270906720903,174.66204747565646,52.09124849371618,58.13598140642465
217.02250297536955,174.55003332524876,52.20686991117442,58.36000970724004
216.87073489391435,174.5657987632415,52.5104060740848,58.328478831254586
216.83147650975894,174.52381615801082,52.58892284239563,58.41244404171594
217.70108503390145,174.66125421340956,52.597157290450504,58.13756793091845
218.60188248155902,174.6133986647792,52.538870572327795,58.2332790281792
218.61280123785798,174.56172496041148,52.51703305972987,58.336626436914614
218.55282835681632,174.4444593434834,52.636978821813216,58.57115767077079
218.6460642158576,174.5138367235782,52.45050710373067,58.432402910581175
219.59299545764287,174.67922007240975,52.302196806990196,58.10163621291811
219.71421725342495,175.6421119940859,52.05975321542602,57.91389561943892
219.79854219583956,175.62147507942842,51.891103330596835,57.955169448753836
220.72670373426905,175.63563447733154,51.76398370163285,57.926850652947635
220.7867296806055,175.62380917847696,51.643931808959934,57.950501250656785
221.6637308006548,175.71288146930277,51.6151116165543,57.772356669005134
221.63659830679492,176.6870663330116,51.6693766042741,57.54594185533274
222.56490006366877,177.49725552516995,51.53207680942222,57.64486718991185
222.5278208315194,177.3995058872718,51.606235273721,57.84036646570814
222.4084515856334,177.3408409792415,51.84497376549295,57.95769628176875
222.45922525759119,177.2208981301844,51.74342642157741,58.19758197988293
223.27885537896452,177.3068368091028,51.834774624363966,58.025704622046156
223.26233347585236,177.27470376250292,51.86781843058827,58.08997071524588
224.222425119884,177.34117119014155,51.67856063739093,57.95703585996867
224.21542075927374,177.33045161015082,51.69256935861148,57.97847501995009
224.21491755478098,177.3995665368438,51.69357576759698,57.84024516656419
224.41080580871466,177.3629167263078,51.30179925972968,57.913544787636155
225.43361638536854,178.0919835920828,50.97531667875302,58.17454962841725
226.19983777738037,178.16920705054963,51.16083444423322,58.02010271148363
226.33389684693756,178.1924386064714,50.892716305118824,57.97363959964011
227.0075601427843,178.21401612062667,51.258913661316484,57.93048457132956
227.03450772552756,178.18470402593812,51.20501849582996,57.989108760706664
227.11688104176415,178.0767867682107,51.04027186335682,58.20494327616147
227.12731793138062,178.92855508794335,51.01939808412388,58.22087850933764
227.1186116895285,178.98977985913874,51.036810567828084,58.09842896694688
227.9897732095024,178.9724569073519,51.01225302623112,58.13307487052057
228.8074992590116,178.9018669152057,51.094710229013,58.27425485481299
229.7937791733744,179.69261317367153,50.84356829638494,58.41418023397883
229.79019917089897,179.60400556454368,50.85072830133579,58.591395452234536
229.77955438211947,179.59619707271307,50.87201787889478,58.607012435895726
229.85304613273064,179.56673785928177,50.72503437767243,58.6659308627583
230.71595770439325,179.4934338384581,50.72076849279996,58.81253890440573
230.82826457993647,179.4378362917394,50.49615474171352,58.923733997843115
230.8793507190777,180.39035209400635,50.39398246343106,58.74057202391409
230.84376928341953,180.3726987377202,50.46514533474737,58.77587873648635
231.60300117058915,180.31912230876327,50.66576759924001,58.88303159440021
232.36164741981793,180.42979562376772,50.87243927209761,58.66168496439134
232.39413064861338,180.43208212135391,50.80747281450667,58.657111969218946
233.22230478411652,180.44764099129546,50.87386785918983,58.62599422933586
233.32208818496804,180.39624375731103,50.67430105748677,58.728788697304694
234.18071984381808,180.4807995336005,50.67875334716102,58.55967714472574
234.17474604748608,180.48346829588857,50.69070093982505,58.554339620149634
234.26338305533372,180.46653374009503,50.51342692412974,58.58820873173673
234.23456913166612,180.45875225770843,50.571054771464944,58.603771696509924
235.0785307613232,180.33058505617828,50.60125629820702,58.86010609957023
235.07515717747617,181.27169945797593,50.608003465901135,58.70045120907634
235.90242175284658,181.29152667938467,50.67368754890444,58.66079676625883
235.88007566127703,181.3265550559569,50.718379732043545,58.59074001311437
236.7245072219566,181.29288329158672,50.749803643369624,58.65808354185473
236.85674547522356,182.162912639983,50.48532713683569,58.63985807369013
237.68169973837755,183.01699248729312,50.5527255204194,58.64900528896159
237.75855668700243,182.9983781650438,50.39901162316967,58.686233933460215
237.75230142266932,182.89547443782075,50.41152215183587,58.8920413879063
238.64602002301308,182.8234436184554,50.344105194852574,59.03610302663701
238.71600460583028,182.81261769572225,50.204136029218134,59.05775487210333
239.5934931042138,182.75745656135445,50.1684059093469,59.16807714083893
239.5969420808899,182.7892632616049,50.16150795599469,59.104463740338005
239.61140748653506,183.5721885027486,50.132577144704406,59.257895785444916
239.578685084222,183.51703056702812,50.198021949330474,59.368211656885876
240.33081735001463,183.55634383057577,50.41769842137616,59.289585129790595
240.243265831437,183.57570876128995,50.592801458531426,59.25085526836219
241.04257232104533,183.5200999561756,50.72266593380128,59.36207287859091
241.94930990156757,183.4476372551269,50.641473513007426,59.50699828068831
242.07208202308115,183.46708570128956,50.395929269980265,59.46810138836297
242.09978718823464,183.4972237885256,50.34051893967332,59.40782521389093
242.0478463885911,183.54113966678037,50.444400538960366,59.319993457381386
241.92576657074275,183.5391795374809,50.688560174657106,59.323913715980346
242.76854026211348,183.59218966261614,50.73415787805932,59.21789346570981
243.56607177635019,183.66676295246194,50.86933416980496,59.06874688601822
243.67919531851734,184.48954631350708,50.64308708547063,59.153284310179345
243.65356004571495,184.50248518324983,50.69435763107541,59.127406570693836
244.44361016077465,184.57286964217136,50.84245880564791,58.986637652850774
245.20696731057478,184.4737987521298,51.04414735459707,59.18477943293393
245.25965904462953,184.4857096632441,50.938763886487536,59.160957610705275
245.29041023318146,184.44774338321412,50.8772615093837,59.23689017076528
246.1798816049177,185.26443937293814,50.831150143282954,59.33632956868904
246.2111437202298,185.22952408450757,50.768625912658734,59.40616014555019
246.18563300075485,185.21851562757874,50.81964735160867,59.42817705940787
246.98691396969227,185.25829210508462,50.95194792418549,59.34862410439611
247.69081496082651,185.37044911260796,51.27990409966739,59.124310089349436
247.74146342206353,186.2957547396575,51.1786071771934,59.011250369188915
247.67243105849204,186.2415670890772,51.31667190433639,59.11962567034951
247.68750259831052,186.18626261766795,51.28652882469939,59.23023461316802
248.47021502409152,186.2435080866774,51.46040111217958,59.11574367514912
249.423545989219,186.28799383458318,51.294052192296256,59.02677217933756
249.48190494955492,186.2258718428984,51.17733427162441,59.151016162707066
250.39389824419194,186.18313135898856,51.089667247350626,59.23649713052679
250.39159236487967,186.19528689553908,51.09427900597521,59.21218605742578
250.37818835131299,186.1635309174701,51.12108703310852,59.27569801356374
251.2793184320497,187.02967197955394,51.05617278348734,59.28076180124825
251.3409935363887,187.00645697752157,50.93282257480932,59.32719180531302
251.26141621830797,187.13242353932142,51.09197721097079,59.07525868171332
252.1393398812728,187.1183522562222,51.069907813656414,59.10340124791173
252.11430328138312,187.18694309235462,51.11998101343582,58.96621957564691
252.13913654351447,187.1935136111767,51.070314489173086,58.95307853800274
253.01198964534444,187.10135681984107,51.056148034307654,59.137392120673994
253.19575040315965,187.01838210724074,50.6886265186772,59.30334154587469
254.1243779028273,186.97961018908205,50.56219980649346,59.38088538219205
255.07881510473027,186.88611774617752,50.38331957194133,59.5678702680011
255.09044358511028,187.9739116348628,50.360062611181334,59.12228637042536
255.16792449765535,188.90293978900792,50.205100786091165,58.986980538510316
256.0568593925414,188.66484280850204,50.14540043249842,59.46317449952201
256.05502914011646,188.8230113923195,50.14906093734828,59.14683733188714
257.05005076369514,189.67559400393915,49.87875416828496,59.1614085867418
257.0529907821606,189.7623378897865,49.87287413135398,58.98792081504714
257.8225585940563,189.72345896868467,50.04657868652444,59.06567865725078
257.86039166820694,189.74045337077604,49.97091253822319,59.03168985306803
257.83094264792487,189.85216528227176,50.02981057878734,58.80826603007657
258.5934628531298,189.86645578543818,50.21736128791221,58.77968502374374
258.66951650922624,189.8141476017027,50.065253975719315,58.88430139121469
258.68581107668956,190.73537759722674,50.03266484079266,58.756176601721606
259.57550634649937,190.66538762436082,49.96510684658634,58.89615654745346
260.36006404347086,190.7046134453185,50.10889910908111,58.81770490553813
260.4351599048599,190.71367849001487,49.95870738630293,58.79957481614535
260.4240401504477,190.68044300785456,49.98094689512742,58.866045780465996
260.33395692765805,190.60315431523998,50.16111334070675,59.02062316569518
261.14392919069405,190.48459063704723,50.259150496637915,59.25775052208063
261.1846218939205,190.36028939400722,50.177765090185005,59.506353008160644
261.22910127808314,190.28138788967178,50.08880632185975,59.664156016831534
261.0535657444913,190.30257661327374,50.43987738904331,59.621778569627594
261.80393225521743,190.31346970745398,50.670890260202995,59.599992381267185
261.75755964838174,190.29464408180917,50.76363547387433,59.6376436325568
262.6112540410319,190.23799815897718,50.79344482944704,59.750935478220754
262.60949726012007,190.21706808099643,50.796958391270636,59.79279563418224
262.72801317694643,190.26186715975263,50.55992655761793,59.70319747666987
262.82264492626473,190.17172530337444,50.370663058981314,59.883481189426206
263.72406279492964,190.3047841449616,50.30249660902299,59.61736350625194
263.77431576867673,191.37282307806973,50.20199066152878,59.21075249561475
264.61861896939996,191.43635514351368,50.2349588124134,59.08368836472689
264.75220580756695,191.39634901102937,49.96778513607943,59.1637006296955
265.5235579112817,191.44288005807238,50.14216095278647,59.07063853560945
265.59454461219906,191.43643974377483,50.00018755095172,59.083519164204574
265.62452002913597,191.4483343811865,49.94023671707794,59.059729889381224
266.5387309527378,192.31513734394255,49.82684718374726,59.04115627774222
266.5680400823213,192.29438445240885,49.76822892458026,59.08266206080964
267.3543700046981,193.14679828136917,49.90818664164578,59.09045196470808
268.1622453906926,193.03723813201117,50.00742648557236,59.30957226342409
268.17607533649885,192.97542853318112,49.97976659395985,59.43319146108423
268.13836635821406,192.9795600164902,50.05518455052945,59.42492849446601
268.18351266630356,193.07020720157587,49.96489193435046,59.243634124294715
269.0262415346175,193.08645475056034,49.9977009255672,59.211139026325796
269.8407033655443,193.09062455869764,50.087070726177345,59.2027994100512
269.80763618269793,193.16000477850486,50.15320509187001,59.06403897043673
269.72114438775475,193.1869187510817,50.326188681756456,59.010211025283056
270.4918877434267,193.2085816806187,50.505176771029426,58.96688516620904
271.32704036277244,194.25792783471616,50.55755302501598,58.59087435069217
271.19592804655235,194.11295589725546,50.819777657456186,58.88081822561357
272.1139085552902,194.1548946965451,50.710218655872524,58.79694062703426
272.0384542599621,194.28296965426117,50.86112724652864,58.54079071160214
272.8008121675269,194.28043596645773,51.058214757803995,58.545858087209
273.1777988576156,194.5154979583914,52.02928254358654,58.075734103341674
273.833905965454,194.52950132807769,52.45035184716617,58.04772736396908
273.48593567947256,194.61834637234,53.14629241912907,57.87003727544446
274.13529881817203,194.68753059166892,53.59545909342833,57.731668836786625
273.94618315677565,194.6989650044724,53.973690416221054,57.70880001117969
274.94444876449705,195.43027708852742,53.735692660753365,58.00470930304468
275.03255506449216,195.28307297219305,53.55948006076313,58.299117535713386
275.306076945927,196.08334989894857,53.01243629789346,58.45972102825921
276.2652268049472,196.0343098067304,52.84907954764165,58.55780121269555
276.28574455711544,195.943463084703,52.80804404330519,58.7394946567503
276.3332858248761,195.95262166104575,52.71296150778377,58.72117750406484
277.20327056773766,195.96465239189405,52.72722254779457,58.697116042368236
277.12344557208553,196.0732650119648,52.88687253909887,58.47989080222678
278.02668128772876,196.1485980811952,52.833655383501835,58.32922466376598
278.22822778702596,196.94444447319967,52.430562384907496,58.48759352131856
278.9742160611819,197.1040793810268,52.68467721955271,58.16832370566431
278.8048674335131,197.241717534806,53.02337447489025,57.893047398105864
279.6250140858501,197.2128604040158,53.129375562290825,57.95076165968629
279.90136775433217,197.12894446559653,52.576668225326806,58.11859353652481
280.09718583974393,197.01029286791186,52.18503205450324,58.35589673189415
280.18067793101807,196.88499166050124,52.018047871955034,58.6064991467154
281.00592619551236,197.05796203852236,52.10889760599011,58.26055839067315
281.1557905695815,197.0573547651373,51.809168857851844,58.26177293744334
281.3480899505033,197.89441093383357,51.42457009600824,58.320316480051126
281.3916062248507,197.88631432343675,51.337537547313495,58.3365097008448
281.39844937960476,197.97880980381996,51.32385123780529,58.15151874007838
282.3395881965208,197.97672494277748,51.164756741862774,58.155688462163326
282.4784164938893,198.8400772653949,50.887100147125864,58.149685360839605
283.4466408520036,198.78159236938313,50.666813660637736,58.26665515286315
284.23804563998283,198.89887016048044,50.79844774478911,58.032099570668535
284.22849311183364,199.8400559846511,50.817552801087444,57.86264809116662
284.30323004212715,199.82892537487726,50.66807894050039,57.88490931071428
285.23464047505195,199.79141486743225,50.513809223030115,57.95993032560435
285.3258040350957,199.74477032023213,50.331482102942566,58.05321942000458
286.21051973902,199.7084670439475,50.26781311969212,58.12582597257382
286.26395998730624,199.59454184234113,50.16093262311972,58.353676375786534
286.38297622353576,199.59245737557046,49.92290015066064,58.357845309327885
287.2619999070877,199.6331292685408,49.868767432748136,58.27650152338717
287.32206508384945,199.58077036385762,49.748637079224615,58.381219332753574
288.14564066833697,199.6296386359345,49.802961090416574,58.28348278859985
288.261940070404,199.57624295932024,49.57036228628249,58.39027414182833
288.274931443898,199.62013427563966,49.544379539294475,58.30249150918954
288.28715728551,200.48914737811575,49.51992785607061,58.26144057878618
288.3906053193636,200.39432702600575,49.31303178836337,58.451081283006125
289.2342689225344,200.39102637939723,49.321251193981404,58.45768257622318
290.0365786643884,201.2221269125735,49.41241246966271,58.49126226925999
290.8726796652545,201.09471271967675,49.43797656856611,58.74609065505345
290.90185950508436,201.08492315995977,49.37961688890636,58.76566977448742
290.9336636441991,201.0869603964787,49.31600861067697,58.76159530144959
290.96916189604315,201.96736673698086,49.245012106988845,58.70116633532544
291.79924158376065,201.87570502951252,49.28316112664118,58.884489750262105
292.6953025691958,201.83854369122497,49.19278825092603,58.95881242683721
293.4756751221712,201.75615431864696,49.33348111635888,59.12359117199324
293.43097412996167,201.6773887564443,49.42288310077794,59.28112229639858
293.3401407738643,201.67965738746753,49.60454981297268,59.27658503435208
294.1264409528901,201.6823066398474,49.74492086578901,59.27128652959232
294.1862878640309,202.58212561939018,49.62522704350744,59.18679975433995
295.05950152512565,202.53491395576182,49.590720213995056,59.28122308159669
295.8772617541211,202.55797690189726,49.6680198032448,59.23509718932581
295.8612484457658,202.62229210917008,49.7000464199554,59.10646677478021
296.81624526339124,202.68325175727426,49.50193965852647,58.98454747857184
296.89175759065415,202.7641103036486,49.35091500400065,58.822830385823124
296.8957378239128,202.80168771472742,49.34295453748332,58.74767556366548
297.0191426390623,202.7836365324892,49.09614490718435,58.783777928141944
297.82354815770304,202.67878706626237,49.1845169267997,58.99347686059557
298.66941260922584,202.70500134772303,49.19462674928239,58.941048297674286
299.5841988157603,203.52278103050253,49.066248224253556,59.00668282015532
299.5557605431427,203.48869968672105,49.12312476948874,59.07484550771831
299.5359485344662,203.34566877271155,49.162748786841775,59.36090733573728
299.55540539063384,203.17797811887493,49.12383507450643,59.696288643410554
300.3420250925601,203.12226985026894,49.26227522375969,59.80770518062255
301.1569729412933,203.10993099182514,49.34800878231151,59.83238289751009
301.23047046972465,203.03889549651896,49.20101372544872,59.974453888122454
301.16128664125876,203.03778541543647,49.339381382380566,59.976674050287464
301.9614100600261,203.0233033085909,49.45860844210669,60.00563826397861
302.69119949956075,203.10758588810452,49.720874371275784,59.837073104951365
302.7067927373638,203.03334711103298,49.68968789566973,59.98555065909442
302.7209401320849,202.91137216875543,49.661393106227564,60.229500543649536
302.60497698305034,202.85922264590266,49.89331940429664,60.33379958935508
302.5941773872717,203.75040131799042,49.91491859585389,60.28535464001055
302.39767235605586,203.67047885511957,50.30792865828567,60.44519956575224
303.05071668067296,203.77823624627632,50.74415629180602,60.229684783438756
303.7686322804217,203.8089670660451,51.05434788585565,60.16822314390117
304.4851454614593,203.85946510416107,51.37138734902467,60.06722706766925
304.571366941068,204.85919938451806,51.19894438980722,59.82136106269424
304.57769948876944,204.79592243823942,51.186279294404315,59.947914955251534
305.3986908126323,204.75008255013876,51.293081159711974,60.03959473145285
306.3283933036563,204.74835750568417,51.18559349771054,60.04304482036201
306.17386205348276,204.86724150044148,51.494655998057596,59.80527683084738
306.93263034496516,205.94574800224098,51.7286522950624,59.399796707217874
306.73763035587734,206.07985763160747,52.118652273237984,59.13157744848489
307.4044868634318,206.1918524746833,52.53604093403548,58.907587762333264
308.1547018376144,207.13421091682713,52.78991152858856,58.77717142096385
307.817941847482,207.31727428933428,53.4634315088533,58.411044675949526
307.75215255740835,207.25180642771753,53.59501008900065,58.541980399183025
307.7100954109406,207.2091741249224,53.67912438193616,58.62724500477325
308.5495615636079,207.1745190562284,53.76836711353229,58.69655514216131
310.09308134231594,207.24001149151167,54.22267952467089,58.56557027159478
309.42973080971245,207.46774651568427,55.549380589877885,58.11010022324953
309.44898620831833,207.4510772094914,55.51086979266604,58.1434388356353
310.1736082560363,207.54159742921382,55.85133728958644,57.96239839619045
310.9599707262435,207.61540681093325,56.0708775615103,57.81477963275158
311.01811056521734,207.58187091957336,55.9545978835627,57.881851415471374
311.9897917241092,208.4647181950714,55.8038713243697,57.90879262306589
312.9509021644291,208.3501788958235,55.67232435475878,58.13787122156176
312.9359049909234,209.30367182745252,55.70231870177015,58.02306675641894
313.0609788897758,209.2711064233585,55.452170904065355,58.08819756460698
313.12499125451484,209.28754125532706,55.32414617458734,58.05532790066983
313.8582779608364,209.48549640846872,55.64294677606797,57.65941759438651
313.94476169265295,210.3230168134781,55.46997931243499,57.768595340691206
314.0407877242861,210.2237519053059,55.27792724916865,57.96712515703561
314.15756905002536,210.08121852450375,55.04436459769012,58.2521919186399
315.2577838231561,209.95533345593702,54.62795399357727,58.503962055773314
315.3666199112727,209.9863421114528,54.41028181734406,58.44194474474179
315.2891952289922,210.1967498498672,54.565131181905095,58.02112926791299
316.3568902227674,210.08296567542894,54.20254432524219,58.248697616789535
317.1984346234712,210.12926214736171,54.29005461337741,58.15610467292396
317.09464081728606,210.2084223786282,54.49764222574767,57.99778421039097
317.1133726982159,210.20882742816755,54.4601784638879,57.99697411131228
317.23945146685395,210.150840121194,54.208020926611894,58.11294872525938
318.1596431303715,211.03903046260982,54.1362045071339,58.10513494998481
318.1818859933374,211.03083614083675,54.09171878120206,58.12152359353094
318.1156991007671,211.02833671257662,54.224092566342705,58.12652245005121
319.02832532854126,211.05875676550107,54.16787428676652,58.065682344202266
320.08518039246997,211.90073539391668,53.82135524979182,58.14891617825386
320.07114207224305,212.01539878143157,53.84943189024566,57.91958940322404
322.87256105686066,212.88729606684652,53.52614474807017,57.93564510808072
322.78576403886507,212.8621157393078,53.699738784061296,57.9860057631582
322.60967438516155,212.82674956092904,54.05191809146832,58.05673811991569
321.7245123283375,212.6522445837056,54.05703319835919,58.4057480743626
322.65483510795514,212.8916697866554,53.967124013535454,57.926897668462956
322.6649047473872,212.79241039043313,53.94698473467134,58.12541646090753
322.7397399668801,212.8090448789636,53.79731429568551,58.09214748384659
322.72509535705774,212.9619549652865,53.82660351533025,57.78632731120077
323.81437568183173,214.01783141961738,53.4054502581221,57.43198179487882
324.1658396201835,213.775616824812,52.702522381418625,57.91641098448956
324.40633864434056,213.7669116894285,52.221524333104426,57.933821255256575
324.61901781739573,213.6458525354252,51.79616598699408,58.17593956326316
