150.3699951171875,403.20001220703125,5.599999904632568,6.010000228881836
149.76471648004687,401.97734290324325,5.627751035175345,5.992889686549913
149.65907299722303,402.260448313703,5.6560583712167505,5.975617754449046
150.92866825716692,402.26917876661025,5.681089917873999,5.958156848634478
150.3654402437166,401.63641001093987,5.707852498547149,5.9407186727099175
150.99658394967202,400.82038180877146,5.729595398132896,5.921878962265323
150.89249442185655,400.7376224655865,5.754292915210004,5.903916110081354
150.97190320486555,400.10351641446357,5.779065411979689,5.886997772813473
151.51088201227307,400.11163730724456,5.803401185768789,5.870755987251582
152.23466070672757,400.028538595751,5.826597635843909,5.853109180365687
152.22317153678765,399.3936667433766,5.849575975723729,5.835326978694607
152.39526989706235,399.49270978621,5.873407626275092,5.821255078578196
153.02739513535954,399.31702026769824,5.898329361183705,5.804299198029528
153.10566360713008,398.5885505799313,5.926084293512655,5.786903566603366
152.81862697415468,398.0445881871181,5.946797821051868,5.768108875406532
153.63937515158065,398.33061516046973,5.965633654592815,5.74949899150092
153.81332408830016,396.9552641793267,5.986700637749357,5.73296452931992
154.26480173451196,397.1482283656859,6.006499554704341,5.716137840352994
153.9789889942797,396.14230444653697,6.024342120856921,5.697448326173585
155.07603170140402,396.6108077449204,6.045182851879091,5.683327623269506
154.32761529445972,395.8808767490251,6.064583871176395,5.665757820468772
154.7791596614467,395.88869518486325,6.085010616108834,5.650120948792496
155.6949073313451,395.43553659545194,6.101250210461803,5.632570660540326
155.9633513946809,394.70418645733656,6.118605261812298,5.617289128711903
155.58496368095652,394.5267822264294,6.136280388321053,5.602547440056296
156.4100889994648,393.7942061613579,6.14937063475722,5.589174340463466
156.4016004241561,393.70953312016377,6.166347785374621,5.573714080614184
156.76342324959833,393.25520339909804,6.181997994692056,5.558253697493299
157.40183364960836,392.5245296938271,6.198921452080961,5.541036242424832
157.3938197064254,392.531773587403,6.214949338446872,5.526548455273127
157.39265360360054,392.15958351749214,6.217281544096622,5.5316245563957915
157.9431336812602,392.1618730923112,6.225981536921826,5.527045406757603
157.38491978013664,392.16165537180916,6.232378139159654,5.527480847761698
158.11923897204332,391.5158771453648,6.244631254235334,5.523257239122527
158.47992057485294,390.31231577894766,6.264204089396914,5.522337839419041
159.02888229685368,389.8533786240197,6.27941800122885,5.512597686080526
158.83564934518023,389.94698890619463,6.294678208009585,5.51097997001371
159.95002878245765,389.94489148345156,6.295680592502549,5.515174815499896
159.2972763341406,389.2062557894072,6.299912353440792,5.505276905650558
159.94935937331937,389.30156853132416,6.296368461631495,5.5004545913235106
160.50234370720406,387.4490896195417,6.3044258178194115,5.491992335030763
161.14790486062103,387.3607015814698,6.31292482494574,5.483108223466101
161.05187844749022,386.9015300286862,6.319328298574211,5.473204565867654
161.14715775501227,387.1831177354988,6.3143593160289075,5.466798049738662
161.51532910159673,387.0950825657972,6.319656495671546,5.457458420939044
162.16091324185265,386.35882741950087,6.325882779892952,5.447232068122235
162.2443789681468,385.1558234117589,6.3442255802764,5.444674794973348
162.7038262716403,385.25437032087416,6.352915007529571,5.433097783590781
163.34732676303548,385.2590487297757,6.364169983443251,5.4237409657877045
163.34181656494601,384.800304368962,6.375190379622194,5.413786467562602
163.52595181750735,384.15333386988357,6.377917428137586,5.409236027986254
164.16782285623057,383.97461916505654,6.39244918318853,5.395730056926811
164.07137769774786,383.3310449697808,6.399864852095733,5.384555911070541
164.34544995623628,382.0377001186452,6.407947793577514,5.375517473868051
164.98898683310975,382.6902289412223,6.418591643567926,5.368177432451223
165.085438462135,381.39396586985805,6.411122431185943,5.3646269358205085
165.36262949440794,380.74676603258683,6.412525494365358,5.362194645670644
165.8207464872891,380.75074426362113,6.422512204128475,5.354238183602044
165.9123559088328,380.1978790366302,6.424563143769909,5.34834994121117
166.0960848928547,380.19807629873236,6.427518057269455,5.3479554170068155
166.74653039154782,379.9140550784387,6.423346229778094,5.360261070496383
167.86462313642028,379.07117957368456,6.411717454160946,5.377594544408815
167.0336311756318,379.0641971456851,6.404383108760672,5.391559400407689
167.5949133252556,378.3162524373528,6.395368457406788,5.402715953214006
168.7032955596722,376.831366306385,6.406189494308631,5.402374207502802
169.35706368997492,376.8296455067838,6.39920830298601,5.405815806705268
169.2702183804904,376.7319104542024,6.387157658385608,5.415544648298594
169.2739895187592,376.0798435525214,6.379615381848005,5.419695772205613
169.73906913780502,375.98621727841106,6.377766810374063,5.4212861871028135
170.48142252826955,375.2415039930028,6.378333348903525,5.425439438460737
170.6637509046373,375.14996459552424,6.385145989107872,5.422783536948003
171.21352795285102,374.5009136087084,6.400375000074656,5.420305218619741
171.11985313129412,373.38373727393235,6.401732226265839,5.422748885100768
171.2111677072402,373.0120950302701,6.405155753990657,5.421822653957445
171.77067818052618,373.0091493275871,6.402678521120771,5.427714059323263
172.51661757873018,372.35483714878904,6.399977014309478,5.433308288522461
172.98080154743022,371.51613445206885,6.4025862586590785,5.434954754813358
172.8883328922659,371.0499495534382,6.401261367564422,5.436013544958261
172.88949991595436,371.04882885282103,6.398927320187491,5.438254946192565
173.5380174851506,370.49347077008395,6.405703646004435,5.431418428058845
174.27535884248206,369.749444754386,6.421048514382664,5.429442876413499
174.64064614971187,369.38144955499644,6.436307922467155,5.419599252648638
175.2865462687884,368.6361576916813,6.450256115132046,5.417899058344023
175.28178790608771,368.63624099459213,6.4597728405334545,5.417732452522383
175.83612904162942,367.8913429185694,6.472294243835515,5.41259037205389
175.73823931858715,367.70701268178595,6.48109624406794,5.407295953916551
176.85185758980217,367.0576249811496,6.498192743213088,5.396877080936996
176.2843524438252,366.96603671846395,6.510464401964933,5.392930500774591
177.12745891294907,366.31522865814014,6.509486993262428,5.383807876220428
177.40745576395645,365.007112389042,6.510751691158001,5.380834548168533
178.2450928662967,365.29067694066754,6.518995988673061,5.374878278982563
178.61944743768595,364.8250350263974,6.518640179093867,5.370720441023582
179.36901938684667,364.17269737796966,6.5156220834764165,5.366285660513056
179.2702700999829,364.17839284815227,6.526222976891602,5.3548947201478185
179.7354092177596,363.42942823546093,6.530328532269815,5.357809880039808
179.64243705085815,362.68253102752243,6.529285873512719,5.355708355436705
180.85322238137488,361.94018124440174,6.5378962848708015,5.34491187712943
180.66675092704193,361.9402036225579,6.5370493546052275,5.344867120817137
181.59896289485866,361.2886505103192,6.54143718711344,5.339805107595388
182.2524611630874,361.19855600134,6.542508206772543,5.3331273318228165
181.68618421852761,360.63925265322115,6.554410389499068,5.331082321667487
182.61999058014823,359.5167717481011,6.556048566966127,5.332943051057711
183.27407392921813,358.6751805250084,6.556744349089832,5.333302308332889
183.0841855689034,358.3036918397391,6.562527360418996,5.328292260270821
183.3671498317471,358.2991984143064,6.55761277350821,5.337279111136215
184.11832590941282,357.6387220514819,6.551856756968621,5.348710215342297
184.30149981083878,356.42585511823404,6.559850764892596,5.341222311794697
184.86119059786313,355.7720622306985,6.563505247013985,5.338599354667258
184.76770648366127,355.7691066460659,6.563287073878167,5.344510523932543
185.0490026786874,355.11432783130454,6.562530643531992,5.343117580807691
185.70095132737623,355.1179926714747,6.569344870499343,5.335787900467322
186.82557422359494,354.6495143297889,6.566866651134179,5.336591428392143
186.3560132966103,353.71290026450356,6.5699606977650165,5.337763944285774
187.28982826879346,353.2450423640658,6.575051333705217,5.337119455008108
187.94345873439482,353.24698969673886,6.57916918291318,5.333224789661971
187.94174030216172,352.5913772953378,6.582606047379369,5.333069228694819
188.3189980914954,351.6555451685046,6.577651723812125,5.3308303446109555
188.97550544132432,350.9997458095834,6.57558303022886,5.331483056378791
189.07131482376056,350.99850333457374,6.57122105889976,5.333968006398125
189.7300790250073,350.3405625370661,6.564302703695901,5.339239554123814
189.81923294242185,349.59517572466166,6.573203876892912,5.332341114723778
190.56572309051498,348.9380164315349,6.57809668812351,5.336020731987517
191.59713424492065,348.93680514279976,6.5763314265231125,5.3384433094578085
191.8837768737363,348.4629778369114,6.5651888874897395,5.349193390237895
192.07237994658303,346.68751957722776,6.562749952138984,5.339821411349725
192.45488284927274,346.6886241426708,6.546522400480445,5.337612280463684
193.20484988272483,346.59693816431906,6.54186426715879,5.334074745469236
193.7642218090812,345.9448012417046,6.543804663303103,5.330883633698262
193.86129114989765,345.94269248556037,6.536424906091286,5.335101145986786
194.5210204915847,345.28514473976594,6.523962184798961,5.343200675493915
195.65025610347246,345.18812064760465,6.50532749107202,5.350595815645802
196.21389153979095,344.5328442647468,6.496972196340594,5.355747073804938
196.21919739008248,343.22659621039503,6.486360495757557,5.358075220609498
196.50359638397117,343.6914780007634,6.476507069459005,5.35988590900405
197.34133984464523,342.48452516455853,6.476751858091017,5.353290222553571
197.80731179611666,341.9296528604525,6.475256624878125,5.346496427089748
197.8074499841459,341.92918429312925,6.474980248819607,5.3474335617362385
198.27038369469108,341.1877595887492,6.4789525033398325,5.342539489519429
199.01580392820745,340.90846021923386,6.475712479478297,5.343288062360896
198.9141345097975,340.0745048350023,6.493139032795,5.337988279294928
199.1033123408952,339.97566314458567,6.486973001524506,5.349576844665793
199.9360657621846,339.2277933724227,6.497149958028885,5.35581967869556
200.58065689221786,339.0431263511375,6.513079031051626,5.352264768954689
201.41322914393731,338.3022709145387,6.527623612168336,5.340918678102874
201.8767131595987,337.74019152635395,6.5340178694529545,5.345042708143513
201.77716201919358,336.81224974685813,6.5462827378756785,5.332552143260114
202.43374560433568,336.158069566513,6.5408834575498656,5.333144613991973
203.2697019460802,335.97134097238325,6.5497261372845665,5.333100610424012
203.45433601957424,335.3174987434483,6.55422951715673,5.332584724282998
204.5725902779735,334.94465040719444,6.561080340018961,5.330494950237129
205.13439033516846,334.2050501362593,6.559588548343369,5.313551061821753
205.31394967273454,333.55711053537533,6.573911842506317,5.302383371056621
205.96164400528636,332.72438129596515,6.585843847081325,5.287000988861533
205.76758957197643,332.5450049246184,6.600564666794727,5.272365684648591
206.31991818970357,331.70915896752746,6.616002829067501,5.263914502239879
206.78246453278953,331.2448783039946,6.6248208586082145,5.258565113592973
206.68420828815132,331.24474831498844,6.634502881865744,5.258825091605381
207.2417300796003,330.6852384948044,6.641357352958838,5.255946677982227
208.16957234545285,329.4705074356706,6.656085572329063,5.2538722198519
209.00655668256263,328.7225441117876,6.667215069667637,5.251933826232837
208.99732398246354,328.44149129259114,6.685680469865822,5.251923369276438
209.64288315025948,327.6011449803071,6.708143480552474,5.243725691486456
210.75891487329082,327.0433105849485,6.73045850076498,5.232205249066025
210.08909312892303,327.0474937512945,6.753971383466633,5.223838916373975
211.02739031898227,326.3939113087841,6.759794570009679,5.213311504731777
211.6836096379642,325.55056321680854,6.764470577252195,5.20657457341754
211.87031790994595,324.796786126575,6.767295779815173,5.209161767778695
212.43238943706652,324.42179395375416,6.772389725401025,5.206321446869135
213.36843417804602,323.6727635084456,6.782676742190598,5.198481138487399
213.74138849548254,323.0181147786134,6.7898355491511255,5.18991057494301
213.6408230407721,323.0236639772036,6.802730127287028,5.178812177762507
213.9163027244996,322.46252544751565,6.816526591499731,5.171577573803168
214.7588628779723,321.4314814012292,6.82650411344573,5.1618794310643805
215.04240689555218,320.870233096761,6.824429764091782,5.154348668388955
216.17264705987128,320.39962157751904,6.822148676806578,5.154655356309126
216.92680257293085,320.5866436322912,6.819065845785222,5.156918295539273
217.01742702418727,319.17753930044904,6.825960457389359,5.152974247468879
217.76955328247445,319.1812888556108,6.8271810385868745,5.145475137145412
218.04996825549264,318.7145598255099,6.830591690526686,5.138532200720197
218.89542555088607,317.4964563129856,6.8318451826664335,5.130496439319318
218.99919186633878,316.83521721875,6.8122189519337075,5.13762982658157
220.0306836798006,316.6472033006207,6.814200220617214,5.138209500002687
220.30900584612758,315.89939264151866,6.820847093617538,5.131720936461997
221.05709845714406,315.6238801384107,6.826733363792898,5.1194691330997815
221.62183450724456,314.5916224930643,6.82315084576959,5.119853523133522
221.53518436767715,313.93593117751163,6.808851118854247,5.1180361118876085
223.03568381257602,313.8458473724665,6.805493099601284,5.110851167568901
222.94071305576648,313.2885399633848,6.808250654429868,5.102362232989199
223.4150413561745,313.28917724999343,6.795029727698018,5.1010876597718715
224.81823631337977,312.5442807048905,6.791614947949809,5.0959606781577405
224.2532689883762,311.15013431790476,6.80117447555523,5.083315646124879
225.38003233225146,311.14950124457204,6.787662412182902,5.084581792790347
225.8562807919257,309.8166915337609,6.77926378290062,5.080897598659723
226.04505359650346,309.81875330139746,6.774307834350813,5.076774063386593
226.89165979459665,309.06992366674837,6.756462977834902,5.085217741866469
227.56493857679197,308.0712190646258,6.737862966312119,5.087992450847614
228.17372632843126,307.4471805548891,6.734569504571721,5.105666629817489
228.1768721425653,306.80028433019294,6.72827787630364,5.097327767555602
229.34299273145666,306.19178295040797,6.721350436110527,5.091066968203133
229.80333775985116,306.29224709197416,6.728554751045559,5.075717559415634
229.89127692003194,306.29931612374725,6.738114351000432,5.061579495869435
231.05786130764346,304.48937821309033,6.721762391887687,5.063001521626126
227.36193686650145,303.8322861011615,6.708544888044102,5.081299127911358
228.0115236573239,303.73364006704014,6.705940657332022,5.093367003163719
228.4769658087006,303.07602002698263,6.701964013300049,5.110936361068672
229.49799014806473,302.79542856154535,6.7015991546933575,5.115296431909977
230.15026777533237,301.9542952026416,6.696756204813791,5.126504472303074
230.6148680920993,301.2952385052601,6.696466095663906,5.144143132928595
231.35905924286052,301.19430458342896,6.696605726363847,5.159945735063087
232.00834398758747,300.3478538335867,6.702310471250647,5.175923219166597
232.0996053517789,299.68809335025196,6.706460029306419,5.18873818076566
233.0274976389937,298.28239096542745,6.720119163414628,5.195977387608024
233.68206402848406,298.27977239298093,6.721882800080967,5.201214532501021
233.77073440737135,297.71781712359336,6.731925183070622,5.200826226690658
234.70683584616654,296.5891225601199,6.735024518609187,5.207852697882901
235.36519244993409,295.841451253638,6.732155278971603,5.201659347535261
236.67978130918473,295.83757190569486,6.728639825011226,5.209418043421536
236.76881048781536,295.1816429166414,6.738201413943639,5.207936398172705
237.24097849722662,294.7134611655165,6.732574830331872,5.205590465211671
238.64888455999073,293.9564662963038,6.7310287198658605,5.218638328937219
238.55739113354673,293.29968827533406,6.7262090154383,5.217548469668277
240.15417072719794,293.38579535000883,6.723807670320849,5.233049487506012
240.90223696075938,291.5923024333129,6.731121052713684,5.2493514282981995
240.80603868731296,290.74750207938064,6.735209851653015,5.244182404581074
242.02124783040512,290.37395185362294,6.752511810786326,5.238138165229586
242.7712240288266,290.7420344326551,6.7601775100782,5.2557820552326255
242.85979374152365,289.13851337259496,6.77189466275709,5.252262348113037
243.52333047972076,288.66403142004486,6.76766975492726,5.256334418524335
245.0305428012236,288.0023188614252,6.776926399933607,5.256898972258459
245.3140203045519,287.42791257362006,6.777363590469223,5.270927153484163
246.26431365717417,286.9427906229704,6.7704341091160956,5.294342442837807
246.36011353538413,286.0885467778971,6.768474997293075,5.29606433161191
247.21057923188079,285.5213261514946,6.774291688309698,5.292673528410295
247.96722494241297,284.48063420631104,6.7783803063510275,5.287659865007025
248.53348673008017,283.71996911066117,6.783777655675411,5.291762156761799
249.9589878815158,283.6176681649334,6.779816501017328,5.306561305003282
249.95298743907668,282.57783604150376,6.791817385895575,5.296414487330885
250.79818896970568,281.82433194049867,6.811426467659846,5.28341189554353
251.27176766334722,281.7259648284833,6.814716625312289,5.290056610587136
252.69531976728075,280.3931039670438,6.821331594370602,5.2923071016692
252.99041191166256,280.186399059564,6.802304303756782,5.324945584528872
254.13456339461365,280.1758964994247,6.801509793083175,5.3459507048075
254.90076338724268,279.1252753259707,6.796749430906119,5.346688569979141
255.09437286184837,278.83913723045663,6.79131865534845,5.346282500526789
255.9453025172565,278.0765957779366,6.806698648692074,5.3449304685358525
256.2314075001874,277.6855445409296,6.807542019410689,5.3629618271091415
257.76100825716804,276.3419108406529,6.809518924773912,5.371698110753671
258.23707307811276,275.09787973570116,6.814868355528344,5.370314731783084
259.190642138693,275.18939670215167,6.823282639034591,5.378836039348679
259.7671201746861,274.70440782496826,6.821261337689426,5.389701484847933
260.5422329187565,273.73282725905494,6.806779603105086,5.413182924728972
261.8790556779552,272.9609372989584,6.822915540430126,5.419944870223493
262.55209453533394,271.9913842685245,6.824227281892267,5.434208850777452
262.6445943542779,271.41049418715534,6.831963360749202,5.4395747130467385
263.50332361695797,271.41132185827985,6.850976706271116,5.437919370797713
264.2727103266104,270.7335302531229,6.8578497686186335,5.441061909665655
265.04323129621906,270.14896359690636,6.863704668211586,5.450022592991223
266.59511749583737,268.78572588173023,6.857487729516367,5.466136995369699
266.5002620953276,267.91413698090395,6.853435169448043,5.4654445472315825
267.55721628847755,267.3374756352211,6.87011691352009,5.456627167485273
268.2345751820282,267.34088041901504,6.872017541694385,5.449817599897424
268.2282715850396,266.7647301003058,6.8846247356716885,5.439790768906129
269.0017352238598,266.76564781621283,6.887709983911435,5.437955337092199
270.2612395452949,266.0898151182411,6.887698381052423,5.43323771149103
270.35544369399963,264.7342423723424,6.892982294090677,5.4326922570230405
271.03928923734713,264.92776701404523,6.881640913615648,5.433171461108874
272.58202392341326,263.577936916625,6.89374578750822,5.422454190677648
272.8750717745191,263.67533057307503,6.888478918869505,5.421276488968473
273.6552812374715,263.00205151765067,6.876138914813743,5.413265543199235
274.61871356012665,261.6524723236775,6.881182686007911,5.407752148039274
275.3069282622166,261.93605544910247,6.857002490593164,5.420121272374429
276.37630975832917,260.47840896780116,6.841340776564184,5.440276128346055
276.57985455917844,260.56763299135696,6.820443986302531,5.454924486952836
277.361953919176,260.08011557637195,6.800354382815935,5.464891119104842
278.1326866503534,258.6375439074479,6.801825114699637,5.457029092755851
278.7168770441254,258.6380972002644,6.7900175371087395,5.455922507122917
279.96139132672147,258.2580984340672,6.804309754077773,5.4456674911599325
281.1069191597434,257.0130777936609,6.824648148380647,5.431698539930125
281.0015669583766,256.24619554252115,6.842651104307376,5.423851467753919
282.53695245215533,255.86038638178175,6.8574794331000986,5.424069960145249
282.6359753827201,255.08886355587788,6.852514193565451,5.42247063919377
283.49402053434557,254.70465290453046,6.873231419877176,5.418977484305194
284.2673867940058,254.70099948198316,6.8724118469218,5.426284329399775
284.7457573037395,254.0277857177932,6.882397018801287,5.419295189894047
286.1853504243288,252.578325522795,6.903979562896846,5.417446794616108
286.1907613730996,252.76338368781958,6.893157665355396,5.434700161182326
286.9571376141762,251.99097431333468,6.910801519897539,5.429122573456683
288.3146787777491,250.9212711161646,6.911424973485424,5.4347601400775245
288.2100173647768,250.34217552161135,6.926667668929296,5.42847054617945
288.9814099909159,250.14933291885035,6.937571636902237,5.425733446638659
290.4391781330438,249.56459214978878,6.937037128574932,5.429214274390411
290.6272586716777,249.37634888075718,6.949639793527852,5.416937070233
291.4981149419215,248.59740623594436,6.957301727737725,5.419822826794231
292.1742482384281,248.40417823973183,6.966808344142588,5.417200759385557
292.84356403942064,247.33719660207652,6.990668602789425,5.410105396560302
294.2020125979111,246.56284912029588,7.002242880889618,5.399673848646695
294.3914802258688,246.36789601531274,7.0131030350524055,5.399784648534836
295.17156744697934,245.58326635981496,7.013451342899188,5.408521209462563
295.95303491398784,245.28673449163972,7.012220427743652,5.415945938739999
297.4099916533625,244.1157745376494,7.028034119397056,5.414084110398353
297.5118987008792,243.63057667638407,7.019746341295332,5.406848248270327
298.8782346860348,243.53547584834203,7.021020586488002,5.4017680318183645
299.3675483899205,242.85611634713493,7.018485918193854,5.393957198964381
299.4674169474957,241.8854226415489,7.013801362206855,5.384819018502075
300.6330042154499,241.10554172299496,7.020612082183868,5.385924018353005
301.4073789650305,240.52228714429594,7.031495145443319,5.382708753935631
302.0854680205159,240.52152730856866,7.040791139545252,5.384228425390149
302.27890878943225,240.02782492868994,7.044378301642174,5.39546143532371
303.1532924416053,238.75546393899486,7.054861394174652,5.399043952555921
304.2230850964538,238.94382747531287,7.067873201453438,5.413698173915517
304.9126678501757,237.95973126895845,7.061604782740546,5.420609031294542
306.37384871996795,237.274007524922,7.081420423974739,5.419040408318708
306.571762840352,237.16437960188043,7.078436156928813,5.441874267540831
307.3520227953462,236.37836500399672,7.091905778725884,5.439913931522694
308.04480606600987,235.8832535974451,7.0847956189956935,5.445525043485078
308.1493658779408,235.09097265047308,7.072581268680537,5.454844749055805
309.2230509227586,234.4097355529341,7.090788164416148,5.43922449889755
310.0070760486034,234.41322041325748,7.097890260568221,5.432254778250813
310.7879039965983,233.72677918174233,7.111344630336152,5.426915758743045
312.45915654313904,233.5291387354357,7.117957863523964,5.4281827306187385
312.56291478845975,232.8311914400994,7.107569874890009,5.444177807239429
313.54206320204986,231.25168406111936,7.121582135877521,5.447498024131256
314.3269042903452,231.2509535381094,7.131890843404756,5.448959070151217
314.5284431982339,231.05024479691883,7.124172958033096,5.455016622126742
315.9066096445836,230.1624474942819,7.135094089521071,5.45166221185151
316.79211198518027,229.76492492757586,7.144045723893776,5.455615649456479
317.47908805908287,229.66820797876147,7.155911365698674,5.451075577140969
318.0715175283679,228.8775359536758,7.159537711991594,5.447772580828343
318.0661156666875,227.4944071511968,7.170341435352399,5.4408782724718
318.7557271735245,227.89103860753553,7.178059633273117,5.440153194991427
320.0526284353366,226.50205030291656,7.16138059796767,5.442766047578511
320.64569258278476,226.39895601771394,7.163424292753019,5.450925953036812
321.7404074019108,225.71032652206142,7.15411774728871,5.440833885295064
322.5312767542583,225.71293539494317,7.155470159271628,5.435616139531591
323.1214954143382,225.01855682558454,7.1619638921072974,5.439620383087361
323.1128109703518,223.63975209130612,7.179332780080141,5.425422919015087
323.99730597362236,223.74096858476375,7.192514603015525,5.4210090242638405
325.2846099209742,223.04336938087036,7.193828112008443,5.429172830060153
325.9776470215335,222.2543984126663,7.1958623480115005,5.420705124043539
326.2816148206207,221.95461655402272,7.182508233023081,5.425687358144753
327.0809776910414,221.46200461356597,7.1683568582430395,5.420552260269876
327.86775672574294,221.07343081084605,7.1769770597386495,5.406610730260374
329.3577758503455,220.2779473076632,7.162076307154566,5.4161710717614096
329.4489353199679,219.88965703149663,7.177362385019324,5.402331555656069
330.43956816124984,219.10310331101923,7.172214362824002,5.3945448683160695
331.1406965282296,218.60750593535082,7.151800247160578,5.398709178012709
332.1265233614344,218.60449263113819,7.151778456290346,5.4047357864380094
332.72658348821983,217.90975388220858,7.135226062440193,5.413384114622971
333.8125653386029,216.92381535085207,7.131915443923334,5.413758375291212
334.6947694086688,216.33259743967784,7.1414606085316015,5.413558661146359
335.4909759581818,216.13000323961714,7.127032817681119,5.424250734223858
336.2823796612938,215.4340462491154,7.1218473402549165,5.43574552752913
336.7790992671088,215.3328020406606,7.114964183879798,5.440922733387751
337.56380855455706,214.64765241707516,7.123870829882185,5.43018741227207
338.54455338152314,214.35040419506328,7.134895122876605,5.43292967221789
339.1410202091636,213.7513798003274,7.126747088826673,5.446192840458567
339.4321036760566,213.6516605164109,7.137249275889361,5.448075034675377
340.6203248007014,212.85636050254502,7.13377446211542,5.4566967720634025
341.61386893792053,211.46145521079686,7.1250352283246245,5.476818698653316
342.4993188060355,211.45957839082072,7.136401728721797,5.480572338605534
342.60386048344,211.45767879837206,7.125582645535395,5.4843715235028805
344.1806128349882,210.66372110341885,7.142654312961252,5.48699872814814
344.18669128906413,210.56101920128606,7.130497404809403,5.493938071178628
344.7857049055505,210.06423736113555,7.1228218216864905,5.495542043271391
346.4686360968465,208.57058918346317,7.128074040491092,5.50832551503076
346.87230344160685,208.96261779648518,7.1150965283857195,5.518625466402008
348.2605686210736,207.5671405517238,7.118388387993703,5.529757737383217
348.3518601082011,207.67134721514208,7.134595643883902,5.520134640691859
349.1431102039409,207.477229253341,7.143145265842715,5.510608110934473
349.8343543568312,206.7830356935427,7.152653589456655,5.506998601136414
350.83411597286937,205.68703572035062,7.142560848377242,5.510625007423963
352.2178494674331,205.7894860163423,7.158966018482656,5.504572426814408
352.21247892746237,204.39748163042592,7.16970709842408,5.50258277617339
353.0038757633637,204.69789081177174,7.1799647637861215,5.499158664918464
353.79688968022987,204.5963904536134,7.187794037994284,5.502927242742606
355.2967430035436,203.79728968231876,7.1792832822033805,5.505824310219008
355.3908979600952,202.30074250065258,7.190303786719152,5.508962409269437
356.89100158848396,202.29575770991028,7.18334301759511,5.518931990754012
357.69047753583754,201.9014947022466,7.181239525545141,5.509033804752784
358.48281140289606,201.10429468855185,7.191872568455171,5.508133055115273
358.8858404438268,200.9053158856238,7.184055216099452,5.5069702962185545
360.28012018433805,200.0104699433084,7.187402726904002,5.501864828960459
360.2810019287528,199.51006628600183,7.18563923807452,5.505723324550089
361.0737112082838,199.41098104972568,7.1956268405015855,5.504468026916217
361.7693050252643,199.2139289039133,7.201343115031119,5.499456916115099
363.16702215511066,198.4155283478811,7.199793330539575,5.499752613778922
363.1661657171604,198.31497743343343,7.201506206440008,5.501310084407006
364.1655356788508,197.3172702895742,7.198725217467625,5.500765437717138
364.96788645657574,197.0184080290083,7.190380335063756,5.4998562064566805
365.56534977795803,196.22267844595996,7.191868333115615,5.496095851464831
367.06963314165876,195.92180738557224,7.173758782949051,5.499746536793299
367.8636870249998,195.12571263812802,7.178827153939158,5.498759894009437
369.2690262978678,195.1154286518073,7.157064480705977,5.51932786665091
369.2757851310735,194.61243642426913,7.143546814294652,5.529255934957892
370.07028381825796,194.51625022977174,7.147881423075149,5.522461826058999
370.6716835808739,193.81505681417093,7.139814341120798,5.53099414010359
372.17102014007827,192.61657920238548,7.128207819290257,5.538296086411849
372.37168768418707,193.0121517571018,7.125031262932877,5.543468040699695
373.6680911999954,191.52203210811007,7.120717591022909,5.536984231329446
374.3601662180693,191.72159000413868,7.129171577856531,5.535755302981165
374.96759120701057,191.2160817494424,7.1086374664247876,5.551508590331363
375.6577962114691,190.4258600485042,7.121192577115772,5.539991855512947
377.0523949104973,190.42495992589946,7.117990032602816,5.541792100722432
377.0446521857772,189.8344688095957,7.133475482043119,5.528894533257492
377.93083858543156,189.03702682864366,7.152163316795967,5.531724598217903
378.7206191928796,188.3451023540031,7.167308739040542,5.520205240000975
380.31174435989095,188.35141780047738,7.175170461450499,5.507574347052384
380.40783906972985,187.7537219303791,7.18227721588036,5.507189042603324
381.803792514766,187.0586199582484,7.181947360826547,5.501604469355491
382.7954133198474,186.46468859753008,7.191728479774539,5.493653553325644
383.59019223173567,186.56364053270087,7.196745388639179,5.495071524564266
384.2810724227838,186.17090852751198,7.210935533883807,5.482849519318688
384.98002321366863,185.4699553004528,7.209103368166686,5.488686557384504
385.2709654353118,185.37513032399733,7.225736363779206,5.478830697329156
386.66390638247253,184.67424420949064,7.234233762567521,5.483413279787631
387.6733307457417,185.15742851743124,7.213413720427014,5.516059006105332
388.37691849171995,184.5503504979287,7.20636504923322,5.530106341599572
389.374676721334,183.44179580689243,7.212244610169826,5.545680101490834
390.4818491782572,183.125858799277,7.203214820764526,5.576104537328651
390.37390776671117,183.12026824311127,7.218256748535437,5.587285649660128
391.99486208747203,183.7031112901363,7.1963922136091965,5.629116095583398
393.2945357028648,181.4850959079657,7.217833886058233,5.629965639066301
393.8030866504684,180.8754274060449,7.210436348931503,5.637657413211217
393.90613061297415,181.07291098593018,7.2063012589865885,5.64659592357393
395.0122151759826,180.56801544703248,7.216516092237776,5.646212474429353
395.91735322612914,179.6589851010915,7.225904359650689,5.644608798605251
396.9301367928453,179.7526793860722,7.223361648796258,5.6595226709016515
397.64035392925393,179.43478554510025,7.220469634153105,5.687792242199512
398.14458318906253,177.91972003307419,7.226616923120478,5.674105840498029
399.6637984810861,177.91601925685356,7.230079417414815,5.681507392939317
399.86815418828684,177.79656868124405,7.227300273538139,5.717442408895849
401.07916397304865,176.98524343842837,7.247367718531669,5.712034884849106
401.99440506491817,176.87267380959054,7.250425881957371,5.73344743728425
402.50643422498985,176.14581775780945,7.246973841525561,5.758310749250312
403.20719864040086,174.92130855357982,7.27674845434096,5.753666111474083
404.7502674462325,175.61780284230485,7.263400296118596,5.794645945629864
405.0512751953016,174.99633987702276,7.277323982588408,5.805693506977714
405.96118082819294,174.89286740051315,7.308863632096694,5.806932802742381
406.7742247464608,174.2713604006505,7.332448858478563,5.812692005279615
407.47652286206835,172.72758888041565,7.374500122138354,5.8002761281602115
408.3100162099434,173.43066446526893,7.3643628975077355,5.843868245683128
409.6437316377319,172.49770026906944,7.396496401955493,5.840867465757302
409.84625540683294,171.87215113062737,7.40765334572976,5.843352296712286
410.25889642964023,171.54987389446717,7.415624968862284,5.8629665174723264
411.29303028435186,171.44764658636595,7.434897121224641,5.85866714749619
412.74989293239577,171.13001495998606,7.446881204421315,5.866992676123555
413.682471098084,170.3937971983765,7.465406245175036,5.874342687685872
414.51460487831116,169.66492383431182,7.478745810743884,5.864183180544976
415.45067116151023,169.44897834906283,7.494272579579812,5.876594298768748
416.38607567077446,169.45289182777844,7.515076480910157,5.868767341337486
417.33310912725284,169.64776534945005,7.5143411771959965,5.899760655603778
417.63814363052626,167.43823792910052,7.536860558452495,5.890696781679399
419.5450988017766,168.57956941138642,7.522029359268974,5.929693293579183
419.55220277356847,167.0842756408907,7.507821415685285,5.959745908830707
421.03061761616215,167.07861681348743,7.515311014046151,5.971063563637253
421.55893280284283,167.16708820945212,7.518858087156853,6.006156261002343
422.1880610791112,166.31893913512556,7.536555800926136,6.001182054580757
422.7061586134068,165.582502816911,7.564609051349831,5.984107044389109
424.19283518728935,164.83700522632483,7.573289001117704,5.984085676794946
424.817580750832,164.2062466325261,7.602607517698143,5.966793220726573
424.9219083036092,164.10291854433677,7.6072552197711145,5.960146589477908
425.98967268822605,164.2058377257861,7.604385265263572,5.967574108051929
427.1541902553214,163.36030462865162,7.622119835837168,5.9518986988559375
428.11262514663275,163.36210963184095,7.625482263930841,5.94828869247726
429.0736001118298,162.83397308371215,7.623698866788137,5.937802603595184
429.9190024855602,162.51363965616446,7.6381260400747895,5.939007488410271
430.03017984006186,161.9778395092244,7.629165469787089,5.943637088712895
432.3653183054554,161.8663095516009,7.652203202935926,5.953364519235549
433.5340963171567,161.5351917539794,7.6669194811125445,5.974071304956911
433.22031858815365,159.71100685086674,7.651260523333995,5.977559421735517
435.0356665667518,159.63666928232962,7.66502645266864,6.002634682230813
434.2874108918224,159.3120621087472,7.6576552425496525,6.0073279322623305
437.5011662043904,160.3776594734184,7.674261101607188,6.024172030984441
436.9664899624517,159.51852515484327,7.666954947119984,6.019786846751248
436.5484477063879,157.4746841578138,7.642444800481955,6.019644211673102
437.74200465651376,157.89664548237945,7.617814400543225,6.034806471746558
438.392812676834,156.81916710247515,7.604040064017279,6.043360391364249
439.7953234503568,156.28109886635616,7.588403500581106,6.046656485290926
439.9070482548214,156.4975358487598,7.579335804141934,6.042546345463746
440.77459386469354,155.21046486696753,7.557654694636343,6.046573143690345
441.2145521798222,155.30983213483287,7.533374683242397,6.0617477626755125
441.86079316823754,154.35103430710018,7.523588344234615,6.055299961406479
444.8625891263484,154.15825363800172,7.545769403614568,6.055880845469176
444.1233904421305,154.3703605804189,7.527022742527024,6.059422397641493
445.61514342244703,154.05381179330573,7.534581394946936,6.051577554785033
447.3679368602006,152.82304733232309,7.5152840542964725,6.078489610199415
447.164688162621,152.92420908772158,7.4942293979210035,6.0899421251697134
448.0261321303897,152.49773966425042,7.480445469657333,6.088328968475176
448.0310176097993,151.4276550524957,7.470674510838152,6.094496728534064
449.528760339258,152.2807933148132,7.462085404608482,6.095018119720719
451.3708238936962,150.57033679753152,7.448294677041871,6.108658510661485
451.27000013992574,150.5647980817317,7.4367076021194976,6.119735942261089
452.1320908371001,150.4524925378227,7.418408610630721,6.131111729721601
453.88102496567933,149.17660697631482,7.40191320127545,6.155376938478759
452.48985814556465,149.81050588974625,7.411673205833508,6.1672284819257035
453.7830802244622,148.29918875619526,7.3886252494523355,6.199233847378064
455.59719049454156,148.9294334086705,7.394613555541943,6.221406488162282
455.71749759698224,147.30779524800684,7.368225778817503,6.2512863871355195
455.73220350778763,147.28455048011645,7.338813957206702,6.297775922916262
