395.29998779296875,150.60000610351562,6.199999809265137,4.800000190734863
394.7968609157563,150.78837362668935,6.206253563689958,4.806283058123665
394.7927206483276,150.61413905940776,6.214534098547466,4.808602029802854
394.27668406482195,150.60561122192414,6.207171180931726,4.8256577047700775
390.89698822284583,151.98727549274483,6.203788571652798,4.836800668044056
391.76486304551696,153.10586792206593,6.203379441280717,4.855558478863047
391.15768405982726,152.40616767594406,6.200907524318432,4.86429624157336
389.8560695830439,153.70331326336725,6.1950805369020605,4.8790610077100744
390.55603442145485,153.3477891716553,6.1878532545895775,4.893757993879279
389.6857123324502,153.95213324083386,6.186339198269595,4.904580619552694
388.6366494713414,154.38445731927686,6.192045139941614,4.911774037894046
388.63277528199274,154.9058602115408,6.199793518638894,4.916403078833822
387.9370369382209,154.63981767536652,6.193139831991706,4.924189260860904
384.43456075396006,155.86598544027856,6.2064642897352345,4.918923499809191
385.2141372951754,156.04129511949387,6.221495720821512,4.918122922160163
384.7686462967235,156.6563217341296,6.236844652324067,4.91395598445053
383.79306667571643,156.65960004741996,6.259770494055946,4.907399357869798
383.3473479360896,156.8379380381425,6.273516703400068,4.901799884388492
382.1168597061504,157.36263820076138,6.275288379404566,4.906344466525289
380.96776624144337,158.1528348903274,6.2886150511335925,4.9077774196367985
379.9924066435226,158.85395642772866,6.303492739587146,4.913419077480012
379.6324373668546,158.40833235932038,6.318211908883207,4.9231429842467005
379.2767665767423,159.0249275119817,6.322801189606711,4.926769203051005
379.899748030283,160.25876351183015,6.3145589006714165,4.934538439646159
379.1042281951237,159.5491851131293,6.314240529354317,4.939154755593899
378.2993515365968,160.17265024488347,6.3320040543673315,4.930438774783963
377.3177825100661,160.08807802609877,6.347948213525125,4.922565585634832
376.42712820091316,160.0923567558825,6.357924910801451,4.914008126067424
375.0949145705342,160.2715048246218,6.365157956331563,4.9100045506191785
375.1897442276441,160.9716706176991,6.35269018642235,4.927205318949689
374.38438242085545,162.30538058134303,6.367883174867529,4.919003100215516
371.98247071326404,161.69238915273584,6.382453618225656,4.903327779549361
372.5963643119163,162.32020183563515,6.396094193177765,4.889130186007434
371.703313799802,162.4116290858846,6.40896019861622,4.883599187387527
370.545311673146,163.2088612983138,6.418380620624328,4.88600049189341
370.6413739586578,163.29151834413403,6.403868423614012,4.898298774266261
369.3902379583993,163.73690820742013,6.419857366493357,4.895477282564635
367.868525320681,164.4542279307081,6.440860600781313,4.8831540906469
368.2220009162817,164.45962848782844,6.445543967425205,4.872352976406205
367.67968341752845,164.9089137528915,6.463357269986821,4.862800525400898
366.1626794969518,166.06517123909697,6.472743966101602,4.863231134489999
365.53839125552366,166.59522164035823,6.474838315619932,4.871543589114298
364.28865959708554,166.59241839956164,6.478988508775428,4.877150070707515
363.6588201836858,166.94871880034404,6.48992686478139,4.878115252453283
363.8287859507454,167.3987086955611,6.507143044277359,4.87100474605689
363.11136231467253,167.30784883767998,6.512232734443409,4.874004764071696
362.6604273823708,167.3914252296145,6.519871403806781,4.885698219250689
361.4037753399208,168.19703364774404,6.525022744151087,4.88686529020603
360.2362276062604,168.1940825280526,6.529851683150298,4.892767529588853
359.5088734781097,168.55408895695564,6.5491894571833225,4.890439912916958
359.15190406206875,169.27086019158745,6.544418061638196,4.894317898907351
358.61016458209065,169.26675224442013,6.549886691022248,4.90253379324195
357.43454041014076,169.62523258149227,6.5626168270854635,4.905117183047399
357.2466896455973,170.16315995372412,6.578074300239742,4.909994606381404
355.2623895238628,170.15531004742536,6.577059317080004,4.92569441897891
354.9939614930735,170.4161064047956,6.571880046819959,4.946137036077085
355.3539119036272,170.50029040292944,6.575714502383666,4.958702858977193
354.08562468501685,171.31047908681572,6.5755228190847745,4.969103711538601
353.99672415665924,171.7567024211607,6.571959289096899,4.983479976364477
352.6344296463566,172.56777267949488,6.573372311240961,4.995245058772834
352.64377695569357,172.2869627362653,6.554677692567012,5.011588910546042
351.01158773442364,172.6450731286776,6.5477320460869795,5.022329034392566
351.2861241147824,172.9115671293575,6.544087394087391,5.034769141750785
349.9302309234431,173.6325106978559,6.526526294171496,5.048533995471028
348.8377590316494,173.72216271207876,6.528519646761063,5.051142502941806
348.831990098058,173.90608016714623,6.540057513943897,5.047278520666645
348.20251701363884,174.5367392625365,6.524312282388071,5.060651730280226
347.0195003104683,174.80503821364894,6.523357731512807,5.070281818182172
347.02253633017307,175.16649351016616,6.517285692103218,5.076243804597849
346.0242335315597,174.70676704443878,6.509445621663883,5.084585068931632
345.1984873035048,175.70905750263182,6.520794905229995,5.084623585654391
344.73532239935406,176.07887079957683,6.535063186011616,5.074646213780299
343.6413740485534,175.7109998544933,6.533342958749732,5.080515794326255
342.26811752919235,177.0812676486682,6.541796403687517,5.078039799760884
342.26452093341516,176.35357943946156,6.548989595241911,5.072406513705945
340.8998122432177,177.1712169953781,6.538740581393524,5.080931238418812
340.7107902220538,177.71749532502682,6.551531486526969,5.084133990704354
340.1605646545336,178.08148168123228,6.554737546618414,5.087657994926133
339.9790866273634,178.07658167413217,6.551732533560415,5.097458009126341
339.1545555539032,178.16402446126057,6.552947886309095,5.105666523110891
338.4210769822202,178.89420791880772,6.553935285528945,5.111269352162661
337.13880484888864,179.8075831720233,6.551545158394328,5.118043412729912
337.7744491348033,179.98935813059722,6.564239160614057,5.121345659596104
336.57235414897485,179.52873006590104,6.580668329262294,5.124232249369697
335.8343216095963,180.63069421247698,6.584956948692088,5.1279686452087
334.9124764845226,180.6254657867594,6.587663100598826,5.1384254966438245
334.4459699845605,181.08374619927642,6.5991266427744595,5.143414129358309
334.25644432041605,181.5436079206465,6.609045336824413,5.1465222722153205
332.6752730675264,181.36033657920842,6.630322927223356,5.143527906223183
332.3029690623059,182.6557435938297,6.63475087812697,5.143344085361316
331.4792358387284,182.64844500995096,6.6162301600642035,5.157941253118805
330.45465758620065,182.65016592751897,6.629681158699396,5.154499417982761
330.4464800232293,182.56149261313658,6.646036284642122,5.146632276314337
329.34173000644455,183.2047186943348,6.6315085099990485,5.157529668708547
328.4118122260982,184.12774667413734,6.638433952170337,5.164383827624914
327.58190073298977,184.77429374955838,6.62868131041487,5.169848498539058
327.5899201254594,184.76784732507855,6.612642525475662,5.182741347498761
326.8446499398157,184.77063767610997,6.619882565864734,5.177160645435904
325.8227223749257,184.95968791869558,6.623979492574245,5.169925288095641
324.9854476163008,185.7012404291959,6.630130991015564,5.169840728258159
323.58870313888167,185.70050497139232,6.641566281269231,5.171311643865359
324.14388022657164,185.7015410649852,6.645226141669316,5.169239456679571
323.11715080943213,185.88976913366207,6.656081358945079,5.164165795144647
321.4348586232535,186.63608274823122,6.676723373005692,5.157735169693829
321.70352142757054,186.54685858888325,6.697353475942247,5.150198251199507
320.2073494106993,187.10824923127248,6.7108579136055795,5.144481814950723
319.74024794530783,187.85115579196264,6.713608723304891,5.1489920873041655
318.9951278667899,187.75321925119832,6.712601373955078,5.158459230534594
319.1849314969416,188.30719188174848,6.7060838788469965,5.169783265020322
317.96808354488434,189.3305149044607,6.713591112998413,5.176066094180071
317.5018709787257,189.3249247405832,6.7117817713318635,5.187246421935022
317.59142507345075,189.6946505775116,6.7196749542917535,5.1958002377182115
316.8396898801535,189.5967586014837,6.725055372727974,5.204322943754241
315.25055087770164,189.5903451653537,6.716135582230463,5.2171498160142145
315.0586520796489,190.14915943144408,6.72482371465666,5.2248496748716775
313.82740485128886,190.9973605424119,6.745751367389973,5.218762932619165
313.35493721327555,191.0869896981392,6.750519010638227,5.227538147720206
312.7828950320607,191.55686734971894,6.76510788610856,5.229029083693513
311.92940823767697,191.46593916174493,6.775613906944775,5.222389063204689
311.5578010865461,191.46069651182228,6.7646334300268665,5.232874363049997
310.9960270927254,191.73761628491377,6.756870808231051,5.244690121585536
309.67167212491466,192.4960670020628,6.764823433576771,5.236792864587887
308.5410284273632,192.3078269769749,6.762689112868007,5.236035962128364
309.0135813360586,193.1537914899812,6.760451017366154,5.241268835515958
307.5949036721351,193.4374167969787,6.768438218690944,5.239891846825373
308.2497928574481,192.77866019434217,6.779728973181719,5.236335926981586
306.9327777771532,193.621677726971,6.770016920737062,5.249849427246059
306.26838509515505,194.28560430179084,6.776429518879071,5.244369043460555
305.9809287226391,195.0366546252171,6.784584817956726,5.2536215858199435
304.6615396146838,195.21991125906675,6.774641488481476,5.265497110318546
303.7052923431006,195.97969561010888,6.794778505275012,5.259814429332749
303.79696844382426,195.88306467605634,6.800877270977981,5.263625330287566
302.37775508900563,196.06509645896148,6.795211090116306,5.2787741498771314
302.4707967900162,196.3473843904055,6.798893901251114,5.283496926457008
302.4706933245539,197.10560467251915,6.799100832175617,5.286251249640233
301.51670322746526,197.1976605238683,6.807607568623519,5.292086892714923
300.55840071852003,198.14379225378227,6.822489240378446,5.30154677902252
299.89800097543633,198.14057995014207,6.809412543709655,5.307971386302959
299.23709526204556,198.70870930835224,6.798015380456422,5.314462889912393
298.2787402460828,198.7068583827583,6.810828798493162,5.318164741100285
297.99274049177984,198.80032087401756,6.810890837191599,5.321885581884343
297.0439010295873,199.4641937269498,6.801496935286022,5.329090854423378
295.89856449403203,199.55320965490998,6.804001092327825,5.341739741342028
295.32612722101294,199.74124341106864,6.803327752921498,5.34752152417288
295.80723591599065,200.31120237025638,6.796151856575202,5.353653398128324
293.69659032588226,201.0771575151038,6.815485099324925,5.349727812966868
293.5926262714147,201.0793367771108,6.832183016936362,5.345369288952897
292.72968413341727,201.4607094540434,6.835334117222721,5.348283124291454
292.05667698255195,201.36285520917326,6.840775813089663,5.352481241765525
291.5779562884354,201.36049522084724,6.839907875616076,5.357201218417579
292.05768280937093,201.7435725325946,6.839081457615055,5.357947894018812
289.94267844871507,202.51327146053725,6.851144127299021,5.35234860236184
289.83916182994113,202.32260355674407,6.866359076453781,5.350047833162062
289.0765790636067,203.47184910112588,6.855416454568277,5.355718976230064
287.8284359199865,203.27339606532948,6.856503067026906,5.368748174779449
288.4026265360333,203.943066223058,6.86112328394841,5.374576216506804
287.3503336828164,203.84122899515833,6.850053339602216,5.385918340417036
285.80590199535294,204.22611071611283,6.861360161999469,5.385544036640532
285.9922336995777,204.70375146456755,6.873725211462277,5.3928336845120075
285.8069116440925,205.46965096272302,6.858725519157839,5.403609901300436
284.8515697022436,205.56105693775783,6.841735009733263,5.4135653905431145
284.18569477862513,206.3285598306276,6.824802157860459,5.419911260929024
283.3306336914844,206.32331345560152,6.802311210673159,5.430404010981173
282.3650221310599,206.70697171825313,6.810153616546606,5.4324397716681885
281.7868088081418,207.57499800824587,6.811632421168088,5.428808953504778
281.7931941874309,207.67137078970205,6.798861662589795,5.4285184816746215
280.4444096966858,208.34472361048387,6.804866053169815,5.427595135566126
279.87331671985226,208.2446641586725,6.7930618791044015,5.435382351233518
279.8785227539412,208.24601517272214,6.782649810926486,5.432680323134192
278.2408469021474,209.0171703769323,6.79275208176467,5.426957883066502
277.66408452908536,208.7301101490239,6.7934629794303305,5.424671414654165
277.2819850659136,209.21156700940878,6.7892240346366295,5.422305032805813
276.69754615767846,209.97787007652605,6.806065189173993,5.425747781148437
276.02431304099275,209.68849739380755,6.806290656536669,5.427532818295998
276.12270595303164,210.3603814665734,6.801857347367822,5.430232277126127
274.77535831875787,210.3629929133646,6.8039560126077205,5.4250093835437125
274.5775799857566,210.6541853327481,6.814961070631567,5.419451956744806
273.62026867013043,211.32390637837983,6.806040456343348,5.426490137359654
272.7559616335894,211.41808245221728,6.803668600815586,5.430469759530281
272.47481604628103,211.79780723656793,6.78887993432739,5.44045997896891
271.3302250262421,211.50368042713248,6.770520369252336,5.451828196551635
269.8782043408247,212.85458700149184,6.791596916703477,5.440782216324354
270.44457042602966,212.1848032202422,6.812916905696252,5.433955592853882
268.8979339537646,212.96244263268602,6.825257887015337,5.419142749571758
268.40738802112696,213.35275166663274,6.843814347032476,5.4085530058848965
268.02252362490725,213.74033590723914,6.843065457267852,5.403862206876195
267.92549451413595,214.51588137275837,6.844591894438256,5.393025550814418
267.3475208713071,214.71220383013005,6.846264256600602,5.3851389439028425
266.579227701917,215.0027580987403,6.844637553172831,5.380860297510409
265.99281524249113,215.006594718941,6.864369181780762,5.373187057109011
265.71081091063195,215.0062478793904,6.8512996404340925,5.3738807362102134
264.45163788367535,215.298682533965,6.871426150229248,5.365523629549773
263.67533734059157,216.1688480667361,6.885285453023444,5.35627707030249
262.5149680571676,216.3646869991511,6.897173567579008,5.349407614187868
262.2174287929048,216.4646116374378,6.914829802688475,5.342032435419842
261.4427491364933,217.3314093401589,6.923199055201474,5.342050847826272
261.04419784578505,217.33815333176463,6.94929410302466,5.328562864614817
260.0822720498213,217.3338220999791,6.943840998797897,5.337225328185847
259.3138239871518,218.00361859828226,6.9368296123339075,5.348551404407213
258.8256199777749,218.0082986321225,6.947907931686874,5.339191336726745
259.41358410801047,218.1017744710825,6.930475062190548,5.345322223969177
258.0624333691621,218.77328008546579,6.931948449028522,5.352725040632051
256.60922175241194,219.4503146579847,6.942480985182204,5.350071554355889
257.1803703048327,219.36080833538685,6.959245911258158,5.335907194398691
255.93008979738963,219.44975969471804,6.948179796709344,5.351206562615982
255.93188070162716,220.2162326402929,6.944597988234244,5.3645208007428336
255.15104510395278,220.2186662788972,6.958711511412681,5.35965352353425
253.89424392598121,220.69675831629192,6.955761428920879,5.371374232758154
254.37020128336886,221.37466875552025,6.9724809251029605,5.371641249641807
252.91219609595746,221.36770318273955,6.978693420813255,5.385572395203215
252.51749911142048,221.9502627049043,6.99085399358908,5.386303445320882
251.3579010910589,221.94781130942744,6.975978465223767,5.391206236274637
251.26620241233437,221.94732846061342,6.965017179415504,5.392171933902665
250.59533183821463,222.0366856131004,6.947309889592878,5.407664548651908
249.8228930470677,222.81111137862135,6.938679719900395,5.412320769596318
249.92724326429237,222.41812396494473,6.924111555770472,5.4217665156717825
249.25322452863702,223.28633923079806,6.913707562461753,5.431903581332908
247.70313881252514,223.96178465123364,6.908780646482068,5.43949326780073
247.99701468699186,223.37324650439842,6.903378562013451,5.4518702325414
247.42168541865874,224.2407085987062,6.888627828636426,5.4650599489908585
245.96538452520866,224.3313788842316,6.8878834911305695,5.47794245290044
246.45157344556617,225.00914576925484,6.887609158593106,5.48335359430245
245.00199431082177,225.0022720420613,6.869203256760352,5.49710104868953
244.81168418038376,225.28704299005892,6.860933456050671,5.510894245072853
244.82043103695634,225.768739140193,6.84343974290552,5.520210534956258
243.85375353051882,225.76443325515663,6.832553002546886,5.528822305029019
243.1778088812268,226.2456475373598,6.82366703895055,5.538376070751475
242.30692452183428,226.92003580190587,6.815704269208926,5.550501810513432
241.1349837465794,226.92125784404593,6.825724732730419,5.548057726233336
240.25506929221714,227.11861811599906,6.834128043057559,5.542542870859806
239.7643317600193,227.4113717200685,6.842389620934863,5.540963754631946
240.14685222719044,227.89574324641467,6.856324744752568,5.545940774639548
238.68307541534122,227.89885589956262,6.85830032471559,5.539715468343655
239.0739412966273,227.89987832415613,6.856440921358021,5.537670619156614
237.70905374032145,228.48194256966278,6.857525865900724,5.542980771601468
237.02112201616652,229.1685615464125,6.868325878487716,5.5348062538249225
237.20746289086077,229.17288966829315,6.885729090911965,5.526150010063597
235.64228814650588,229.75785898077277,6.893370086592126,5.527227069990504
235.8365742239474,229.75774674672127,6.8954058105509555,5.527451538093481
235.15989773322048,229.75824202157813,6.881387184756008,5.526460988379753
234.38640309489853,229.9526151379985,6.867514757575835,5.527930181495038
233.90346765252374,230.44173067460198,6.858792297621809,5.524292452991699
234.58948577667763,230.9299144177999,6.849837348327046,5.52155446589093
233.5238418218565,230.92973912542567,6.8411398402394425,5.521905050639333
232.16602731261113,231.41658923333267,6.8349405043192615,5.520286389972119
231.48618127650667,232.19895529977322,6.834567980797109,5.509913795069425
231.49136030267135,232.199293353248,6.824209928467697,5.50923768811987
230.62362789895462,232.3955636433629,6.814112671482528,5.504599788872043
230.6290159210404,232.68776277787856,6.803336627310963,5.5013652782325
230.25028134612396,233.46063021265746,6.786791950571132,5.503658061820182
228.80071964409424,233.7487407470167,6.7866176656189126,5.50729653090406
229.37393126693553,232.98143620009438,6.800250665799403,5.495163963597893
227.92201532776662,233.76018399883355,6.80374715060717,5.484513909335614
227.44247981933316,233.85829758255312,6.796633550058681,5.481523665379567
226.86583854421784,233.95684194211182,6.7914401687669095,5.477514268182567
226.87131431700618,234.53267339543842,6.780488623190197,5.483459489421854
226.00302983348683,235.30711625783468,6.781292154445179,5.477476374214937
226.0004629042349,235.30836190686006,6.786426012949048,5.474985076164141
225.13055478622755,235.69771576889676,6.790891290044269,5.46754444494384
223.4857741428231,236.57050058290199,6.803450885784301,5.456858065146297
223.48851658613407,236.5653855481439,6.797965999162338,5.4670881346624896
222.81359973132697,236.6611587472435,6.797737909595182,5.468407707774938
222.42160835149377,237.43038307808584,6.810185280948856,5.473029822715609
221.64471360864658,237.4302638454495,6.818777135059989,5.473268287988288
221.44928449354038,237.71894446994008,6.823064612648157,5.475763167943425
220.28480818259771,238.39630547092014,6.831318375769353,5.474782166929083
220.0885981284029,238.1985611503942,6.8367339338148945,5.483266257636883
219.31205981211488,238.19575151678274,6.840027919592763,5.488885524859799
219.4063522994135,238.7812808781498,6.845307359769889,5.481013290771589
218.83129484081007,238.38798441723378,6.832515417040122,5.4923349726458754
218.43478106848355,239.16532005233,6.850322752009064,5.488104121821645
217.56008638825347,239.16699014875718,6.853625211297745,5.484763928967331
217.65343689513642,239.16923111783066,6.86093035927098,5.480281990820338
216.7828196376562,239.84535266889662,6.855755258623173,5.486357478605926
216.00780066454192,239.7523546695815,6.8532759505154734,5.47828882044415
216.10412895882806,240.53104805403478,6.8545152001687395,5.472068757342171
214.7519836850727,240.6274677443398,6.845409913940186,5.473043364856395
214.56667427571605,241.30391126259167,6.828648355926429,5.475987646897313
214.38138932561688,241.10896625318244,6.8122565387198595,5.478915948310832
213.61559953033606,241.2055137409047,6.797621433211998,5.479097809874991
213.03918416864533,241.69182350582798,6.792120953727614,5.471754282416628
213.52857202696367,242.36670382691128,6.7776045284499995,5.471956648152783
212.37981195406653,242.36608252789105,6.76353668328433,5.473199246193256
211.5132209896174,242.46225497074323,6.764790334629039,5.473290835772636
211.04101655774267,242.74770034227296,6.746913166289088,5.4797717119668174
211.04933033912366,243.4195232119586,6.730285603527059,5.4821387143481175
209.79981491417507,243.03560357794785,6.73240167442662,5.4816965119088135
209.3258925277195,243.89733743772558,6.719767794427315,5.4870903675921845
209.51762281030364,243.9951183593351,6.720284816565091,5.483517318026177
208.65504410820458,244.6653172387992,6.717991450436848,5.486692380462962
207.78228440903567,244.28844227464432,6.73591533612476,5.472622080928296
207.49562472234138,244.19459682605066,6.73322590478526,5.4683100432063165
207.20940137606559,245.63074140100872,6.729997002705345,5.474398866447895
207.01835509256847,244.95593730439163,6.728208056187611,5.480421762390344
206.2485981745984,245.62487366487187,6.731636461492913,5.486623793235263
205.19264975536217,246.1020702338952,6.729733118125714,5.493048919661216
204.90043376470916,245.90994382527396,6.737450236381697,5.492825161537001
205.09689942663695,245.99675184905786,6.729225450689441,5.511562383050826
204.52080383647072,246.3773698026978,6.726238289694516,5.520445369989199
203.6563101450118,247.14399683223215,6.721579830529599,5.5282098372163
203.2811467341664,247.13362138708578,6.701182316506371,5.548960727509055
202.61791344244938,247.31699942717742,6.6787336194632,5.56760901317642
203.0143318303498,247.4039612882447,6.656525784906034,5.5863425263528415
203.12327463167435,248.06893072026665,6.631257020976699,5.604721533347351
202.16814926612855,247.9694029803768,6.616278037809799,5.611254041701194
201.9844416295698,247.8723771729193,6.598899550062922,5.612908776183985
201.1269050702778,248.54463813407847,6.584576171677498,5.6134730181752355
200.25919946787948,248.45359682155916,6.5925002340741035,5.603612627391619
200.16980377649637,248.45193142934997,6.579384749241245,5.606943411810005
199.50570075166405,248.25585337220113,6.565285739099729,5.615583794734514
198.93385054832828,248.923962458069,6.558912724380679,5.621117947954472
197.97555054887542,249.88522309288584,6.558819541944937,5.615289859662244
197.87708965146217,249.9870953013305,6.564167082080696,5.603119697463689
197.00739828188725,250.57045185197464,6.580397859701194,5.585174570528295
197.19340132127297,249.90357061194285,6.591238747834602,5.578972666424695
197.20224408375609,249.98924115775156,6.573553222868392,5.5991226356702875
196.24427596219542,251.04248078993692,6.574068761215342,5.599606146551409
195.86607878894156,251.0329345168454,6.564231883517267,5.618698692734489
195.20485659012334,251.50180215024605,6.544687638919395,5.639526741814792
194.5279164208267,251.60231265862703,6.5563531462004025,5.6302507009546225
195.01408745804167,251.49815446457595,6.542893233271528,5.64679065675655
194.15854201337302,251.58665896641975,6.52747986779522,5.661615459159376
193.38857887882125,252.16370838785707,6.532741008193892,5.6585154628133205
193.39057015828834,252.54456965090432,6.5287584492597155,5.664252319171492
193.20283260332587,252.4439114111481,6.520443118806103,5.673673578494705
192.33521959931494,252.54248245728743,6.528411175587321,5.668449036353881
192.33623864143937,252.63823607888125,6.526373091338462,5.668898938101862
191.57015446805335,252.92462840077744,6.5230789678863745,5.671912720643551
191.08761089566426,253.50448540812076,6.528515452348172,5.663779498336518
190.3283991753856,253.11638761577538,6.511867883527477,5.672439578338255
189.85179929907451,253.49067222291342,6.506242726954146,5.690930291418561
188.79611761459375,253.3861921423955,6.505890409820204,5.707916299173011
189.08167979684637,253.76311031470937,6.511488319493455,5.723042986783273
188.89325934252096,253.46536570629465,6.503189753823334,5.740822992131326
188.12655351393565,254.71133785177034,6.494796338386971,5.754311944166389
188.13358955827456,253.9312689296412,6.480724249709132,5.771960147632178
187.75867901847744,254.5029156716296,6.459045583607335,5.785916282199374
186.98754201319863,255.56773390853007,6.4592300711432955,5.77665290255315
186.9974407932524,255.56141629039607,6.439432511035766,5.789288138821201
186.33201299225954,255.84460527573842,6.422716543135342,5.800440840944846
185.37400180908398,255.65408858044714,6.414455953776615,5.796617640385432
185.18284215720396,255.65948723469987,6.4122976069188455,5.78582033187998
184.70569036943854,256.5241672600776,6.406436189740951,5.784757268000211
184.89703626188725,256.4322844596226,6.4075941707948285,5.776597985934581
183.46110995210233,256.7180138191,6.402256228959059,5.7805773792609925
183.6557236999098,257.3865049485812,6.396615111290377,5.786147443110561
183.65388733204472,257.2906211267035,6.400287847020527,5.786120784449389
183.07337639000806,257.2944101175463,6.4102036894671865,5.778542802763804
182.20742025149758,257.29591535748114,6.415157137174543,5.775532322894158
181.6190903071302,257.7825001142242,6.4403373029836155,5.7619292451794735
182.38354261711643,258.3632345441502,6.448132017160747,5.752984885939721
181.6095177040131,258.2719125010978,6.459657090073777,5.743563377882715
182.47083586094254,258.2755063186089,6.4658664538563215,5.736375742860513
181.88907614177347,258.47544811165824,6.476933335800962,5.720643008893084
181.12163657515873,258.7632760724706,6.475848579773826,5.7209735457395725
181.32007488170686,259.335053746586,6.462939863327498,5.729321887458576
180.8454253218398,259.3305571178864,6.452652943271399,5.738315144857809
179.98494497792916,259.23229088868027,6.446501608198101,5.742946267392916
179.8927393980703,259.4203962636379,6.439032912674642,5.750495227960026
179.70293721532624,260.0899565914494,6.434868283569974,5.754566053411771
179.90215257348618,260.7632008387185,6.420207248673018,5.751271443853721
178.6627311676284,260.95685978945545,6.408192267673489,5.74716243356669
179.43410946446224,261.15111359919797,6.396252728863846,5.741359077796099
178.67586149200065,260.7733068969516,6.3841572917466465,5.732676791268709
178.29551294724354,261.5418927976653,6.381865101993751,5.721483548375542
177.53698594327076,261.54088761170044,6.374655317310246,5.723493920305209
177.53780247860576,261.639094546944,6.37302224664027,5.717533081210136
176.86693039129563,262.0261912501014,6.382439076104336,5.704669586413182
175.91048378712446,262.0342925889279,6.392598883801815,5.688466908760236
175.81156458589322,262.51451877321256,6.40026508538672,5.678875544579059
175.33427584878885,262.0447776877748,6.404153261772553,5.6676684176317025
175.80417037191074,262.9041165223667,6.414459009569495,5.659161377721376
174.5645819252369,263.1934942867243,6.423080540068935,5.650534009663526
175.22878730715942,262.5304375593904,6.424938081664688,5.646379158890509
174.4611485698233,263.19729530433153,6.440210667220861,5.642667946984696
174.45647139020696,263.19894518968425,6.449565026453544,5.639368176279306
173.87503121239828,263.20724452587496,6.47082548590696,5.62276950389782
173.3003582007671,263.49482671338757,6.478172230971578,5.618604767971484
173.29309413682975,264.07058159224573,6.4927003588462435,5.609375930777502
172.9078167851874,264.7399032436969,6.501427381564774,5.6039310688659345
172.52175478328564,264.55370967565807,6.511533243812748,5.595309134165749
172.6184417975533,264.5501442144402,6.508681608957932,5.602440056601515
172.61619309561317,264.64662402623543,6.513179012838187,5.600073224433296
172.4240804247521,264.73991043544544,6.516155681899108,5.604124742343943
171.75325514141474,265.0252320472585,6.522658351037384,5.605687760519271
170.50773202017425,265.3146699043203,6.532510876548666,5.599395211850205
171.36711364804543,264.739581527947,6.531958390274297,5.604098118284729
170.70438134630723,265.4979208831142,6.520567861736944,5.61525384453737
170.89412107223114,265.49738445353955,6.523053036198995,5.616326703686689
170.03514254095563,265.78107569075127,6.521668378600234,5.62205813597983
170.51983926980066,266.6370302315117,6.507817695467776,5.630126048662784
170.33345429544133,266.63544409628656,6.498540149942445,5.63329831911302
170.04783212311042,266.73191737236056,6.496991310717405,5.631282828260605
169.29169245223153,266.9193588682776,6.482272546935637,5.638149362811444
169.01142239685618,267.20409695802397,6.4705415824679795,5.640944258536899
168.73165814143874,266.5377989457117,6.458209589320329,5.639199107202238
169.21380365143213,267.1086364626597,6.445924529885184,5.639931225968091
167.8791690120354,267.6830221081177,6.452077424323191,5.632495528347375
167.30950736080445,266.9209707815497,6.450208012165703,5.635007895324188
167.40189881762817,267.58941836564674,6.455635182843669,5.629583317407693
167.01591495526472,267.49853681535177,6.466774017788325,5.621139195551993
166.2491208753857,267.69483603513726,6.478407382616723,5.609029454713487
166.82503001196594,268.16798150695405,6.467970352567557,5.613889547005948
166.07052196278033,268.7342942900008,6.4558134689425435,5.622143717409602
166.07318981065347,268.5434821573894,6.450477773196279,5.623586498115046
166.07385658735393,268.5458094398061,6.44914421979535,5.618931933281705
165.4049339800283,268.55075455486525,6.457437563638794,5.609041703163346
165.59024995159425,268.5559355038004,6.466617293184058,5.598679805293062
165.20823731611733,268.5574584537546,6.47111563473317,5.595633905384673
164.54238372127563,268.8405815708106,6.473505512137171,5.599095090820895
164.25679259174075,269.01895201938703,6.474702823882625,5.622344158550925
164.15760269861192,269.5889230225642,6.482696192877564,5.62472065577294
164.2517278233816,269.396483037328,6.484994204031257,5.628504104859262
164.34880391085036,268.81795427394604,6.481486535072747,5.641694595748939
164.2537306164043,269.38759769339737,6.480831435238819,5.647217889202417
163.68001745145966,268.70918371161946,6.482977295233125,5.667885304547495
163.96480826133276,269.37299429708133,6.48712918864348,5.678975664322322
162.90626992840905,269.3723667386054,6.497854374329976,5.680230781274141
162.32629647646257,269.4598580782244,6.507764608160528,5.696920880379995
162.4214705197772,269.735729380027,6.509510220242687,5.7214593729089795
161.84014011064906,269.72862258059837,6.517088729390997,5.7356729717662835
161.83565505874185,270.0157515155659,6.526058833205386,5.739991360143987
161.83157861883112,270.30290965938667,6.534211713026884,5.744875940377126
161.43516926414964,270.97763969110196,6.5539442232018486,5.748316725525602
160.5523024972636,270.98240865147017,6.576985150456934,5.738778804789103
160.15275359004823,270.98699810978786,6.60073613731036,5.729599888153715
160.33439684077516,271.1852462337652,6.6255642947402285,5.721218299082858
159.75759717930003,271.30826562365723,6.6494781368788995,5.711607027154382
161.20747394828123,271.8946465528179,6.667564068722746,5.705980956755524
160.31912797357703,271.70607261899704,6.6918496367438784,5.693705184088932
161.08838247287719,271.42099852863896,6.712458213325891,5.6791842741116865
160.97832588680274,272.20941729253923,6.737597087950937,5.662141126502016
158.9168506710683,272.21806933800616,6.763704429963475,5.644837035568132
160.56708238778242,272.8114838362179,6.781834860307959,5.629276461652601
159.87605988835628,272.0364047212335,6.797201506679934,5.61751657450102
159.96570553459995,272.23449948468306,6.8131967968781,5.611900212972946
160.05880706893618,272.53351993157156,6.8224357815460355,5.60018547921717
159.3704332590546,273.3199587733543,6.831418660989309,5.590467498874384
158.78434106132815,272.73594092694685,6.831346674233868,5.58624680948091
159.07378207865762,272.3508444890049,6.838384862325419,5.5752127216974845
159.06749901897882,273.1368338099227,6.850950981683017,5.565126372794694
158.5759653427155,273.0410195576448,6.8576859735736395,5.561488405223273
159.8387418787584,273.9186706774116,6.871176663792413,5.563985693438884
160.0187209312311,273.92255359099386,6.902335847050481,5.556219866274434
158.74812324911792,274.01473047444836,6.896685474547231,5.567777309883138
159.62443924642386,274.79575463949317,6.908158342747894,5.573822191182403
158.35292714428812,274.68432339976357,6.899469348276913,5.600399039969134
157.66968921511673,275.5588870660595,6.889868564656564,5.6205131041868945
158.06608502601685,275.64678211788754,6.884117700952215,5.641483190054807
157.48127515935286,276.12635727830315,6.871673035345491,5.667386535002474
158.2820378499978,276.20909244178097,6.8480491776208785,5.6991538984925
157.60347280428647,276.4903660885384,6.823473385215432,5.728766269475428
157.7139724811636,277.1631167296895,6.799959071045651,5.765660264264611
157.72591440498488,276.8482316644195,6.776075223403107,5.802282066459567
156.94363500467523,276.1355826894033,6.757146767456611,5.842028666996999
157.0492929122252,276.4143992238142,6.744112278366449,5.879239576204592
157.05928110627102,277.18807055319235,6.724135890274844,5.921307024565322
156.6720735442721,277.0705231879986,6.702389118277268,5.957361280953963
155.98663550683668,277.1520631214908,6.678306450928677,5.993561234286612
156.59757226107135,277.43317544480954,6.6533376675660225,6.0297889502025
155.71124848718134,277.7147576830626,6.628919917226843,6.065646239736161
155.52220695163302,276.8985739749528,6.6072725433376425,6.09909187601224
155.43236651420096,277.8804158270286,6.586893203532861,6.136010318549793
155.44369806850202,277.86323380364655,6.5642300949307115,6.170374365313945
155.3554726870102,277.9456360402103,6.54015988589218,6.206090864208561
154.96648851216858,277.52451836345347,6.515283747831994,6.245481729978766
154.27471400210004,277.80463759226006,6.492212818160886,6.28808039371197
154.3875524914666,278.28736397813753,6.4677938810631295,6.32891783013378
154.3975888455842,277.86445477180234,6.447721172827931,6.3686560339144265
154.2072067046816,277.7405301673263,6.424821951112142,6.414673491105943
153.51134913803722,278.93204507240625,6.401159744609368,6.458004834874628
153.9284685098208,278.0994231929617,6.37694513763072,6.503200320586652
152.82228462812708,278.2838461463236,6.358133399592874,6.540023414122043
152.111444850317,280.00403401532117,6.358004242154893,6.552611693553829
153.2218572656926,279.7412905162232,6.36811382475599,6.569923861416414
151.79091157815392,279.94395563461615,6.3776112038324575,6.572078481202041
152.30023904223071,280.24417731135077,6.378588136871438,6.583414244448418
151.4817195267504,280.4490083642263,6.382669965796389,6.581991439206247
152.0181999899254,280.59413423980067,6.4075235138914275,6.563886324667629
150.5731887475353,281.5221457549739,6.437759554579093,6.546297436951978
150.7660452029518,282.0324651750898,6.460989748570678,6.548016358781491
150.3475545040231,281.8262034726895,6.4785107789200325,6.550809579828104
149.92856464093518,281.6193861986591,6.49574907448056,6.554073412581312
149.41108173852845,282.3341537960261,6.503172367248897,6.563097734710293
149.29580111692425,282.4402544652669,6.527966118367277,6.5566638883186705
149.18440528491178,283.26875542940326,6.544700740832581,6.548118292522956
148.66125305600875,283.27030709663427,6.560074574871124,6.5450149580609756
148.7549633278551,283.3819570316564,6.579033359835461,6.52809441667391
148.52528439333895,283.0880482421377,6.599443467343057,6.506870299257763
148.41399439358082,283.19968569904825,6.615626112010222,6.489992740285912
148.10738765397414,283.09630883104956,6.60968360817993,6.490361148601983
147.37732167142568,284.13457901177236,6.625731127695709,6.476798566558049
147.47118039922256,284.45190486906495,6.644349389952734,6.4611540055252075
147.25484011943337,284.5639371012957,6.664268271049196,6.443470380304742
146.73003171462878,284.98858436289424,6.681816283044902,6.419830895198428
145.9969203734305,284.7955608238961,6.703835087946499,6.393248293910405
146.08870162021165,285.5304250515054,6.726511376825253,6.36719131577921
146.07751960094737,285.43916851323564,6.748875415353865,6.343523761330055
146.06694488955114,285.3475300695663,6.770024838146306,6.320645840333255
