149.3000030517578,283.29998779296875,6.900000095367432,5.199999809265137
149.54345701251685,282.71124557003884,6.9337356508756045,5.1874038204966615
149.52657124474527,282.33593494721157,6.967507186418751,5.176472398180689
150.18781621769585,282.8177086906351,6.980078857689116,5.166540352170463
152.27525974612982,281.39473054258974,7.001726744329818,5.151222823141612
152.94642171748674,282.44006736431555,6.995209697365116,5.159674301581613
152.9437004206405,280.91571277266803,7.000652291057568,5.15447836342989
154.38078662120242,280.9142234758514,6.989478951328095,5.157456957063232
154.9538213370072,280.62642339399656,6.987883353287085,5.160820203988573
154.86030129681754,280.14469399362275,6.984146929816657,5.170396485487246
155.44199732801295,280.5194324859446,6.966014485904937,5.184425913162969
156.29715901953026,279.7553342621794,6.973166442009297,5.185977614792049
156.9735464604231,279.74596300252387,6.957145047582081,5.2047201341030815
157.17353054767176,279.1652594346193,6.939232317528907,5.219960936579664
157.84440707025777,279.253937331341,6.9345087878185705,5.233609359630877
158.42454734048957,279.1511931589772,6.921160099570164,5.2479423956560085
159.48725880415125,278.5710460541835,6.8987831008413325,5.2611206441918
160.16223693269214,277.3281967168458,6.886246064946947,5.263040765233551
160.1664635909362,278.08711835708374,6.877792748458844,5.272397230122628
161.03151019786736,277.41646261414587,6.866011568955164,5.277243800386061
161.8045878616975,276.26846011754037,6.846438178430507,5.2833758878935715
162.00061980039104,276.9299307809391,6.835621879744211,5.29480108654876
163.05755244560393,276.34877942704907,6.818847455130678,5.31323604934039
163.83054467472573,275.4798897822672,6.7983691227844165,5.334820947269537
164.22123292392274,275.2789175181683,6.779896729788183,5.3553134227684085
165.08782524362584,275.6553764713106,6.763697746126496,5.3655002523703645
165.5713094586715,274.88431885228545,6.750196562131529,5.38206789666656
166.52901126547843,274.8795084183213,6.74234633448488,5.39168876459479
167.29960953800583,274.77653568139425,6.727477670939047,5.406843253260224
167.49391419029976,274.1019849433084,6.720485413840569,5.420285063219134
168.26776604470373,274.18608190211273,6.700133209925796,5.443010083722106
169.03119042690926,273.7042932913277,6.701078381700921,5.451716095175843
168.84065029000115,273.2216952572964,6.699899479284538,5.461264222656714
169.42354007474253,273.21087856679725,6.6817152318649,5.482897603654999
170.85939745532139,273.01788822946156,6.680040467642896,5.48620627873507
170.67574037200967,272.63163801192525,6.664627247164717,5.493251939604563
171.0642267007912,271.8584795009283,6.652616081194487,5.509645978412813
172.02832835297482,271.7556172252003,6.637614046190883,5.524050402932421
172.31401021607053,271.17986407924633,6.6402146924961,5.527627949847095
173.46692441640488,271.3664786578058,6.631416765579835,5.537237205020173
174.23979687650947,270.500268194631,6.617180438937185,5.546710963607404
174.32611313356983,269.92568525662824,6.635919736083986,5.547645972007906
175.1899638004022,270.1126184964754,6.633299942733583,5.557130945716739
175.86789517503195,270.20689770134345,6.619954472028198,5.560360718631241
175.95871617489396,270.20846354177314,6.629946923836279,5.557229037771901
176.73202441284275,269.8231697456574,6.617235031648219,5.560864338148545
177.11417426487336,269.1550549814755,6.619337835908872,5.555889476949099
178.0741856822088,269.1567837735262,6.614844272880537,5.5524318928477125
178.73931088691867,268.87153195491004,6.624589508135845,5.548651682362054
178.8342970125999,268.2011200326833,6.626134551578286,5.54885446318126
179.60664292187988,268.29591662162426,6.61379776306066,5.550805664054717
180.9414196005319,266.86777040641954,6.623643073293095,5.53631380781789
180.93158202569418,267.067445050531,6.643318222968485,5.519572309706624
181.69540729395632,267.1707974781504,6.646364448734645,5.504204549754057
181.7927424710153,266.5966995282817,6.6428301753189585,5.5055839652777205
182.46117505223532,265.83467458727114,6.64369248965896,5.5008024452645365
183.2191014696756,265.93049898806225,6.656160051129427,5.500193693226198
184.08537601440685,265.7386651546682,6.644610186666856,5.501417087792064
184.17265772295994,265.1709720428463,6.661110864783351,5.490418740100001
185.02903353388493,265.36400678351987,6.668623947217666,5.486630304149503
185.60852711682722,264.02836772547073,6.656806395288549,5.481179321018373
187.034845867274,264.12885192681506,6.6680454679905425,5.471136023236003
187.032334384704,264.13283373835054,6.673068433130551,5.463172400165054
187.51245339055006,264.13281653548967,6.667252013032002,5.463206805886743
188.66170124646428,263.3676661252941,6.658301633616556,5.467144071335973
189.3304625875672,262.5992563965753,6.655828875415337,5.478192187053835
189.32311779478977,262.50679156586574,6.670518460970236,5.472260020540341
190.08036329257172,261.843070544186,6.683963067947237,5.462758411676621
190.36824675422923,261.84580601877695,6.681331480926451,5.4572874624947065
191.3207147087798,261.84781928186396,6.685557812930995,5.45326093632065
192.09137445649384,261.74654803765634,6.671566981894107,5.464887341686994
192.1807558269749,261.0833318100225,6.683693187758208,5.455097169171118
193.03250069853306,261.0847217133772,6.698457472134897,5.4523173624618515
193.59874071900347,260.9882716089215,6.712571701337885,5.454118526349286
194.93465510371968,260.4195176124268,6.719573136784019,5.4435564315336284
194.94296294684372,259.649352414075,6.7029574505359095,5.453633611977159
195.52069628339535,259.64415387644254,6.694627606806539,5.464030687241996
196.9612927992483,259.3537356494397,6.681878547330239,5.471178346801715
196.86856309498876,258.68487913301703,6.676188804211715,5.470847318183983
197.53341147886107,258.5886892735982,6.6838862705609525,5.472170717865334
198.97339317612233,258.3926761154305,6.671863732959462,5.481804919944614
198.87765454950875,257.7225013274911,6.672174152456146,5.483986659709764
199.35835115914682,257.71475657266467,6.666815178139808,5.499476169362621
200.12719112487798,257.6173268247983,6.660131493597271,5.50296113423042
200.3210235168829,256.9441783378574,6.655122567797187,5.5099626043778756
201.18150595911132,256.94413924847333,6.6564320889513775,5.510040783146022
201.75234282289452,256.8494638415674,6.663069822887079,5.508006353374158
201.85511037748708,256.17153392605655,6.64898929918074,5.523684086044033
202.62083321422406,256.45647933762837,6.6494696476399255,5.52826552112526
203.95801057808254,255.30666600860852,6.657123507817872,5.529027675254982
204.34747016906576,254.82721380618997,6.6450131718043455,5.529421022650993
205.10940017801633,255.02142370370714,6.653329432262203,5.524045297206452
205.591462865412,255.11622535840257,6.647021143129381,5.526005404947354
206.84121718765883,255.016890635492,6.636984940436832,5.5331769706299845
206.8360115017738,254.7345086315629,6.647396312206876,5.523564222304714
207.5046164101725,254.16373137824854,6.650436499512404,5.516333011130861
208.75165847015967,254.2563904522649,6.644480347340153,5.522409322159904
208.66237769621776,252.916803639273,6.631641144892149,5.521972443498375
210.09734648588258,253.39286038689926,6.629642712630546,5.52583866393527
210.10061025019488,252.7217253767874,6.623115184005919,5.529516238532158
210.58405794051524,252.72234478685456,6.612150807541727,5.528277418397813
211.4430653841,251.66703018071723,6.613111320692294,5.5379366969479324
212.21229364012885,251.56831091662664,6.603996567313329,5.544207505294305
212.5988025944558,250.99389744923468,6.595491527416758,5.546265136942259
213.9431377581161,251.27808790906624,6.581244021137686,5.550974821788053
213.56804804225885,250.41635443959723,6.567878407856925,5.556465409486766
214.89773525897397,249.84750915301439,6.579261423365354,5.5495456473930185
214.80323261261267,250.0423943029019,6.57743404685052,5.541440686092914
215.19412477386436,250.1333044006096,6.558345744136531,5.550294495624866
215.95306533698553,249.75859517264234,6.564640439783756,5.537625040614643
216.6191536763405,249.19155062491177,6.565370285067563,5.529222829795444
217.95333334469683,249.47893871206236,6.56108795495474,5.525320299765663
218.0488786219736,248.0573202390473,6.5601597295096665,5.516122309168495
218.716869098043,248.72361618143623,6.554178134793326,5.513529781813083
220.0478308603347,248.0587097727081,6.5503773473248454,5.51428123071184
220.05788440321973,248.0550944382682,6.53027026155481,5.521511899591663
220.72770299747168,247.6718724939673,6.518012002758937,5.5294535426460385
221.96059714014882,247.1033820916285,6.516557297194051,5.52904961819007
221.6773884962277,247.2899885265058,6.514369084924902,5.534907081843051
223.00208309454322,246.0603281255608,6.5193180976548994,5.529485260754963
222.8159622176277,246.4436902071852,6.51239026160998,5.521100277257974
223.38347328060965,245.59500008160592,6.513425965146503,5.5143937841660176
224.70965142219623,244.93783408210717,6.510584631344246,5.503968308478005
225.46778298549043,245.03497373598688,6.506637238033166,5.498728467378249
225.928758085483,244.8543761114456,6.52915819450564,5.482135253877875
225.9272771930362,244.19875493127302,6.532119979399253,5.470556261071018
226.58175548194268,244.30105131052764,6.544998688701567,5.454797115006766
227.99372383074018,243.54783819253691,6.5527333092071585,5.450998648001283
228.0845068425214,243.54869473613599,6.560003274235445,5.449285560803138
228.74123528695603,243.1751159095233,6.568988692043618,5.4407618959271655
228.82914260483014,243.36811236058915,6.582095232786394,5.432611346777471
229.57856719535985,242.61759236997335,6.59517699653486,5.421720383201188
230.98718568947265,242.0534635054146,6.6131916416632475,5.415877458977113
230.98483111307746,242.52588608040654,6.61790079445364,5.417029397325844
231.53945504720505,241.76868434509765,6.6443955403046235,5.4171093824687
232.9652630482981,241.75915612906851,6.638264161633929,5.436165814526979
233.05622327636823,241.09559058749232,6.646256476840117,5.433907498254285
233.82408199458845,241.37553245946245,6.630532196373043,5.444021187804036
233.9227791760747,240.6122588316804,6.623058627940377,5.451202087049423
234.6834791026274,240.42494553235326,6.621033344893751,5.445985043189017
235.91754165895358,239.7619358082175,6.620391573103421,5.443359615611794
235.91954782018718,239.76079549496188,6.616379250636214,5.445640242122981
236.58241943080728,239.66785573365695,6.618740753053802,5.441790518496026
237.81695000798786,239.38444310189215,6.61582378762936,5.439505584578661
237.72151156574685,238.62871771956273,6.617079047214966,5.433983350066052
238.09949544666387,238.63268751589374,6.619318217758966,5.426043757404042
239.13963009698475,237.97263586071585,6.623085778216475,5.419941792514867
239.89249471263597,237.97557756247303,6.632694292734254,5.414058389000491
240.36246469501785,237.88635804936231,6.640103409435536,5.403027598928954
241.20889871427215,237.51333511184066,6.651883049212892,5.391452283622898
241.878063144104,236.65966275895266,6.639346998499257,5.394206235034545
242.44707061675342,236.28475671205155,6.636837980246581,5.387014377472614
243.20208540796668,236.85485182972502,6.639577179799985,5.381400728610555
243.39407501856522,236.09869806734616,6.633692627339476,5.381329578421933
244.80857285381563,236.00795034582134,6.639034098546007,5.373869212024349
244.6263761071151,235.7227149190223,6.625593377726403,5.377588744291429
245.85338978382546,235.15609359763428,6.625587556220473,5.378206064645296
245.8592324528358,235.25164023990618,6.613902218199768,5.375893565459956
246.5180360318635,235.25657484113856,6.61624220795542,5.366024362995167
247.46028840051338,234.60166604234314,6.616138990248683,5.356760896870882
248.13002207875755,233.93605817595554,6.594692246821016,5.369956016585379
248.60978884799732,233.83816809219914,6.576022254915537,5.377563474783352
249.46327010613015,233.27395074706502,6.56113864015867,5.377945564045795
250.1243429473912,233.36853136173033,6.553495731751567,5.376570445302985
250.12977552933603,232.61817555556763,6.54263056786194,5.376111149996432
250.8897186228331,232.42546710076562,6.5225191037724555,5.386584378874237
251.4594223989596,231.76565558337813,6.507100722636083,5.394886714013196
252.8723178053464,231.8550745492878,6.489732413908576,5.403276949130266
252.50400817164686,231.85060198724884,6.477967644127038,5.412222073208183
253.91285045698245,231.75260297578828,6.466167260025203,5.421161150357983
254.0103168270445,231.18606845476563,6.458255616686187,5.432103611692884
254.5649172348552,231.09714071820628,6.471506861365971,5.422883741428026
255.96208999180976,230.54244228618268,6.484128829329067,5.409493612726342
255.87003803500357,229.7973034785738,6.4811228365320215,5.40289197666826
256.51637897018054,229.70796625324454,6.497141134175093,5.39460926047011
257.92713904690527,229.61084637406918,6.48167594221323,5.401778688055027
257.7358103481898,228.86567930511086,6.49043786035899,5.396530908830446
259.3322388139493,228.86523568976583,6.476548442469431,5.3974181395205205
259.5210166496667,228.39612105853718,6.472589654549517,5.401655193190408
260.45347838305145,227.65301569161832,6.475723714970133,5.39341990527606
261.1185645438967,227.64589133117306,6.452600298892792,5.407668626166608
261.2109240055444,226.90149290906945,6.454475951414491,5.4037088638370285
261.967490107325,227.5463876831244,6.433821277475924,5.419837154146861
262.16438172372654,226.79439520579368,6.413039972423455,5.431814397805395
262.910338591428,226.14589157374155,6.412110733417593,5.424210227562101
263.3802900293155,226.23825808071908,6.403389729159168,5.425713587910378
264.4065390904588,225.8656088610113,6.3982771524292685,5.426508192578039
265.14848309214784,225.3089873135083,6.402867706268046,5.423392369671373
265.71522023829624,224.566236923177,6.3858767638664204,5.420248683806977
266.73590944916805,224.47968587084247,6.38794303770695,5.407583088877446
267.48411259974057,224.29498893152262,6.376303559901445,5.405785261682225
268.1342291220296,224.85455379615013,6.373781399983961,5.398979147850554
268.22638284137116,223.6541215138741,6.3747128090878835,5.391738691170712
268.96907897300855,223.3784614235149,6.370414374104352,5.38764868627988
269.52290275242507,222.82815745556883,6.372794297069937,5.378229140373373
270.9144853178533,223.01421850591564,6.362974834343927,5.375886462097129
271.01214788334937,223.0188416532191,6.3523501996683605,5.366640167490165
271.75066737769885,222.37970708831443,6.3504131953277465,5.354195060985971
272.4874717434631,222.10813142483306,6.350064876183502,5.344873733304526
273.21647422853675,221.28686101280522,6.364076784913962,5.331395568622866
274.59118631998047,221.10960740134217,6.3746688764928425,5.317900621620071
274.5852234880117,220.5643320242141,6.386594540430362,5.304770308737101
275.31560434254914,220.75279763876983,6.397183412661806,5.295676724952229
275.5903634136889,220.66525869727653,6.3994707301589555,5.28681945467994
276.41321490785475,220.02795640590602,6.408214460587161,5.274632145052153
277.0567748122857,219.2957789649831,6.407450987952532,5.268865499781176
278.43459997518437,219.20647794287456,6.406705376319332,5.263807229720612
278.43387631485604,219.0246063818208,6.408152696976038,5.26041606367735
279.16819690135605,218.38634227311522,6.407788512450843,5.252201916173007
280.5423796942835,218.39322740933937,6.410367601478628,5.238431643724704
280.5516185086188,217.8400097653009,6.391889972808055,5.245586430122159
281.4586381742362,218.02764019822482,6.408300062390189,5.236415448437704
281.45067716155853,217.39166419801666,6.424222087745562,5.226324133928478
282.5596158639225,217.20286720105332,6.405111334277745,5.237457019311749
283.48021497463884,216.55656226826676,6.3950817535138045,5.2482488364168365
284.13072927406694,216.5501877496922,6.376012437995893,5.26099787356592
285.1402695762765,216.3625756284945,6.370477169777694,5.270122963924793
285.9649893798329,215.81292681172022,6.369042611670625,5.270750564802983
286.4258517032832,215.9916048678171,6.362816552458116,5.279593887684439
286.60693866303257,214.98147054556523,6.36693572235416,5.285250540516221
287.33844643811466,214.79688924163622,6.370329966588267,5.287810699774699
287.98204517936836,214.98079881379053,6.366896017058723,5.286781136316838
289.2683567862987,214.1548097349683,6.360827034775146,5.288831573661748
289.9969298220395,214.06335374455804,6.3698002097243,5.288478648678404
290.7269756428439,213.42646359538415,6.37688782490803,5.278477097332587
290.8217903914016,213.51774482024902,6.37060349859301,5.279259818403089
291.5546870823352,213.1519741346507,6.370898538420217,5.2777569787525795
292.20184586229595,212.69249071405508,6.359270406887925,5.280517085380005
293.1184601802322,212.8745128213523,6.357110066454081,5.282686529873222
293.8445670360801,211.59522305628798,6.369764766067679,5.277746340210446
294.39754040600667,212.23553226764574,6.363160346557816,5.279693957895514
294.3906783488207,211.59789002645044,6.376884460929754,5.272904270112178
295.11660733596347,211.60050979517774,6.391067959437546,5.267664732657575
296.4868171209782,211.23871073840917,6.4014815770390365,5.257707329493116
296.57238274953477,210.6909210932165,6.413738585006581,5.252957029393972
297.5875409013502,210.68995127536735,6.401922303984728,5.254896665092283
298.22585918400785,210.69352909178244,6.408733211109185,5.247741032262109
299.6075071849902,210.41548113886753,6.395518506663719,5.253820678588074
299.69974370902327,209.59303332629486,6.394279225741888,5.2496123994349375
300.4320686486496,209.59293028635838,6.394803159040883,5.249818479307884
300.8940054220129,208.95679859312096,6.386720180181855,5.239975070767833
302.3519076801078,208.23012011524844,6.396912176651573,5.2303337701832175
302.26761883701073,208.22929188855062,6.382614175160288,5.231990223578888
303.643804818717,208.0489995851469,6.370481670232173,5.227209569255051
304.1020758220556,207.41208480029124,6.366033762081622,5.224107401028886
304.83481830230795,207.77739843510042,6.358951193833246,5.222681327538665
305.4729582070845,207.77339679924978,6.35784972667245,5.230684599239981
306.11710155295873,207.0395063969302,6.345527656202682,5.24022012241786
307.4893504492545,205.75829815427397,6.334705254635256,5.251206242774269
307.39827349454924,206.1189938705825,6.3346034373770195,5.258837716832296
308.1298527571153,205.388141665042,6.33046308862453,5.26152395153358
309.397777694049,205.0277931749853,6.3476089308617745,5.252793584188586
309.29722451710415,204.39499307342194,6.366235291138989,5.241033832028392
310.6626850094542,204.49132429002498,6.373966250805428,5.2309481951134345
310.9295647949931,204.49948154672398,6.3878051036346255,5.2146336817154415
311.65524514401886,204.4142318562923,6.396299682491853,5.202651152965189
312.469432211113,203.78135856886138,6.409693622364048,5.191467003557764
313.02012142743246,203.9597977571981,6.402975881779981,5.199475524235937
313.83707159861854,203.04893124309405,6.411304305776236,5.196509923145881
314.65743867792946,202.41294169787585,6.4135182802384545,5.190640465627918
315.20788543849073,202.7773502077891,6.407557556798574,5.1917786442564156
316.5750373888071,202.7765392383449,6.40948901150581,5.193400583144849
316.6658583599471,202.6821179292645,6.4103186676411825,5.19977160289038
317.30106577518245,202.04527500791465,6.418015874246017,5.195345408514393
317.84247263651343,201.31745563058604,6.431006205373117,5.189912091452861
319.2218484804003,201.2223075511732,6.413436752790471,5.197462767932438
319.8556902214257,200.7678124504535,6.423938988501288,5.193463170970786
320.03322368615324,200.95370673215922,6.434261027334431,5.187063575847565
321.2215796962125,200.13418167335118,6.433290087340547,5.181369868761973
321.9453414917498,199.8651445497656,6.44690412813584,5.1715175039818515
322.6867679281397,200.04123919728812,6.425582982951812,5.184711140835791
323.4213845488315,198.84869414886427,6.416973957034158,5.1962868875514205
323.6126579641224,199.66653551649185,6.399693621750785,5.204303381138599
324.35225442141257,199.20495522885824,6.380481032370195,5.214976253155897
325.079313595656,198.38067546515202,6.385361656676012,5.222161936176662
326.4545959043801,198.28554863920678,6.373287696684336,5.229849544236769
326.46162952597496,197.7346356133341,6.359220453494567,5.236647856015708
327.1081700607681,198.36745217864583,6.342925725096707,5.247801066580607
328.11498198556313,197.36519612656966,6.334902557970362,5.246712488269233
329.0304674881548,196.908590390023,6.325794137243055,5.248992669134562
329.75962124537773,196.27222559104794,6.32414907089829,5.247142624996173
329.93760787139126,196.36537120392452,6.332231078985012,5.242879029299893
330.8445571343004,196.27578246010364,6.339165297167917,5.2399732425415575
331.4769151982816,195.82170288498034,6.349451005054596,5.237416795753177
331.65322223347965,195.91297817758675,6.3613572295111,5.237126357966724
332.8421945017194,195.27162969624095,6.355115135900005,5.242752774498453
333.6539485212516,195.09063724373544,6.373508174467643,5.239870773369033
334.3850566578521,194.4513451609616,6.372651048339888,5.2397656852276695
334.38061090450066,194.5450555683382,6.381542555042768,5.234999882084282
335.01394804124624,194.36719803682612,6.393871734745238,5.22528538705312
336.3790539893522,193.8244763487366,6.404870066402629,5.214244672084485
336.373260720861,194.10171533381185,6.416456603384949,5.207980281715293
337.0982292012251,193.37533226977027,6.429035814611111,5.19823023784417
338.4633722099322,193.28778280393357,6.441498320301744,5.1904792679772696
338.64257017768216,192.6514708696908,6.448933787210861,5.18269322803113
339.5571445748539,192.5646560839629,6.4488217756950625,5.173419121204248
340.1883859063536,192.29402869982343,6.465600982497489,5.166418802425246
341.64571293279135,191.56136814832144,6.477275720152823,5.1685755101637625
342.0972828335577,191.5627760349808,6.48968344482017,5.165759736845031
342.8217146878019,191.4766665245034,6.506851886718892,5.1547247390014475
343.2812164373263,191.38300629750128,6.504538404403934,5.158707189658938
343.9131819294162,190.65212067303847,6.524177836251196,5.153540820267863
344.6422709841189,190.65579628011682,6.534672736475746,5.146189606111137
344.73231222260813,190.56519240284481,6.538215665468461,5.143771954684023
346.1028949918998,189.8313594925575,6.551655498467624,5.142314910414608
346.83594532783263,189.92181335245377,6.556133678380739,5.145229547094434
347.1121758042918,189.92016618763003,6.555487467759838,5.14852387674193
348.2085198863779,189.55299574182283,6.5705820680450975,5.146937180203823
348.9409603931369,188.90482270779714,6.579197516748847,5.153973843811188
348.9360154959353,188.34805748437986,6.589087311152014,5.160904807346316
349.68161368434573,188.89702502437467,6.575468639985777,5.171153006597603
350.9704015665291,188.1560046722413,6.58306828168519,5.175950621683634
351.06128419784204,187.87278726042373,6.586152665835741,5.187836504989851
351.90100010219834,187.6835129243274,6.572530472060906,5.196205262751919
352.17011165553345,187.0405493204483,6.589359275717914,5.187011346413129
353.4743872509098,187.12767918028467,6.572566986835062,5.197877262588196
354.22038059892475,186.84525885165928,6.560940363131269,5.207582892716688
354.87437141179345,186.56643736318387,6.548129930096938,5.210152501366197
354.9715942718608,185.8219386944697,6.538554066871305,5.220190983522028
355.88817461740643,185.8258229695053,6.554252279257775,5.212422433450825
356.6369184617801,185.82205417137726,6.536768615946736,5.2199600297069235
357.842244268348,185.2656545528107,6.529229050256937,5.223630629557211
357.7511802631762,185.543357777814,6.526558380587644,5.22262021958927
358.31108948953306,184.80166392882867,6.515188013501633,5.228077136723022
359.69934848645005,184.70874678221006,6.5085009959903655,5.229256031538746
360.4373739170845,184.342126212221,6.509025464689772,5.224209506532707
361.0787189713735,184.33996322477324,6.51782273269774,5.228535481428216
361.5461207440744,183.69354526849023,6.506535388715971,5.228448712006054
362.2839107754342,182.8655784285405,6.507184771896648,5.223624265267803
362.93335016506165,182.68303360600962,6.499529334904184,5.219792955397409
363.5759060769805,182.68082756543552,6.504384239500378,5.2242050365456105
364.95222262123275,181.39430008498388,6.51815503027704,5.215283043453085
364.768691676781,181.3029997185291,6.5162298206553,5.213390227100034
364.76682467041235,181.5795110246246,6.519963833392606,5.2136676473411985
365.7721590505716,180.66294883358324,6.538741157150444,5.201841043900021
366.23284724807877,180.75439454817678,6.540320482813539,5.20354075884841
367.0634962366777,180.75186216852347,6.540808790005716,5.208605518155046
367.88966526864743,180.47877669213122,6.551063784008301,5.2005787849588625
368.53015972283646,179.74037122232298,6.563391239037916,5.199313880680769
369.35558827072674,179.74215406635452,6.576884314474914,5.195748192617723
370.09428891043393,179.4633687272126,6.580095459656331,5.198089211678096
370.64596621392786,179.2814977691155,6.587723274383631,5.191503653967297
371.4695397157808,179.37621920317503,6.607138384228882,5.1872343540206
372.20842047586035,179.37822666243432,6.61258768303193,5.183219435501992
372.94281122458153,179.29099673147797,6.627161975069557,5.1722598237296955
373.2167095812962,178.7364870646161,6.635757840631944,5.168493999469958
373.9566016556679,178.08959865287855,6.6402486202114375,5.163530260662605
374.51094415972386,178.18571817127116,6.64469712740212,5.156813476427752
375.6240428363575,178.18773983671775,6.644270927006906,5.1527701455346095
376.5376762554966,177.63783239187975,6.6710900977730985,5.140133429783907
377.3734321749757,176.98805289251104,6.670090557443334,5.140405085143673
378.0179260357145,177.08404214676656,6.6803143198796855,5.134028217191789
378.5779712245799,177.07962522819088,6.674146878738313,5.142862054343131
379.50034456364614,176.61920968743723,6.686436305352067,5.135175083477297
380.1431849302828,176.06608875111212,6.701117340749858,5.126821154409388
380.51021283234627,176.1620771285767,6.710476788127585,5.120698212356411
381.6168578024087,176.16558557600248,6.72794755677077,5.113681317504812
382.63852817717344,176.0719755263978,6.731141994819277,5.114852763298008
382.26449056250834,175.60758644318855,6.734751307531554,5.113048533944253
383.56369167798874,174.95753760096557,6.742337815505905,5.110151848922655
384.97001064576057,175.32693131910432,6.722855926099393,5.116206024948362
384.96486489412126,175.23960804904831,6.733147429378028,5.104840341501245
385.80557275710316,175.1465673869323,6.725584021426807,5.104938074842929
386.36318601221865,174.5895943524003,6.72557687160435,5.103664783498391
387.56176989411745,173.7601521632219,6.744446064759925,5.089908191656814
388.3030491077564,173.66694036288905,6.7491826465214375,5.09041991619259
388.94947136716274,173.20238396864482,6.758284900353707,5.0895707242204375
388.944239493132,173.76325542936226,6.768748648415222,5.084530823360686
389.690033601025,173.11067246857834,6.76671357618342,5.086337744318611
390.33639117854244,173.20706690808024,6.777347273223666,5.079741558468386
391.6446112341776,173.20598602409876,6.768361648031342,5.081903326431377
391.73521385301405,173.1164879964028,6.773301702933658,5.074754089248131
392.38236554771896,172.9329111757507,6.781723495280162,5.069700535764794
393.68543829136155,172.2783938761575,6.781665741089794,5.075691268403799
393.77662973751677,172.275749222408,6.785529090957761,5.080980575902823
394.6168881895123,172.0875181543878,6.782536240239904,5.084659588993584
395.26441500510094,171.62075057995565,6.7923258017190635,5.086163885960363
396.66793963487316,170.8705692498608,6.783973495972816,5.093888170791049
396.67275825176466,170.96143514828097,6.774336262189768,5.0987353271859535
397.4160128158141,170.77661047881588,6.77991857515176,5.095361805850938
398.81819347697217,170.68232194396919,6.7736767568428045,5.097397575277147
398.8192780779594,170.12175550332094,6.771507554868449,5.099653332223397
399.565357163409,170.21386519515596,6.771216184386596,5.101917298605542
401.05554762389227,170.12106871665432,6.775089837502497,5.100994344728707
401.24440382705245,169.65184577898262,6.770497089197805,5.106641075033137
401.98609468163943,168.9996293180709,6.779772558681158,5.104998965531321
402.7345581721379,169.2770308889625,6.776418388150968,5.110285627673069
403.01219288432287,169.2791950814839,6.781344671701098,5.105957242630309
403.94484455347,169.28110512493822,6.783403411834916,5.102137155721646
404.68939294115853,168.72296393479908,6.787947632752382,5.098188788778951
405.1582491362908,168.25280814499246,6.783784134269659,5.104951476610308
406.3643932524158,168.3440773170673,6.7993359115181145,5.10917005626822
407.0106278559961,168.43623182827955,6.816305732761283,5.111923752187146
407.6685104723071,168.52731407990896,6.812103372275821,5.117125373519244
408.4110354125826,167.21768283637192,6.82615101058183,5.112967202593728
409.822577336899,167.68331397761236,6.81606316836427,5.1193702555846325
409.82418540258726,166.93169572353503,6.812847036987702,5.122733267870807
410.66938605115007,166.93021565618412,6.809857451437782,5.125693402572608
411.32292177299666,166.83467860882746,6.815237320000614,5.129274452677932
412.72937900403423,166.4593180000315,6.81682553981114,5.1294616217670335
412.73381063242635,166.17674337552512,6.807962283026848,5.131628590310745
413.4865805918556,166.54733203399604,6.802911764551665,5.140695973560567
414.9932481592257,165.7907208894183,6.791694654529141,5.152859250357273
415.1831379595805,165.78835972030365,6.787235179799591,5.157581588586601
416.02813620039586,165.69310717406591,6.786261225578549,5.160417511349866
416.6871294670062,165.4088133240364,6.782178955109395,5.165903384515373
416.87678156044694,165.5017721150286,6.778330542146923,5.1677136894905455
417.6300081489775,164.74937085027966,6.773467228452069,5.170926355622229
418.2889298942258,164.74472914551504,6.769362496514939,5.1802097651514485
419.7951400764948,164.27658880951296,6.761194268172041,5.177661644594669
420.08676468269624,165.02200809474684,6.740743762595811,5.187619625664512
420.8340715007059,164.3702348769357,6.745728062769593,5.17901786711785
421.49494347385547,164.37061101565652,6.735683603544713,5.178265589676241
422.812553355052,164.3629516576857,6.721544571087795,5.1935843056178905
422.8146792185469,164.17491097419858,6.7172928440978295,5.195158238790206
423.5675757476129,163.61486017748499,6.7092150038520515,5.191973418802799
424.96655323047383,162.96450861062573,6.716847122322567,5.183402579898182
425.7149697039607,163.4341401261936,6.716143234460102,5.179220210706977
425.8952943084163,162.6882198390672,6.7293685297004,5.1755627683540695
426.6451176758236,162.68806713044543,6.726358561113768,5.175868185597562
427.3063190399484,162.77775458950788,6.713226167433221,5.183531886696809
428.7976714936185,162.3171008229365,6.721928236650668,5.170024739665287
428.798096999298,162.97432456247506,6.721077225291606,5.1637075506085655
429.54828136264126,162.50987790783716,6.71478696537794,5.158801818151409
430.95410341822117,161.6633592243202,6.7019002990814664,5.172584718267353
430.9589401963167,161.4714522018662,6.692226742890403,5.183175476202361
431.70974860701006,160.9103548741357,6.683700679079448,5.1855520634814845
432.4556469947589,161.0073948924646,6.684261942943394,5.178016781743892
433.8574015170394,161.09407420650663,6.67721285185117,5.191088817224405
434.2316653201741,160.4423042238664,6.674828090255436,5.188878804326088
435.3536927079058,159.32671930182283,6.668332873617967,5.182489089587251
436.1991844322982,159.97318516350225,6.65368975716437,5.193377624708207
436.94847767200946,159.59962808204054,6.6448098048210325,5.1956385240919625
437.1416091531816,159.22475976644017,6.630775401092828,5.2009180380605535
437.9735681066064,159.69125072284154,6.64072624254599,5.197863207648209
438.72585986258935,159.22190978072945,6.624846649413735,5.2061051426013645
439.2801650429196,159.31884420950558,6.632110251140794,5.198215278780385
440.3061539776761,159.23039057582108,6.625713365820117,5.189160638495558
441.14528671102846,158.85904206119423,6.618899589211628,5.188990249928667
442.0759464922859,158.76459641219125,6.613678468749123,5.192271703729451
442.35409489944993,158.11782727667565,6.614131529909314,5.1867269319546425
443.28295942443617,158.4922267721673,6.611403542146642,5.179928365855241
444.0231434894774,157.66334711782036,6.613818292339058,5.169556934239973
444.668241255589,157.57461947015148,6.620135965530828,5.161796057375585
446.1512574721277,157.48373204544185,6.6170885122978635,5.158384345554529
446.15367393709397,156.83916855366084,6.612255582365394,5.151920048470783
447.54172105633165,157.3943469762904,6.609742623380443,5.150995715007919
448.56313839027354,158.03923603229137,6.600279528007704,5.155181330967556
449.20982917558877,157.48234804617934,6.600325340178903,5.160305260790203
449.76784069634687,156.83462410608055,6.593458487059448,5.161737587858135
449.8699848590545,157.9320255491178,6.573947780885485,5.184266132679662
450.70744533788104,157.1908026410505,6.562632952722196,5.187950944823433
452.28751748303796,157.82628083976698,6.542927827789102,5.210116556664872
452.3897623932977,157.72264369800766,6.52322755605584,5.232601291397184
453.1394203739355,157.5276997933288,6.502727832458133,5.252785041335482
453.70363325431583,157.42398519194987,6.483488348284642,5.275349864662117
454.90934567590176,155.39176454799497,6.476206117019687,5.2712421170370565
454.91420259906033,155.38965992397226,6.466492270702578,5.275451365082482
455.6530074425415,155.0260173121967,6.46627877871457,5.264038491146426
457.1270627650084,155.2128757309077,6.469955206041424,5.2592950377569725
457.867911031453,155.21298127752812,6.463990290484823,5.2590839445162025
458.04309204100014,155.22123397056657,6.482371069935326,5.242578558439279
459.332942429289,155.22461834386766,6.484083167807855,5.235809811837115
459.7939603408787,154.58462657021335,6.483564049049732,5.225669972955844
461.17584295276174,154.77334779847192,6.481766604211367,5.216489886962415
462.28181899050895,155.04861636213974,6.477273586638459,5.217817524107119
462.09642809600655,153.95289009524828,6.480240421513599,5.2023803331121625
463.5626271033833,153.77598431589809,6.487089253424286,5.188786035979552
463.74444553867966,154.42215006390919,6.490627679209688,5.1815680772804615
464.7472681479886,153.78777990520982,6.503756093363399,5.1656342647335896
465.3828883423939,153.8873827593681,6.516789099499617,5.149896184266564
465.56143832268737,153.98680607863895,6.526512747746119,5.134461350141519
466.38151842334753,152.89620753098825,6.536142292577842,5.1159387839067065
466.7404069271122,153.72904585589683,6.550990382325285,5.098668602962158
468.10666115549446,153.28010703075932,6.5650185353228,5.081034049983137
469.47423122616755,152.92208803468532,6.575325247196687,5.064952881272446
469.4740883435667,153.1995316447472,6.575611012398422,5.058841497106511
470.29445995879894,152.47524403537258,6.5803383164543074,5.044776240726503
471.02486280033844,152.48096789451677,6.580916291665165,5.033328522438143
472.39936070244875,152.4765519167494,6.569347095948084,5.042160477972856
472.40046261355275,152.21068930542265,6.567143273740079,5.02649801186252
473.21093845862515,151.58188493126087,6.585753685216304,5.008891792258508
473.6612610218963,152.13028077973055,6.595959577075592,5.005121317400983
475.1251407290426,151.4952931692337,6.584428225189822,4.99924676109174
476.48887030157476,151.68353374773093,6.586857448179526,4.986750719837779
476.4886213846505,151.77857391310337,6.587355282028098,4.97849593636312
477.12635642490073,151.87369359769892,6.583773340397823,4.969954872724931
478.4886069886772,151.96951703463694,6.581835191417703,4.959812197420432
478.48729299300925,151.61256934156884,6.584463182753525,4.948471807535937
479.2090294908726,151.1662213110243,6.590299094482907,4.935349801464996
479.299225490824,150.44947383175113,6.590944993536545,4.920541568359174
480.018987348463,150.54547993187353,6.597865129370834,4.909334849503399
481.6432172315312,150.55244706728772,6.602497737091022,4.895400578675062
481.91671042743195,150.64508330136476,6.5972203002265335,4.8906977621666385
483.0865241191842,150.65266750927688,6.602953910063083,4.875529346342436
483.808422413139,150.5689750533299,6.601165711885394,4.86266320951992
484.52422802072806,150.30580907449303,6.6096585197979465,4.848956158534667
485.06896327927916,149.85829503310455,6.599691607158851,4.844397904258997
485.7015990271043,150.40130633892352,6.592257996635286,4.836522051301063
