183.3800048828125,267.3999938964844,5.71999979019165,7.300000190734863
183.6917731764748,266.895982857361,5.733755914067238,7.308022268981638
183.58459816862407,266.8927826259659,5.743098010064035,7.3144227317718045
183.5834081540836,266.3693716690624,5.745478039145005,7.334956226799494
183.68262869031594,265.536874658322,5.752647496177867,7.355066012299676
183.8898072626588,265.4247140858703,5.7503597570664855,7.373352454415954
184.5074038858867,265.0009393471753,5.752829408692417,7.395793333084738
184.29839450638127,265.09406811043857,5.75752735104825,7.416196214885773
184.2917551393448,265.08825948037463,5.770806085121205,7.427813475013665
184.28655108180828,264.97816745782416,5.7812142001942135,7.440555150370657
184.8033026792187,264.44914701604614,5.786743495473344,7.459563543826668
184.90787974002015,264.4447722940748,5.785776365921963,7.468312987769327
185.0103238431335,264.0219427447628,5.789193100907896,7.480752321542687
185.64011777527057,263.17457342377287,5.7809089675520084,7.507085988964839
185.21985585506454,263.27045930224057,5.786161283438416,7.524132113160871
186.05973315233945,262.83803500296017,5.779716484238122,7.552325814046875
186.06184563776807,261.98687494226954,5.775491513380878,7.578734222039088
186.06402055627072,261.9766832234572,5.771141676375568,7.599117659663767
186.06777673342262,261.651014981884,5.763629322071759,7.620265981642142
186.17560479762025,261.8587705111986,5.7582355876232745,7.625279710906397
186.285183428561,261.0081928749107,5.749329006955158,7.6444295337752
186.60377455922045,260.89742669020376,5.74333724785132,7.655565069117427
187.339506545064,260.2633068393147,5.74515233739455,7.660994146983893
187.0250324908035,260.7859891565822,5.742358125460729,7.668533379873417
186.8191885571455,259.9346324639893,5.73274629850731,7.686047987981508
186.39971705060708,259.8315594224427,5.7286527357701384,7.681434927121241
187.13730742990126,259.2009926849529,5.727825736308414,7.6788366085637465
186.60530252893764,259.20607012233853,5.738991048256891,7.668681733792527
187.2336952090284,259.1025915850706,5.745787880260251,7.665041776297436
186.91551453218736,258.36633444542247,5.750190871579483,7.662986543413753
186.80603549590313,258.6902196736614,5.758455447791771,7.647296576004621
186.79949329489446,257.8574568422582,5.7715398498091055,7.628104891129307
186.79357248689055,257.866399172135,5.783381465816958,7.610220231375718
186.89664667182547,257.45039917118044,5.787664885284456,7.600493075935417
186.99920408261468,257.45200981988205,5.792903439941122,7.597271778532225
187.1046602737042,257.34558310654467,5.792380783846717,7.599735479122327
187.73147061174365,257.0263049747486,5.801272753521752,7.607035419837482
187.09696850286812,256.29042146913076,5.806225811873725,7.604076078440953
187.72856801311923,256.39815809619495,5.807291931637401,7.5993136810235224
187.62547168770806,256.07673302270376,5.802828986958712,7.6101970415028
187.5217423410187,255.335519906831,5.799538874433287,7.617381631919098
188.36915523810927,255.2241945298105,5.791150614784948,7.629227694143488
188.37230713303632,255.11395223440798,5.784846824930884,7.6388638901261325
188.37290684651742,254.373377251835,5.783647397968629,7.643767430679775
188.37392708296488,254.58435904511546,5.781606925073735,7.643698818820507
188.3719234631725,254.47697690678845,5.785614164658519,7.647549980819184
188.48028031506615,254.14953043061718,5.779937713758917,7.669331174498684
188.58459385254966,253.40144423171785,5.782587007420905,7.686568991894565
188.7970077345626,253.39124871795542,5.780923679056798,7.7069600194193795
188.0581338511708,252.95701243027204,5.775612794760917,7.727970508455008
188.16198017264313,252.2061883295275,5.780018623084614,7.744929411065655
188.26580921777256,252.20122816152792,5.784789161856121,7.754849747064782
188.57874961223422,252.09376131611185,5.7968812915122925,7.757125798370418
188.99920034411662,251.99216387019987,5.807540342074239,7.7474305616126475
188.46429574251155,251.56623566111583,5.812765020072685,7.747619359611411
189.09912888109497,251.78370426120443,5.821130035805007,7.73869259040063
188.88963392810902,250.82002151529417,5.814107858774428,7.749003708709976
188.781245680767,250.71210206566826,5.8178361038166555,7.751794358319967
188.778090336985,250.40054016424872,5.824146791380647,7.735463064174404
188.6676349053402,250.83268101715663,5.832051491591253,7.723206010674524
188.66556764998043,249.88748047492052,5.8361860023107734,7.697069587948849
188.55753606332982,249.0451737530272,5.8396313375123166,7.6807403269382295
189.08181740991262,249.05865811109348,5.853194361151696,7.653771610805677
188.86550646097913,248.3252145116468,5.861346060267032,7.635013114068322
189.07919839108206,248.1165500814571,5.8581257006001435,7.628178473908775
189.5004054586374,247.804696306187,5.86341130207328,7.6161112220110585
189.8161701802784,247.07264382083807,5.867362414740298,7.597428228828062
189.60559608741647,247.0741699148855,5.8652987800713,7.594376040733181
189.497584509699,246.65245492893342,5.869796255133002,7.591703291144389
190.2340043478428,247.0792468481652,5.877863289573575,7.58435185881121
190.12688290260417,246.23598252307607,5.880529040853265,7.578263395408868
190.2345232992947,246.23737243367944,5.87677574459841,7.575483574202151
190.23289837811672,246.02705993461564,5.880025586954401,7.573260725842857
190.54722133337253,245.39813300423336,5.885708227320508,7.562457484851943
190.86067893736032,245.6166469922105,5.89290361636189,7.548169906908973
190.4337704630882,245.7300322964365,5.901645377566764,7.532668095291879
191.1691009180837,245.63030528584045,5.909201297466786,7.52094828364238
191.16361787800483,245.11053813443758,5.920167377624511,7.504896000815532
191.05173439652833,244.38149576386508,5.932884579878295,7.485632417066128
191.04917872146797,244.38765346474614,5.937995929999062,7.473317015304035
191.14906825148717,244.39779888671012,5.9490723748631416,7.453026171376077
191.24932900339505,244.30217330783674,5.9592750540541815,7.433553146116036
191.770844414513,243.57373820963358,5.969199098576437,7.416286529060934
191.13585420253622,243.57540148280611,5.976258327585599,7.412959982715849
191.86718248777763,243.58325389170815,5.987452765245223,7.3972551649117415
191.8654688168252,243.0639605186196,5.9908801071500495,7.383390466371636
191.86234105450822,242.43953122370792,5.997135631784027,7.3702520484610465
191.96853360801887,242.55386796149608,5.994982729283967,7.351810777405941
191.96600058436675,242.56337973534318,6.0000487765881845,7.332787229711767
191.96427724811412,242.5739990767998,6.003495449093482,7.3115485467985035
191.75762979170932,242.57729006647236,5.997925114341246,7.304966567453367
191.65000104632992,241.95618437189202,6.00394119589096,7.291729501359636
191.64813704732296,241.44120445310375,6.007669193904839,7.276014534586166
191.64499685067238,241.55449787396682,6.013949587206042,7.258381033995935
192.05617229452764,241.24864189919757,6.026731780085625,7.2437431730918505
192.2558535451361,241.05105102506312,6.0448973535525745,7.221396846676898
193.08304212870297,240.3288854318036,6.0602204437716,7.204740308012291
195.99188164250927,239.40630040547845,6.086212474815193,7.171587520380218
195.77010212301263,239.31846707004573,6.112552984617715,7.138644926650289
195.33759946102663,239.334103248217,6.1434630393707845,7.107372570307731
195.73532292928584,239.24386721840452,6.182162116322113,7.079308126565263
195.6164146502839,238.52736517404793,6.211256130753948,7.051254410274023
195.49568981549666,238.6476291622925,6.243952121974193,7.019480112139103
195.16136420974382,238.66191192517894,6.28625233638744,6.990914586366237
195.76601864515368,238.67611467999447,6.331037128023404,6.962509076735165
195.11220484523162,238.68916222898133,6.3829359585566605,6.936413978761419
195.7161139813664,238.49352605257488,6.433367263662582,6.908269805782542
195.2681810147024,237.8747225565239,6.488948229962382,6.885449347342252
195.02982433014273,238.3069292469704,6.544467011719363,6.863425141174059
195.74104168570173,237.47409013805736,6.599963098215289,6.840039590298468
195.60719379402306,237.48346279961197,6.656013737917445,6.821294267189256
195.47080144702872,237.49121455831758,6.716561351030426,6.805790749778046
195.55029961626536,237.28701773518765,6.770514280294211,6.788285860563736
195.6311717455589,236.86788181493375,6.822294387521255,6.772460237815073
195.8200365756553,237.40979690524094,6.872745256171029,6.75908137930717
196.22778837499342,236.66937721172593,6.9159319357316,6.73721277942279
195.45212382033964,236.78398288444433,6.962222210622783,6.723006981759805
196.07983827645634,236.5697125496842,6.999836432508196,6.720533273240455
196.06726513369208,236.67191913013448,7.024982718036721,6.732177733940894
196.15766595311777,235.80799553885083,7.060817007196288,6.7269374924204595
196.02510011409873,235.58540446132517,7.108834609271317,6.737891495545614
196.1119944706408,236.23282465530656,7.153085012550987,6.751285805765786
196.20550491131067,236.1147890142099,7.185007743447112,6.768413475723333
196.73808754550413,235.44421982949913,7.218414632484568,6.791265256235583
196.6090245785851,235.44016033680464,7.255941324700145,6.799384241624595
196.70101618715012,235.32175271518895,7.293272621892055,6.8148849705339805
197.12560298592217,234.75401317685706,7.332674127698489,6.839645168009579
197.99784164302085,233.9682794027235,7.373415734700021,6.849046160227678
197.31264310091612,234.7402875931395,7.40018651408878,6.872593801686514
197.85992709241717,234.17230863572044,7.429267531267836,6.884902716343469
197.2825398782817,233.26742689344442,7.457145719061725,6.891632216132273
197.94950303155775,233.1437960523642,7.478746184008184,6.912972769709669
197.59906980375135,232.5736993748899,7.499820272173955,6.920178845579862
198.38593550190484,232.89985380449266,7.5153739841183995,6.948992175624984
198.38143122801583,233.11189191778834,7.52438253189642,6.980399214054852
198.370808404382,232.1799765279341,7.545628179164131,7.017177225666689
198.47259661247136,232.1629891150859,7.571349529485029,7.051152051363044
198.46284936916396,232.14502267577987,7.59084401609982,7.08708492997509
198.68572900055534,231.89844349776683,7.607313654311167,7.118014385007113
198.56825553358135,231.886929629725,7.610397665907519,7.1410421210907975
198.5632310870274,231.87432126331493,7.620446559015432,7.166258853910916
198.55281938356737,231.74722176555963,7.641269965935489,7.187623810693559
198.54548200291785,231.62333526994627,7.655944727234502,7.201898236096383
198.665204623486,231.26087480562995,7.6504539497138335,7.224955773882044
198.78101775196012,231.8384391814701,7.653062153711545,7.240999326931448
198.89693089626326,231.2451078193226,7.655765571929246,7.255013517106538
199.01356594571453,231.46933263742454,7.657289688274992,7.276152311399376
199.12720806901737,230.5191710405586,7.665158607138377,7.295250181378806
199.3511888315844,230.50553174449462,7.688355049201989,7.322528773506801
198.62897367171408,230.5037865105267,7.714539446162597,7.326019241442608
199.21637536522292,230.4862085019377,7.723933234560837,7.361175258620625
198.97394011605795,230.3513332862161,7.733716550859806,7.393382099048361
199.80138501123207,230.21826066651212,7.746275429807493,7.421320385699734
199.67518806571886,230.55891942341322,7.7598232491968115,7.456541086808947
198.83305558929024,230.3089428490529,7.766777005050347,7.477262464957118
198.9478816112417,230.1776745972842,7.777177750873478,7.499746178768437
199.18188800351774,229.32767992175988,7.790308088873038,7.515734600886458
199.77217416182432,229.56458531652078,7.814887503304278,7.523984503782478
199.399149038402,229.68167323117862,7.836299213144354,7.531354853468334
200.23775053483598,229.6729185471456,7.853084938889967,7.54886422153438
199.98535027673546,229.54954127582832,7.872808352172693,7.55308021270976
199.97605844035343,229.54139402856495,7.891392024936753,7.569374707236482
199.9649602172239,229.16965373967412,7.913588471195797,7.582464969925135
199.9540050663729,228.55395451517282,7.9354987728977875,7.5937713736699175
199.9343620249591,228.79240126337928,7.974784855725369,7.605959141452614
200.04303456399816,227.93163459024618,8.002788637624722,7.610050467876487
200.15108290849759,227.92527338330694,8.03254398247429,7.62277288175494
200.38623655930928,227.6647346557504,8.05527529846676,7.6508117192521725
200.37107538965267,227.66351270016577,8.085597637779955,7.653255630421417
200.35596395999036,227.53265064406241,8.115820497104584,7.667147165328137
200.46419110795273,227.53323352984268,8.147891763991339,7.665981393767595
200.31939923360184,226.91056174585674,8.18846705064249,7.666282651486079
200.17423368555527,227.41575062287058,8.22915090650523,7.654493858379928
200.5988404150936,227.10266339539268,8.274805378250202,7.639839368149889
200.5738123293164,227.11017303132266,8.324861549804623,7.624820096289925
200.92699572210128,227.24193725239903,8.371841560771381,7.6124072529826945
200.27997488057636,225.97774245490862,8.407636160965774,7.624302682252566
200.51672901434227,226.23036960618367,8.438920140389513,7.623840626658096
200.50098324505439,225.4719761568308,8.470411678965347,7.623374932240767
200.8692927366736,225.46865673734266,8.493865753988754,7.630013771217064
200.6001343197937,225.46555223548125,8.524526106587842,7.636222774939866
201.34218938731357,225.46921930743568,8.56683905866831,7.6288886310310495
200.4421366470467,225.8495484155346,8.582337391009416,7.6330620497728745
200.30022608753995,224.95970293229573,8.610907306232292,7.625994589716015
200.2938920146118,224.8301769442301,8.62357545208859,7.6294649562143455
199.41962363389447,224.5591101603319,8.581276519042977,7.659931182730633
199.55816072166786,225.0642406388045,8.559866485659207,7.672326794437371
199.57249670010822,224.54300049473036,8.531194528778508,7.692688905400128
199.33668985551375,224.66340363995516,8.491990409282874,7.707291519292773
199.10036190510687,223.75921613219893,8.454582377957191,7.7304427723170335
199.3853228917268,223.9868392024953,8.394297405411045,7.784833632417994
199.67184182325983,223.960759883963,8.330748077463097,7.836992269482603
199.95695649614072,223.93459541140734,8.26967953015544,7.889321214593885
199.09470729925297,223.40208174652287,8.212994128380915,7.936529232620001
199.24973981587934,222.73948993689564,8.157242980911937,7.990143422955854
199.40692648045163,222.8387753313098,8.097155797450155,8.045858779810363
199.9469907117833,222.946830973755,8.033908859302459,8.083967876048884
201.11634165077686,223.06028882271377,7.979627701160965,8.110876702558611
200.2575069322699,222.039636710098,7.923555499471348,8.125047626414709
200.41195435903316,222.03059822816573,7.867389573552107,8.14312459027922
200.68206882487527,221.90386318366782,7.831410108327362,8.14446994604524
200.8290709285162,222.66064340459806,7.788982486942984,8.140369019569444
201.20633886480516,222.17111279525076,7.7869686255430866,8.116067556693336
200.706175247218,221.55569918266508,7.78558342866019,8.09475424179319
201.56462842182725,221.70020519626928,7.819182540653641,8.05581442332929
200.82683548098396,221.70771125821338,7.794810369895883,8.04080229944111
200.95455428583602,221.72152619865136,7.78874496498459,8.013172418565151
201.21248229612866,221.73036978417153,7.770574580568773,7.995485247524821
200.23657230058393,221.48866710620362,7.736169845332779,7.982334421879283
200.25893492202437,220.99068506429234,7.691444602451871,7.988186860498097
200.28029254311528,220.24879397746486,7.648729360270095,7.990495384960775
200.04905222704124,220.2511935964223,7.618665389736025,7.985696147045859
199.81787899072557,220.2540773740231,7.589569897596103,7.979928591844284
199.3510296729994,220.12633494198994,7.542589789331337,7.990243769981282
200.34506774746956,219.76463064772418,7.511202876340068,7.9798938950319
200.3650920942407,219.51651360853936,7.471154182797786,7.988275245550308
200.38167212228134,218.78514701376622,7.437994126716494,7.990479264875204
201.35328700934778,218.91702493056073,7.43819744483949,7.969652567818201
200.88140689756307,219.0432441805077,7.411528790242759,7.959821287465737
200.06041366750702,218.91003141219238,7.359305228310306,7.984216820947164
200.20971194822232,218.53394550448132,7.302288828946666,8.011648150168392
201.27777596165427,218.31451154354943,7.336057844819011,7.968316729201868
200.4602163297788,218.43180106890006,7.284440659426077,7.974700028378304
200.60257944690323,218.433474098461,7.239954380051878,7.971353969256453
200.84747387966243,218.32636405618334,7.22912336532656,7.946095128415204
200.0339162638398,216.76479489927155,7.18384670110086,7.963362778478394
200.17799902586333,216.99199664783185,7.134140927454386,7.985878782158915
199.5997192801596,217.2165361633605,7.10062002284959,8.012831909506529
199.74036464205344,216.37685784359618,7.057228007692813,8.026897588618782
199.76359083163305,216.4882533543392,7.010775628533553,8.041529115001074
199.31324302253225,216.59412672874998,6.963850512943329,8.066687549627515
200.15947184428632,216.4738743663266,6.927187182132332,8.070650229803228
199.58813194187903,215.76037798126484,6.889793287653177,8.081554560774284
199.2530676341867,216.1101454733721,6.853174594098365,8.08876688549919
199.50532470049538,215.166093579041,6.818870356902153,8.09603109247692
199.9923729164838,215.05396228368414,6.783433754462833,8.08562872580619
199.52813361496223,214.94866771968523,6.776176907332384,8.062283991260628
200.3520846472513,215.7828513485606,6.762473937844399,8.028115828600045
199.655699916002,214.97981704613687,6.758987101993908,8.005218752040275
199.3166316037835,215.10939829160833,6.740223686290072,7.978356274477623
200.11653029388322,214.20731529543818,6.761511128456769,7.929853898399399
200.11280446240954,214.45908032877446,6.768962791404112,7.8886780445193505
200.10573384502993,214.71035865773348,6.783104026163385,7.847442485178768
199.75969167626275,213.80642030788263,6.784438846182316,7.81332047150603
199.19978119956662,213.80942423300414,6.7555439116673375,7.807312621262998
198.40961653080336,213.69483307769997,6.731566041701823,7.807308187943914
198.53615190673435,213.58059958656307,6.707297202478263,7.806973257579248
198.54321699979457,214.15548599809912,6.6931670163578385,7.799236031283295
198.54867433494,213.5915343839599,6.682252346066982,7.786836328783989
198.43648685522126,213.71131788526856,6.678933695917518,7.774962935753588
198.3261354558903,212.69293729094682,6.672179738664459,7.764613321162246
197.98883500179562,212.47539389495006,6.6652157827888665,7.745323537112478
198.672563994444,213.05166576499872,6.658427040034782,7.726670832467416
197.99879642994,212.15663434568265,6.647677593942365,7.70568757096564
197.99888272009025,212.17017963608873,6.647505013641902,7.6785969901535225
197.89266557933084,212.0631823807314,6.634477521053894,7.667129726761322
197.33618856779376,211.62017726261735,6.622054864190095,7.652838619039086
196.77697654759996,212.41794695104264,6.617204385349773,7.629883569107582
196.77780080837707,211.86931325323908,6.615555863795576,7.606041713459328
196.77795667798608,211.09815836615758,6.615244124577543,7.581567176454371
195.9941156233653,211.33436931044557,6.6188300096697645,7.556029923349634
195.87804570793705,210.67742589223786,6.62786571132917,7.531291984582502
195.3160271365447,210.69111884853393,6.6375760460239075,7.503906071990321
195.7564926141402,210.70500027443464,6.647029120071957,7.476143220188908
194.8638605593219,210.49370567134653,6.6537626106362575,7.454099771597056
194.63681862275067,209.84167788981887,6.663683149523713,7.425665331887346
195.41111513059994,209.9623741688774,6.667678706250955,7.406071141259661
194.96591318679287,209.97557311947756,6.671852265803597,7.379673240059313
194.30389715376117,209.98331347870402,6.668602326167076,7.364192521606402
194.74507509349928,209.88693954350384,6.669930492716344,7.336019380500442
193.85927680167248,209.13023121889134,6.677496888334454,7.305909615194449
193.96859072669443,209.25522752240977,6.6790245651899305,7.27607253505695
193.9687018703836,209.27184153814488,6.678802277811595,7.242844503586702
193.74924115309764,209.2863350904497,6.679336627880791,7.213857398977024
193.3121736107432,209.1917184713306,6.678471827631015,7.1843406659756015
193.41717562969743,208.88019223058907,6.686743456490141,7.152566147155878
193.52246777786655,208.56881192476578,6.694070176711166,7.121593709124637
193.29679921359244,207.93281145794148,6.710320373579226,7.088333847732721
192.96249850141533,208.16666847952916,6.727078032439631,7.055182314886592
192.41042775960076,208.40018434956875,6.7460790479478945,7.02220676205574
192.62083747399834,208.6302102652322,6.758884613264582,6.995779924840686
191.09215651087678,207.88575238043197,6.783834518159113,6.968489683766873
191.5174177140341,207.89679024857153,6.799580727483711,6.946413947487723
191.616745680957,207.58561129410572,6.817394063189364,6.91936404776522
190.63239341730292,207.06122546213825,6.839169906401129,6.886508664979942
190.51465439794467,207.29135400027425,6.858495848063819,6.858555782815673
191.26369219923635,207.3056568404273,6.87253617329029,6.8299501025095735
190.8247280030505,207.31772169979257,6.887316866034319,6.805820383779061
190.92801945926942,206.5730737693002,6.896372955487347,6.78564323152789
190.9291870459756,206.68801248304945,6.894037782074983,6.77122886179981
190.60882668735948,206.69438913280234,6.889161868583961,6.75847556229399
190.07442517633908,206.59270986946507,6.883360087268429,6.746913128297274
189.32790570216468,206.3836349075901,6.873868054085484,6.735768485895277
189.54860145919406,206.06468981686,6.861120992736437,6.730691988290918
190.09243622680788,206.17010097772229,6.843660632955761,6.733911501655748
189.6725236207173,204.99576700700388,6.828212695861486,6.730578282585095
189.89345014317095,205.73928893555558,6.813405417794585,6.738194609423029
190.11428358294606,205.20585192460183,6.798558942969252,6.738017619518297
189.27117280523353,204.5639900721304,6.779389290000042,6.742697918165498
189.2824466565555,204.983437104481,6.756841587356113,6.7555880905150865
189.1902614534842,205.18937383271194,6.728417825572153,6.769302969906292
188.77725164050804,204.1233913154983,6.70418829781587,6.775645120061993
189.2135845813524,203.37779721928283,6.680642798399145,6.780872643516908
188.26969882429742,203.69261823182475,6.66049621152484,6.787203318761106
187.96048372895817,203.691667734487,6.643609065348171,6.789104313436589
188.1762015207931,203.27244305907044,6.635244863961023,6.781410899704363
187.9671882484067,202.64243534325607,6.630705842944898,6.773729633966466
187.55092658467785,202.74808344129744,6.618867298300534,6.773523905909231
187.13401047481057,202.64865529886734,6.609098387093597,6.76147990803406
187.35039261825415,202.34007509648717,6.597447839137391,6.7469697043980235
186.40844513820937,201.82334977266032,6.590037711197313,6.729695303146325
186.41632648863325,202.2477880221327,6.5742750103495915,6.71984557422386
186.10702146204974,201.41931375778466,6.5648257879206104,6.70196936799732
186.31925146374186,201.32278747443016,6.558212018929665,6.686098817509665
185.59235171312824,201.22697864168458,6.552025766842423,6.6691470896701635
185.49083201800147,201.02767164350567,6.5468597529346635,6.651350277705435
184.97455532473435,201.44910483372186,6.540192145492028,6.639860692454574
184.76572480933476,201.455793628711,6.54273636920516,6.626483102476276
184.46062100962288,201.45857142483612,6.530779264672327,6.620927510226075
184.66869885535152,200.8436078945815,6.528848125487135,6.608180913919138
184.67314191268477,200.22112776570512,6.519962010820629,6.611852747649507
184.5717015841686,200.33366859797997,6.516043701210535,6.593570049742217
183.85035393657512,200.34396730185688,6.51359104212136,6.572972641988362
183.1295229436077,200.1471602445622,6.512643421446288,6.5544125832606195
183.23235524222707,199.6414433763879,6.512758970903246,6.536945586130585
182.71620655016636,199.85062102803752,6.517521004352932,6.529604423099985
182.91661252650067,198.72850523602898,6.5276420919549185,6.5137042856288945
181.98981801983751,199.4546833660185,6.532851567637441,6.4989765549283485
181.8847297735234,199.15775361073548,6.537802593876803,6.477159666327553
181.6775841185275,198.55510415656943,6.542174945140712,6.452701698476061
181.9863510168648,198.6629905199496,6.538568690392659,6.441571485691186
181.17023381844226,198.66674175777536,6.535521251469106,6.434069010039703
181.3767866152231,198.6713091991316,6.530903565377788,6.4249341273272105
181.37573705267033,198.5761408006944,6.533002690483336,6.411243690374477
180.66232587491683,198.0734745340276,6.532916030102836,6.397355498074151
180.9696797923686,197.36453858085264,6.529078771992219,6.389862725240737
180.16055645403472,197.47581072179437,6.519765893410569,6.3707633877633985
179.24863350605372,197.48129503663827,6.516638153262124,6.359794758075615
178.94218309198482,197.38084417535435,6.521214850587317,6.357921770372587
178.32921592533808,197.0819527252433,6.5302473424692735,6.347253749888923
178.53162596217055,196.4793867420349,6.531007616465629,6.335644673321867
178.63381659888867,196.6869137160646,6.52924494923013,6.32582793766411
178.2336888978128,196.6889357014214,6.51975732618282,6.321783966950501
177.633845249445,196.48540566933906,6.506106691225782,6.324398053884306
178.24757505302105,195.9760677218398,6.490947846215438,6.332823313764711
177.44671576676834,195.16579444152563,6.477103907001785,6.337807362673988
177.45644072518488,195.06302745469088,6.457653990168705,6.341534690655394
177.46824237584565,194.75711686290603,6.434050688847177,6.348676016187848
177.27770781857214,195.06002206534322,6.4125164828075665,6.34677059219328
176.5817230055116,194.25518448911396,6.397955194019144,6.348981841898074
176.69057454826668,194.25522505268603,6.38099090404637,6.348900714753916
176.49659352068687,193.85569782850692,6.3680118093803495,6.346072863460922
175.69484659677042,193.05800885048328,6.369731806414747,6.339676968709685
175.79900223201508,193.156422153693,6.3615685657052765,6.34299839207013
175.70588860298517,193.1521975710083,6.347723956603102,6.351447557439566
174.81264268548892,193.1425894947919,6.334333234145415,6.370663709872329
175.4215950635364,192.43743262537362,6.316899403210599,6.380428036022049
174.02381158419306,191.7284910928276,6.313064347643001,6.39861009398698
173.92857814638253,192.518463415598,6.303348507054877,6.420127178119548
173.53486219077604,192.30445571473527,6.289310074510821,6.447407407966522
174.14781488790626,191.59048875759052,6.266850870281849,6.471320767219278
173.45608020822633,191.77761171798514,6.246157559094554,6.498264180872079
173.86795847699858,190.96310677675112,6.225159971899452,6.5217561626413065
174.07411272499186,190.85649217274576,6.214301978356225,6.534260119430298
173.1769960441429,190.2556699217616,6.201794795564254,6.531410925072014
172.88023863394847,190.26201403477083,6.193791232971471,6.518722699053549
173.58821394817159,190.26497146651113,6.179105646161556,6.512807835572954
172.0930590692469,188.96934227674308,6.171584687223888,6.505946260560362
172.1980897448024,189.66683846210842,6.161152132631416,6.508355465459209
172.30659287635712,189.0663359394823,6.1436469430547875,6.512354069514498
172.21712048661362,189.15874726177984,6.123305765867777,6.526817381593393
171.92655511848568,189.15595008344343,6.106868904416437,6.532411738266202
171.33927381982087,189.05202363705612,6.087337995865948,6.541249046727422
171.24605048635112,188.35345648827118,6.074941395019011,6.54648046979235
171.05515516195476,187.6525587526236,6.059276309250073,6.557180870121529
170.5645918216971,187.64575272240182,6.047174585502176,6.570792930565148
169.7764956447505,187.53938357211948,6.034043966777903,6.584865859552612
169.78355035856822,187.33181167487828,6.01993453914246,6.602658346600849
169.69021457455906,186.7296849301203,6.007878079653514,6.614543671073268
169.10014046324852,186.82410002112266,5.99570096477272,6.624434378652165
169.60467454554893,186.81745946324799,5.98003589539103,6.637715494401509
168.8169553368797,186.81214286860106,5.9663762839910826,6.6483486836953585
168.41848865705802,186.11646611283106,5.968971655639629,6.649610716244352
169.11786482037976,186.5117571884296,5.960738173732364,6.653610762039381
168.42462894525977,185.52125181543116,5.957176288874226,6.648859172181867
168.52332289997426,184.83176846459483,5.958233900053333,6.638707229597752
167.5342569060666,185.3292377012156,5.9533193546587615,6.635292022961227
166.9383255539691,184.44044080370463,5.956143406834917,6.629327839954828
167.23661990929818,184.23757720331201,5.953931205403413,6.638804034588947
167.33298381668152,183.64430273702342,5.959440845956238,6.635928235249067
167.32784722602145,183.75386195740674,5.9697140272763605,6.615090527730056
166.8300631893852,183.56085569372001,5.974678412854914,6.604861580025972
166.23345844072117,183.3674878246219,5.979642885685896,6.595515643389852
166.43004877973235,182.67817001691057,5.982411424700015,6.588328999184854
166.43511812073393,182.77648196609312,5.9722727426968,6.589612017240661
166.24358951313553,182.67196471363627,5.959799504841708,6.600881295628378
166.05181106004392,182.56864076433126,5.947873257308068,6.609787617379914
165.36793236032617,181.96849336324752,5.931802428403345,6.62394393811297
165.47517649078858,182.15542531744453,5.914967334903334,6.645386364568633
165.48422401403894,182.24224791447566,5.896872288402639,6.669458384568754
165.29570293905437,181.3407074035139,5.878311544407857,6.692326383654465
164.71023679995332,181.1295614403388,5.8620897533284815,6.71890028691089
163.92632977880996,181.61176883553844,5.84581636998718,6.744540137529125
163.93413159927258,180.61428071781367,5.830212729061915,6.758046314066622
163.84236226760927,180.5045076934671,5.815645758610911,6.779486728982115
163.5542354663504,180.293206115219,5.797289468964226,6.805683290702075
163.959796288741,179.4876468112003,5.779420310640849,6.830296925823879
163.0703898651756,179.18356451556787,5.772581403870234,6.843244265788241
163.17965183751426,178.97366873733364,5.752552933303278,6.866044874036006
162.9901272306383,178.96482602310118,5.734553022276471,6.883730302500924
162.39906453325085,178.66743248090916,5.725636441127762,6.882996398923192
162.50680364124977,178.1623687380735,5.708510137341835,6.901364323535014
162.51488607497234,177.06330043827998,5.692345269896691,6.917557980084775
162.42439894447122,176.9546084225191,5.674972856379695,6.93659533708728
161.9312702553541,177.35024885866193,5.669436359824008,6.938749564633563
161.141918368729,176.5540351409575,5.6617209229684695,6.944757789936667
161.1460982181733,176.5558152823594,5.653361224079872,6.941197507132886
161.0513165545295,176.4545001349352,5.644844437073809,6.9457476876876445
160.6577580423205,175.7615452700437,5.639912379618102,6.945571524191696
161.0579790705848,175.75758673374077,5.631189430609413,6.953488596797589
160.2650478079674,175.65514163228133,5.633770201453506,6.9604685804176345
160.3625973384626,175.0597024712223,5.636730306888365,6.962991903984052
160.46020196615714,174.46398629885152,5.639666872405623,6.965549323287472
160.4571273407053,174.56701065068413,5.645816123309284,6.957733237250477
160.36055447858107,174.46552462073328,5.640749754232761,6.962493203827203
159.76842517231117,173.87072643980514,5.6357890832014945,6.962870282112357
159.3748785235719,174.07036892275315,5.630367501923556,6.95984275559457
159.6764614991516,173.2749945376022,5.621184996906194,6.966635669517833
159.47417843518573,173.07984929809848,5.629850912830056,6.961025936517361
159.27528456300195,172.5849332726596,5.63163008486586,6.960836556565543
158.78023061639723,172.58832153824923,5.63158709237389,6.9540600253863
158.18783589600957,172.59093352686446,5.628823955030399,6.94883604815584
158.48856595190014,172.3892592780479,5.620765323509943,6.956583558948542
158.59211184579019,171.69770426779777,5.611462543555642,6.955170524667923
158.59634687393606,171.69880710901154,5.602992487263928,6.952964842240419
158.5027978055314,171.40369956511944,5.592644936393045,6.950842866984129
158.21178342830063,170.61814685542492,5.582937096275939,6.943984034163363
157.62802543597928,170.32244671451429,5.568554864075873,6.94443520756323
158.32231243610886,169.634264406848,5.557279361704655,6.943501325007835
157.54208806468583,169.63472648354823,5.545249240534738,6.942577171607372
157.54413764270276,169.242127085503,5.541150084500897,6.94237333420489
157.55028521924848,168.5559720428178,5.528854931409446,6.94071595301133
157.45842361314655,168.55598695554522,5.516521880783784,6.940686127556489
157.169959347549,168.36056727376885,5.5058832035410905,6.939814018817317
156.6888649267694,167.8680518086401,5.48972332299112,6.946496226965702
156.89333596751692,167.86203316485944,5.471800785233839,6.958533514527024
156.0209070788073,167.75649000545337,5.458032091543611,6.974216892104764
156.03001826817544,167.4573825658231,5.439809712807354,6.986174416198782
155.84017451447266,166.77044565183306,5.428886009909643,6.992909008117473
155.55375948998736,166.77025781325332,5.416023701646648,6.9932846852769055
156.04413502991144,166.57748611954327,5.410408346009225,6.988773783012726
155.26785491384314,165.89583968068052,5.404034190173365,6.987999071262347
155.36812967131155,166.18998050151347,5.398235845690808,6.9839709409592
155.07785199204434,165.11635312107558,5.395005569156624,6.9906783732502245
154.58741593460073,164.4362022575662,5.402652447074199,6.988464768511404
155.06925329426633,164.63530092741095,5.412656641584463,6.9797389943584776
154.28344250893036,164.53984760779377,5.426155362011758,6.975880277312255
154.47414805608784,164.25343107346177,5.434596418557674,6.96393511968498
154.4718319031141,163.47413894120552,5.439228724505135,6.963473224539529
154.36725367837957,163.37916129517652,5.453436129432121,6.9584794720554966
154.5594295065042,162.7039329130653,5.459291789459644,6.9432106293093705
154.56384078384465,162.50104570712176,5.450469234778727,6.9590546704141865
154.4652718818072,162.11014262695613,5.45254281107114,6.960603919615688
153.88049978652526,161.035771185187,5.451357179017289,6.963008795021329
153.19545826412434,160.8433576917214,5.455466167587934,6.957557480172171
153.48549267191262,161.43150761817418,5.460765002623399,6.951992928490716
154.07227662287616,160.74381789339864,5.457938246361913,6.961507708098622
153.3890779416441,160.83898285041147,5.457773426215947,6.966400963017244
153.5848054264635,160.73784539523763,5.456909158149966,6.973380522578526
153.77996184901752,160.14438033745697,5.457372448658516,6.987982231290053
152.9979695423556,159.46172321786574,5.4564056461235895,6.983963981596129
152.99874226326457,159.55113218497766,5.454860204305645,7.000687800104857
152.8956289654362,159.34818904520745,5.46531445722541,7.015029394171375
152.50624461053954,158.93990010376416,5.459436449675314,7.046960559714552
153.09494185737253,159.51403407131437,5.461366254006742,7.078016922611535
152.50381730009573,158.41977081734342,5.461256072889456,7.098884721823502
152.69992915128196,158.11654127439678,5.463785835487928,7.113213610260347
152.7977049020011,157.41866726706417,5.465871038919929,7.125504690833539
152.00224753070367,157.41784453588025,5.47391938507067,7.127150153201406
151.99929123404576,157.21993953166444,5.479831978386453,7.126930939340815
151.80205540450535,156.4255997950176,5.47808837578504,7.130749365905556
151.40778497108806,156.42528148657732,5.474079227945215,7.131385982786108
152.09918686001382,156.42437275482072,5.477848553635604,7.133203446299317
151.60603626196684,156.02458103428762,5.473294474906035,7.140102667506659
152.29858926923131,155.23481594741816,5.475603265352999,7.134015921273062
152.09984839201056,155.33749567606012,5.476791305875613,7.126803320948635
151.80538382589418,155.2413523309819,5.471552059106146,7.121033884771005
151.2138547510432,154.5541884832847,5.467314234629789,7.110182943623995
151.31877812346644,154.55222978027618,5.455115436864032,7.114100349641042
151.4216873600795,154.4535067222157,5.446805863949157,7.114037565450739
151.42723955516567,154.1553236671556,5.435701473776797,7.118286308729365
151.43069439708927,153.56260687504604,5.428791789929625,7.120182863485601
151.3334008396813,153.66439827051454,5.426206529388717,7.113772447905459
150.9336290794968,154.0605184431765,5.437620362921098,7.109661789418091
150.24524687175392,152.77009813657688,5.434293517233458,7.127475774723973
150.538421463237,153.45992563851158,5.440064450850299,7.129434376214832
150.83777557937097,152.66258508882765,5.43384841407759,7.144136287595291
149.8512752097882,152.06590568190458,5.43064733530544,7.151774010678809
149.8498533380857,151.66617117045573,5.433491078710483,7.160505513937393
