303.5,151.10000610351562,5.099999904632568,4.099999904632568
302.6346088699109,151.75031748333993,5.107443361289887,4.114061316250784
302.2684917735078,151.8163246233267,5.114628852299633,4.1270567766365645
301.6876905469664,151.88629104892323,5.113587572149782,4.132454392097599
301.31905514280936,152.0324881961216,5.12384902500645,4.130863839883822
299.7182036756103,153.19374481064497,5.123812113180765,4.136888680818114
299.64390026100085,153.7722780169421,5.126788324225698,4.1448672136161315
298.18051760580005,154.06466409597058,5.137444175326212,4.143316947419358
297.0116395032181,154.79151633256103,5.140097243890134,4.149051934613435
295.9159853070418,154.8601230018944,5.140242694114743,4.1579161254219
296.50009181859855,154.93145464237327,5.141815777828547,4.161476107817555
295.47275381863966,155.51377369619127,5.148221241925665,4.167278306364889
294.7405185121776,155.65744931245223,5.147718838813496,4.172921677050239
293.63697726320623,156.31543908844927,5.156087594998023,4.176170370111026
293.6321601646889,156.90134352672408,5.165721792032667,4.17845752891011
292.5306595778343,157.04521013016483,5.164518681613903,4.184618226578932
291.49694417489155,157.41192329970517,5.17355485672401,4.186332827060963
290.68911381797653,157.4146321156953,5.170073970020767,4.180915195080654
290.39601051602034,157.56110615256017,5.1680663562316385,4.1820742302017
289.29106519966575,158.2186469806837,5.172334625667908,4.190365991918419
288.70513071459516,159.32062512132816,5.166273764846739,4.195028143683844
288.41254235750995,159.5379338119668,5.162556151805585,4.202081507815262
287.38163623315415,159.38870432762954,5.162440510107091,4.20597934928835
286.4259241758943,161.00527782129322,5.1584209262716385,4.214352466869734
285.6908860132655,160.85400121115308,5.154343001649729,4.222074837174139
285.17737559882215,160.92476028543427,5.149021015882645,4.228034233562319
284.1391420113042,161.5115197190781,5.1606003347818215,4.2344512840670046
282.9589543814202,161.51063541325405,5.156595778751383,4.236219895715123
282.21985341536487,161.73234329030922,5.157390503414362,4.236026303839067
281.63045810894585,162.32180546388525,5.154182581246525,4.239100491692854
281.33316698710996,163.12908745343603,5.15776430939618,4.249787930277328
280.2220155037467,163.27424408374617,5.1603999669150635,4.255430310884727
277.0379211887818,161.49425681218148,5.159881116879847,4.260777423335997
278.74091915416875,163.26918463509742,5.162204900137812,4.2674293051894345
275.9252572957152,162.00461314533698,5.156952653249596,4.274946195644001
274.29470580762813,162.07503610342894,5.15388503418855,4.282471670152559
274.59422296318826,162.5901638578762,5.148632918581618,4.291335003406289
274.9673555214466,163.2512777922078,5.144905666586728,4.305675290882583
274.9650745537146,166.00258511047966,5.149467602050745,4.304267673992749
273.92007521037937,166.29866313669373,5.157261712703028,4.307027214712671
272.35898658165513,163.9889372485428,5.152675754179399,4.310780910293703
271.09414015876393,163.91454430457262,5.151352413750494,4.310683493162842
270.49924635726745,163.91475572082007,5.150249310199947,4.310260660667943
270.50062657610226,163.76592791134723,5.147488872530271,4.310241235198551
269.4558594485753,164.13996374777426,5.153897895502778,4.3061428595164015
268.85972524678783,165.25663377526274,5.155547135505281,4.305213736237778
268.78694534567364,165.2576561103992,5.152269102376605,4.3031690659648225
267.9717460880517,165.85576345476656,5.14636959995709,4.296989299167183
266.7849780429785,165.78484405809348,5.142884107447137,4.290264243597315
266.70561483557935,166.2314794203829,5.153208784167522,4.2874039474856795
266.03717645868886,166.75371056860834,5.153453433991254,4.282544398557159
264.55018385198355,166.68284496541057,5.1586371508575315,4.275835530125501
264.8459403052272,166.68516922793503,5.1607709432754,4.271187005076598
264.84117100847374,166.7612981545354,5.1703095367823835,4.267298669487328
263.94512202536635,167.57910410394734,5.180964649950976,4.264676052622493
262.7533321756783,167.50579424018468,5.187341598883455,4.262720608245079
263.1953282774391,167.6567608579112,5.195199504569507,4.258070742527974
261.7809989457042,168.17977957626303,5.198797362820847,4.252845181431126
258.97271147564453,168.84034338767046,5.193413102019433,4.249211031942162
260.0884919137606,168.91310290360647,5.1896037953775584,4.252208771376129
260.0155436794998,168.91707841081023,5.1869936155258705,4.244257756968605
258.75158356801495,169.43867819668068,5.1931673905983455,4.239424369655985
259.4158776088166,168.92240410610776,5.199772502716977,4.233488955684749
258.4535012337544,169.51915748822233,5.195840986734822,4.2268648167519975
257.6398861884413,170.0340499174024,5.192950402542265,4.2344294787310375
257.64188342337997,170.48167966910938,5.188955932664922,4.228794217748577
257.19462495777185,170.33684280357497,5.194763649850936,4.222231544140695
255.64006210364775,171.59220379488744,5.193762194856546,4.229231550807424
256.230726755293,171.07074314634946,5.198025908708221,4.234758957883928
254.96892835140235,171.66739818584867,5.199604219941489,4.228281112555198
254.44608135540992,171.5961085397404,5.207383628531796,4.2225868928582155
254.14451611132097,172.04425488204043,5.217310580901525,4.216099511970302
253.47389587612176,172.6410831021761,5.223416239634781,4.209229570956816
253.0300952836,172.7132612439038,5.221032659398373,4.213204081714823
252.3577772184169,172.71431877512538,5.23044165185545,4.211089019271655
251.76355106313454,173.15857987322613,5.23114418433795,4.213379156631852
251.76586285951814,173.74793861313765,5.226520591570735,4.22279443508015
251.24394128136296,173.74800724568124,5.230177155185505,4.222657169993009
250.2790367623402,174.0444414488478,5.227510274220147,4.2243967387401105
249.6788801786736,174.640161229205,5.238709702042181,4.222070917536905
249.60170640338882,174.64080574557752,5.244283788458196,4.220781884791867
249.00474039418017,174.7887221993582,5.247510793860167,4.222625230484302
247.3592321152052,175.38275531183956,5.26234231724545,4.225899018090571
247.35866960482835,176.49951408786814,5.263467337999135,4.230352846719788
246.83596329798564,175.89983317888522,5.263867383352997,4.235414586592367
246.98870210054082,176.49249019963085,5.257141066486179,4.245105698075145
245.94528648330612,176.4129664499915,5.251961370180556,4.254723845155559
244.97103344552337,176.41437968942716,5.256895768986852,4.251897366284247
244.59272609800254,176.5656241325783,5.265832796190073,4.248479547117336
244.51458776009136,177.16642935589516,5.2724920771005115,4.2438082597789615
244.36836372432276,177.84132374420685,5.2656522600536,4.240814981784188
243.24921081736846,177.91506750712512,5.261600521230379,4.2428179594630535
243.25054236539398,177.91485247132806,5.258937425179314,4.243248031057191
242.4329423653527,178.51147460749542,5.25044209500827,4.245418544361533
241.8343798410705,178.6576054785853,5.25291453272534,4.251819954893561
241.61384374301798,179.256064927765,5.245567271040393,4.250686277307476
241.09451903630492,179.85231485067365,5.238822802235664,4.252922296896814
239.8976700004539,179.9255061776542,5.244127585882827,4.255814223439125
239.15202461006987,180.44651565800604,5.241389882182158,4.259615201863624
239.00088841528157,179.92046781791842,5.244817695390587,4.265754864750144
238.17577143608435,180.74426796796786,5.24973478844145,4.263471429994834
237.64709940006682,180.82048661592646,5.259788852440214,4.260646992368516
237.71513044851724,181.04544056655007,5.273448325355532,4.259903800569829
237.25929024210942,181.5696161874591,5.285613165742517,4.26098739325187
236.5764186914707,181.0439062212345,5.300244496603192,4.261542615376932
236.3482202661478,181.64359822784039,5.305570212424302,4.2650149616976805
235.44059767473615,181.64166506017864,5.3148752999270785,4.26888129702116
235.13625706608912,182.16745478835205,5.3207549000576,4.272204670710573
234.53130189893093,182.7692930364229,5.323909644263268,4.27528376467952
233.91824173463297,182.91971367950046,5.342488103222969,4.276327945933443
232.8610193617175,183.36927449664367,5.3395082741339595,4.284673986612672
232.32980948494335,182.91414565628094,5.342588833058589,4.286926643375011
232.33094439540235,183.66921836609106,5.340319012140604,4.290960492898036
232.2567898660552,183.74206991512187,5.337179605986987,4.296705859684319
231.11719894534102,184.34746518753494,5.343960984975056,4.2978622281596355
230.51235504045786,185.4808649126589,5.340719588385254,4.305305039829483
230.5884027329078,184.71891298424757,5.340311160913547,4.312339322370106
230.1309925893041,185.17084009458452,5.3443639174675726,4.319252632349622
228.99106433877344,186.07818518487537,5.344689536047752,4.328187157752813
228.45774759089124,186.15106217028293,5.346494639556661,4.334551528688509
228.458504542978,186.75512911353667,5.344980735383177,4.344410088485405
227.76818055794692,186.82532398723743,5.3541609743967875,4.35640564453372
227.99182865354098,186.81955198764896,5.365025884053146,4.36794964371065
227.30707963458022,186.73716173515857,5.356857894509571,4.379656145639724
227.00346003976316,188.03421129886527,5.351546107815501,4.38889866762114
226.24023826359513,187.49452228395816,5.345935296397985,4.395838642807902
226.01211123870758,188.1049200722646,5.342495594720642,4.40089307006836
225.39659440128165,188.33420798209684,5.347449591882992,4.40209712953746
224.7055573021264,188.870014774799,5.349323210580423,4.403972883832207
224.16676429112897,188.71466950433555,5.353006084037951,4.407833953748338
224.39732154604576,189.6352779411237,5.352492810511154,4.409022025399257
223.17051832164503,190.17029459672486,5.349378725021882,4.413803947949137
223.2465571032703,190.01389221639926,5.350875486007699,4.4194600601276814
223.01806899482125,190.0125033627854,5.346785711834648,4.4222377673554005
222.40329465187406,190.39547721597006,5.346970006192842,4.424642805696185
221.32724347279674,190.93222001438377,5.3471015823036865,4.427142599890643
220.71123384352694,190.85381847025698,5.349084332904114,4.430191124651863
220.5606722548395,190.92843523986033,5.342538952388789,4.434791864390278
220.0273205718744,191.1564282044005,5.332588247250174,4.440229108625143
220.02939865392162,191.7698580700993,5.3284320831557315,4.4433066172102675
219.5710218053979,192.46099072291017,5.322819319674933,4.444591002380975
218.9567385498416,192.6172053828786,5.322090122272581,4.439485609572825
218.6483541152363,193.23171719225397,5.324585264718001,4.439009444352508
218.0317611110338,192.9282541474048,5.328977682728116,4.431538738853392
217.95155578035582,192.92939548077686,5.335841942620039,4.429256072109296
217.33592478592706,193.2381404678036,5.338181540337204,4.426227293626047
216.56710148119106,193.84805074255362,5.339803513193827,4.435226453418251
215.95401646704977,193.8451378350846,5.335792664144583,4.441052268356237
215.87267095847676,193.99908816853156,5.3446788914321655,4.440761181179271
215.255992196105,194.45681013040974,5.346540703697324,4.448939041781651
215.56525748034267,194.9947901410863,5.344400242918542,4.451661708897474
214.17587011460517,195.0705750902386,5.34922275588331,4.454200267176753
214.78962929910688,195.14750005813156,5.355493816184888,4.454574010053988
213.556071778601,195.75927724464927,5.353388011265486,4.465630059984098
212.4720158839156,196.83757274728185,5.3588900514878475,4.471648803867413
212.1616649150181,196.29471239907153,5.3609762936784,4.474792032980312
212.3934983332651,196.91195255197505,5.361519668945984,4.478205625204035
211.23292647588383,196.83347394503397,5.3606614023563335,4.4803627069960505
211.69915131303293,196.75469736033057,5.357141755962373,4.4830942050854885
210.8496710205712,197.9128031744194,5.353176466512847,4.489054223780081
210.38557652071515,197.3686158972766,5.3522874199444,4.4935043907383125
209.83965999873342,197.91286452626235,5.359790246862983,4.48933734981168
209.7631938913519,197.91116657044682,5.357769600004879,4.492733261442767
209.1464275453783,197.9865406135408,5.351490924874641,4.496961596139482
209.14524821627506,198.45187163829075,5.35384958308113,4.495985840536091
208.6033089411639,199.06996926031468,5.352949529530269,4.499537572229
207.5152372311349,199.14703781166546,5.358929235537577,4.500412163388207
206.97143577051173,199.45739427701236,5.3607062248857416,4.5001711937790745
207.04976933404384,200.07811118438096,5.359180607173044,4.499869453853896
206.737417097989,200.07606282643053,5.363432578092181,4.50396616975471
206.12064079703387,200.0728540603314,5.355027801473622,4.510383701952991
206.11915594306905,200.30706576482837,5.35799750940328,4.507615469428307
205.650603025961,200.8533277757928,5.363785590755324,4.5016288258408945
204.95488188558113,200.62062149406518,5.358315657400549,4.501403984591326
204.87634092837084,201.39755299686595,5.360273068963177,4.49878600756926
204.33658020594743,201.39563604000276,5.354006880159652,4.502619921295647
203.71629357088088,201.8583780019385,5.353959052025562,4.507601821124572
203.25283071839814,201.46717036968417,5.349942049870087,4.51423149636579
203.72114299231524,202.0866919776986,5.344528765910356,4.516803298836227
202.71200537982327,202.16667419999956,5.345727329462246,4.5119985974214005
202.1731269315397,202.70692498832634,5.337777856071573,4.517203390725684
202.01542954859846,203.3271002581149,5.343048624886569,4.517348839418563
201.93558446039455,203.17100000939323,5.3475931199682245,4.519257974209623
201.31808167423523,203.16730159613124,5.3406264360926885,4.526654800733586
201.24326517543847,203.5522894392408,5.3350014116882924,4.532969224504126
200.70403330803776,204.17030490302838,5.326555966188466,4.539120217273206
200.08727955830994,204.01041450749736,5.318133785389534,4.5484185882716055
199.53952804614724,204.39673247532218,5.326813107654597,4.552085296950797
198.8428772931656,204.93724132505346,5.321032585993107,4.559242507863005
198.84683582605751,204.70012540114996,5.313115520209309,4.5670366984597175
198.30309973471267,205.86628699116244,5.312213660311379,4.566943609693852
198.77071808398242,205.24286527876322,5.309776363343244,4.570054499063842
197.60703431373926,205.86446974078345,5.304961529186975,4.570676174832726
196.9827621342207,205.78621064178665,5.310191143621934,4.571780029751058
197.0636374666122,205.78317804907786,5.303953419353604,4.5778452151686215
196.9893103953496,206.16928523238917,5.297093748697398,4.5831999144526625
196.36805148563312,206.79065052850575,5.295662740498816,4.584418149851113
195.66886322506855,206.32353168119394,5.294620232476959,4.5857098250407615
195.59333084604242,207.02080345860003,5.290189399983495,4.59062658514002
195.05267514045457,207.019815698883,5.282959703616593,4.592602104574068
195.52078456139853,207.02074353406445,5.27929463910451,4.590746434211154
194.59244008028986,207.17665757426428,5.271913998374359,4.58959662096941
194.1261145135068,207.80036814575482,5.273326612421855,4.583826837346552
194.58926266716114,207.726131021935,5.2778450637518075,4.577165291879739
193.88979395065104,207.80668744972178,5.28089224832401,4.571151352800414
193.4195275547699,208.428118386701,5.291127372726326,4.568686368655237
192.79327851925262,209.12870278298053,5.3022780737958595,4.564033367306807
192.40094894566724,209.13121185372614,5.310606185740632,4.559015225815572
191.7770352342853,209.4440675720612,5.315918405161386,4.554561390817085
191.8526015414258,209.83486735244523,5.320110770070445,4.549586725999287
191.69754260408516,209.2933032035512,5.3196089499595764,4.5455460920147175
191.15425492052478,210.15023975035436,5.319524151092112,4.539281830675507
191.696388734031,210.07592382509324,5.321202819164486,4.532778496185663
191.08122338024788,210.38831586936308,5.311080883416573,4.528220729303055
190.69202299522425,210.9319536413355,5.315346808208345,4.524733968715893
190.30218392746795,210.3914637240599,5.320840909777188,4.521856155745842
190.38243834216289,211.0875883820192,5.315207458130576,4.523485239516904
189.1451487044116,211.4759051087898,5.312753483925459,4.520924676509374
189.22394197585461,212.0213601391405,5.309902452210105,4.513163194002617
189.22728829325558,211.71209926761662,5.303209817408167,4.51341819819843
188.68570357338209,212.78943025954382,5.30510722386527,4.521300280923832
188.1477837838675,211.93779723008413,5.298582626535426,4.52370834842199
188.07190915936246,212.24520779936682,5.295770508093915,4.527132679663037
187.76560050006657,212.86396036649435,5.290096040091308,4.526211118596775
187.15028507370963,212.71088880038488,5.2849632582547335,4.523413342178134
187.07399179411695,213.63758171409197,5.283203633122566,4.52218172657375
186.5309754580342,213.94911766296462,5.28914187635428,4.516306645362056
185.9138623578613,213.3333658186121,5.288995604027179,4.513437861394263
185.83839368882235,213.95127369861225,5.285684748358832,4.5116076513637315
185.37699042593067,213.8730105700948,5.283485494174209,4.513966278403929
184.83808414850694,213.7964157200473,5.282097153939889,4.512984422058728
184.83776665503134,213.87423263662063,5.282732140891094,4.511484916387404
184.45066908357606,214.41452952769941,5.286327077951103,4.509731422420618
183.83469951536364,215.03306702112576,5.285087031058281,4.505835618885621
183.8328232389224,214.95534884488546,5.288839583940702,4.507206348034067
183.44270788328,214.95437642267007,5.298342189254864,4.509151192464871
182.97732151751578,215.02753766761893,5.303172992656291,4.5171523572549726
183.3623438263719,215.25768907459613,5.305762866609769,4.520430238299963
182.59130021682464,215.87615862418167,5.301654138503133,4.520447896889812
182.5929630920159,215.7979992308288,5.298328388120597,4.5222102701437406
182.05576604033376,216.0299554967994,5.290988947587615,4.521897828444206
182.60017324376383,216.56886632150398,5.28307916940364,4.524980807711257
182.06383471563788,217.10719174206164,5.275360490580921,4.528725701670589
182.1421103031214,216.94848496821922,5.273092403388212,4.53757307380671
181.6808472815155,216.9466738632818,5.269277956225384,4.541195283681518
181.06447919300595,217.1794014729056,5.26690023137509,4.538907777634962
181.29920094638481,217.33250720894756,5.260403960404484,4.541327796075798
181.1463628657854,217.79435091045755,5.257571919563657,4.543164999174771
180.99360375477892,217.17665686864777,5.254610603585997,4.544634930831977
180.38068511916995,217.79203881560522,5.246707588547365,4.547611323173645
179.37746475886925,217.7143792296753,5.249289526954779,4.54878751178784
178.9912895203279,218.87258875999458,5.250630961405334,4.545395579045833
179.61069334623204,218.1772606224814,5.245168578456977,4.548538426604775
178.76330912475308,218.7174593704405,5.244462657845494,4.547079162048941
178.76330268628365,219.2576358700854,5.244475534784301,4.545424082330938
178.30309932132394,219.17886274318246,5.240442127038757,4.548896979859375
178.61384551452247,219.1775402521657,5.235216236753834,4.5515419618929025
177.53693242276722,219.33034791160892,5.232648559191054,4.5539829088740555
177.46007005191422,219.71287455453145,5.232345791623999,4.559067169394399
176.91859844227537,220.1761751247463,5.236558779827938,4.557091941313598
177.4604973112579,219.94282733010826,5.231726316025919,4.561373841662638
176.77055327167793,219.71001424802063,5.224429138097051,4.564604920141622
176.69578308350324,220.40171155684712,5.219899072011022,4.567844284407293
176.3115254911849,220.32409993836995,5.218153476956222,4.5690153654233185
176.77487267302172,220.40117012513713,5.215722316456564,4.568918859084567
175.9258408419999,220.63247672123188,5.21973484461672,4.568319612499704
175.8458099437561,221.09577730747165,5.225739415473252,4.566061793806303
175.3057647907685,220.78735327254105,5.22703113842637,4.566453530511954
175.84821148888298,220.40269161313134,5.221120336032875,4.565074996591786
175.23129073983316,221.1749708538316,5.222748126378697,4.560783649883547
175.38017149725312,221.10195179163395,5.23295295856947,4.5528386007635016
174.99214611211627,221.3374611646152,5.2389343378970965,4.543861489368595
174.52910255460156,221.49573334102422,5.241246267127663,4.535242198483545
173.9121170719205,222.03842128199625,5.244336801350755,4.526886693786198
173.910951006337,221.65676625668902,5.246668932517785,4.521327732883785
173.91006506297833,222.27431378497235,5.2484408192350775,4.515997922861451
173.52593426704505,222.1216309369613,5.248389919622963,4.514038622292055
172.9110258692272,222.12416827284179,5.249164679509361,4.5089639505310775
173.37108164574335,222.12662010753897,5.250417627282744,4.504060281136757
173.37408168643387,222.51229279514936,5.244417545901705,4.500221749654275
173.06756674946905,223.05306245909875,5.244059549159561,4.4921111954310735
172.60926016834784,222.5951014720872,5.241405749112153,4.48876620716437
172.00084713158282,223.2082394333032,5.2333005413179,4.4874215660567724
172.15163282261523,222.98222602593881,5.237668229640236,4.4805397752047
171.76663526939154,223.13828327160562,5.243030903984727,4.474278256712252
171.83844753679807,223.75338050526625,5.252315093904457,4.467353587253635
171.8348417529085,223.29825577316933,5.259526661683675,4.459958208816841
171.90857067179763,222.84268376217918,5.265002042467406,4.453502919424915
170.83762027485557,223.6102089591758,5.266108555097955,4.447591297755674
171.44639831503642,223.61189646371048,5.27123903341816,4.444216288686276
170.9077305748656,223.7657022688502,5.278549955320152,4.44232598081817
170.67821806710717,224.75723633212948,5.278745998843258,4.447516732899326
170.21676922416506,224.75915010709338,5.283466158076463,4.443689182971544
170.75070640126918,225.06233561071411,5.286877153688629,4.449481232770294
170.21084614138786,224.5258381102114,5.294291212040862,4.4501697723653315
170.59094119532298,225.06602855230832,5.300661447461944,4.442973368779301
169.9754988727422,224.45727059388176,5.3051910763726,4.4341342693815
170.20352973442735,225.0730971296236,5.308794662077547,4.428255355431797
170.20144717084548,224.7690767308505,5.312959789241264,4.423565990673077
170.1243865214235,225.45957903580606,5.313909983442187,4.421101322549877
169.82310639777364,225.38284673236987,5.3038862394893735,4.421419931609136
169.29283592121527,225.38196596281256,5.293450151353642,4.423181470723739
169.29761718543642,224.7694858489981,5.283887622911295,4.4252272358033125
168.76800548946628,225.15193910301247,5.273861800264211,4.424070166765601
169.0762163826522,225.61124379002942,5.267746754590372,4.420920903778641
168.3946332404644,225.1546500210126,5.259027977404763,4.4195184007715085
168.47380853498888,225.76553427463116,5.252952030766685,4.415947032821294
168.4737602747415,225.69335473752076,5.253048551261425,4.408182678394136
168.47658860609363,225.69709578734114,5.247391888557189,4.400700578753378
168.47969125005426,225.69961655773145,5.241186600635914,4.395659037972788
168.4800183494766,225.7032091886541,5.240532401791198,4.3884737761274675
168.17840800716135,225.7048116274587,5.237795488831512,4.385268898518294
167.57248976893268,225.85715067901273,5.238467383053855,4.383381940968975
167.7994842375846,226.084914635942,5.238605018627138,4.381980599987646
167.9498227042061,226.3130267247116,5.2406382137791825,4.379821615040967
167.11604578597965,225.7105489293273,5.243324377427373,4.373964352860667
167.11761603438563,226.23956900253998,5.240183880615426,4.375014331972504
167.1214512093683,226.84253184268275,5.2325135306500465,4.379225641470703
167.12341493987847,226.76657082532859,5.228586069629742,4.379930894909007
166.7475138742978,226.76529624522024,5.2245501774076795,4.382480055125716
167.4297072829776,226.76454015435218,5.2204814298673545,4.3839922368618645
166.8274917723482,226.83816219350717,5.216047855534935,4.387856233000714
166.97952312957037,226.91255127877645,5.214189001205025,4.39017999251933
166.2255189662452,226.98578088993642,5.211090568861633,4.3948314460987286
166.22643411721074,227.13606039580108,5.2092602669305075,4.3965479600334705
166.22961568682695,227.21313921621064,5.202897127698115,4.393527473562874
166.23401953248722,227.28900482846166,5.194089436377559,4.392786610459002
166.2367630429038,227.29179283156964,5.18860241554444,4.387210604243011
166.162865761871,227.29413289073898,5.185728853670415,4.38253048590432
165.78756864876829,227.36949162911293,5.183580744459391,4.382361476239735
166.38685669964696,226.6200895863115,5.189105433322054,4.376039573567661
165.7835394378316,226.69877992580277,5.191771204318263,4.369154988664424
166.30805893054958,226.77710518695713,5.195716855910478,4.362930843074047
165.63204685780732,227.00510196671786,5.194258078820911,4.358098257743882
165.63301570416004,227.52976042308086,5.192320386115471,4.360787959171106
165.56088884523692,226.92526728558437,5.18627399909368,4.367373395219642
165.487874347172,227.6004487569868,5.181990093660596,4.369826566480531
164.96393449365445,227.4475807116257,5.177865621895529,4.374990034688371
164.36560268746084,227.44505832222077,5.1720829781074915,4.380034813498263
164.6686567943328,227.4419890071521,5.167165619225231,4.386173443635559
164.8198336421732,227.43890271070038,5.165453022573,4.392346036539032
164.89536384526838,227.43924661901244,5.164785986750762,4.39165821991494
164.89711550972285,227.43661581548844,5.161282657841831,4.396919826962931
164.89543537396736,227.51078846582757,5.164642929352815,4.398977026011797
164.8206651519425,227.58363883535313,5.16369590164079,4.403763758722382
164.67120839473702,227.73182172926744,5.161509837543183,4.408497549402345
164.21996900926644,228.0324112578096,5.160436021792883,4.409686883445679
163.69399251214915,228.40841647129122,5.1582266834559265,4.410649551176346
164.22240545726112,227.80764359827347,5.15543244100546,4.407587699756427
163.69682362926537,228.25852430834956,5.153211073354667,4.40872772844057
164.2258936414298,228.70858665290507,5.148344013121184,4.4114084371255196
163.62605570705196,228.18253345567086,5.1445365730867065,4.4104669364026226
163.85128197533055,228.70426439146456,5.14516835852827,4.419535149478927
163.9253763468977,228.25079323252285,5.147496460972544,4.423376393891032
163.9255844995192,228.8495300539577,5.147080155729527,4.430818927731152
163.85226438533374,228.77301017748104,5.142992805402841,4.433131101986827
163.77427272083187,228.6971593851204,5.148274653423309,4.434131205724838
163.7758865792494,228.61787876183212,5.145046936588232,4.4418932283792625
163.7780304955146,228.6139524322187,5.140759104057853,4.449745887606134
163.77965362970906,228.61226124532806,5.137512835668946,4.453128261387394
163.62974002656912,228.61507966039778,5.135464940392577,4.447491431247938
163.33073596350758,228.61759181846162,5.130211298828239,4.4424671151202775
163.0320492828814,228.62009122590928,5.124970481086339,4.437468300224982
162.5838783761258,228.622449209579,5.118358764634954,4.432752332885496
163.11343401023757,228.77216074370025,5.111447509654741,4.433957839855405
162.5134954472673,228.9219883677179,5.10951136793087,4.43475590873624
162.96640836605872,229.07132161005353,5.104942457176347,4.436508399674397
162.36813345895717,229.37078982612047,5.100157392740663,4.438239406859926
162.44335787931456,228.77071372211617,5.099829077024747,4.437427414877274
162.51923345067928,229.296215951084,5.098180358583297,4.437139926957465
162.52006861799785,228.6960207172947,5.096510023946187,4.436952101921156
162.51961667393996,229.21845109444118,5.097413912061917,4.442395225449418
162.52069893613736,229.66729705206552,5.095249387667118,4.445571245641402
162.44358178725986,229.14274586704238,5.099321652587193,4.44353938584293
162.21326698745077,229.6678445203395,5.109373634937865,4.444689852872902
161.7588204077679,229.21787480837077,5.116066975481548,4.442429457988275
162.35618864516627,229.82061350901324,5.1248026572586065,4.44042421327715
161.82698260159825,229.59375712112976,5.129455234848639,4.442525770667265
162.4265414022516,229.36853363977198,5.135479916096039,4.44104437742502
161.81941486724833,229.21893283253362,5.144035013841906,4.438821498836583
162.26732282377725,230.0488882227788,5.15307268791314,4.437808961416189
161.65814649458477,229.97437103220258,5.1639656285461175,4.435910877849593
162.033532743012,229.97280242131916,5.168545262663408,4.439048099616434
161.35000281278565,229.89704749365922,5.174880652824423,4.439366347126177
161.3468281391285,229.8957963092168,5.181230000138753,4.44186871601101
161.3465470001126,229.8931918848186,5.181792278170497,4.447077564807377
161.34323845558418,229.8945686006555,5.1884093672273615,4.444324133133618
161.26479686449508,229.89393223118165,5.193709145227759,4.445596872081274
161.10799638737495,229.97059921920112,5.203938584406809,4.443948653572974
160.80096081822592,230.12218866830898,5.210740366602611,4.444404433408431
161.40891943306318,230.34601021047757,5.210261086326621,4.452550580095621
160.95091485449663,229.73435779958174,5.213950701862862,4.4594293464248835
160.49152816719186,230.18731754286313,5.219399287060859,4.46683464927367
161.02220561626032,230.79439509566438,5.225012216308233,4.472071346396084
160.48530226473733,230.2590138538565,5.230654973184538,4.474669883842193
161.0182743981215,230.79085516578277,5.233777299825073,4.48005385339846
160.4059726358841,230.25390041661925,5.235512419844255,4.483953497826928
160.33065313067334,230.2540458812091,5.233203416053434,4.4836625686472065
160.63583088028724,230.79188700740977,5.234478532431445,4.478333893556129
160.71163903411846,230.25972278293057,5.235703978828734,4.472770064096753
160.86476819314692,230.87329077903783,5.234988237682928,4.467804379526849
160.9414873928606,230.57012028591666,5.23423026591459,4.463423655132976
160.17739681037037,230.11602046156995,5.236428350159683,4.45603345538515
160.2515488612765,230.7291914481782,5.240637702993506,4.449799119337657
160.32387287386834,230.58000312940717,5.248467880934827,4.443219350629724
160.39967333549043,230.50700902842595,5.249360193252295,4.436714317030454
160.39826381834007,230.35873893579205,5.252179227553014,4.428449831448604
160.3981469927789,230.28604285937138,5.252412878675379,4.421529170916933
160.32006172158063,230.97435455240952,5.256378421422559,4.414750781684936
160.08926004546848,230.9776513727434,5.261510770778409,4.408157141017146
159.62911305987384,230.98070699909715,5.269025242003377,4.40204588830964
160.23613628151423,231.0581978813665,5.272156879825858,4.39921138390885
159.8534452776111,231.13570921968764,5.2767897421160095,4.396338536369803
160.4609961778165,231.21228617382366,5.279087087236796,4.395359521289194
159.9282216718819,231.2887996407684,5.279274609602898,4.394527085900189
159.39618877697717,231.4421454670765,5.278052648964073,4.392203361983412
159.929168865314,230.7593891599539,5.276986167748485,4.388566939211028
159.39684603432656,231.2926391757083,5.277263616962589,4.386435120463011
159.85108523536613,231.90237371229037,5.280920179665345,4.38314600034141
160.15452413500336,231.3724247380874,5.2821453946995796,4.3788636737071664
159.46716538712263,231.37392374228557,5.289083078145897,4.375865665310786
159.53958991218627,231.2235777171403,5.296267992707338,4.3724897862240075
159.6118025168079,231.90919821541934,5.303932845772129,4.3700593504385825
159.60917655947176,231.90844962785403,5.309184760444373,4.371556525569173
159.60686767243783,231.90954201106976,5.3138025345122895,4.369371759137714
159.52995907090008,231.90999265167585,5.315310237229087,4.368470477925568
159.45340519705908,231.98660384826823,5.316099850482846,4.367566219169004
159.45288576393898,231.98573933366282,5.317138716723045,4.369295248379851
159.45317715031976,231.90880717725486,5.316555943961455,4.370799980229753
159.45070721590545,231.83239643057206,5.321495812790098,4.3712465519781265
159.4490430669004,231.75526734898563,5.324824110800221,4.373046598776309
159.44734475418883,231.6781241529973,5.328220736223318,4.374794606628097
159.44599242259736,231.5250659747499,5.330925399406303,4.375673239821117
159.3721664229561,231.2930432943583,5.325902746647628,4.38169464448078
159.22090309483107,232.05429761361256,5.323040085993067,4.386132590495441
158.8391132062295,231.89950633167106,5.3230084475383554,4.390270588115279
158.533873609206,231.82147596790034,5.322333212382473,4.393542708356054
159.14769138073748,231.81987621628647,5.317345995928953,4.396742211583764
158.76613606821874,231.6651524461716,5.316426984705366,4.400577897309114
159.30114718492666,231.66523422171196,5.316380522928789,4.400414346228384
158.6896112651079,231.66564566302242,5.316649745011511,4.399591463607477
159.22419242655374,231.6662630681772,5.317375768940481,4.398356653297909
158.61415270674874,231.66555039025684,5.314795681983217,4.399782009138612
159.15079387700808,231.58920008303687,5.311223423025457,4.399666897641289
158.54326037448257,231.58602757040123,5.304219435562497,4.406011922912573
158.6978257699593,231.58470247651547,5.300595420850007,4.408662110684098
158.77632761447728,231.50687323726117,5.296332047242385,4.411580273764328
158.93063676226723,231.58104183552354,5.293157148835994,4.415964775826346
158.24569929239632,231.96071138493465,5.288340854072752,4.42034302950691
158.32515733435469,232.34043045637623,5.282164592099647,4.424603996341904
158.7106863011193,232.34022612667604,5.274673086694893,4.425012655742259
158.94395359620196,232.41335394593938,5.2659516230923,4.431361392736518
158.33785619647813,232.56222174503847,5.257569373542311,4.43877005678775
158.49482722304782,232.6345375517934,5.248751500610439,4.4467005333816445
158.5756482006896,232.7067489217651,5.239663164700562,4.454831412811997
158.65644228732359,232.7789540587328,5.230619072907598,4.462965220351494
158.66097873689793,232.92735755565383,5.221546173758923,4.471228535537152
158.66473991116857,233.00012504487287,5.214023825217606,4.478221300840891
158.58850507355726,232.9988558861914,5.213969718492167,4.480759618203866
158.5143727124668,232.99564818806587,5.209670735263431,4.487175014454931
158.2072576092302,232.92182978184468,5.213500033375648,4.482211599807049
158.0549021603276,232.92326586637273,5.213051416175682,4.479339430750919
157.97793483909797,232.92509342827876,5.214459355834026,4.475684306938877
157.90045896125412,232.92667566124152,5.216921338429797,4.472519841013356
157.74835764496143,232.92855697739532,5.216169959612389,4.468757208705774
158.43329311540032,233.00720825237605,5.217943592491082,4.463859611383882
158.35743648031064,233.01074777271435,5.217303181152662,4.456780570707286
158.12845202696454,233.01448846435628,5.21858197653125,4.449299187423437
157.89998644572842,233.0185836675611,5.219124482607421,4.441108781013794
157.9029213497873,233.09730906750434,5.21325467448965,4.4356642426842186
157.4493400211891,233.09775338856724,5.209448892873824,4.4347756005583925
158.0590684660515,233.1746087117103,5.2040320838561005,4.432819964360648
157.45400172315485,233.25207988240714,5.201046300853282,4.429517531566485
157.68339521492112,233.32906025278797,5.196881423992217,4.427097493028679
157.76285247109703,232.64732026002432,5.189404381582328,4.427640249078506
157.7657090791128,232.94937432560562,5.183691165550789,4.4288549067726315
157.69064270848995,233.32716723632026,5.18256195536026,4.429578842524488
157.6151620338901,232.72271743354372,5.182267167647221,4.42842935277577
157.5394928360193,233.17643641776547,5.182372452465232,4.4283900498740705
157.46270997779078,233.63088730611682,5.1847040628016074,4.426892909895405
157.231542361285,233.3277017456476,5.193301082452439,4.428279746352823
156.85107228807635,232.948842685779,5.197235372771546,4.428992009991885
157.45503746073484,233.55346697400194,5.2010921643976165,4.431530570489019
157.15058568444607,233.17493058641313,5.203700629177505,4.430734485919559
156.69624941723617,233.78110977404356,5.202765589819491,4.431186209029079
157.30214688761222,233.63309375497101,5.203723312225564,4.424030081384623
156.84773659279733,233.4081755008719,5.203581004655013,4.419385140982702
157.45384587431312,233.33614165929686,5.2026978249118,4.412035901221737
156.99961514583032,233.26343296577926,5.203448777656915,4.406168204220155
156.39458433919012,234.02294991115173,5.203892132070167,4.399157137059071
156.9249738665154,233.9504363206279,5.200787279127033,4.393088003577112
156.32163607004563,233.95106840651377,5.199857003171533,4.39182383180537
156.85214133998454,233.95291741860328,5.195258700574088,4.388125807626331
156.92905988273463,234.0278731025144,5.192207180947747,4.389000005677933
155.94959584279968,234.10323985903062,5.191352151451198,4.389019039519825
156.02507673405722,234.10554141038153,5.1911300275451495,4.384415936818007
156.02541260894833,234.182209693455,5.190458277762973,4.381741524290835
155.9521891712617,234.2578899228071,5.186296407713952,4.3809898110089085
155.87900538207023,234.33321180191132,5.182131555616664,4.3808784832806795
