148.89999389648438,221.1999969482422,9.699999809265137,7.0
149.45553003655166,220.52492462717245,9.68597880609589,7.088013232518767
149.33316962356736,219.69174635669393,9.667335543825818,7.174185244043592
150.28527337963538,219.3847069022398,9.614580954816638,7.259277603487037
150.71063656774407,218.8147051549998,9.559100879235185,7.338952697119027
152.072225975533,218.7660274136499,9.491284650274704,7.436308179818848
153.02888058723298,218.71188608834527,9.440568529851586,7.544590830428154
153.85478194845683,218.3953336365941,9.391161125435664,7.643563961253205
153.74264076076247,217.8104475008673,9.347533272228292,7.741695318322569
154.31438545614205,217.76191327834997,9.279341899006573,7.83876376335722
155.69826348541238,217.57678840613727,9.204962994096913,7.939675792419529
155.19159995890473,217.26311078361636,9.13904832003481,8.02741017392267
156.43861464978875,216.40240753944622,9.076784628154298,8.127639535671229
157.26505752560433,217.0431607157167,9.048895179038206,8.200296768559419
157.43073275282393,216.4627039275077,8.989103349134275,8.274975846836357
157.9999993584037,215.61210471128396,8.937838567666292,8.345271634746474
159.5202735926195,215.43741263860085,8.890774740602186,8.422520812715659
159.52711866210356,215.5653076992607,8.877084601634078,8.439356084095488
159.81224394845142,215.5475983915747,8.852190170880064,8.474774699467527
160.77887391031476,214.8435244973645,8.828876083883978,8.518675461651737
161.74130346492146,214.9566442566695,8.81626905687443,8.565614811928034
161.87992019256023,214.94323412712174,8.812758940890916,8.592435071023543
162.84424302387845,214.6609333997179,8.802757651609028,8.60885241915849
163.27283242923,213.82039892612852,8.768161839613356,8.644755368922343
163.27851383721682,214.08235531070966,8.756799023639717,8.669277493759699
164.09633143079103,213.9521208908381,8.767717055778734,8.655320796954923
165.3244719917089,213.27401286038042,8.780830027941898,8.639651250093138
165.4630140084054,212.72523769626554,8.778082030141087,8.639857435953997
166.0200561583038,212.71739649971377,8.761182130400847,8.655539829057563
167.25675820443686,212.57869402547374,8.756278459479674,8.658666952943747
166.85682985615318,211.76086309521492,8.73338506048592,8.648828622339153
168.61914408455544,211.2253909379326,8.767309508685122,8.624833581518025
168.46362589453346,210.82807584902005,8.80445616912655,8.597794600535398
169.2943434472074,210.83007266189065,8.787299235975539,8.593800974794213
169.4142353957834,210.993487520563,8.821229211884335,8.540685130510257
170.49583138750123,211.1427546686188,8.845293629519144,8.515557884532466
171.06013511857668,210.59742052586355,8.81023379948992,8.51267853792124
172.29139456644654,209.65356710264544,8.802840272937559,8.490843430545135
172.01710255121824,209.5263105124834,8.806763513034475,8.473026215689373
173.25108031180304,209.26281172751462,8.78779784952049,8.455803817259048
173.12032598999417,209.82150742615087,8.777766293831341,8.42457321721382
173.26473925853008,208.88464569305472,8.7598284659073,8.402075719371886
174.62991784172618,207.946543117926,8.731986568328685,8.3865201814598
175.8404601216598,207.9665682608171,8.737023540099901,8.346469895677643
175.02614736793743,207.98040348637252,8.751566151083427,8.318799444566753
176.5154158380277,207.30891441492275,8.729862835680617,8.317762303476417
177.59101168154234,207.58976173149486,8.726246563499226,8.29296152404417
178.67547646235496,207.72892806236757,8.701295481044486,8.282626172195064
178.41303270491414,207.74307952007814,8.69129696344618,8.25432325677395
179.47570251812198,207.62786259697555,8.700661165847123,8.217919124377026
180.27461771391503,207.514980641773,8.701274090276035,8.177275815446235
180.5496626702933,206.85447549352605,8.682727998876418,8.169426558548025
181.45872110541796,206.86939119754777,8.722113502591814,8.139595150504563
181.73436788967737,206.73722267612928,8.701818137100174,8.138433091828006
181.88524503727413,206.0656499756524,8.665227543977798,8.155759982426217
182.01427096112036,205.15894403888262,8.672042760793312,8.115102404409761
183.05712675495988,205.1708668654868,8.700956096962562,8.091256751201419
183.86106415981303,204.91096424502229,8.679485583141473,8.082260560168748
184.39538948194607,205.04565503711936,8.666525397044259,8.076801590516766
185.5799587760177,204.13660624013386,8.670088758511024,8.049464334791073
186.36419241953902,204.15883833992513,8.681149645289592,8.005000135208531
186.23471104790454,204.16565807778167,8.677392316175247,7.991360659495472
186.34449275060908,204.0516375275622,8.720273371364495,7.956957299336079
187.38425026532175,203.547851580149,8.741276512789309,7.914270108737415
188.2931632436296,202.51383421430174,8.758929139017742,7.884615031467124
188.55144952154575,203.44293288695872,8.766381843855328,7.860506098497479
189.4685304747253,203.19589831681546,8.764425015295302,7.831088073698467
190.11436796760358,202.56056795042562,8.778966596115893,7.795532239901054
190.11241967621945,202.70115007707255,8.782863178884183,7.77526882630915
190.89290219194027,201.80288880591706,8.785721703898322,7.747330552755039
191.92792181042438,201.68705665686153,8.797559376371076,7.7187602371860455
192.701309978466,200.91988153598584,8.810547693953188,7.693345825271989
193.47320241281452,201.06574258462655,8.825292346653306,7.661378648223436
193.47408056152648,201.07820425126306,8.82353604922943,7.6364553149503935
193.98733646370616,201.08648072269804,8.833199770863544,7.619902372080461
195.02617372748944,200.70358363826782,8.826947523569574,7.6089131858386985
196.06731318977614,200.18566084012036,8.813906207942436,7.61013997766044
196.46691363849547,200.3069124815405,8.790123296566737,7.626109356841168
196.34884963508412,200.30191602009106,8.767890477836715,7.636102279740021
196.99519459075805,200.304443213743,8.7660847343256,7.6310478924361185
198.1479519075237,200.18505986899044,8.783180760164118,7.611746730900247
198.15048480914132,199.40971651394906,8.77811495692885,7.614295333890983
198.65179572260783,199.4318994621995,8.807435083008754,7.569929437390117
199.67645029987554,199.32019522034716,8.819942848593147,7.535610806079805
200.57599310825853,198.69511646431087,8.822441405956848,7.4989224794883205
200.96225422470516,198.71622606833054,8.820373156554563,7.456703271448974
201.85145731087758,198.60819975021346,8.834715418905363,7.4166489884409
202.74985490213805,198.2445628205696,8.827703361914399,7.37687293678723
202.88132393616291,197.49667076948455,8.819699642862474,7.343050944970646
203.65651907580275,197.38194400019384,8.794904156682664,7.31823868470204
203.90695706769083,196.89958922264566,8.8009956719969,7.269013241617676
204.6448785746677,197.04427685815432,8.841852756372313,7.232421320321892
204.37611327518704,197.1872901512302,8.873741828859664,7.199215497407111
206.38269153741834,197.21163054978342,8.904965877422752,7.150534700300657
207.12227411894705,196.7297187437863,8.940589882232763,7.104498867049989
207.74141373541977,196.3688146127413,8.96363375914684,7.06951326322429
207.72874914323435,197.01690020532203,8.988962943517674,7.033590241910947
208.3608439953077,195.8957370950352,8.98404067696351,7.009235074818063
209.4902945198298,195.90305464469535,8.987578932855603,6.994599975497737
210.36511725123884,195.90946155817016,8.996320581054322,6.981786148548114
210.61834754990602,195.1573158128772,8.992106466496427,6.979338190804658
209.88454199178648,195.14935470106897,8.953603606144071,6.995260414421062
211.51981877588912,195.02676287303865,8.942012421461317,6.989754656364602
212.654485117668,194.1534514452013,8.926483205103455,6.983419259772686
212.15819531580058,194.28016532521534,8.918734515886895,6.9800735729825
213.27646447839007,194.16316258098996,8.9313785574942,6.964169909568113
214.16438533515725,193.66421827152047,8.904444065653431,6.962682973253689
214.41290655704452,192.80050484137462,8.90621724330264,6.944255158562081
215.4119384256813,192.9196859682661,8.901235328298188,6.955028132562802
216.0388684287094,192.9204220159126,8.893546618621293,6.953556037269776
216.2805788288088,192.80322901714916,8.908311275783685,6.938849306116092
217.27527753762251,192.4303235093281,8.911548284408537,6.937422411913576
217.90773016109682,192.68127098563207,8.89217091423125,6.933738610014174
218.02305033605845,191.82153770802756,8.910279955575184,6.911959426353013
219.38054630622898,191.95722939332342,8.930677906814138,6.889247864086783
220.25544306768978,191.95877939669074,8.921179487999511,6.886147857352089
220.25746721022279,191.95925814742506,8.917131202933511,6.885190355883495
221.24501655729554,191.83911586296497,8.92875731012402,6.8771343246366685
221.24211926064092,190.85471639108397,8.934551903433272,6.858838008073649
222.35038272472053,190.8636438442917,8.951619721086896,6.8409831016582014
222.84948358179878,190.8568780865661,8.946004041364116,6.854514617109371
222.83389297505894,190.11870787061085,8.977185254843763,6.8411660925447775
223.42776287577854,190.13471371017508,9.032142752377247,6.809154413416297
224.67557191843576,190.1293982160579,9.025068828924843,6.819785401650677
224.536025955165,189.76813904139638,9.055240419899162,6.795542744272218
224.9135326822727,189.2662517243469,9.047178015760833,6.8033826449351205
226.16300997453678,189.51410614586052,9.038114301610596,6.805651975983441
227.15695351923102,189.52186180186476,9.041332319442063,6.790140663974967
227.89593972363292,189.4145446944141,9.055461466614792,6.756091286213518
228.39123249516805,188.93063300746036,9.058242825833045,6.730547757832532
228.76216691415095,188.07385171297256,9.060271775160363,6.708348843124141
229.37417557892084,188.08128320673242,9.074420603000352,6.6934858556044
230.49748742621298,188.0822760106153,9.056239775648374,6.691500247838685
230.37433877748248,188.08265849986037,9.055241167214156,6.690735269348531
231.485104187153,188.08662724358717,9.059124082802112,6.682797781894914
231.86359355847364,187.47284358454618,9.04373673907174,6.674379435125429
233.22858078468772,187.35766158836935,9.028840805897953,6.657918107546888
233.61662954117966,187.3615578460606,8.991730771490056,6.650125592164391
234.4925280669228,187.3615912106622,8.959395770244898,6.6500588629611945
234.2638394992389,186.99109399816686,8.926483479907724,6.655619149394507
234.64999732377856,187.2259677956412,8.88837315671334,6.6753417717024455
235.7666333570548,186.24616530385043,8.855399937347238,6.679125557785025
236.50793052480353,186.12310829731683,8.837029406659703,6.68120227005057
236.64427298209867,186.48776105415766,8.808135828693237,6.683270766240427
237.027547747511,185.63764841529698,8.771740553787907,6.679802780150165
238.1342479911111,185.63712458522858,8.74329912758229,6.680850440286951
237.39860359357652,185.5274032914522,8.760448873015308,6.657936519567053
238.59986727109424,184.93198607924296,8.78036329372242,6.63755005611427
239.67556385091845,184.82318803444628,8.80890360712724,6.612931315368371
240.51625603733984,184.71035366607674,8.823249797865792,6.59635282873872
240.63704998938624,184.2307615103891,8.823856367222977,6.5867592463141165
241.84464189658237,183.3894893979653,8.82913998711616,6.574976267161896
242.45241221021328,183.39348213887394,8.823270855657604,6.566990785344627
242.573345393991,183.39942247906777,8.823118793232474,6.555110104956975
243.76903481144095,182.8095175321006,8.846914864900576,6.5273325456072255
244.007202612853,182.93693090465806,8.853427742707384,6.513930040807786
244.9665245102091,183.18526955125603,8.865212044385716,6.4998597717094375
245.7028739869204,183.30350847611072,8.840023757298221,6.5046336997226
245.95003566789623,182.33868123821597,8.827595306330403,6.5067085315768
246.90892749262204,182.22019030712775,8.836152666041807,6.502897767607837
246.89995191157536,182.4713570231265,8.854103828135166,6.482284699640148
247.86459857703605,181.752279165641,8.85116875251181,6.47567172313761
248.58339547518696,181.87179448097316,8.857425262938126,6.477282810261351
249.05997187963993,181.87351514736844,8.867325038026024,6.473841477470797
250.15458917686595,181.39074678674123,8.845803125373351,6.47595034014765
250.04887644517467,180.90446019268126,8.816663771583862,6.48626425957934
251.49291007541487,181.0300847175684,8.812093153747634,6.475306596692088
251.38732153076612,181.02356331706704,8.78322795840938,6.488349397694772
251.51954043078126,180.65770362797235,8.758607631927433,6.500616355239161
252.48258848575466,179.94711784300813,8.749664372179828,6.483923287518226
252.73541585506806,180.17646074425022,8.722479094237379,6.503706945718287
253.34975950703114,179.56950698966085,8.689517546269492,6.521888698938777
254.43181192103216,180.04368388954742,8.675880678961406,6.529298437251856
254.91321115647725,179.32165046939318,8.668499625522372,6.540239151383655
255.27620488019508,179.31705194490462,8.659274322407022,6.5494362003607645
256.3496057193797,179.19590039385125,8.662846234116786,6.552808903569855
257.3117380224617,179.0719887262137,8.650900970449836,6.561592321032807
258.03665386147827,178.83048180427843,8.635077066231474,6.566603573631769
258.3898912263919,178.47750003977382,8.645127911773141,6.55604152727211
259.8161070125306,179.0794160375094,8.65856832576854,6.546322859414651
259.7142275390991,178.23956227108684,8.62345848510044,6.553948879542054
259.9452056421696,177.88215386138515,8.6384185901654,6.553391232136572
260.42126319925535,177.5258861581318,8.641011960575396,6.549895275207142
261.5064061893012,177.51308329979915,8.618662114687492,6.575500991872426
262.0971933853583,177.38382092954333,8.630771280676282,6.595289020763447
262.58419247842227,176.41604934809905,8.613749993486888,6.616878385774976
262.5920050145485,176.28120241703488,8.59812492123448,6.64723575690466
263.3215371582208,176.26607796345138,8.576615536363397,6.677484664071655
263.57655588522186,176.01296501231985,8.546090408672454,6.704198240023614
264.5502786773913,176.48011393700176,8.516434538021898,6.728795247504011
264.93065865244085,175.26039885265303,8.474682705089615,6.771531692311981
266.0239390564844,175.24933530768502,8.445629321470749,6.793658782247949
266.8754220662931,174.99382982089858,8.420115413073836,6.8253977240435235
267.7356352062216,175.81948099627002,8.377996725081378,6.852402965165209
267.86054186449144,175.58063242239567,8.3677312163926,6.851004497212168
268.83402737898643,174.85095656158597,8.33569927445655,6.874151903541022
269.5683523363263,174.83949670093835,8.302540915410914,6.897071624836249
270.41088453959634,174.22587028651242,8.291232600480953,6.928784388252328
270.4211456837504,173.85484979226504,8.27071031217285,6.95249006568498
271.61486882565754,174.45285562851285,8.278370347939632,6.9540315529798615
272.590145075374,173.71595422662287,8.245046506903025,6.989912862962586
273.43706383656854,173.82577918986942,8.229227857007924,7.00997991825431
273.6958098905513,173.56512526144627,8.191326593148542,7.051696930994442
274.66546220881924,173.19106856398335,8.171060619847198,7.08017082720738
275.03356627531525,172.8234892878265,8.154922156924682,7.095259709451642
276.3634239142328,172.8223225855472,8.135375815833672,7.097593114010262
277.31593260316936,173.0674990245929,8.148358902072228,7.08674035194672
277.9149733178804,172.23015312315778,8.149163254354484,7.082992060430912
278.0302263453602,171.98749380912284,8.158386713660372,7.088851659969963
278.87302741020244,171.73733884090444,8.15254840476963,7.109229076179947
279.7282617521479,171.72486073956333,8.123497304083184,7.134185278862156
280.0754592258865,172.44474378882754,8.149558832325956,7.135332131773754
280.6792813313751,172.19710320621505,8.144786770155973,7.149464437475867
281.04653798378587,171.34044245849302,8.132453890852382,7.177698273378009
281.9844927283236,171.59544181131125,8.184444612313907,7.149674620375699
282.8195599252696,171.59330393691627,8.203723097795486,7.153950369165691
283.5357922889489,171.23203341782434,8.221529350258109,7.1513559174387975
283.540019595441,171.09278447161114,8.21307473727401,7.187907825349446
284.2549372792368,170.96312909426686,8.237644109721991,7.2048177900314165
285.68661996622734,170.48777695771466,8.290907038381693,7.183312628922214
285.6748686964008,170.61095624171307,8.314409578034818,7.180486450541489
286.3935159439975,170.73920359212812,8.340219328375845,7.1678424573004955
286.73396294157186,170.7516168763809,8.391466081524342,7.143015888794924
287.6786767091831,170.51758614115545,8.45755794467084,7.122197509653554
288.3993690991853,170.2786995513091,8.486923585275028,7.109720549143364
289.0044425733276,169.66443469069907,8.503661332046656,7.111365575307287
290.4864182071696,169.78938785144067,8.487647333897591,7.107120692951991
290.2231194501361,169.91150234734198,8.523552433812018,7.108237908225663
291.56069480810714,169.9038877319432,8.55349472304658,7.123467139023192
291.41208169373874,170.03087352577575,8.60409657748979,7.116119925651629
292.255269704321,169.7781437974795,8.648715977644148,7.127009261867325
292.86492122480263,169.15704581685605,8.670150481313689,7.128467678481427
292.8612438741943,169.4166928873028,8.677505182530297,7.106175163540742
292.99189538182884,169.79972639107842,8.664455933815336,7.084869455651781
294.11449296612847,168.8108496652782,8.648640099354765,7.080952388017826
294.4845812769939,169.06738065172428,8.65067056066891,7.062695137155553
295.9643470612188,169.07863844280587,8.656800660807841,7.040179554992381
296.70212041928187,168.47568051893597,8.662465399640812,7.011752523599557
296.6996864192968,169.2287206549138,8.667333399610877,6.984646027827797
297.5517530743035,168.5081606549112,8.68612063037181,6.948976992883631
298.01337028346234,168.6558692140115,8.746253344521728,6.899401657799978
298.9866666975855,168.67981549514855,8.767330483268077,6.85150909552585
299.347997281506,168.7060947046706,8.781178166609882,6.798950676481765
299.44381803161787,168.73079070668658,8.834396076606762,6.749558672449754
300.2769911512575,168.6323817150637,8.882118529023705,6.701509699738881
300.9804676719999,168.2878271243207,8.944025960776338,6.656188644606156
302.43211940962976,167.57392159461654,8.980858161459352,6.613931866043173
302.776753357505,167.47445858688255,9.026227414273025,6.567978831989703
303.7497954331712,166.758257762136,9.03865556864128,6.531496252207348
304.7236318943063,167.0192360005583,9.046208580332467,6.498346258853147
305.59309791246113,167.75284942019047,9.015085318747502,6.494955512209831
305.71772444044615,167.0365321111548,9.0092774764899,6.46691884800669
306.3253430734747,167.17370584973497,9.008520690326687,6.4354674668250995
306.580183284408,167.41968020952496,8.98357441874663,6.428252897531767
307.4208182226178,166.59123279953192,8.995397973966744,6.392054285878125
307.7938731241289,166.71626362728094,8.973648668629172,6.3834461296083
308.89314713613965,166.72101912036655,8.94394301441787,6.3739351434370635
309.9188582472733,166.488333670568,8.91286031793722,6.385033370000494
310.6396284765468,166.37266957527714,8.879205778910007,6.385152090938818
311.34983022986336,166.22317009984758,8.84504518300482,6.385134073251081
306.8162591334812,163.3702426586349,8.827833307394311,6.353502175650164
306.8142846451371,163.26898600076527,8.83178228408247,6.317734520849097
307.75934154865763,163.05056735167142,8.843687533057146,6.2790670550328995
308.726443311939,162.7078375163352,8.807851347819296,6.252638972708486
309.56269573554675,163.19401473428192,8.78957346576771,6.22555708833729
313.3550540274956,164.26670557820975,8.763144823683156,6.25842205172916
314.7870883083347,164.72791627351847,8.727914800937207,6.278946840755811
314.8017978228478,165.19648231577133,8.698495771911077,6.28397679511081
315.74726779598603,164.61030783716765,8.688973653320424,6.2804396100145174
315.9849432475683,164.60712338898645,8.683572163921712,6.2868085063769374
316.2354239773157,164.00628874320168,8.652605609472962,6.313490535331191
317.87045784244555,163.18549519871024,8.672058875319253,6.310317126261041
317.29143850064844,163.1711878439443,8.654052916533557,6.338931835792937
318.2425802590244,163.16374162150393,8.63501124953252,6.353824280673687
319.0654900786795,163.15882411733327,8.63671327543522,6.3636592890149855
320.01477793970486,163.153512259987,8.622516162724446,6.374283003707557
320.7263457627663,163.03309757441008,8.612414490970403,6.379606712466562
320.85417970835977,162.67498044076396,8.592185907693654,6.389523056028527
321.8020699042965,163.26089475412977,8.578758112291096,6.394164802091216
322.5170469250975,162.43034809165536,8.55979878972513,6.409097621498036
323.7081456001569,162.42333458940982,8.528817249040355,6.423124625989139
324.64727690774276,162.4248245506667,8.529588024441699,6.42014470347538
325.3516749445593,162.4191700875838,8.52984521433574,6.4314536296411955
325.711996121778,162.29769158484626,8.514295687820232,6.439379692475649
326.6661694069102,162.05923962272735,8.485337277946389,6.446436576615761
327.5099155131463,161.8167218818359,8.440026576919518,6.462277340842877
327.640058108957,161.11512627597963,8.41390608235958,6.460480370186385
328.467759838123,161.3359175410849,8.394659952501229,6.486371362396799
329.0640627688268,161.4441376759391,8.371377778069572,6.503795830083603
329.3016417082213,161.44461834781458,8.363805261505838,6.502834486332614
330.0226322610445,161.44045596266304,8.323791921357193,6.511159256635733
330.15486374526773,161.43266077204618,8.292513840512447,6.526749637869471
331.2208169255633,161.30737601219693,8.257244719017649,6.54435946433499
332.04196278769507,161.17989773325039,8.2438922271552,6.5666104175993665
332.6355922895974,160.82281232392296,8.220943433466402,6.582195110184702
333.6925253149939,160.00462092306813,8.201943518414659,6.589237584095641
334.3858660259346,160.1222784058885,8.210775664584398,6.586508213130136
334.96005012871944,160.12384040220294,8.225791750869753,6.583384220501201
334.95048745836687,160.1299265267673,8.244917091574992,6.571211971372512
335.6422106269906,160.1343158897326,8.259185060343986,6.5624332454419205
337.1305603361732,160.14992695168667,8.311857883037503,6.531211121533798
337.10608822892254,160.16764449334215,8.360802097538828,6.495776038222818
337.0821211052617,160.18474808478248,8.408736344860497,6.461568855342156
338.1084087888454,160.0826823462261,8.459241277748736,6.432024743559786
339.02643308678535,159.86116631827807,8.494906594608292,6.407128321271029
338.77966133256325,159.75902402174052,8.520247656443575,6.3773116910416725
339.932520604703,160.2371235629638,8.55452566704196,6.357111230546252
340.62478537735893,160.0210936107728,8.575139880585663,6.3207898819763795
341.5490550094719,159.68535687223775,8.597872663366914,6.290536341418788
341.6602823704649,160.51564688248152,8.609176117404497,6.266263553096249
342.47231377864483,160.18087905940013,8.619832807130814,6.235205125222006
342.94040023697016,159.49145829835624,8.61639129952109,6.214949533748477
343.1628562357965,159.743088571461,8.63707478972254,6.177284475393168
344.20064700355033,159.87666008713467,8.653917817228034,6.142633062158366
344.29998502587597,160.0100381859655,8.687417794783148,6.1080528867032085
345.2295367565818,159.0906788847491,8.685215672656703,6.089870149850757
346.03299012838994,159.21463972780643,8.70076443280868,6.073727821417337
346.37334544837415,159.1118282984346,8.715297301481499,6.047602843947229
347.4240012149379,159.1180297803547,8.697807394230296,6.035199880107014
348.00072216633936,159.4763910071951,8.699698905742753,6.011677475015463
348.70133380338547,159.6034123466416,8.682713830652109,5.988341162622767
348.9261098428716,158.69547456070617,8.693289959339719,5.963703903854092
349.60165611559614,158.70870920039235,8.721093210652086,5.937234624481716
349.7218341269177,158.70790278080085,8.710533890202045,5.938847463664706
350.7456330083387,158.6070186454181,8.72991483385404,5.910951433708693
351.31960166744676,158.50261434959077,8.729447017221268,5.890266125046728
350.97570301131805,158.62585568894866,8.729813085167983,5.872927194434536
352.4579811597644,157.3818483177647,8.74045665835863,5.843465123654962
352.4470086750361,157.85300848562903,8.762401627815269,5.815274562730779
353.127226663868,157.06456852040054,8.772328651774085,5.793397657961531
353.1135694804239,157.30636244949216,8.799643018662197,5.7661679453015795
353.78260301930527,157.31643671316584,8.83039107239179,5.746019417954205
354.4525771411145,157.32594560868506,8.860011256105299,5.727001626915772
355.2399278286666,157.1101652363014,8.884027775791527,5.701785830314361
355.4492717623481,156.55589302432008,8.921994039393583,5.668694926864643
356.2374764154615,156.79603223122805,8.9439803397993,5.645100972086599
356.4566565608218,156.01057913419336,8.962172449134046,5.6180737659622455
357.14321484720585,156.6967788791567,8.957627941840883,5.614246341510541
357.36201684577225,155.9084184575039,8.975950502364686,5.595224233018362
358.25811057802724,155.92179312987676,9.007107335654366,5.568474888272672
358.46942895778506,156.04973291088734,9.040339013443164,5.540529544903672
359.3762972132653,156.17096393995115,9.05028519669631,5.5260278235527895
359.9431443393242,156.1774502765307,9.055914506787742,5.513055150393712
361.2068974276651,156.17700808746076,9.033441842597902,5.513939528533547
360.74785511947977,156.1792470612119,9.041885304004758,5.5094615810312835
362.4440929628209,156.17970087210497,9.06132133750833,5.508553959245125
362.6690435315787,156.17894684232402,9.066890436386771,5.510062018807054
363.5777262627633,155.95236918919977,9.072272802096514,5.507530368035812
363.9072901221188,155.72989014212362,9.09678821110354,5.496726377042748
364.82045087537216,156.29884980114812,9.094980353258576,5.499128089407426
365.61822465220445,156.18673432340233,9.095977030922105,5.4952812975664225
365.8438075695586,155.6218464621933,9.10086675708733,5.484918117800675
366.64740186053655,155.84657894643684,9.089159822636542,5.491305048600814
366.9889527562224,155.04831506002725,9.0896358630674,5.492817880547418
366.8695425687701,155.05181925788682,9.10056438406747,5.485809484828294
368.47397243816505,155.1642996147911,9.082815241390357,5.48878524217061
368.3633068935835,155.16148804995046,9.076423980760179,5.494408371851859
368.8151010619947,155.1651424532414,9.08372323256434,5.487099565270008
369.7250983856925,155.16839827831154,9.085388341535838,5.480587915129697
370.64250079864763,155.17254614826967,9.0715638236359,5.472292175213454
370.8774631607554,154.4870906685118,9.05619293670266,5.479541622882066
372.0074179630093,155.17746231172913,9.067985159116972,5.461819432600589
371.10448900256534,154.7278763933195,9.057465968694949,5.452802713764945
372.13147510741317,155.07223137154995,9.044140872817984,5.444308461910207
372.9344382751637,154.28711563952328,9.022993791089625,5.429760672190668
373.8521378203544,154.5124521877774,8.994290931020219,5.430761633260426
374.53287906689076,154.63064628752335,8.985368021829713,5.419800031082214
375.3340618138341,154.74309644852843,8.958765766388247,5.420008743135672
375.34833917823664,154.73834289573986,8.930211037583275,5.429515848712825
375.927160968814,154.73454017641092,8.89482338272721,5.4371212873707195
376.8373387468886,154.73510167416035,8.86688201076031,5.4359982918718615
376.96812842279434,154.73189551402515,8.828918963731596,5.442410612142235
377.7543759926586,153.9464993751795,8.818528784130985,5.451097929705571
377.86464349343987,154.05896356206426,8.82114252695428,5.449318300321932
378.5410483726673,154.05452858273478,8.807279925221838,5.458188258980917
380.00232715174513,154.05071920584737,8.785021209868601,5.4658070127556755
379.8856731782624,154.05551474775507,8.795433692381607,5.456215928940305
380.5552486881802,154.0539429671675,8.793622459769217,5.459359490115438
381.45521053530047,153.93613284361143,8.777024284981318,5.4720640472960165
382.3477213783366,153.8268500737124,8.775050679218088,5.467748577055516
382.3420110147858,153.71725968254808,8.786471406319723,5.464150217772251
383.11637264518913,153.49575748667536,8.797973376141513,5.461375972195276
383.45109530622096,153.16342921881002,8.79757153009176,5.456989031911957
384.22816929554995,153.83965948086473,8.803967545349206,5.442137645444369
384.43642224352465,153.06202436588205,8.83302357190305,5.437941146648528
385.32731073092697,153.2801843802403,8.836398493707032,5.447909092084215
385.43861443528886,152.49740781399692,8.837152904347382,5.449929489022639
386.33627818709743,152.71694804335755,8.829081544712276,5.457663066296869
386.5497061307008,152.71675770573526,8.849058623627052,5.458043741541431
386.7703094590579,153.17266152067035,8.855293902310645,5.44111998246682
387.770647509264,152.62328091681755,8.866384146852257,5.422233220753663
388.0897550781375,152.52132744809794,8.898301205571514,5.402762759370769
388.4095811713934,152.41878771078785,8.929225201166018,5.384316839955483
389.0751517920208,152.53608986260215,8.940135242630767,5.373387750113493
389.8523367473026,152.65105824117208,8.951339027362378,5.367104378015779
390.75294512232165,152.65562487526194,8.939835498308804,5.357971109836037
390.52442603244157,152.10298981518255,8.95009579565411,5.346296523957771
392.08877843745677,152.65988401586523,8.948215611252737,5.3492312031742975
391.98548368953254,151.98762410270058,8.93143893808002,5.353554015376529
392.1000627164891,152.3210827667404,8.925470389627169,5.356205203677506
393.22673191366596,152.9758671156328,8.90358607197651,5.385508951914537
393.4328140461295,152.19784750010433,8.93804888497691,5.378353410225327
393.7764740647856,152.18824061713002,8.921846993817386,5.397567176173909
394.79086464295733,152.18181552055495,8.907163297413925,5.4104173693240565
395.1279858647989,151.95669766777328,8.904279730327536,5.413080490489555
395.11960787652134,151.727351199862,8.921035706882689,5.424197098940569
395.7939934592695,152.50372048654094,8.917614220386875,5.4410331510832695
396.81339109461936,152.0467951260476,8.89893461213652,5.457054688759106
397.2578782063096,151.8184643845525,8.907753538911074,5.46481959667184
397.48152131982323,151.48257662069733,8.90988799975079,5.462464092581559
398.04154579387983,151.93416478778184,8.913351899591722,5.458098036775824
398.9354736278707,151.25828345112865,8.922942648206254,5.461775897634978
399.71892475844396,151.59470328898175,8.9302398959659,5.463593154317163
399.8230238321653,151.7057149323477,8.947066747635379,5.466594866697497
400.60511144515925,151.930483853784,8.960175848945546,5.467709688767178
400.7087798976243,151.1370936789533,8.978379429105381,5.475706642798813
401.49364212508556,151.48135416721368,8.990279399834554,5.465024705843027
402.28752781916535,151.92694986127333,8.984115290555842,5.477608905655568
402.39213145581107,151.24500762056616,9.00097185683718,5.485110349633204
403.1736024202975,151.35557414309125,9.023118903915867,5.490418586876105
403.75833229989325,151.7910043309634,8.98796236454483,5.527000786988195
404.7896543642955,150.9776065169902,8.967884479172636,5.565133781153948
404.91195692243764,151.18850012169608,8.950572039540546,5.597931925046797
405.83100851567724,151.39797367100778,8.933143636457851,5.634153522272538
406.50863324217096,151.39228313974644,8.94547913921495,5.6455345847952225
406.1769255756997,151.27335630129406,8.923976851189165,5.6550823880439
406.84911651605216,151.27231035176115,8.94845965294055,5.657174287109748
407.62964648834225,151.1663065640987,8.987217087779307,5.640636522517617
407.96649360635024,150.9416020647811,9.000066192736732,5.63234996050384
408.8781735370601,150.1467237627896,9.007913433516997,5.619800350061875
409.549114222882,150.15378263533327,9.038878084902825,5.605682604974561
409.42744416392685,150.04066206878065,9.05318505125643,5.602890586523024
410.11993485007355,150.0377260834237,9.04340264828995,5.608762557236907
410.1176795836298,149.9211919235394,9.047913181177485,5.612678480606697
410.7854051520093,149.81116620491184,9.088174832249903,5.6034444532232435
411.9431841221421,149.70348765495538,9.069929453767395,5.589070296957876
412.7464709853283,150.50744361613692,9.067878579529806,5.585681226729639
412.8620846133438,150.39640271361057,9.065781334232831,5.578633021048276
413.6661952440047,150.17075807493708,9.060422091537765,5.571961721644736
413.78313944572074,149.7152835116685,9.055321920612235,5.56775791815612
414.47841135553034,150.16802823944252,9.036627149944927,5.576834495242716
414.6027644819651,149.7091739156635,9.016436023459748,5.580482637263659
415.41099490123304,150.39048592921947,8.997900783354842,5.587509123092535
415.42761442688465,149.93213810490184,8.964661732051622,5.591739334131402
416.1296785244383,149.70036198735534,8.926679379363687,5.59990962175123
416.1463330002829,149.35636569077067,8.893370427674492,5.6061207595061555
416.82448768585004,150.04147147362747,8.898260878435023,5.597109015687411
418.3191239655277,149.69833040637224,8.85724263973166,5.603024768508972
418.3256201501158,150.38223037292693,8.844250270555486,5.592871992607597
419.0095949775444,150.04945090016062,8.831762039525287,5.580700226226683
419.90412208286966,149.8384756323891,8.846865298559145,5.551611394348665
419.9006285264101,149.73951837971623,8.85385241147816,5.524267686314232
420.2259918951044,149.52923063501422,8.877838176463163,5.4950348408025045
420.4541646368957,150.32613734827183,8.87103612152084,5.474623414528581
421.350521444733,150.002810003757,8.872941720925931,5.448295897903393
421.3480738040507,149.56498842810063,8.877837002290427,5.42828538422733
422.01352911152287,150.24509715531033,8.888825964850316,5.409967507312042
422.8952455796399,150.25281481839542,8.913437060779147,5.394532181141859
423.5611042408359,149.47865372527724,8.923393168192433,5.377568699272023
423.3313833925202,149.4819063333289,8.935885541375928,5.371063483168706
424.1110249020894,149.6001181793948,8.941459163314624,5.358190739762248
424.88602980532136,149.60425197791878,8.955366984891477,5.349923142714243
425.2147713166586,149.60641976180676,8.968336622823264,5.345587574938277
425.65975261672173,149.71704787393492,8.972789786146796,5.347935291544449
426.5501766137114,150.16691414060574,8.98162014717468,5.34304193570643
426.88552378295657,149.38421617826333,8.982201270381118,5.342128449765474
427.65914396096144,149.4984776499465,9.001222837007749,5.337357209632911
427.8931554954334,149.60858008349783,8.981107559873077,5.341106238434876
428.68777326852654,149.71268308234585,8.95789928378763,5.3566184221817865
428.69045377082836,149.93590733871235,8.952538279183903,5.357439633892906
429.3650909878868,149.26618052895913,8.944677639934559,5.355479458531992
430.0336535764752,150.15437115474927,8.94806618403769,5.3664498353250725
429.8079338695651,149.36951911062647,8.95219676928195,5.370573023554677
430.8108239518386,149.48244786966416,8.960485351438228,5.368500921779664
431.47744325919706,149.59309398436721,8.970489513792375,5.371082488552097
431.5881099541419,149.70129235224465,8.973222309644884,5.378751938539382
432.36946925294706,149.81432087260544,8.980157214729298,5.376931112488503
432.47564724932977,148.91887263882518,8.992109902557848,5.3733581352962805
433.1464681174369,149.02989743883882,8.997025413673304,5.375734743157258
433.14808214212036,149.14048224091493,8.993797364306385,5.379104567032297
433.6022548824321,149.13846962671602,8.983644962763865,5.383129795430147
434.5039672782983,149.13335112546736,8.975941246678476,5.393366797927445
434.5060126060523,149.12905006113613,8.971850591170544,5.40196892658993
435.3990420354974,149.12455346301553,8.982649932369632,5.4109621228311315
436.0789976469057,149.11893071761875,8.972256422130341,5.422207613624662
435.966075130877,149.11554389034802,8.973147076029191,5.428981268166112
437.3179817042947,149.10755235740987,8.970314951866685,5.4449643340424
437.1997079753734,149.10523080318583,8.981553670011326,5.449607442490483
437.4297482246899,149.09515631529854,8.972581848987678,5.469756418265109
437.99517209873875,149.0879435573385,8.970533203812009,5.484181934185177
438.90493680375437,148.9685257216919,8.958779602474353,5.4970456293917245
439.13218330876055,148.84756394018606,8.95631268839397,5.512956144437418
439.0069431605033,148.84770527104973,8.980549305737997,5.5126734827100385
440.02603116319597,148.84821925460884,8.981777079314982,5.511645515591863
439.45649982930416,148.84955843096228,8.987832506193568,5.508967162884949
440.47209201642437,148.8499171649802,8.996468563467916,5.508249694849095
441.14849777405266,148.85200696156667,9.004237539552078,5.5040701016761595
441.1368090239006,148.85563733555867,9.027615039856238,5.496809353692168
441.1304822071402,148.85571373051127,9.040268673377005,5.496656563786988
