167.3000030517578,290.6000061035156,5.0,3.799999952316284
166.93452359016,289.6160601522009,5.007479287845524,3.8000705786710833
167.7638767724394,289.61405415193235,5.0092772439285165,3.8040825792081785
167.83289450498742,289.61077517975195,5.0097100456955195,3.8106405235689644
168.4529102791447,289.12571794297236,5.016915684293625,3.8106816295294528
170.04462290213073,288.431843581772,5.023416654193577,3.8115059102465834
170.5258103081631,288.2930843466323,5.032676889048181,3.811414367120537
170.94231309036005,287.87369691864984,5.033339280598208,3.816521267141542
171.6344175105714,287.8703724103158,5.039511915583075,3.8231702838096693
172.1177815123986,287.6590261177615,5.047469508657008,3.8281404703202884
173.1599703758561,287.23788844377316,5.054740521693773,3.83375632231624
173.7186875673596,286.60472519627564,5.0544723404339775,3.8432708403456672
173.50330445667288,286.60189066930235,5.065847539540969,3.84893989429222
173.98882496203814,286.32037366282344,5.0752473679439065,3.8517219991738156
174.96451225875077,285.7579242048902,5.087396527405855,3.8546073419618962
175.45705189936965,285.82503660484423,5.085705220261589,3.860866538352898
176.64592556613806,285.4705725869018,5.09748489743713,3.8669925122634794
176.56884615816358,284.9062569398415,5.110803716030987,3.868903827543003
177.3398166874088,284.9723883662433,5.120678972335371,3.8777151851753198
178.67600686884515,284.8293935890614,5.134302251809391,3.8809675140290025
178.66900342559825,284.1924170660652,5.148309138303205,3.8802565109866514
178.94769383743855,283.1975151615627,5.15825279031219,3.8844246550780857
179.86367976678062,282.9854053618464,5.172939996740445,3.882492162561638
180.42585421925585,283.197349190149,5.1865332572875085,3.8853328180180515
180.56141190256542,282.12990256399195,5.200410227576221,3.882783543523078
181.33926201581602,281.7031409077612,5.214032374091209,3.8803128343393127
182.54505341796704,282.2042689439835,5.230601839169613,3.877884166933797
182.4689117177988,281.48630771287856,5.239840523338269,3.883359467465459
183.10623244083436,281.12973733255893,5.254672879337658,3.8801258936211123
184.25271333927486,280.5521926354348,5.256868987340731,3.8876363354273935
185.25043928243568,280.6254599817175,5.271870439191926,3.884705452731452
185.75313023275928,280.2636284356724,5.272974965758084,3.889449668240584
185.6840729470157,279.68394501606156,5.267211217733226,3.8977899513663665
186.6910748137551,279.4655383534614,5.26819072281681,3.9028211540175803
187.04848803214946,278.9592150073967,5.273487691565368,3.907295078394819
187.76488167718946,279.2475529473794,5.282485378441054,3.9073331892117364
188.19740556430128,278.16218201962465,5.283333082330184,3.9133363494394473
189.42309251795874,277.72809468828353,5.2872205789609525,3.9149481636702848
188.84017924675533,278.3056520370104,5.296945944271055,3.915934643313253
189.92152511034922,277.50903529303304,5.3044040050841454,3.9177249534007066
190.71259778870777,277.0035397412705,5.315271484406797,3.9149806158095233
191.06989817144705,277.51051754746845,5.325368325961977,3.9156016532608624
191.35231257568063,277.14576387688305,5.340951938978722,3.919593467576719
192.50886287495638,276.4187885995815,5.35433585474328,3.9194912007324487
193.15670668247134,276.4173358098107,5.369109971728499,3.9223967802739788
193.66096030079984,275.978588699373,5.381754666297795,3.9246179172410893
194.67755885561454,275.3944381224974,5.394058978639165,3.9240611155806047
195.03806838520498,275.46418346230996,5.404464098482017,3.9308552717602017
195.0331462490757,275.24275843786853,5.414308370740583,3.9340424590856147
195.61786068325017,274.7289549337464,5.418927459246748,3.934357505081561
196.7879168895859,274.0682835161946,5.4281150136763925,3.934219108690929
196.85973782983834,273.9187515956761,5.431441479100902,3.9393462578691736
197.3719710197086,273.47564329975756,5.436696324478007,3.942944656748131
198.62235395868802,273.4718383586855,5.439041991333414,3.950554538892376
199.28015522968056,273.4685799597841,5.450061377523835,3.957071336695077
199.42072288817255,273.1722183825158,5.464279358178203,3.95908789595503
200.60164382291958,272.43030640271456,5.469244722429699,3.963657334466455
201.19017680859722,272.35175547122134,5.476785451970372,3.972683359840985
201.55593236230956,271.98006528430295,5.486966839129814,3.974371239093566
202.2959500340275,271.38296523351175,5.492138121725156,3.980406039850955
202.88433052106018,271.53212701870194,5.50496312091366,3.9794789627841562
203.02639773288868,270.78861086918454,5.518583731717351,3.977736089515494
203.9168543014345,270.41437299478,5.526335129437333,3.980934948819667
204.6579093366581,270.93825835531567,5.5364797968449695,3.9777425442468246
205.39720616085106,270.26516194327905,5.551153418553752,3.979994825234773
206.06585673192794,270.1871602334156,5.56012733097268,3.986412127786962
206.43518995212227,269.51042942631494,5.5705991962938075,3.9914247917105903
207.18005413330434,268.7562844982994,5.581558710570745,3.99902677110058
207.63115911822615,268.52498865336554,5.5815081754379365,4.010538743612926
208.5321958983619,267.9929116585108,5.586016941426886,4.020853043003707
209.05845872961729,268.2141479235474,5.58899670825361,4.03073998264667
209.28557618855268,267.6808154835976,5.58774444827912,4.04044532745481
209.96587350375407,266.843792355467,5.587362633239152,4.052009253828143
210.4908169665463,266.8385340572977,5.596708486241502,4.062525850166691
211.31974647884533,266.60580211793615,5.606817875472499,4.073089252391035
211.92492558355514,265.99464490588315,5.612142556930609,4.079720785619361
212.30359605656065,265.99067895648955,5.615551898625141,4.087652684406498
212.98873450035583,265.6050329424919,5.61626333923925,4.097284530065922
213.59665330754723,264.9907521173798,5.620433361563772,4.105838543582871
214.51053456208604,265.06351065175375,5.625126622073608,4.113026122300619
215.19489626441646,264.90493007242037,5.632447840763443,4.12439958688943
214.80825830001294,264.9046632305074,5.639765681091116,4.124933270715411
215.9541475902004,264.5981713795575,5.6476594158882785,4.124671021902651
216.6409203688389,263.980409072843,5.6549570875748305,4.132779431808534
217.17441555320048,263.05599298784523,5.663662862949459,4.137561069064926
217.63772757859522,262.58934621404444,5.660327886292585,4.147565542533974
218.33166253567683,262.9705790555083,5.658413186627862,4.1550749787719266
218.78886674010312,262.3513675734265,5.668539446768405,4.160785050944753
219.78662819588683,262.35222091182186,5.679391883486064,4.159078374153927
220.40720496674626,261.88450316608777,5.674025432460527,4.16767354760211
220.4826900229978,262.26902045972065,5.677588181947014,4.171303270283847
221.1029131605278,261.3360508986477,5.674313927838912,4.181484361001796
222.26341570440667,261.0999713360556,5.674763954161674,4.189352463370067
221.79537061405622,260.55383681102484,5.681457333489079,4.197325245162497
223.11057531514186,260.93975083894793,5.688289309348645,4.201156418148941
223.8813286223742,259.7743347084598,5.699767343174953,4.202511706688747
224.42475115646334,260.31416475572826,5.701388077472018,4.21131741462706
224.57834122013298,259.7658274124578,5.705536061870478,4.2183437100859384
225.43183736168663,259.84204229428144,5.712808330897628,4.221756178450809
226.44552909437095,259.91663599954876,5.713537773499255,4.228577453144627
226.91392375040144,258.6645785162267,5.713537640191002,4.234587943114867
228.00610735767975,258.89622562007526,5.716390158989902,4.239983678279666
228.70337081215231,258.1923866034688,5.729118774236788,4.240406187300721
228.46269206395957,258.1120895849352,5.740789744892834,4.244438049124726
229.08365125829565,257.4838018342223,5.7533165317283315,4.246568375042756
230.25225624767526,257.797020379095,5.771570861234609,4.248255100834879
230.16885392078143,257.8729830461316,5.781039526367538,4.253665755416499
230.55744509862694,257.2403320726963,5.791699930672701,4.258419286293265
231.73412059105743,256.60818451343437,5.805475616002751,4.260246847381891
232.2785716703682,256.8462758823976,5.8229071302190505,4.2582071121000835
232.6747968137842,256.6056994492392,5.8218514151126755,4.264523235381497
233.22668734063993,255.89152344614848,5.826635939246845,4.267576641475685
233.30216413011706,254.8622952542696,5.834171617351878,4.265672683462168
234.0075349192835,255.49755000488713,5.850581995219322,4.263742698849623
235.5897364180801,254.9391826610463,5.8619763872351776,4.268948300168177
236.0629284553541,254.14274337116967,5.869881859161874,4.271344302463606
236.69241354429622,253.98488133612722,5.884572202187274,4.268653242321103
237.16689749924706,253.3449721603292,5.891921808162698,4.273381572747631
237.24475324387313,253.65892124520863,5.8957857326021506,4.283785057755291
238.04396920442852,253.7374079199984,5.895402911436283,4.28661661817022
239.0843495459771,253.1716900282639,5.892635055050435,4.299133187256262
238.52080201283317,252.52620613795455,5.899666499408927,4.31002825709848
239.7204025193781,252.36225789111293,5.90488508226092,4.3173354713228065
240.7617632465937,251.80158636390544,5.90858274027704,4.3152220805738235
241.2397378123876,251.96267752499662,5.915725004839309,4.314070223774886
241.39523779752201,250.76116408274646,5.925934519445583,4.308025971711778
242.03949453149667,251.32248667083135,5.922704587462091,4.310003889512102
242.36284126996117,250.67742946533463,5.918586750799859,4.314967019972035
243.32550420916957,250.67501920780967,5.921215660097839,4.319787535021915
243.89107086403686,250.50974667647984,5.915555850314716,4.32876874055262
244.53653168770606,249.4615389437684,5.911381334317817,4.33422011754556
246.06849169608049,249.37525177472006,5.903980470064013,4.34592502656358
245.74848311406848,248.56562227594245,5.900201839423145,4.355694537456455
245.98857311821973,248.48209096265205,5.90317680473963,4.36170550616417
246.71155087196053,248.23611960068268,5.9079796541006395,4.370062111155386
247.19441518446425,248.55810707528238,5.9106828064063,4.371708346831431
248.32576235870528,247.8262536111222,5.908615478459018,4.382155047665172
249.05103763594042,247.57754677570725,5.912582341879926,4.394729579197988
249.2913559467722,246.93031514707187,5.9175835522793205,4.394158617634298
249.9415621732561,247.00845630648394,5.912739026931599,4.399822289762626
250.4236282710322,246.76549171884483,5.920397030845555,4.399856365307841
251.47448185958956,246.51940427641765,5.925756791114408,4.405785033842878
252.12061195393483,245.9517028687057,5.931581857865684,4.405363250755157
252.5267294714021,246.0277426221812,5.931058549865394,4.41562608919101
253.34074736933957,245.86374291889774,5.928046772255599,4.41862069210485
254.15155939361122,245.21408811086775,5.931478689079152,4.417885535871333
254.23278297698212,245.3720834100194,5.931577298490497,4.42698648987438
254.8814786500965,244.5544923030851,5.935755687494915,4.43520653470145
255.52869440124937,244.47429716830916,5.94447855017813,4.432702508629664
255.52481818530495,243.90401656877253,5.952230982066984,4.432361323320884
256.09183080063707,243.82091546377023,5.959894652431077,4.435465118892846
256.9064199540386,243.24591320819277,5.963374350255453,4.442609026808602
258.12326537843217,243.32737696188144,5.981218534968924,4.443117188331308
258.69057703264224,242.17890648749693,5.9926031295748015,4.448042331048135
258.59994836624304,242.99818239722282,6.009891265249548,4.449182482833402
259.4982277492527,242.42146847891857,6.0200906224094926,4.452855150146052
259.8224396375089,241.51342340201694,6.029530675271268,4.459819773170208
260.72793464182837,241.51014228593564,6.030499852907119,4.466382005332762
261.39041763295995,241.0094821978155,6.024300243754688,4.478627401740037
262.539674098888,241.41661331665125,6.035116030629565,4.489125420758129
262.4556786812117,240.58432064662105,6.037818437880936,4.500826479806321
263.7445034418651,240.04564699769077,6.041033705554207,4.497659662764562
263.99239878430853,240.29325768974687,6.04179746126149,4.498992719246497
264.7344388548949,239.21769817304826,6.047681588608649,4.497941142559425
264.8967054069649,239.8811682160459,6.054396241436592,4.495992084436243
265.7215193584589,239.79954284512968,6.061709264373896,4.49354873367611
266.7180555347151,238.96833148568996,6.057820340974384,4.498318594961541
266.7162245677331,239.0509348943999,6.0614822749384025,4.498896038875257
268.1048306839594,238.0753816306951,6.069385926515294,4.497188876483986
268.7893621976174,237.74873597094626,6.064216603802741,4.501452514262112
269.46426043237346,237.4450455891468,6.078714076390549,4.502677315626504
269.5510467306547,237.35767108408808,6.071314832659662,4.511252972912196
270.7532544305181,236.80509359535813,6.064987871471176,4.51939353325661
271.4098870387863,236.4785052089504,6.063050865579927,4.525628138910611
272.2432001993915,236.64156608700543,6.059533030963273,4.532128080119346
272.74773873024606,236.5513985048691,6.04863790767177,4.546099587989036
272.8328853881806,235.79912159662456,6.044770856538017,4.55281702186006
273.4139255898928,236.29493062654254,6.048030629307603,4.560061970190434
274.746788469644,235.3731410649939,6.048628338909042,4.570543708278881
274.4929397855178,234.78908437946265,6.055848984134114,4.570878058944266
274.9896539978218,235.03757757815728,6.064066863552166,4.574714813568069
276.2455118765479,235.45410832801355,6.059285130263252,4.577297988576629
277.243401749731,234.200905381929,6.06868482467925,4.57722957976791
277.4084583659738,234.87120808209605,6.07305234276702,4.574547181727207
278.2466643057007,234.53484877743463,6.069271176071054,4.578213505946902
279.3394816139976,233.36049811805532,6.058086560788386,4.585199438678155
279.6715991067676,232.69365172239242,6.0626879197059935,4.581219541088658
279.5040437373569,232.7788181001579,6.063370265671425,4.5781009819856955
280.08791762115663,232.8629230825408,6.065838024149868,4.577064663802488
281.09092244802633,232.86277962514265,6.066160112057549,4.577351578598771
281.67165615085605,232.19587168045427,6.075120052062284,4.57353621578794
282.089234866035,232.61260832639576,6.076352834641772,4.576453136842364
283.0903787469223,231.3583611089727,6.082198972478408,4.574780197174371
283.67294087217766,230.69061953102516,6.088918033994288,4.571013853610455
283.7525433821083,230.85820998469413,6.097159945102595,4.57072680821148
284.92469062943934,230.94245167017283,6.098813522844966,4.5698111567115065
285.33790116448296,230.77656768662737,6.110282042848683,4.566423287766068
286.5966455992066,230.43802679979504,6.108249092483751,4.572716816342075
286.5951565155144,229.7638824460514,6.111227259868145,4.578852957054917
287.0108535071255,229.67944121875314,6.119407095906002,4.579820647799455
287.8459120226517,229.25730615397376,6.129841101733961,4.58381525891802
288.94143048795905,228.58178086702205,6.12643449054403,4.5886317900984634
289.0213554312327,228.41227991973327,6.134890791671944,4.591021309325579
290.0252670104079,227.91060022416463,6.148755500307031,4.583536766970114
290.18490061233234,228.5876629661985,6.1666133329609325,4.577911428912992
290.433720986645,228.16670054475182,6.175198775249403,4.576125953616445
291.1900762334024,227.57690683553656,6.182078644026977,4.573809756930675
291.78473172535746,227.99524040372302,6.175137861684475,4.581692764534612
293.13840265968463,227.14351420679876,6.170733885074322,4.595808975855522
293.13402462299325,226.97475141004952,6.179489958457158,4.5951390785106705
293.5530112124007,226.294380926304,6.187616645675,4.602120260349218
294.82388480846595,226.71517924677013,6.187737547026912,4.607812983911144
296.2680930763406,225.4388792818963,6.181720289780075,4.617119432627202
296.5017371554079,225.47234842039737,6.174081509176457,4.614041921474924
296.8376829808142,225.473154049585,6.179978039330039,4.612430663099684
298.0241844288325,225.0469419843726,6.180120920538028,4.617302730222826
297.51591564820404,223.8551460710536,6.179104661997206,4.626602310666524
298.87467084691656,223.5164671020381,6.177257652919236,4.6250444016107455
300.0587697796429,224.02290415545338,6.184514912357242,4.630222491161959
299.63435297976247,222.99874902976134,6.18399587992032,4.6400864252713685
300.82632522194336,222.5695387351953,6.180386508952903,4.648387331048379
301.84758418351123,222.9910475371765,6.179124795734476,4.655893147884809
302.1854389492863,221.62352299661285,6.18424783244277,4.66761195597789
302.2718717404167,222.04279463078345,6.18185992082755,4.681457040864719
303.03619552790434,221.1008014030728,6.1892192735418154,4.6881016957767265
303.19851764490227,221.0157503238683,6.2063512593334025,4.687315744291969
304.31390588605143,220.92346607295775,6.200347192099234,4.7007479064928
305.08128218782264,220.40418701350904,6.206972594096878,4.711720688363448
305.5940229812833,220.4894726816341,6.210757222753666,4.712693721376354
306.3607019316059,220.31624469381492,6.221960863471897,4.715913798933996
306.61610751281455,219.62631030234547,6.226673609612236,4.721052159052194
307.8192505178405,219.7139555473831,6.228346132113832,4.71775870701644
308.59262796089484,218.42581675609344,6.229310004485578,4.714505025461871
309.19317044538764,219.02706277920106,6.231737164485636,4.715525108232193
309.36940275287446,218.2495598217759,6.223240455767061,4.722675444934773
310.05780776342937,217.82118385987738,6.222200104051186,4.719571325360576
310.13923819828466,217.13081997870256,6.231243904144856,4.725061729276598
310.9116453055222,217.04500702062256,6.2356192215757575,4.724555475224792
311.60017785938146,216.7857569593983,6.236078858387233,4.726483818474611
312.8876750824699,216.183929530814,6.244520720762253,4.724535064985688
312.8836252264564,216.44411079886825,6.252620432789261,4.721150292622145
313.47980847549735,216.44773667040502,6.2670122808627085,4.71389854954864
314.76342138230245,215.84895321550735,6.287208001265006,4.704002076804759
315.5352167648636,215.16207356212888,6.297381036912059,4.696638005100068
315.70247752363895,215.16429558855086,6.308209017383595,4.692193952256128
316.4711537435524,214.4750192754868,6.3257572010460255,4.688612690838059
317.07037461092415,214.64861904658483,6.338140214248411,4.687363076626507
317.06884496510565,214.5582469631923,6.341199505885371,4.6949644896629295
317.6671974057531,213.95390922449278,6.357691150767337,4.690443440885067
318.9610974975868,212.74241172388886,6.372246790425375,4.684573006989072
318.86708474325985,212.4823343845384,6.3866569808868805,4.683881731112701
319.46939074381385,213.00401795976921,6.398805029151307,4.68345176582745
320.85696852772827,212.30746960704207,6.407654084565035,4.684546159660465
320.93679887889675,212.13603554915224,6.422145985289715,4.679109069316774
321.53976045501696,211.78865240569274,6.4362062401659825,4.676741980740491
322.7505522752162,211.0937194901985,6.4570322770975315,4.670945138968974
323.5280662365698,211.00910434796637,6.474110921186522,4.665496916011484
324.22589279473596,210.9172723635345,6.477240998651125,4.67431298565061
324.5715784450363,210.3055563714694,6.486030844848254,4.672462962884547
325.5321276646216,210.48501191194595,6.491506761740999,4.663838128488404
325.9685592082112,210.22196890602925,6.494065068398941,4.66467130401945
325.96132211943814,209.60747667888475,6.50853924594512,4.667698499278976
326.4823252908576,209.8719963956987,6.518968109245216,4.664876668720583
327.70272935205463,208.99778571475954,6.535403927125681,4.658123787545609
328.4040896711844,208.46834444231192,6.5379246330700065,4.6630753242878695
329.10605073918947,208.55491677057785,6.540201419864186,4.665705533106561
329.7182127569228,208.2089023814336,6.5468459092248565,4.6543237257793875
331.0289605226029,207.59246041340842,6.5618374435740074,4.6568470311653805
331.30021717752305,207.67353191395492,6.5474269697207506,4.670738308734716
332.18645212943926,206.34754146491554,6.535406270847245,4.682045399375011
332.9803009916843,206.96287297967413,6.532149238365199,4.683725130308434
333.4280553960265,206.16224111507094,6.5167767275714805,4.7007435233115356
334.48918994610875,205.4490726525384,6.5073976243846285,4.718487117058093
335.20250313239904,205.79420165387958,6.490559451277906,4.733123214112672
335.3851982944118,204.7300264947656,6.477585875123825,4.746973045112162
336.0931582806181,204.28369011609107,6.471575292710214,4.758452433711833
336.45331744335704,204.62949737286905,6.456599537635567,4.772180490559065
337.6908701105047,203.65655482728556,6.4501573521748465,4.7784016790702974
338.3967734112139,203.5642578796505,6.449047260424259,4.78665851063188
338.5787680502622,204.17640069246227,6.437968803323872,4.797560758495501
339.9042701465477,203.46897332963104,6.433945337773523,4.800692429746958
339.9087021501165,203.37584323943628,6.425081330635913,4.810497194777438
340.62172781735154,202.39860035983853,6.410877361555416,4.823692826562083
340.980316875397,201.86283707377308,6.399620888590385,4.836336934004111
342.31297140623417,202.03492411159175,6.382044964670908,4.845193943400774
342.13305979425684,201.41596460954705,6.389083578244626,4.84836681115697
343.9947481153152,200.8788335953023,6.373286432723545,4.863320412047713
344.0012076263329,200.87201905341945,6.360367410688034,4.8769494958134
344.61827139975827,200.7821570076862,6.362297909729299,4.880093866438193
344.7105528808954,200.24938641126707,6.354395393783821,4.885672381302986
345.59400534685574,199.27538614659179,6.353797963828498,4.890734658491846
346.21639475320444,199.27007695724674,6.345948020979183,4.90135303718195
347.5413706753833,198.56223028325633,6.347354662715179,4.902988525912861
347.712638639424,198.5655454562134,6.358429444554847,4.896358179998661
348.69235342329995,198.65303434686584,6.3445310634403045,4.898246870206334
349.13810203796703,197.943753938087,6.3364588236521735,4.903327704490245
350.1136653459714,198.6426339837202,6.328421025937467,4.918723117437695
350.73825684221185,197.22386791179494,6.316643606874762,4.9278996649037845
352.02771635819136,196.75226823696948,6.303368939136801,4.934489454711245
352.735012415348,196.38303476779402,6.304520490340073,4.933778482578366
352.55468036021347,195.58993812093135,6.311881270600697,4.93010679126545
353.08833358581796,195.1453702253964,6.3048020704758185,4.935719873098635
354.0513926108222,194.26682831197496,6.322246911710064,4.925928344266419
354.4930899834026,194.35538020202668,6.322827555396667,4.9256196419324585
354.41046536955673,194.00070775681596,6.311277850123174,4.9277688004925775
355.29064969118775,194.62547800109544,6.317482116424651,4.914829348628123
356.7997306265199,194.52961586776482,6.300528428776486,4.930011957464891
356.6308877459292,193.46859216090283,6.28515546375177,4.9337070139524775
357.5219356497887,192.9359009071845,6.266602047751299,4.940964086357941
358.23482810535376,192.1338952066736,6.250322560862097,4.959281885108926
358.4150895922468,192.12708054158045,6.242272104472281,4.972911215295207
359.56384024934687,192.03591895478476,6.237113048431378,4.978900369028149
360.0898091665816,191.32889111379865,6.243287613393949,4.982139518424497
360.6244526025091,190.70659628370493,6.2329962336807245,4.991234437779716
360.8040520606923,190.70475882343626,6.226775117430415,4.9949093583170185
362.56870775260194,190.0858558611283,6.226524566371441,4.997543991466918
362.5740383958225,189.63962128082457,6.21586327993028,5.007553702087541
363.46415231155254,189.71904679791982,6.200540079381027,5.025193130988123
364.00142862673346,189.4453423192929,6.185232186419276,5.042979719541829
365.1571724355684,189.171208690581,6.169458021171924,5.061466949483555
366.04975338029385,188.15601652603812,6.155517113592877,5.078745384142922
366.8530049066093,187.97058197980598,6.139442243375723,5.096185991626319
367.12603659724846,187.43127728540796,6.123623574699468,5.114305955218301
368.1553510803184,186.86971297823857,6.10955117917888,5.130910587491728
370.18244546168614,183.4288762515654,6.122851261553982,5.115537738259213
371.15272227654793,182.63952136670974,6.127149158800914,5.103005349540103
371.77364661938856,182.46812602506407,6.1219826156753,5.0924582778155765
372.3836082917264,181.24028648766344,6.136993806414921,5.07826828178615
372.82190421735896,181.59885155631406,6.1425092074826795,5.066823946351332
373.5207077325308,180.72391715478292,6.155475080734717,5.053476619918936
374.0426140428986,180.55342654656485,6.1694956022487375,5.041846788938525
373.5949636272889,179.94355703634622,6.18313061456355,5.0272536629092714
375.52583184463725,179.50798861867867,6.200142078335089,5.016856884956127
374.98845392005273,178.89615612610024,6.216499349626461,5.005723529255887
375.4221013543924,179.07872412598633,6.231557395821151,4.993528695433305
376.03016120054565,178.55690082279892,6.250965828062988,4.9781511950524
377.3538372430693,179.2669885080497,6.2518976188944375,4.970393891686211
377.96484029306686,179.2733561059695,6.264976400411188,4.957658695846666
377.6953055463373,178.65885627646276,6.274742767242513,4.951617726061871
378.39833339921057,178.3094870001856,6.280573777038401,4.9444129208449406
379.62897472654504,178.31324194656383,6.289704203299604,4.9369030280885005
379.7180129192517,177.25570569467726,6.288103600775323,4.934266137193375
380.95149233550563,177.34213790618765,6.2908628767248205,4.937810150491036
380.9484486175982,176.72744315820046,6.296950312539659,4.931641863147897
381.4753299456082,176.8199958712249,6.302194423728638,4.923037564967139
382.6225734946151,176.02955482100995,6.3014459934675155,4.91594674156838
383.2467048545149,176.02809800824983,6.287385938913827,4.918860367088632
383.1573239628819,175.68027229886363,6.290000699066373,4.909923693406723
383.774524202976,174.97641219889832,6.287892036396424,4.9093103876020265
385.0104734375346,174.97521978045887,6.279986113139378,4.911695224480943
384.297418511635,174.45320440917286,6.298757266033422,4.900221942874156
385.6150550669383,174.98597975350438,6.3037502922591955,4.890777708944044
386.313213825323,173.84598964740974,6.314955622225485,4.883533295187867
386.30609846673576,173.49754997988163,6.3291863393999614,4.876438175987829
387.00530562944215,173.85069081994308,6.339535115935358,4.874538046839041
387.2627684340868,172.97222951339998,6.353276798409984,4.86923635404559
388.4993224055188,172.88569331135784,6.349009438882002,4.865963002177287
389.1100778247775,172.2730679574211,6.361089439971953,4.8576228704435644
389.10351694971644,172.36350141422966,6.374211190094023,4.853031519747932
389.8109666200202,172.27742650144233,6.370518147944446,4.848780558015311
391.13609739876625,172.01270631245964,6.3643830612715515,4.849395641816898
391.0571109673344,171.47891439349172,6.346164349321899,4.859830030873312
391.7606710934748,171.47577359790952,6.34771487229325,4.86611162203767
392.9996793226305,171.38352612170976,6.336637427362419,4.874396644909983
392.56633553114983,170.85080914116114,6.32244556956882,4.882775277101197
393.8835840704017,169.70292611741274,6.329383639009546,4.889297529712764
393.44421525599097,169.16800979125935,6.326581878894856,4.901282915296276
394.7732662333158,169.60285008831576,6.3153835861567265,4.913903541820594
395.3046985973757,169.33815411374005,6.311485947626656,4.913811946177112
395.74654518161776,169.33519819988035,6.309959986804745,4.919723773896499
396.3679678625996,168.45019664192674,6.302658629635347,4.924664025811925
396.4625126277647,168.44807111996178,6.290044084374625,4.928915069741819
397.6144398728942,168.53518991477182,6.278754523972634,4.9310286285722675
398.3230855968238,167.30160133812262,6.271165196624815,4.931227070976056
398.412947703838,167.91978596532385,6.2675408294088255,4.927556744261022
399.1144699576337,167.39610987072288,6.272374257146493,4.919000481966218
399.55671760804285,167.48401601581529,6.2674772285594536,4.919107846227664
400.34327488133914,167.3137273583546,6.276980929128896,4.907992217335304
400.6033714647864,166.70177357203178,6.284221247319628,4.901221658115419
401.57420088323573,166.08671305747853,6.276491933076654,4.900660263713756
402.19464241074616,166.52620823630872,6.265400038232711,4.900092163322614
402.28341263876615,167.05839033670006,6.263365157976385,4.8887614172422325
403.07722534579796,166.27048999808025,6.253351491872629,4.8869503465220205
403.16569629563764,165.74600969527032,6.251517195421365,4.88526533277313
404.1316703006384,165.13827378625635,6.24514282126115,4.875372109811119
404.7426895520049,165.22962589035563,6.246660740597521,4.867461676193901
405.96927909033917,165.3203315483851,6.239118061525604,4.860738674249029
405.79314965051304,165.5010840424065,6.242449690988925,4.848160936395151
407.18492645838967,165.3320322809164,6.247854324406214,4.8376446782290135
407.17897893563736,164.98987415407055,6.259749369910894,4.825075778605658
407.7877254153045,164.47367638091794,6.261644300371404,4.81228170508671
408.5755397944615,164.1242050707962,6.252184044141525,4.815149435515
409.61304687682843,163.432272902315,6.26422215049309,4.80764559175377
410.3101324545458,163.52143855517724,6.2619110272821095,4.803296790057255
410.2250332393202,163.69671985498152,6.258233121253614,4.800486863407701
410.82734660669433,162.39935223384862,6.270027149277975,4.788606185446406
412.04692850856634,163.09913482509793,6.263511932384385,4.779125909719416
411.7007904902418,162.66982903173363,6.261761661515762,4.770204612050863
412.82878343812223,161.36970816169062,6.259121962298245,4.770431509971365
413.52287668499184,161.97534024430374,6.257317604849104,4.772251713998977
414.12867099907476,160.6767795122829,6.258828593428841,4.769873999300244
414.1296628998453,160.07344554216445,6.2568447918877,4.763552567318008
414.81934677331583,159.64267172873613,6.2626833629632275,4.759346245414288
416.2071157247663,159.2087427614559,6.257884104374352,4.761348353627232
415.77148056432,159.64180333691596,6.2635010942838,4.760880533690344
416.9797624479554,158.95087036491086,6.271858803137756,4.757077062772065
416.98150928517947,158.95162699589832,6.268365128689615,4.75556380079714
416.9732774842453,158.52060174190984,6.28482873055802,4.751634126710616
418.2744814248344,159.04192452496264,6.283162561700839,4.749285245533442
419.0554017116987,158.34747930455993,6.281193204173281,4.751623494160007
419.6585848609702,158.0879324669497,6.28811735882064,4.750735546584615
420.4399616021693,157.82477356096035,6.2861277859395335,4.756798722057615
420.5244662668121,157.21757586214036,6.29060538893145,4.756785593755102
421.39549899944285,157.8248905858165,6.284089434127879,4.757040803723366
421.9154123319756,157.13119296670186,6.2850217017640535,4.756757465017085
422.091811991961,157.1294074252172,6.2791611863287375,4.760328547986378
422.785043214828,157.13099838768952,6.280205927641579,4.757146623041739
424.26238374236317,156.9567573724949,6.273365052106757,4.758823926426788
424.3517747960131,156.35125137509635,6.267908425771739,4.756557554469381
425.04625833791806,156.52412420360346,6.26458373362152,4.757222495370127
425.5683605512104,156.522420027397,6.259372129367682,4.760630847783062
426.26140040849884,156.34922764374122,6.258425579850572,4.760732323829652
426.6875107881553,155.7480730505498,6.271849164602195,4.751139428522184
427.1135929168413,155.14668962220236,6.28556940016466,4.741667995108814
427.8076695365166,155.05941073735025,6.283266163108058,4.7429945145262735
429.09976713848533,154.6294149241235,6.297338477757402,4.736896968117469
429.10047435887657,155.32276879714416,6.295924036974994,4.736849572371245
429.70839796769576,154.63027414691237,6.293248413673626,4.735357050735283
431.0076784936399,154.63085067638636,6.293363607154961,4.734203991787299
430.74582477072636,154.11025351463445,6.297387082032544,4.736030373392023
432.1311727203719,153.4176808232924,6.299797081995586,4.734622806449019
432.39100264548244,153.5020538988207,6.300135661933026,4.739209465445262
432.9927540078275,153.7630804535928,6.310523535340655,4.7373951836571715
433.513354053054,152.98234493411937,6.310572247230718,4.736993019089367
434.6414600211673,152.63443270657473,6.310323543445882,4.738674941119648
435.334983634057,152.109970751351,6.31175108304594,4.7462427775325065
435.94497827242975,152.71738674464245,6.3076954223107204,4.7473444069600506
436.0256013849172,151.67743057498643,6.3201102401857225,4.743324232073691
436.45285862614674,151.5067594645288,6.334517633713205,4.737097702594351
437.7570816009966,152.02863976217532,6.334599594867887,4.7367482716430915
438.7122862859039,151.42283710699928,6.337061535648968,4.73107183888883
439.5847955521001,151.9458231987317,6.330462883729681,4.728151583707914
440.10397392220835,151.25306371363152,6.334268906628734,4.724120203087482
440.09943402297915,151.16966096467473,6.343348705087123,4.7172399591250755
440.791116726397,151.08613882928475,6.349673341832622,4.710572974457401
441.7382006636411,150.65503966678207,6.366186535104104,4.7042799050264845
442.5153106907627,150.13629760655064,6.376582685975453,4.698686555412994
443.1206983389892,150.5747697802114,6.383195413847505,4.69130508260943
443.29116866773666,150.57820293552282,6.390038810653687,4.68443877198655
444.2430232261067,150.32212640200598,6.399046669036217,4.674941754895907
444.9362134311773,149.7177722041908,6.403580814566453,4.6665999143137995
445.6375819190308,149.62745068625307,6.391213633372926,4.67344672587508
446.67878503877483,149.63086310812406,6.393457787181066,4.666621882133059
447.3796292890547,150.06474532336324,6.3809127578117595,4.667072121148774
447.55875920625846,149.28381559440888,6.369572667582611,4.667792730255
448.41989773395403,148.33339404515314,6.38029060698261,4.662341334496174
449.1200829604656,149.11245657666998,6.3669025369600485,4.664571452338138
449.8133391364614,148.42353169858254,6.366039053126425,4.656772340354999
451.28808871451395,148.33698961429644,6.358645630936124,4.656791465755743
451.20511614210193,148.16339120759807,6.351637681965028,4.65808209156227
451.7293326976451,147.64333932152132,6.340411612282555,4.6609788223120185
452.4252747252091,147.81443627839036,6.330486183763176,4.664274565226113
452.42249918430844,146.69357156186078,6.33603726556437,4.661579208677834
453.8087998390419,146.69376133391364,6.326447429838414,4.661199664572109
454.5028495154802,146.4365526159447,6.318638384295258,4.658008235259933
454.2428287973505,147.04412140876738,6.321583876592975,4.64942785219177
455.3665487051692,146.44440841895673,6.313646374564658,4.642967970638958
455.96764587299066,146.53236997821028,6.3157523821777435,4.639087758311307
455.9706133676507,146.09955127118585,6.309817392857662,4.644668806583926
456.57850488075184,145.8400224781832,6.298122697429481,4.647688536543255
