153.5,340.29998779296875,4.199999809265137,4.400000095367432
153.67219101495763,339.86831588446194,4.209856911312118,4.398767825577199
154.0743176942734,339.3927361663915,4.218967949190648,4.401002132456369
154.47703140916357,338.9165166016486,4.227980476862965,4.403261311580599
153.9290323346957,339.2529277573708,4.236634142935359,4.410029301925781
154.53837111299978,339.58940495729047,4.243406335840054,4.417880318482384
154.26161117537146,338.35743229442363,4.251361025892759,4.426782310798358
155.35002062441927,337.60496682556607,4.261049233653087,4.428489613237514
155.4143178574472,337.6730724812298,4.269291547635932,4.429115081948783
154.6555706958869,337.53497809972214,4.280038862197596,4.431349843407939
155.26923971161335,336.9139318997771,4.287339281187439,4.438803792855353
155.74642673751663,336.359805739201,4.294866033365745,4.447740909453363
156.22612942499768,336.7676583090941,4.299175768733523,4.458077292807154
156.01873962457782,336.83289952451184,4.300243906126435,4.46549868312058
155.81249592388573,335.7255226213782,4.298620135038876,4.471659569539007
156.6403892418487,336.34325204816537,4.300128541231475,4.479171997553645
156.84836296974706,335.7164458651679,4.298929625803155,4.488538742443372
157.12574249593655,335.6438603081125,4.297679672556128,4.495332581771082
156.6422457260004,335.1552254394272,4.295425998250868,4.503355104964077
157.26742731881694,334.32062734084695,4.292047093417881,4.509905594391207
157.13011872464017,334.24901203142565,4.289458655604788,4.5145334001504605
157.40841665645317,333.7620011685266,4.287399659361117,4.518115608029415
157.82585768371158,332.78841024604037,4.2844633940794,4.524090611453407
158.2437099718729,332.8546568324801,4.280986135975877,4.530301991610542
157.69029782150838,332.7126552291228,4.277837991625041,4.536812087055061
158.38462340693812,333.05630131538015,4.2771709067796095,4.543511957547367
158.17624905798596,332.08159021205233,4.277241925911035,4.548438329929631
158.4547308486077,331.87132720023436,4.2761610864320945,4.552052297242132
158.59247803381098,331.1053944539959,4.278686734310927,4.554807689149006
158.8691232167761,331.45270584460013,4.281768996409271,4.555650692976274
158.30947805333264,331.452963954669,4.287817290226063,4.55513447283861
159.21347152239133,330.5449907903777,4.289991624631248,4.560919528898586
159.28234768658297,330.4735161930031,4.291607397809069,4.5645006220867135
159.56169901966734,330.2617698729181,4.290703587498695,4.569644120363037
160.11876182375102,328.93732846088267,4.292703956376968,4.567727748950602
159.63065793221014,328.58788127944337,4.292288874102927,4.5690343508607425
160.18794672215725,328.8663193228355,4.2939623542582055,4.570283794101174
160.18937050392023,327.9574203968618,4.291114790732278,4.57357452962705
160.2607804655253,327.5367360636409,4.287878556193366,4.577441064041106
160.33251594371058,328.0227270099742,4.284000313461084,4.582608166842293
160.40065452388885,326.90735859800094,4.287334985140665,4.579555678210755
160.39937918012538,326.5599182498927,4.289885672667572,4.576350802436236
160.5372701051156,327.11975918314965,4.293318923492338,4.573529339142984
161.02322657094797,326.214854379052,4.2987318034612105,4.568305297161623
160.6017356689405,326.00844124165775,4.303980133176194,4.562264834800057
161.2272150303463,325.5225015580322,4.309521246431069,4.556866551777277
161.0151684347772,325.5953511932851,4.3147707257573185,4.5507818518753735
161.01223008833145,325.66812594742265,4.3206474186488215,4.544834976390187
160.93954886317943,325.3217335598844,4.326407133227352,4.539606072839005
161.07518870734634,324.6263579659171,4.3343517705562995,4.534235632459634
161.5603978011942,324.69896197205986,4.341511059467173,4.528681545403651
162.25619545215017,324.21243699064735,4.346718734582533,4.523969424309633
162.04466572167706,323.09596784880955,4.350711482374614,4.521885237829971
161.97263686545722,322.5388978326992,4.355049763060551,4.518269816020833
162.04016108406486,322.4713416996643,4.359732731794137,4.513650676141785
162.59655611814176,321.4254628009086,4.364807188813917,4.509412488952684
163.36277646469821,320.86759678577533,4.369581872582719,4.507169699668791
163.71085087082702,319.8894479565501,4.372368886731756,4.50644704418061
163.20539634903545,320.694909600345,4.375489590527298,4.5045676039531575
163.90150374470795,320.2776511060763,4.3816720686581325,4.500046230805035
163.75953530961652,319.3693470388517,4.3858759911805745,4.498390205461813
164.66684696365442,319.1603281142132,4.390042368514872,4.496707358105617
163.9826415175445,319.0570295903613,4.387474716378615,4.500896399749383
164.16691277945733,318.6751679716317,4.388623110841788,4.503397746503313
164.79690142015946,318.18360317757725,4.388906003464492,4.506324977035655
165.77909627057525,317.3410747141043,4.385626873888253,4.510429985762699
165.78029210278106,317.26871071759234,4.383235209476663,4.515066041801988
165.92019580004325,316.5686026639693,4.383681582167357,4.514013312972818
165.4271253691706,316.3607581332947,4.389000494249189,4.509350110180403
166.05639349544936,316.01122492368273,4.3916189540234765,4.507775022553414
165.98345930755391,315.3120669444641,4.3973423776252485,4.504641459099243
166.3303339041273,315.0334889852677,4.404524064049339,4.501052673835434
166.88914846696233,314.6132398446763,4.408840884997646,4.5000914950545265
166.46516908911806,314.40424085017105,4.415021793548329,4.497200560496163
167.09402807505538,313.9857925037059,4.420440021655149,4.4920064534387425
167.02110096243672,313.0752178714001,4.425941890348963,4.488575082984583
167.3706299410443,313.0738341752196,4.428810072168501,4.491342475345565
167.78880738067483,312.8643672880618,4.435299074934938,4.488854308647403
167.29416523448742,312.51463928666755,4.440822856045019,4.4856242319611415
167.78496779116637,312.5840953697254,4.443232433504786,4.4872855931052404
167.29348237044323,312.37188139732194,4.441739715254839,4.489800583756559
167.78122345628333,311.94889767760446,4.4508332255100465,4.491846010103969
167.42895713339823,311.0325075176075,4.451219751275964,4.4938464180868865
168.0626665206716,311.1019113582188,4.45160203184731,4.49590552076617
167.9227783995469,310.8898716695505,4.449567876252963,4.497269301337116
168.06039991120937,310.1152792892498,4.456113998962856,4.496613758746607
168.12855909279725,310.3973218278989,4.460783113840808,4.496478593663455
168.69103164185674,310.11503818096503,4.4643096914738285,4.4968100496551955
169.60525340192345,308.424666258364,4.470423101907975,4.490679561501803
170.09505926414562,308.7091035950381,4.4786488353859735,4.48628343553789
169.52748799556974,308.78147010425874,4.484351188825735,4.482730440060555
170.15931030940075,307.6535151512252,4.491631511249021,4.479218212642623
170.08663118893026,308.1494849664615,4.495716562004218,4.4761909134706865
170.08353558707802,307.44431666927625,4.501907765708666,4.47362952929923
170.22271794713438,307.02220218312647,4.50623678286711,4.469777289785295
170.36193448663016,306.60003740194315,4.510512225477824,4.465981287345127
170.85553324601827,307.02595465590565,4.512846380599362,4.46231678561816
170.8514220794456,305.6137381063005,4.5210687137447,4.4599380403093285
170.9174679840446,305.474154627939,4.530409262687248,4.456240280751142
171.33764806428522,304.90983476331496,4.539174112565563,4.4527133295198515
171.89974243770942,303.8495870956817,4.547808486584142,4.449165313160688
171.54163843395958,303.9216367997674,4.555604005282552,4.446748402749724
172.38658947648673,303.5683220792243,4.566902778034708,4.444544153083171
172.3808744913176,302.93005939279567,4.578332748373012,4.443886009694201
172.51741287860148,302.36303821699585,4.589412456272424,4.441302431424902
172.7247662836575,302.4346936976327,4.601339248245047,4.440202670845969
172.65096252653112,302.5041345207963,4.606565928735165,4.443701858281471
173.2877151214038,301.9352717285454,4.615723933382873,4.441282381100481
172.9268836218341,300.7951295264945,4.624269898820301,4.439592277355723
172.99331923957465,300.2243357555642,4.634129243016567,4.43933518179737
173.56087638931487,300.2949816793749,4.642062712565375,4.44092430530453
174.0620502860183,299.79250296134387,4.640927701142041,4.4446689593831135
173.7735111529401,298.7190123942159,4.645718299905633,4.445571340916087
174.48737419461887,299.43420943554435,4.649604632078992,4.446789673790161
175.55994503532156,298.93244762843403,4.653083983304437,4.447623472783006
175.69951468673355,297.71578422608223,4.660562873228835,4.4446956391253405
175.69845833675367,297.99927764019355,4.662675573188579,4.451228103376785
175.98253506186288,296.5654197035059,4.668587662752804,4.4486162778391325
176.5540303578648,296.70492201351664,4.67413760724379,4.456746791941315
177.41652831773905,296.7721803852347,4.674540883672354,4.466013314853228
177.27100403514908,295.18785097981254,4.677716707906041,4.468071975288744
177.41350762519585,295.25713164723265,4.680746944022627,4.4735293485535195
177.98627044102489,295.2566440572712,4.688442093171893,4.474504528476356
177.62192213994788,294.6076645352011,4.695696000804745,4.473866722478507
178.4843711837534,294.53505752819905,4.703501892288143,4.4746887382247
178.4801792741419,293.9568037286545,4.711885711511185,4.474978691816174
178.54857776667902,292.94637569140417,4.719751729809895,4.47055271909529
179.1255749966893,292.803013886334,4.723484484649567,4.467844525520616
178.62121423938783,292.3672258942214,4.71908660738898,4.471032459576983
179.70883964240323,293.0155913015953,4.714532363453957,4.476719582086742
179.20452964684796,292.07127129008927,4.710028269376752,4.483843446893045
180.14759212870024,291.92307360696526,4.7059708585598985,4.49068995885073
180.14849188768775,291.12278444469797,4.70417134058489,4.498255062167745
180.2956546235577,291.11914193583544,4.699667929604226,4.505540079892834
180.65994411589548,290.82607556630035,4.695868177373984,4.511849433006724
180.15291196145026,289.8116109244905,4.694959175466097,4.510832095029869
180.8760453934675,289.3039176716225,4.698350722950519,4.511457712702513
180.51235116460114,289.4481305973756,4.700594743666787,4.513089636002878
181.88998084812135,289.4454440748706,4.702043097924356,4.51846268101292
181.74388557165454,288.6459339341701,4.703838410496059,4.5203091404236195
181.8894497702538,288.42666550473365,4.703219968835394,4.523081065989705
182.32666835039603,287.4786215254125,4.700517742484227,4.530410001109745
182.1094239711566,286.96734262803915,4.698918191122659,4.535428406228839
182.91082654718758,287.54651470069814,4.695700953099483,4.540420925666317
183.20273880674208,286.45590122213906,4.693658830657748,4.5399638952823995
182.62273069732683,285.9475937976989,4.690424285872025,4.538734325998573
183.06052628955055,285.9482567908236,4.686850137071357,4.5374083397491685
183.86148977551818,285.8742206830978,4.682773782114428,4.5402214082027825
184.15188930202604,284.85783670033277,4.6829334548699455,4.539633833533661
184.3699015127317,285.07603628626066,4.682607724564247,4.538933352783556
183.86145790325716,284.4217393128016,4.682977954014231,4.540576884631368
185.02177977726328,283.3349659273905,4.686310274279778,4.53539609144319
185.09135219486055,283.2646142983516,4.69238429963279,4.530880488973485
185.59841375012093,282.6867634792464,4.694960070442262,4.524640548520734
185.16076409912185,282.3981794116719,4.699153170107574,4.52107121544796
184.79599184272985,282.25338729736376,4.702729617140627,4.520268217763853
185.81015434960634,281.16584394501984,4.707721966801535,4.516800604508162
186.09990635856653,281.67531197876934,4.70925912160462,4.514686589275243
186.67995386019794,281.02408192276573,4.711171381406247,4.509888530334877
186.38771122700538,281.0267215755706,4.714837077399752,4.504609224725186
186.45911935127705,280.51723359697957,4.717199522769813,4.5073343245133355
186.96786259387684,279.9341254354644,4.7165249907405,4.511479843920501
187.54885916508047,279.9324855440993,4.71704338311163,4.514759626650735
187.54828756690318,279.1312450423484,4.7181865794662,4.518126639239385
187.83935687401663,278.840097461728,4.717828849444267,4.518640916275193
188.49308125522296,278.2572818426183,4.719409933381931,4.52069006885
188.78594846948246,277.1635958480791,4.715695396012527,4.525487466117322
189.00479655887918,277.6708037965449,4.714567412960613,4.529730692582647
189.66232503794234,276.8675170171231,4.709660456841132,4.535009804529065
189.66036247945362,276.43032844595933,4.7135855738185235,4.535913767595337
190.09745533876693,275.990986224757,4.713327986569416,4.5406700786224805
190.60627433935204,275.70050219540695,4.715771366142802,4.5387344911833525
190.09420393475025,274.6091916694265,4.719777095220181,4.5353518000168505
191.1877742762873,274.0989084095799,4.718778815518372,4.535718531469671
190.45996495119655,274.60815724188404,4.717067591097787,4.537351779082837
191.0436533323052,273.5156141063283,4.715546968966213,4.536457787533555
191.62705796671958,273.5145327743389,4.714290005299973,4.53862045151246
191.62669487838224,272.9313938864285,4.7150161819746295,4.539229748041732
191.69893001184724,272.85704363929267,4.716275498239336,4.5422006591186985
191.77169104320555,272.49249066460067,4.716549766799078,4.542324952121042
192.35321694763948,271.47222379623366,4.719918733990448,4.541622330751396
192.49797906308714,270.96167307105554,4.72208307005059,4.5418137967633205
192.86100293010875,271.3986049481079,4.72544150659101,4.5432374473589325
193.59013830353598,270.1583338244484,4.726734731595745,4.542520942517267
193.59249471800956,270.8850792823314,4.722021902648578,4.5486832611059995
193.5915515675308,270.00955707882935,4.723908203606126,4.547859945743478
193.95823226732213,269.42546914772544,4.720574386627146,4.54799167578532
194.68672654336277,268.4773043865383,4.72313927750153,4.546901722317225
194.75717324684308,267.82114379062415,4.7282241724686696,4.545418196795158
195.1205314537449,268.0410818873743,4.731680350373564,4.543645558319971
195.62869561257978,268.11590643892424,4.737776376302377,4.540057075734151
195.62509511361756,267.8963514198636,4.7449773742267665,4.540869157672561
195.69604830153088,267.31110994794903,4.749295970259176,4.541552326629219
195.98694412394087,266.0674627601483,4.752718034698304,4.5416884378794276
196.49655906469764,266.6543343439394,4.758002368498,4.538818659226674
196.3477569610189,266.21538319639086,4.762813660409223,4.538342207984835
196.64084816263286,266.2133497486015,4.762488181745803,4.542409103563446
197.0793744799529,266.06567786224116,4.764576958111044,4.544705739282471
197.6628068171922,265.62533684694694,4.770453517828611,4.545831844223677
197.66030364955557,264.3764324712238,4.775459853101915,4.54969819855313
197.73099234267434,263.6408484624904,4.780924589961919,4.552444985044135
198.24576628094349,263.56392492318946,4.7801750258024525,4.55932087616343
198.1696916952619,262.90295669802293,4.785255802634085,4.557641775712384
198.09395153393882,263.12486158393386,4.789614796085873,4.555195991473555
199.34638679253862,262.902341361704,4.786307851025415,4.558784040849943
199.12592406997712,262.38584881576855,4.785765606569558,4.561677857036622
199.12848576465004,261.57518147788716,4.780642217223722,4.563886686991318
199.27836645986912,261.5747634338097,4.775176902404105,4.564722775146106
199.7219949636131,260.83663814551716,4.770374089581641,4.57021636062215
200.7540502849905,260.2459713629926,4.7654880151632115,4.574850172336157
200.83112437973355,259.50758118834887,4.758424106088259,4.5807877175118294
201.27356444694666,259.28458060306804,4.755949276164178,4.585586235822497
200.39054362282246,258.769115179695,4.7567347725866185,4.58678432733675
200.98027444504768,258.6923600293309,4.754360710583724,4.5931586802590045
202.16006317403645,258.24790227524716,4.749976168387691,4.598876845008501
201.4244505955362,257.36430522216176,4.748989082298745,4.599416259471902
201.7175391359756,256.9969778752673,4.751669084548383,4.597999599350214
202.0807405959307,257.07282082600733,4.761435689680729,4.593547602878714
202.8573657578834,256.36418498818034,4.767242515549028,4.5907581252553795
202.92914381325068,255.70153622453267,4.771049941622191,4.5897838212813555
203.1462575342777,255.70190273249466,4.779045884963653,4.5890508053573535
203.21956198075446,254.5947269294171,4.779958488307148,4.590579967057369
203.93696369399777,254.5454461822591,4.785526580106752,4.590285838040284
204.22259545746442,254.08647445160315,4.790787201730533,4.597259436398604
204.497089313842,253.6442333020814,4.800526932791209,4.595909527151435
204.76388088258247,253.2010895033398,4.804882195284731,4.596772448662801
205.04297497000192,252.7287443279395,4.812176181574557,4.590703542296897
205.31564604425418,252.24330493115957,4.820197028318952,4.58736849811111
205.59522961432114,251.7910837696127,4.822402529530317,4.587535291401634
206.40701216729695,252.0891449778714,4.828778450946369,4.584118703017934
206.33000539137655,252.38750607837744,4.834569920554541,4.580284830936194
206.5249528417951,250.59544374173677,4.837393675565875,4.577010176209739
207.4873591287715,250.37239025464598,4.839755066591524,4.578384696934776
207.48588246390682,250.22342737694353,4.842708396320842,4.579704687537578
207.70730517850276,249.77890012238603,4.844972986059046,4.578539158792398
208.00130937121457,249.11201618366619,4.850512347231616,4.576824606390644
209.2598173107927,249.1887557968676,4.857084548673419,4.571791737670011
208.81189260906834,249.26607941382477,4.862118468748565,4.56561375098464
209.84845177463168,247.4865898642091,4.867298264379847,4.561796061488114
210.14345048101714,247.41354526136888,4.871181605158105,4.5594150787812
209.54650485036538,247.04312390375054,4.877128519003746,4.557792576856728
209.98784818924088,246.96763877251962,4.885802782524913,4.560202682439856
211.09927759542623,246.96923540709182,4.893952422276173,4.557009413295494
210.57697557021555,246.3741609732925,4.896883701171373,4.556675113435628
211.3914211808881,245.10996449169198,4.905351711123427,4.554603810086516
211.0898151978131,245.1864361166883,4.912763375460066,4.550610635547248
211.16058014383134,245.03754142437182,4.920235711059307,4.550395564908791
211.90356903620966,243.99556428867297,4.9254115897827795,4.546734707434381
212.79818682895524,244.29257247652305,4.925830259664307,4.549269750191825
212.86927584952895,242.57900097987164,4.932836929718412,4.5451643858593975
213.16546719000272,242.05742808883116,4.937368832609416,4.543709646222871
212.93849446487366,242.50621753493957,4.943485850937734,4.541787617865696
213.83078568464992,241.8333285769905,4.950994137073419,4.543497489497644
213.9048231706753,241.45934914521342,4.95240428616442,4.544030747343156
214.05430172194215,241.0857491862778,4.952478353008138,4.543652741770744
213.4514166961387,241.08864432723055,4.962162640249437,4.53786245986529
214.04382952020808,240.4927313507377,4.9738920770515715,4.5331333279101145
213.88866903465356,239.59736136386127,4.984859637478614,4.527752837571169
215.15741036668615,239.30029149705425,4.99332546546244,4.52284586717367
214.62810857594033,238.47748712027587,5.003222853773318,4.520487745732087
215.5973694533112,238.47964474253976,5.0138108581899825,4.516172501204339
216.04555902045962,237.95537415862984,5.017595621657238,4.514522454966109
216.04581760679645,237.35438200319766,5.017078448983565,4.51602819137747
216.0435298886185,236.22805707318525,5.021653885339465,4.517540830254489
216.04192078486838,237.12879671220446,5.024872092839676,4.518114602509891
216.7156751609147,236.90251570057876,5.029435797562413,4.5199858068228345
217.84317493893482,235.92336041339695,5.029402465836026,4.523992320114474
217.9938087231876,236.07113404165602,5.028923934853054,4.529234101118974
217.4652301740657,235.76831745679902,5.032785843765871,4.532984305500889
218.1401127996799,235.4673993021796,5.038336308362657,4.532458074373045
218.21204161148967,234.11001384183766,5.045147211244501,4.53519551803217
218.58428061886804,234.48687602621618,5.054759677066097,4.535561629853486
218.88425265744988,233.88388736401762,5.058708962977552,4.533752228100229
219.94084226484415,233.57918666562293,5.059611195752136,4.539130354157279
220.31786754610016,232.67401663344873,5.061089223097629,4.536201802847737
219.71325878888376,233.12854374162134,5.061651365672923,4.533639115395633
220.46790468497954,233.12870049741812,5.062856871630925,4.533325603802117
220.5417851937922,231.61762897273695,5.0661593066373785,4.534199600528559
220.84324648513547,231.53974579876467,5.0677516019030335,4.538837228985075
221.59754304246508,230.933180945632,5.071433771620752,4.542146707748828
221.6699233901579,230.85788053118497,5.078010670301699,4.541409942576312
221.9676337564635,230.47942731201724,5.0883019522419355,4.541176362722448
221.89065820297836,229.9503575269759,5.0906689375919525,4.538227081463383
223.10432514179382,230.47897462603422,5.0885150977101485,4.542009149861993
222.7989889833454,229.26706009905834,5.092784461722308,4.540226392274945
223.93354697794865,228.0577471878557,5.098246772392623,4.532635361478266
224.92030299915692,228.51427036382324,5.095561143359503,4.529201200335528
225.52604214410158,227.45540248263916,5.096126390861993,4.525860772268069
225.376187870087,227.15384729201685,5.09291331688053,4.523127909491483
225.45452521079906,227.60799710581244,5.087605880617666,4.523031752868204
225.60736646768834,226.3974350783976,5.0844900131684785,4.523622637062855
225.7992585241263,225.90645826351388,5.077365017604567,4.529894616222859
226.93332015183856,224.84636240661138,5.0777517945111095,4.532810299852221
227.00848876475223,224.84472569989777,5.078701165293349,4.5360837132794085
226.401260096183,224.84476314223355,5.082329369904036,4.5360088286078355
227.2354871556679,224.23762605209598,5.079372007247148,4.539012640655391
227.91841014474443,222.9511053385341,5.0762237160621595,4.538069547950605
228.52420549805296,223.63346775830877,5.075408086006545,4.5354666695328545
228.52154164564223,222.04614368189291,5.080735790828001,4.5329695109090045
228.52020931061082,223.0309074402021,5.0834004608907835,4.53080328051836
228.51741660459672,221.97370053738564,5.08898587291901,4.526425623331733
229.4260677062624,221.36696264661174,5.08799166292933,4.52902940931849
229.1996831998306,220.91035974304174,5.086605122980604,4.533924110833907
229.2733106233067,220.60622637737308,5.090792159593687,4.536423307910031
229.800772546,220.07487568231923,5.096696192797274,4.538296819427548
230.93909555023845,220.149429437325,5.095077007289731,4.540857764280621
231.16743365989274,220.22352323337682,5.093453515381931,4.544354414643972
231.0168136359795,219.69025888052875,5.091263748150875,4.548878767638764
231.54996970551662,219.15756686596418,5.087223901428651,4.551990504415897
232.16054399093184,218.6242976439375,5.07999642971305,4.556347986743785
232.31498108686338,217.86290534173477,5.074517098109977,4.562158289849193
232.4673083886688,217.25357072341328,5.073272563026825,4.567187252381466
233.07751850963402,216.79543491493706,5.066979982597604,4.5728631232079815
233.07557344598854,216.7970929755961,5.070870109888584,4.569547001889922
234.13400309143685,215.75262174959772,5.073060226562673,4.566804268783844
233.60252902926226,216.20868174905556,5.073712542575633,4.565223534156434
234.3585487801376,216.28582033697887,5.079087593936334,4.562687813620914
234.43343726602467,214.99642231847366,5.081095151024833,4.561146859966236
235.40906797626485,214.10966408954636,5.085216446380657,4.558747963987452
235.79772629280376,213.6427178180687,5.08694799517485,4.558235666994999
235.71946507866807,214.02054350565754,5.091634829251123,4.56176226279279
236.49909787241918,212.76831135072902,5.09286551393027,4.565429757433141
236.1953789824927,213.67888319240458,5.0921335793077525,4.568795217508448
236.04303182492055,213.44931924457293,5.092658305407524,4.571668729604918
236.11795852099212,213.3738177679288,5.094943742790955,4.570532853366564
236.95120198137909,212.15828181628999,5.102175140081407,4.567105384914291
237.56008327850853,212.2331354225869,5.102123243977514,4.5696120095897665
237.94184215768792,211.08801293518303,5.099870812407366,4.576061004031744
238.93040839474327,211.54420095845796,5.10291197080117,4.577611249407088
239.00455863650473,210.09556718432646,5.107004549815053,4.579410609471492
238.7021771108887,210.70261302284558,5.101826032001089,4.5852020705251935
239.39022878789768,210.08875425123512,5.098199072080722,4.592940596770511
239.54306004957556,210.08840011305773,5.09766556705085,4.593648873125288
240.15598105449888,209.55155065284316,5.092363693683016,4.5993751741354485
240.00301282955587,208.40513556982043,5.093147269167434,4.6035587821691415
239.92662149582796,208.2517469680113,5.09327457233702,4.605025257214972
241.6815902532569,207.56377062364703,5.09499400925838,4.606851312638584
241.6819051371697,207.56261072910968,5.094364241432766,4.6091711017132795
241.30144929024638,207.55937695447497,5.091456855777577,4.615638650982717
241.68543922789326,206.7925463566485,5.087585613355773,4.6210825808917235
242.37346927712773,206.18016403280222,5.087160044355185,4.6230609801679
242.29902630468342,206.71460611871848,5.083172793458375,4.6242891788332905
242.37760182784922,206.10097432342963,5.078852457279522,4.628907088189198
243.58348554896818,204.98146688589748,5.0822649231934065,4.6253748804007335
243.96433036950523,204.53596099055918,5.077413602243331,4.62887657324422
243.43066425947018,204.53633501000917,5.075046729484951,4.62812853434421
244.59704443854594,203.78250507545596,5.078245795943899,4.621464743702116
244.6717640748526,203.40327977213212,5.081515520365926,4.6163703651727435
245.205918988354,203.40341969735607,5.081956514226295,4.616090514724877
244.89899330097938,202.26108742991252,5.085083525556611,4.610538686791155
245.88932156336193,201.88088764443447,5.0887630712704235,4.607732076793793
246.42178976963532,202.11204214498434,5.092402759449618,4.603384261719506
246.42012877410474,201.65540896854006,5.095724750510781,4.600804614373284
246.80404429410373,201.2725933498081,5.091151285388152,4.603178276961842
247.5687239525155,200.58583708430467,5.087974449608851,4.603126575028864
247.87181798789493,200.12944164189892,5.092058405286413,4.600509420185749
248.4794845401283,200.43545796063736,5.0974435712930655,4.598835917945571
248.4797317706934,199.7495894613038,5.096949110162888,4.596751405050552
248.85805840310584,199.21657036281778,5.103325269365571,4.594548408383937
249.38878985553706,198.60414032289438,5.11055144140306,4.598049543202301
249.23508294496375,198.6017776991003,5.112289085432512,4.6027747907904555
249.31410055287796,198.21655599258395,5.1071943903320065,4.608515600183668
250.00258283633258,198.06361649205053,5.106806043791357,4.6084887745019385
250.3863314578475,197.83496817850664,5.104041031410807,4.606946063200164
250.76869812538592,197.22269653952657,5.103701858069841,4.608458682382912
251.37860110409824,196.53470261106048,5.107077424162262,4.60836732535841
251.84001338979434,196.99135535991854,5.101945224642105,4.612754199514358
252.45575002158458,196.1473036666616,5.09398310916539,4.618529757385608
252.3821599662765,196.14540512046176,5.088256084469336,4.622326849785293
252.6141063902635,195.68478782273823,5.082998891394443,4.62629013543425
253.22706095343904,194.99742512914256,5.079968921344591,4.625276471786648
253.15268984794523,195.22539469760798,5.075914561858047,4.627727046278188
253.15486538831078,194.0008001533024,5.071563481126955,4.632556153246215
253.76465733255753,194.30703744857183,5.074233043989721,4.631208288385557
254.75590572097107,193.23965837170672,5.078159433061081,4.626741494225122
254.8290076044786,192.7835803457525,5.084747412364682,4.622147068221955
255.28342905354882,192.86373499265835,5.092830970406733,4.61465885044072
255.35653505015395,192.78784186378596,5.0994464598001406,4.613617625581874
255.65857541331002,192.25405170374341,5.107020919754394,4.610801369700819
255.88434520101134,191.72137699992294,5.114441398338172,4.605243984706766
256.34026621664015,191.11222327961028,5.120679711805173,4.599444299032412
257.10684024743495,190.5741946536714,5.1177095271236785,4.604377037074534
257.4892635581274,190.4169349251274,5.118114711841345,4.612795771721468
256.95569924887195,190.02838147952946,5.112906184181129,4.6239475585094585
257.5716111085442,189.48552099496865,5.107385959045611,4.63665297019839
258.0350004238208,189.40387820057776,5.101035286120338,4.6465338993754814
259.18978616945066,188.5527309988975,5.09341335682401,4.660731957296176
259.27065586427665,188.4693248794332,5.085244768272397,4.673973395124349
259.9649077930038,187.39018694375622,5.079630093631941,4.681088315434507
259.96164873183426,187.465644350839,5.0861482159710905,4.6838535655214075
259.9623467599484,187.3846083948471,5.084752159742865,4.692099793640202
260.5016114532986,187.38111648816076,5.083768662594839,4.699083607012903
260.49883131838345,186.61148983935246,5.089328932425094,4.698028047110655
260.9620235500844,187.07229162342534,5.087549311184035,4.701029321125635
262.1193113112894,185.29677834106616,5.084785750971412,4.707277543807996
262.19492081878064,185.60706872418663,5.087743805148172,4.703405054204403
262.42890878915307,185.13753337511673,5.082252722905231,4.717506035340373
263.58526474345405,183.43569245392644,5.084043561282262,4.726583848818409
263.04598556626746,184.82196222177646,5.081294914349238,4.734548030762828
263.66473261117,183.8931546038529,5.080249544117895,4.73749018724918
264.12427181645324,182.73583689350215,5.088690233233977,4.733327858744313
264.7459193790324,182.96650858595754,5.0826122200346076,4.735940890818158
264.7434912251695,182.50336881616337,5.0874685277603575,4.734627709098748
264.8940494403399,182.6603556633317,5.095659552979431,4.729961470321883
265.7429778356461,181.5802894093307,5.099584096418588,4.72419046225836
265.8184551730222,182.51140287586315,5.103306292393856,4.71808597792305
266.27912507766564,181.97457869541188,5.109793578099578,4.709269394667569
266.97468721167024,181.2824249916538,5.110058051472079,4.702188060802057
266.9754566971154,181.67203268820745,5.108519080581703,4.695423582595537
267.44024100334843,180.35965361324594,5.105101649133486,4.696086719634557
268.29262074293825,180.74154669335766,5.097816187046766,4.703879658089624
268.83232691768865,178.8111921483347,5.098687554435803,4.706432616386003
268.83278586457124,178.26753197829404,5.097769660670724,4.713089820334857
268.91264161121245,178.18444288152656,5.092530197422132,4.72479598383599
269.45655638079336,177.79071308331115,5.086735769309427,4.73937335808894
270.535958520527,177.4042208283945,5.0939793136670115,4.738769359413383
269.99465363735055,177.86583779365668,5.0928408631595365,4.744462471912208
270.61149811038985,177.01359109737362,5.098302912929336,4.745123245186828
270.9159389801823,176.47327014652146,5.109379726470857,4.7408376789197995
271.06336843729036,176.7863514866343,5.124709588551378,4.735052551287493
271.7559651370346,175.62384780177925,5.136689944167863,4.73143699582257
272.6846778944958,176.24623565929687,5.143714145013828,4.7296277579662
272.7558093623376,175.7033451987492,5.156902718379691,4.727248115715846
273.29692494687004,175.07822998459835,5.164005593680178,4.73252535045705
274.15054195181574,174.99967006923737,5.170723876403147,4.733831336395847
274.69437885708004,174.29706325484688,5.174625214285126,4.735591202934626
274.14428086991626,174.45419231356695,5.182624427450506,4.733389302969462
275.3105109273295,173.9078070540622,5.191928734340461,4.733336425177921
275.775275323259,172.6581449893069,5.199969974783302,4.732473801883486
275.77146065363706,172.03088610071373,5.207599314027166,4.736006646022396
276.3968160869683,171.8734314586434,5.209273934598909,4.737819558354533
275.7646045315402,171.08970443478833,5.220871853923376,4.739242116650248
276.86530300862586,171.55841669380183,5.214763605366469,4.742655615315045
277.2584507894352,171.4794271709745,5.212296456265735,4.743868978466142
277.96466164035826,170.77317297490376,5.21059430661435,4.745657818412954
278.12385019131335,170.06313012593355,5.205714458495226,4.755005874293759
278.7545580126037,169.03648417129602,5.198871510756694,4.769617154450298
278.75591610043784,169.42601667466855,5.196155335088366,4.775290563085798
279.3021975325913,169.34575997015995,5.202562180205715,4.7788082993281025
280.0080453579228,168.32051174803797,5.2052301988969365,4.7863349989493225
280.0080722487602,168.15692171706988,5.205176417222246,4.798889243874164
280.79469252995915,168.15901723155727,5.207054425084413,4.794698214899395
281.0266850499615,167.61167820251367,5.215492722847078,4.787055151529464
281.2587470706373,167.06424809702406,5.223821612739653,4.779525189605623
281.9620126167149,166.67277647355533,5.234738055871056,4.774997583606139
282.03706786796465,165.65061377405772,5.242219613919405,4.77062619547955
282.9013532021872,165.89118478504923,5.247676643925106,4.762400818528574
282.9784639748926,165.97358312014066,5.251047796719324,4.755196846550756
284.0791892359422,165.58284942959784,5.255021185288809,4.749012830969009
283.6073508965316,165.82175210396576,5.25373714857219,4.743687840002028
283.9172266042593,164.88211072667207,5.263539858657835,4.73430821796621
285.0953749073137,164.17659530629035,5.26811229970274,4.728817630437441
285.53792813486825,163.40309812737726,5.278313409384182,4.720117111792191
286.1694614727328,162.84865917583164,5.274400669005806,4.727235321451513
286.95485859651177,161.1904055014693,5.278077843250941,4.737352684389693
287.19036201654416,162.21193553903277,5.280068516441566,4.743948500036398
287.97771365777993,161.8905189505573,5.283386048968909,4.75557335098784
288.0508326520985,161.3385181776633,5.295187272720584,4.753300410054154
288.36085636192615,161.26185244180382,5.307885315305414,4.748445516213105
287.6430008796017,160.86433240319064,5.318841028211598,4.751954898026923
288.3509204804444,159.91329011967488,5.329793281427027,4.751650858524038
288.3445745074846,160.07381779510067,5.342485227346578,4.7479907496513984
288.49829204926834,159.91744853342973,5.352722485283186,4.743056931489252
289.60950911456126,159.04478151101566,5.355114624389859,4.7403131929875295
290.4856072243066,159.28548351324272,5.350921758685552,4.735637375929638
290.48733534059284,158.80791321220292,5.347465526113028,4.738160674041859
291.20322891732377,158.09047921379587,5.344484908788821,4.744222134718421
292.23894775131134,157.1322154141958,5.337537670592002,4.755066260276995
292.55870192413283,157.92308852693705,5.333519155256817,4.762044610563821
292.1661790081537,156.807649275836,5.323957167620448,4.768021217900777
293.2818819318112,155.8491231649146,5.316710278348461,4.778651475706684
293.9208070661354,156.79737724061482,5.310264918095412,4.789250686899442
293.9977099024482,156.00143949954293,5.315453816855532,4.791180455186485
294.0754954402226,156.2386007895485,5.318988791208987,4.794176024881861
294.71437552840945,156.3122949054151,5.314899154987195,4.805996610667626
294.87140889559475,155.83559888329523,5.319500031870442,4.803385821145748
296.0713878076147,154.87321543690803,5.309997971272384,4.81578810316667
296.55017945958787,154.94886005018714,5.308896920140329,4.823912585410839
296.4720689734312,154.1498738560879,5.3055917900402,4.826623949474183
296.1495299327901,154.23098876927656,5.312598366659688,4.823911999262573
297.34459488809927,154.15139210365354,5.316223958502509,4.823521630344523
296.78413983212516,153.19553165232276,5.319696784461785,4.819635757025175
297.4991230383933,153.11413246665688,5.326364125788406,4.82280815570552
297.897907216509,152.71447277570647,5.327697248295397,4.823226058867939
298.6129790446571,151.27407864615077,5.335822896321462,4.827475709334863
298.77012361550726,152.31643565178032,5.341537527821226,4.822786223876142
299.3294491291985,151.35089192447012,5.342998258768939,4.833682092787507
299.40706955877556,151.43077343008392,5.347969897414603,4.834131579359669
299.7233456908604,151.27370900356033,5.356605640387475,4.827666428835612
300.3608543755006,151.19630688824054,5.364213475420439,4.82214250893597
