151.6999969482422,336.6700134277344,5.590000152587891,5.53000020980835
152.49930914873607,336.35061197596826,5.618137931468241,5.519038070656318
151.78394577738197,335.65450294345885,5.64576977321927,5.5081612347179165
152.55982383044383,335.4842485225849,5.67485570067944,5.497371846780588
153.42582512919677,334.6938295064853,5.702203512570395,5.494794510522563
153.85779878483223,334.16691277292466,5.71987177350022,5.490689291002869
154.02946184686377,334.0795188477266,5.7296157404382715,5.48894209589846
154.73157159108828,333.46619538678027,5.73867655638624,5.478968751443703
154.81942462121447,333.8240334161018,5.739614491366775,5.469868673732177
155.6121358913797,333.0308824471132,5.7428225910479895,5.467539971697825
157.19612853429567,332.50304109395194,5.7523383424337995,5.464055665614401
157.4551146419569,332.5923041521678,5.764230747258413,5.462151089231765
158.07055111663385,332.5905235161783,5.77079969105266,5.465712361210783
158.06495827018264,331.88870133224236,5.781985383955099,5.453863619157632
158.50530385291643,331.010553781871,5.785912420625571,5.440922315624316
159.3041951128454,330.39212984407766,5.779146995996542,5.4403124504773945
159.65092983570776,330.39397246630506,5.79233457371776,5.436627206022646
159.55794154451888,329.77768964610675,5.801499294776931,5.4315098171893315
160.61627515868773,329.95619211624233,5.807317549914058,5.428252457497217
160.4399991927439,329.06932994728214,5.806043614595227,5.432847459385273
161.32408583363204,328.71378182411814,5.807530479825704,5.43607964691052
161.94514936048697,328.79985349419235,5.804687404238922,5.440976875065407
161.94506034124583,327.6478336804606,5.804865442721157,5.44305557134172
162.12309419445992,328.3535638222158,5.803017142143772,5.448472911234352
162.83497203409195,327.7262221738504,5.796596072907298,5.462988424191098
162.9260930158788,327.63230436983633,5.791650942108853,5.473527199443847
163.45919247375159,327.01136109875233,5.789772195750924,5.473706877326293
164.25903554370302,326.12235508891206,5.786327526601104,5.478117262836836
164.6165918684777,325.5888289378717,5.780719797336411,5.480912184490379
164.61367247121535,325.587313489253,5.78655859186115,5.483943081727793
165.33033951749852,325.0509969080803,5.773002258789518,5.491742924452221
166.5709641083122,324.0781420468602,5.775125402984979,5.486231533745897
166.92663346168823,323.63463192450234,5.773105153189371,5.486603707266066
166.66367351900476,324.07668971819845,5.767113342062289,5.489007614030509
166.83576216659196,322.9273289767293,5.777432488659107,5.483502225456132
167.541839249439,322.3997821254565,5.783857933796004,5.474661219878489
168.42987133419055,322.66630070727535,5.780621741651024,5.473472449448285
169.1374894267183,322.5818738968758,5.783092176285767,5.46511274278619
169.31291460522326,321.96356024653386,5.786480598141545,5.46190431744011
169.93561899002722,321.1692074426005,5.780922205473442,5.4565165835271605
170.02745345275972,320.815758889749,5.7742023839240835,5.4556172735673485
170.11188603516823,320.110559201224,5.782166980295863,5.451378561106691
171.1779584450615,320.0218367477975,5.7726668041484395,5.451936414323091
171.6176350755755,319.32018929338625,5.777050361728279,5.441252413373137
171.35326845286224,319.40934162993653,5.775844413159696,5.439594138270961
172.77000118772875,319.320840437644,5.767998682614002,5.439995289156856
172.68181530392818,318.6167254893742,5.767885504942403,5.436345623514493
173.29800921119406,318.2658370385678,5.770474592369741,5.432421438293548
173.39143096917275,318.2621276423865,5.760034554240717,5.4398402306561255
174.09766015351107,317.90483116403493,5.758439866578924,5.449001346851776
174.4533288186455,316.4954140082588,5.753015809328418,5.444182566330535
174.6350228123133,316.05294058620393,5.742261950257135,5.447544089779434
175.33718232760106,316.14450930517694,5.747560017083031,5.440608789008536
175.42692938945143,315.96861991686893,5.744240949958731,5.440037452471692
176.12761834508083,315.35093026496867,5.7517756803235605,5.442618194851573
176.2158413102425,314.11797739727047,5.75160260932959,5.440703899636273
176.92022670007736,314.82364620620257,5.752750184677766,5.439284636789899
177.71035957034658,314.2941259509954,5.758601545766537,5.440913746119408
177.97011211511952,313.4153654736264,5.768154194112906,5.434908907883191
178.8501137873324,313.0633117868556,5.772217613152605,5.433389576038604
179.29661481391443,313.0636537688395,5.76144598972181,5.432705612070767
179.0372858774774,312.348655374546,5.75130332249056,5.452567627043521
180.3615143434201,310.31386838652094,5.7491948709859395,5.464407266509736
180.1031134312608,310.48583812725104,5.736262930547724,5.473623628220859
180.63071696137888,310.3011009100597,5.740185068920511,5.490054996400498
181.431603993641,309.67936537042175,5.729999868644033,5.49562362570598
182.6723372732531,309.31915830795555,5.723339059333567,5.508950393520246
182.14331990722317,308.6126785036015,5.720103434714089,5.506882859989167
182.93662747024769,308.7962005813403,5.724642968964531,5.493428629022602
183.28972927561168,307.4698212799203,5.725052012772728,5.4963897773519195
183.99276575919112,307.7406434638755,5.732630615539422,5.484864748163728
184.17327142419379,307.7401021043899,5.724904680126877,5.485947467134887
184.96630960847554,307.122720934215,5.727677747286068,5.484938024144761
185.14089298152192,306.3306296185263,5.731643564157035,5.480024122185591
185.75369002143924,305.9836978806508,5.74190353974696,5.467685280550946
185.84675325354843,305.274326464335,5.732292827806099,5.474302094962696
187.1685289967819,304.65654967865197,5.735793109901431,5.4745648409996575
187.3460214594273,304.92641452613526,5.733866358446948,5.464422406787702
187.43479838398,304.400766877919,5.732650750975514,5.4576882534167765
188.13574846959332,303.4389243813858,5.7404506673347555,5.443035626052618
188.3071106042228,303.18052202515037,5.749931045731025,5.431533367040643
188.91872687009,303.79993279338584,5.759175951376546,5.425189267949703
189.79895652648298,303.01128797361093,5.759837656566204,5.417469991321442
190.3240165097053,302.9272077235574,5.765717378786426,5.409630543317749
190.233101298782,302.3158151749751,5.771580406050961,5.4006438784082995
190.84035347648492,301.17823124006304,5.788490113634359,5.388899916966941
191.62219571131445,301.8008082934372,5.808749550014165,5.375702181582102
192.22916862060362,300.8392078850609,5.82750435499749,5.361802018452311
192.0447803596966,300.6673203147114,5.843938096434766,5.353234378774618
193.27103990875992,300.0559597746813,5.859494229406836,5.341917843285376
192.65206590784277,300.4075964321435,5.86297048614208,5.344056954131776
193.96513063478332,298.99999188257596,5.883460795095944,5.336204972909586
193.9630797683316,299.000706250185,5.887562527999433,5.334776237691543
194.40880362396322,298.38512498033003,5.879495496155033,5.329205826215002
195.1106803003879,297.771601267332,5.887436475765884,5.321020711308443
195.29266778129795,297.85936020576975,5.876371078074827,5.321957616497428
195.8258692353269,297.86115925413543,5.867753726573071,5.318359519766082
196.97214725703256,297.15534328067685,5.86457749962768,5.321142348858081
197.58483682775048,297.15691915757,5.871905981232261,5.317990595071808
197.6726533989757,296.53981172219795,5.872437698684758,5.319051446495217
198.29084306871917,295.7436837799199,5.869388712706511,5.325596876540161
198.292416232889,295.2982979715814,5.866242384366846,5.335133588177896
198.91152722699888,295.3836129109508,5.862470698307772,5.340853752604999
199.6174594626317,294.1493104205135,5.8616661686046045,5.340103835745333
200.23395328276368,294.5917871535275,5.863184644536363,5.336940452714294
200.23667393244736,293.62303186033523,5.8577433451690135,5.334807365201986
200.93533396748788,293.00876536852934,5.870123587603512,5.329852575362714
202.16148631525408,293.0099998128641,5.886386629152776,5.327383686693136
202.16241069109458,292.39233234927883,5.884537877471786,5.326938998647803
202.86368789109937,291.95536681292015,5.894016213450804,5.318349611372315
203.12973960152632,290.8135454162478,5.891456291329406,5.3073039102095825
203.21952656316458,290.901081557108,5.888180804537168,5.308530064973393
204.09752844429974,290.6412549984158,5.894847781703857,5.299381960526687
204.26773735577694,290.11575536098496,5.9068793962577235,5.293032922863431
204.9669571422722,290.12201400742214,5.918922475937709,5.280515629989048
206.29057837905086,289.86215175653837,5.916141795124913,5.271347773207756
205.76081575197458,289.24672107991853,5.919020443591665,5.269454753147271
206.9895088640196,289.0742837638062,5.927345140781277,5.262084968046232
207.68747239319862,288.3712012397281,5.940487051314733,5.25918104731095
207.86117126484598,287.5777357015591,5.945671550215583,5.2594920337689155
208.5654706741414,287.05049813614323,5.948084994580444,5.255707967383865
209.17409895354896,287.0572897694454,5.965302490017355,5.242124700779537
209.17365484422342,286.9742974274566,5.966190708668405,5.231706351031206
209.2633856242505,286.7149088234666,5.962979124500899,5.221733631351049
210.22725992261925,285.57233270741455,5.9716758095789,5.218359621309529
210.92948184638885,284.9586579224024,5.976201341982419,5.212860983884118
212.34026832874818,284.9600744323099,5.972278986193557,5.2100279640690195
212.42609514263276,284.1664401308115,5.976622368354729,5.213323477692672
213.12804632368113,284.16146588467257,5.981656774305748,5.223271969970627
213.56455168464913,283.7219743483222,5.990418546282701,5.220482548758362
214.62373863521256,282.7533527046807,5.989390690737827,5.21682529425782
215.24305642976068,282.4896953969876,5.985351864351125,5.21502701133991
215.23549846755841,281.61276809920116,6.000467788755645,5.206085643355923
215.40470386933697,281.5281121897349,6.014797534749773,5.19902718751281
216.81740952430258,281.5279602951164,6.013047119906127,5.1993309767497715
217.3488850505551,280.3810863464393,6.0088356518466535,5.199143107805174
217.43004259766354,281.00065691402045,6.022908976450888,5.194720904390645
218.75094294190552,279.5947704938181,6.029136057105393,5.1819307910477495
219.18774043756923,279.5124520266141,6.037671870446095,5.170141564522209
219.18272965342146,278.89878901599315,6.04769343874162,5.162886240071862
219.71312679220762,278.9028065277007,6.045341395613832,5.154851216656747
220.58962934921968,278.46607663338125,6.05475189148468,5.147103200348119
221.20377100416763,277.6766344438387,6.06030493524026,5.139626553309984
221.10807960451493,277.5006682678597,6.0754599067190025,5.139103249614687
221.72554569224408,276.9722353982526,6.075701023246302,5.137249024269676
222.52015089097972,277.0611083099447,6.074335531222979,5.135930412602016
222.69432663604684,276.9733984968343,6.078753882615503,5.134965118059344
223.57647318471396,276.26747061970957,6.078836454488655,5.135320336942893
224.01644789915431,276.2688735332679,6.081109814516861,5.132514509826286
223.9281450468923,276.0908686346259,6.081281042563318,5.135655354155029
224.63016855623175,274.77554678572426,6.089135382730263,5.118984004122404
225.41364717091633,274.5154801604947,6.109242076878697,5.110095946742296
226.20569360414353,274.4334291261422,6.113714413830248,5.097690770624322
225.676989068142,274.43799919642106,6.112866187519286,5.088550630066551
226.91268409656234,273.90754775215237,6.108497066547488,5.09215883180297
227.61079207700442,272.6719831947067,6.121934302378381,5.096394852443048
227.16631588917255,272.84732893065114,6.12847690364512,5.098667290313009
228.30892985694948,272.40908907655205,6.139300895786088,5.092050103243894
228.4885436823129,271.791584735691,6.133431928182848,5.090303394033419
227.8767834788978,271.7914926088014,6.1210267912156135,5.090487647812613
229.29278449704822,271.0849568835727,6.110988232693143,5.092577359380835
229.2925367274257,270.99887193662147,6.111483771938173,5.08849547628355
229.47422331251613,270.7321003918749,6.100497795025798,5.093457775874081
229.92162027492006,270.11360055245933,6.08622554852057,5.0977271050815025
230.54407561638305,270.461476003872,6.072987046103641,5.105788876832736
232.65120443505774,268.8014910804966,6.063357823155135,5.117902170747739
233.1803773344895,268.36482623264436,6.0679984832752885,5.131071747182561
233.70860552565404,267.9536565155019,6.0817591948193765,5.1301436570199055
234.50679237724836,266.6290963246381,6.073042496343808,5.133169030892352
234.86457980049622,266.09949189484234,6.062749772921581,5.134454705873601
235.22578694839672,266.71274913003685,6.045064951138067,5.141216815015148
235.31267661389631,266.09721081588145,6.047303717881892,5.140166759124561
236.01300688813498,266.1847833361739,6.054929441704141,5.141057502577158
236.09953469453183,266.1835018604853,6.058041682669124,5.143620453954272
236.8000564795751,265.6536625746686,6.06705511038177,5.145756277238327
238.1258350906508,265.03010363114447,6.06195735961349,5.1578597443077046
238.30046587936388,264.5863474203483,6.065788910821513,5.162639344314619
239.0097371354282,264.67418031637493,6.060707068563198,5.1636561359951365
239.18435427357113,264.5868061295061,6.064713676912972,5.161784067414942
239.97861831487774,263.96742414793385,6.0660556380400354,5.163982440983693
240.68888292347648,262.729481187114,6.059192794381888,5.16595220892947
240.94671918812637,262.90922124989186,6.073422148626625,5.159740005736767
241.28970519718146,263.1782322069692,6.094465480650318,5.151979604182524
242.0815477321303,262.2086409367921,6.103364831015826,5.144670075326163
242.69819370038672,261.6764367204788,6.108887290529468,5.147237597072892
242.789447326529,261.76091229627593,6.103480047157815,5.155386454391583
243.14350234605115,261.75452910727057,6.10396102343583,5.16815283240223
244.29493957283069,261.12965078453215,6.106774420533384,5.176385250602461
245.00137654756185,260.3255461282691,6.114192227164815,5.186766337523018
245.08948888068852,260.2281985963689,6.115785525879307,5.203643436355715
245.53789124131833,259.5149069084263,6.109550682773725,5.205315007194316
245.53948054246652,259.5115392518384,6.1063720804773505,5.212050320370127
245.89675410532183,258.88422275482674,6.104239813389107,5.219957311804346
246.7892162068576,258.88483601091934,6.101293935572775,5.218730799619101
247.23135008131325,258.62177984034895,6.10768920721217,5.210445328429549
248.03536575436908,258.08789078744167,6.102542260177385,5.209633834859452
248.65226649814423,257.1119331279625,6.114780747079789,5.203486336820678
248.8245867788556,256.49451758568904,6.126332050680671,5.191645893784955
249.62409481825503,256.5868441383512,6.13007070188629,5.185076647350059
249.8884878384412,256.59163638845587,6.135392274026705,5.175492147140796
250.77473044608098,256.06538682863464,6.142544393007427,5.160208866227007
251.0360792033385,255.4474183585556,6.153330794626074,5.151350002073207
252.00788695143052,255.27457486325267,6.16608246986467,5.1413338706022405
252.44441082290743,254.65613322154402,6.182467934521157,5.133010663365066
252.52745764195956,254.7472900468529,6.194379107811083,5.128701824141517
253.058427842232,254.30491172658614,6.201150854491763,5.122865008653704
253.67523847444204,253.6794523410005,6.214430675162566,5.126882694734028
253.7594549886314,253.68232430039782,6.224395597877729,5.121138775939405
254.46553061117154,253.3285524017535,6.239912528544971,5.11484848535428
254.72784988119784,252.61562282408883,6.251060670861487,5.111943154365841
255.53700594656272,252.6993896930277,6.2412286220249875,5.1231294255873525
256.0700210538095,252.16512242263178,6.2476959496824716,5.119166424228178
256.60330397969983,251.6305838609421,6.25384017757947,5.115533467929841
256.79075153097136,251.53894183921793,6.2365866100857925,5.119996743853495
257.9508443416764,250.91629285976785,6.23855967259783,5.114901565257139
258.1302556862257,251.00832431563694,6.236888214585257,5.109414269062041
259.4704464363777,249.67310491484702,6.233425445492024,5.1029343394312345
259.3780764388031,249.94309144290622,6.239862148068282,5.0978711610316525
260.6296707609469,249.94457346889146,6.233159198085972,5.094907109061208
260.62838797162846,249.59078033303572,6.235724776722935,5.089815539655113
260.9910975504732,248.96507807772167,6.222811965963543,5.094333943155399
261.5215051710538,248.2471620703037,6.230003482932349,5.106156947151469
261.70595372947275,248.15366000053197,6.217711873158278,5.114858333163002
262.3343801329002,247.52814067134065,6.20863898818196,5.118117069666935
263.2235704147138,247.43292664565104,6.211931532077773,5.130377810293857
263.3972999188418,246.8087604181483,6.221304349658285,5.129798874871453
263.48029512383266,246.89955709649578,6.233864741844906,5.126756320344749
264.0102433135094,246.81084859205473,6.246137832398733,5.125478417575634
264.80860280620175,246.45520596227277,6.259186187423786,5.1213115258463
265.16155424775866,245.73741415097427,6.269268663167976,5.124924430727183
265.8806730353023,245.46632285253864,6.264708933158878,5.129477835694099
266.23547161110383,244.7489413348247,6.271964679195787,5.130535075842166
267.5698631848776,244.7539974856897,6.293309445360347,5.120422774112182
266.93632384339696,244.48740170036228,6.303843329933392,5.115095145457752
267.8245439175941,243.86137108598265,6.323223483922887,5.1100821625484105
268.44633165489233,243.86595014003487,6.338237440464088,5.100924054443957
268.6088182628241,243.7763406129139,6.373025485747773,5.100262478112248
269.95475971520125,243.14871684592788,6.387195845483061,5.092685155322537
270.6729715738592,242.42859259480747,6.394755724309537,5.088950061421004
270.84769495220417,242.16334970203002,6.406415438802099,5.077776140202054
271.5608950887004,241.530077384607,6.424419728139038,5.0804667830098
272.3614006623112,241.17336014908574,6.451238633639893,5.070421230620136
272.4410784114505,240.54166027297708,6.473000547849705,5.0659990954190155
272.61175360986925,240.63264727761458,6.494407141137735,5.065403581206729
273.4239121493473,240.5456450261131,6.505355795212671,5.057711891650658
273.608255301762,239.81532590542074,6.500146360919961,5.0644426508890685
274.5943868172343,239.90678927486582,6.5273347604089516,5.063284223856495
275.494127910457,239.3622670829867,6.54950292610486,5.059338396329957
275.8590045390771,238.717101371913,6.549507533220127,5.072593555855432
276.5907975331245,238.80006011643448,6.5471646246132895,5.089331451748404
276.77329150215263,238.70485486508576,6.54796074220832,5.096849926620152
277.50581270859965,237.9707282684016,6.547130616512452,5.1008908327903715
278.0496326418706,236.77736755079,6.557968274984425,5.1075776304836
279.05825107140566,236.86899832396523,6.557626107926596,5.107670147043328
279.14997412075155,236.6861180732288,6.55753034618134,5.106729974623015
279.6981040683528,235.95608266801543,6.56127191445929,5.100132167075874
279.88071556718836,234.58118035055125,6.562615751966307,5.100685538168489
280.52922016970257,235.12683600011718,6.5487972875310065,5.109252016687887
280.53325965480667,234.38687859609243,6.540718317322815,5.123238186781052
281.1709966026301,234.1990957241378,6.548659026145337,5.132114043699044
282.3673236947224,233.461725914366,6.542944049897114,5.137967996820268
281.72869795164786,233.45622902940104,6.534866652497121,5.148961766750209
282.4621235101021,232.7233954231837,6.5374027821490035,5.145241732624533
282.45800348385734,232.8160562653779,6.545642834638532,5.143571843318125
283.00200811150074,232.4502507293945,6.560138227602343,5.140179816451195
284.01279840843773,231.71780986088694,6.56164944789928,5.13372205225107
284.5697492223147,231.715930546274,6.550761231076251,5.137480681476955
284.56790510891983,231.07504549928714,6.55444945786602,5.1331400529238245
285.20913935194994,230.34187956415934,6.557992762754259,5.129744162095422
286.58525698990644,230.1610856958854,6.561481877035214,5.12390197995082
286.5902840649314,229.6067561222008,6.551427726985393,5.13052120500207
287.3170625372972,229.60665047473157,6.566888147808813,5.130732499940557
287.50490059470576,229.05583478754326,6.558946195084091,5.129161388040021
288.05990430126434,228.41594454971596,6.551259181414874,5.122901397672141
289.15901075485215,228.41787827545576,6.555054737385433,5.1190339461925305
289.5284247418521,228.14390402160447,6.5502102143389624,5.116494865679992
289.4420059541203,227.59214994516202,6.539667306553944,5.119720119072674
290.1740057892791,227.5013286452739,6.541841013836828,5.118091046648886
291.2748998398165,227.31677994376807,6.539394144623083,5.120631577683681
290.81750646800356,226.6698463974154,6.537769330342135,5.131522489319414
291.8264182153698,226.57470649155817,6.537725119281924,5.138367820700038
292.1895330466262,225.93166191420858,6.545675633216445,5.139641666616484
292.9270946026531,225.1885790652768,6.54005180016805,5.156308085474596
292.9331679368914,225.08830312740452,6.527905131691412,5.172987852679147
293.6723668290868,224.44055469399763,6.521162750298315,5.180786241869937
293.76738756430524,224.43435354681617,6.515101467005038,5.193188536232852
294.86757163285006,223.88358243660352,6.523795179983874,5.19019983162397
295.14574064963097,224.06635286425552,6.519976902143084,5.193005480133979
295.87871598622166,223.0538653503692,6.527308194505464,5.1922178052837875
296.5202712290805,222.31722756824865,6.53401647840108,5.191414775681149
296.7126795761073,222.86622142450798,6.517898963073593,5.199524599340585
296.7188638236691,222.67501831996842,6.505530467949992,5.213462558986518
297.4545947784969,222.03081945786064,6.508232021893718,5.211967252552559
297.5464934334857,221.29157863951974,6.508722342521572,5.216147844391391
299.1129819775059,221.10054189536072,6.509914679816062,5.229495517964147
299.85576263643026,220.17738031753757,6.501133237378439,5.229843829346504
300.0356217334466,219.99483430158216,6.510351835695089,5.225999068908022
300.76491332144934,219.25677642796722,6.528148980200805,5.22573449562663
300.854931131247,219.2539384199487,6.532929581146507,5.231410511663679
301.7810074217476,218.79011765064828,6.530592355213302,5.2341443727305155
302.0652757408022,218.1397226243403,6.517025714302417,5.240004431883665
302.8983532509385,217.86410539447678,6.5147621997823,5.2366083896931555
303.08818686233064,217.40328630683507,6.504669156668709,5.234311115799913
303.7417332287657,216.75502403597824,6.489741520062362,5.238670561249781
305.11633325481404,216.38473468841738,6.507089196460874,5.241503195439389
304.56719382800014,215.83045995400414,6.496876220769765,5.241560834946954
305.8652436318107,215.82712887754198,6.4850761930976795,5.248222987871272
305.5854846548784,215.36789610973844,6.491035557133677,5.244090873764175
306.7868913559743,215.4571608340795,6.487295911635309,5.250105560212241
306.50862626470587,214.62722477501254,6.490073845912103,5.248720933565783
307.8962113877948,214.44420891332393,6.483968439162706,5.245544011685843
307.8023615586156,213.7095602015928,6.487208937771741,5.239168157152595
308.361002919707,213.70656796015643,6.476360388957213,5.2451526400253625
309.1942099188858,213.05785007655487,6.468970443182896,5.252236366330431
309.5612723480718,213.0586105443991,6.472194126086796,5.2507154306419626
310.4919180820933,212.59454314171822,6.454523070383811,5.257040029833643
310.488918709404,211.9528594587083,6.460521815762506,5.251057215251267
310.57424290506015,211.21864763871466,6.474061704879139,5.245974611807793
311.68448541945725,211.49462528414966,6.465344786459141,5.246961348531388
312.14297994074064,210.85413083390318,6.469336253564421,5.238577535483499
312.8818827774102,210.94484291053874,6.464504455428508,5.241275116612842
313.06465029933236,209.7451601594818,6.467151790818725,5.247455153701987
313.7022316897091,210.3008764934787,6.481611928714804,5.241413558836273
314.0682544130779,210.2088692309769,6.486990965029839,5.241071963076708
314.0636722816821,209.47279426995493,6.496155227821442,5.237756515396297
314.8047160571287,208.36566374270114,6.490228941861286,5.2377756725044025
314.8073068870496,208.9169080610335,6.485047282019418,5.2418640814264705
315.0869531773775,208.08037589981717,6.479003167565599,5.255183005253219
315.8267288259581,207.89141342900496,6.475763111834321,5.264030136520139
316.10324177992396,207.15071972104644,6.476634010153086,5.268359402435875
316.8437941951564,207.14927337414167,6.473254578979162,5.271252096245407
317.48643881413716,206.8765043030047,6.480939098617427,5.262658628119507
318.22785779730634,206.32439290444475,6.4756178615908455,5.258743878255564
318.3212298012958,206.5079979772512,6.473418375288511,5.260622775995735
319.4244010971812,205.12511060810374,6.48156935341578,5.258280551917915
319.7931030197632,205.39763407445253,6.482679258679507,5.267118932040973
319.33271329926566,204.6555819110547,6.4795163073833875,5.272915431170855
320.35435977558245,204.18609806399087,6.4693934714708,5.287714890425358
320.8192108924171,204.83053668018295,6.464278089704404,5.293259250705309
320.7283344202957,203.72049717888618,6.461102695316803,5.294198189733385
322.0217527306791,203.35330202118993,6.46279170459759,5.2890097536836675
321.8343629199894,203.53982240112816,6.467897704192919,5.285642615591299
322.11611255120977,202.33772278279042,6.458981085038136,5.286650398027832
322.9344807919144,202.98760413828413,6.484905465947638,5.280068357732803
323.56978599505493,202.24751353875953,6.509519991966656,5.279992491296338
324.67441444572177,202.15378330724388,6.525171403330912,5.282043928269479
325.40891883988115,201.41133053345933,6.541623223937802,5.281488866912941
325.593557448344,200.11078806647285,6.544198342560504,5.2796074520471645
326.23763601003895,200.7636304349373,6.557587842373904,5.275469338321576
326.2387893259521,200.01602044313825,6.555281210547617,5.282099761391211
326.88970335587686,199.64367704347472,6.556472977780978,5.282203802385158
326.7863023621633,198.9942324069813,6.57710930103754,5.277933426178101
327.2421200981195,198.90409679281612,6.597539381359251,5.271791544061628
327.9850632327239,198.25232627154517,6.604668104726654,5.268944468099393
328.16282654072927,198.3464626999198,6.6225214853113075,5.2673616096477405
328.90493624363785,198.25385842010135,6.633805758459962,5.265632209413916
329.1745252324028,197.511422673528,6.655876188584581,5.253841282148579
329.92025659173214,196.66967093554692,6.6622488448250685,5.2522799613491316
330.4736800969916,196.39092318664683,6.679211613960943,5.247870569321955
331.3111220620862,195.6410636043989,6.691734330119073,5.247672714842312
331.96934836859526,195.63575642674715,6.689027914079018,5.258287070145874
332.5340445723014,194.87922309114865,6.686490177967448,5.2688808462751
333.1904116041178,195.06402475277625,6.689352746927768,5.275162275189381
333.2881437035916,195.05511529877884,6.681976773270189,5.29298118318416
334.32291326103996,194.391574097673,6.683348241139914,5.302211396362695
334.41817285201876,193.53897321932004,6.681264475904309,5.311494402570687
335.1715497783776,193.44081570029854,6.682943584062288,5.319255320504253
335.27381990877996,192.7756776386005,6.667109079043278,5.328591153400267
335.8448181393568,192.7700381657677,6.656799185807797,5.339870099065925
335.8481290467963,192.29814822918652,6.650177370928784,5.340454303681261
336.4214344281626,192.57838630580332,6.634848738099341,5.345619215399242
337.3670587864289,191.8213758336149,6.627554900694536,5.35247625647383
337.84492242924256,191.15886063400436,6.613800466847206,5.358744663202918
337.85083780324544,191.15518296821526,6.601969718841506,5.366099994781097
338.50645010807364,191.06215482317472,6.608300153611805,5.363934135658333
339.7311710195119,190.49958468389906,6.6065548955052735,5.359368307392763
339.2596227442988,189.84393405535678,6.608733087325153,5.353383862428346
340.2880721881374,189.94365422056552,6.621157312490044,5.34206381499654
340.94971169028537,189.75812851042645,6.614772764888483,5.336859676219176
341.0392193329711,189.00525192006643,6.623702996296324,5.339048722705642
341.78191387420543,188.92051739796037,6.64325813281052,5.320399739544903
342.1534139491501,188.8334361565982,6.652721593301138,5.30644631967426
342.9032861000633,188.08616767182062,6.6572555481075195,5.296705032596592
342.99628403210215,188.09153957927586,6.659205957294325,5.285961217686104
343.74688894083965,187.8162821349209,6.660410869072488,5.2730705829261275
343.6499077356842,187.07233177997676,6.666762199972621,5.260082657527927
345.0511604996982,187.16527681204724,6.6767185030067155,5.2616900487910785
344.9472741206076,186.9836124765024,6.696815274466533,5.249666746438011
345.0359045887945,186.23816342644344,6.707342514032862,5.2382594390344766
345.77333014596775,186.05671277439205,6.734601243630241,5.225633282151313
346.4417709936616,185.7646976935586,6.713544642739669,5.24573840331946
347.2841662626268,184.53790376411553,6.720575969524174,5.255583568728422
347.95024134823507,184.34257383642168,6.706160670259807,5.269747746415449
348.05171121136186,184.80496233510658,6.691478475671443,5.286258407371908
348.80417261183135,183.48439807973017,6.69296344676521,5.291173317067413
348.7035965124133,183.39237329468813,6.70571213063363,5.2868193721837855
349.36812866003646,182.72460954033136,6.696343904569825,5.302650811714793
350.4036726703703,182.72388503415493,6.700313691946847,5.3040998240676505
350.88074956274914,182.0593697738959,6.6897896239860515,5.312048741070171
350.88146284238417,182.33941084783794,6.688363064715997,5.318047812757721
351.1570148438386,182.33867755985452,6.703566715628338,5.319514388724555
351.90545578208673,182.05708649424932,6.718892551029968,5.315618627973196
352.3765902901546,181.39072881256345,6.72261096193196,5.323951593492156
353.139362479107,180.62723526851894,6.712184266495823,5.3358209991126495
353.3228975333256,180.34284451165573,6.723959347114937,5.33633472925446
354.08898716432225,179.57723600545197,6.708670856491438,5.350660970292219
354.7553586631321,179.38537655953502,6.703194093789316,5.355160937863974
354.75747188203565,178.71696528081202,6.698967655982163,5.364794210037951
355.14533683679963,178.80485188015675,6.6819970462499025,5.378710836297394
356.18948006448363,178.51629828777067,6.67991529549352,5.386853101630016
356.7627836064663,177.9438696229913,6.6718375549015345,5.393181087815381
356.6666809934306,178.02784035387702,6.674309432049682,5.4149729749673305
356.9493249152151,177.9282596013182,6.679393550167495,5.424010492856051
357.80879298659056,177.44550365748924,6.673592073371106,5.437780899428052
358.38454357008646,176.67382361100874,6.664982278598776,5.457285829429641
359.14798377517866,176.4753849080105,6.6634207948980615,5.472833503805177
359.244755747735,175.9914655065152,6.66076890766481,5.48621201739939
360.0084148087731,176.17688522289035,6.661989474290015,5.497507256824491
360.1052715763628,176.17445440244956,6.659544424404338,5.502368897706059
360.87268175529715,176.0722640069665,6.655198741524428,5.515440354298559
360.87041467997847,175.30274565031286,6.659732892161723,5.522850014353044
361.91897606293566,174.06560087425652,6.670680249289627,5.505783966506646
362.48480233860886,174.84032822223136,6.6882427385356,5.488615991346743
363.2439842716223,174.65684565969175,6.702109022380277,5.472523578958081
364.0102428719394,173.89571051113532,6.7014469195320725,5.462938778284896
364.0016549786515,173.90139284882025,6.718622706107776,5.451574102915044
364.66005498161627,173.4212130930261,6.741600261282158,5.4549496422863015
364.75070384948964,172.64948564818846,6.752106801237646,5.463970326343569
365.3257223240901,172.64703006710033,6.754739462176431,5.468881488519781
365.90619918326485,172.63793516683327,6.74717482305606,5.487071289053935
366.68126607353776,172.2496406105813,6.736318121519525,5.49402186205319
367.1711175363188,171.57353562610953,6.718391300327821,5.49974528487831
367.36889234914554,171.56670747826476,6.707186038274774,5.513401580567861
367.94407838682326,171.36943952408893,6.710136973354195,5.523496485441231
368.8055050848375,170.60361238936719,6.719143973342475,5.515719291758727
369.29244526808253,170.59800606029975,6.707472910598945,5.526931949893592
369.39525943878215,170.01651346411293,6.694287990353814,5.535256615343197
370.1695416209205,168.7656699613222,6.68472284121849,5.536069896320023
370.26479480982493,168.38726555574598,6.686457247645827,5.523915570527186
371.3227565082082,167.91223632791758,6.683318465428797,5.513617383207023
371.9938508733405,168.00052037421884,6.684127225871898,5.528906074991329
372.08427045125546,167.8105524597129,6.6954040814205085,5.5246098812458735
373.23149107741244,166.37359714639513,6.70760552180102,5.515217142013285
372.8539254664317,166.75749236939365,6.6937116297697115,5.516451810009145
373.52572623902677,166.37690815578054,6.694547369025136,5.509370360409307
374.8585291582844,165.61453355794572,6.716395201816865,5.49843174390353
374.47915757580705,165.6112584874123,6.706657307172254,5.50498188497037
375.829024997441,165.51343234550382,6.695991537257695,5.508557806404925
375.45180177206885,164.935570818235,6.682557706744755,5.512460439056681
376.79585170939686,164.93756343429703,6.6800274286055625,5.508475206932608
376.41419529692683,164.935786445945,6.6764477572886385,5.512029183636655
377.94369853934666,164.26351593533929,6.685047886446252,5.5144923112243145
377.36344123968667,163.5892181208496,6.694177354170157,5.519805286674904
378.3176612431488,163.59262249230798,6.706975145703664,5.512996543758176
378.6982777992604,163.5944238202096,6.714584896308795,5.50939388795491
379.659112488329,163.40584265067426,6.715611096190444,5.502017111421835
379.8498748032623,162.83218669756766,6.718418762599608,5.49633212880748
380.32596542251184,162.73699876399783,6.7268247356333895,5.494590553640593
380.7067171930932,162.16304930058826,6.734195227991155,5.489178430179091
381.66941322211073,161.49073167225083,6.7312459894463395,5.488103713210662
382.43850268625107,161.399565073335,6.730519721610816,5.478255328486654
383.2999256102779,160.15668357012507,6.735774326510517,5.46787323619607
383.7796230624741,160.7370438809125,6.735999132781923,5.458696267417768
383.6902670908847,159.9664913668239,6.722932171540616,5.465570060233866
384.3515029174931,159.87031440755845,6.74228641728209,5.466234564627844
385.4145328309636,159.19378156888075,6.728198482342191,5.475318128891689
386.1853179108621,159.29042197636326,6.722052266364738,5.473965306904142
386.28887768635474,158.33036320390022,6.70674439476945,5.475966057930558
386.87249432483964,158.32853892167677,6.689163828031606,5.479614622377487
386.97160028906694,157.7496116970199,6.682349393281673,5.489084109463304
387.7387906832354,157.94582246371846,6.679534149764638,5.479553962271138
388.03133613217636,157.9412921760018,6.66818856701364,5.488614537704457
388.7926722374429,157.27245698055668,6.675278614724747,5.487742952631121
388.88571629979447,156.4079424774143,6.680505762514216,5.494934506481908
389.75185208230835,156.4069944080114,6.671840671187421,5.496830645287731
390.1397972977508,156.3135918112182,6.6615868156359035,5.492226695040759
390.9052736567258,155.73746165234613,6.660050393202794,5.497424791147218
391.09523890644067,155.82720219963204,6.6625945212098765,5.509181010293762
391.8573622595872,155.8228489865312,6.670077639400313,5.517887436495461
392.05155366966085,155.62457569270705,6.66513866693713,5.530990176459778
392.819798409359,154.85693988190553,6.663507555752677,5.531403429850968
393.10176310673074,154.85828627900653,6.675094696224512,5.52871063564899
393.3840627227222,154.85947692997127,6.686416895958139,5.526329333719518
394.6347316792189,154.56764723446705,6.682504658656206,5.533659722645352
395.4976604554094,153.99649407248805,6.686156810602221,5.522959577051815
396.3637787535551,154.00006389997648,6.682381677836276,5.51581992207499
396.4580012644599,153.4266427429291,6.685814581399313,5.511394683934155
397.02838202772244,152.66176739235667,6.696208901962336,5.506270922294831
396.92324835889883,152.66085367733936,6.714539760355852,5.508098352329463
397.7866146428076,152.85413180601114,6.718038588726331,5.50603796080545
397.97660436166706,151.51096063492437,6.722596041769084,5.500622067647169
398.74020898640737,151.90164055150007,6.7333947583991325,5.488266217551129
399.118668304459,150.94563762462133,6.745345044893367,5.478099764814959
399.8863922034041,150.75754396465672,6.7477884369213506,5.469814287264635
399.97257516043663,150.85997758300476,6.76756239059031,5.457086918302519
400.83355822557405,150.09349420762436,6.775733072908784,5.452154280091584
401.0241423191736,150.0958814452574,6.779130736485474,5.4473798048254904
401.7963869992476,149.99882187993651,6.7727030771856365,5.449241222861237
401.8017462874294,149.70751314975544,6.761984500822029,5.455290943744966
