255.0800018310547,535.6099853515625,5.75,7.340000152587891
254.45886640134248,535.1086478701815,5.786509657454795,7.342675115349875
254.3377080548472,535.1061088648418,5.822430940965546,7.347753126029375
253.69931918614859,533.973438881783,5.8568700918186165,7.335472350149274
254.19859411418554,532.9347905784819,5.895454950025163,7.338499528190703
253.76244000159153,532.19956509693,5.935368154793516,7.352259205560052
252.91018452208743,531.4757177111179,5.968228327586937,7.337259539246448
252.5797384590457,530.6359610705431,6.0013471449557185,7.342710663823396
252.143880430988,530.7383476668352,6.033555000633879,7.347814521348481
252.13026569377527,530.0105180627451,6.060784475059352,7.330141874978929
252.01288146118313,528.4254507144933,6.084909204462958,7.340620534772168
251.26267696241058,528.3088924983443,6.106957819080009,7.362542626651661
251.46329746095356,527.7685944879281,6.129492011893768,7.3837006727349745
250.49864690444954,527.4417310435356,6.145600921099217,7.399696826919121
250.26986594439907,526.6925798102719,6.176996664730399,7.406417675802168
251.0018231418041,526.3650639096362,6.208932443835003,7.420370831110072
250.4569688072308,525.3975054635232,6.226527978387036,7.425684081065854
249.5887416168693,524.53048888664,6.24467816184771,7.4414130375697685
249.35882113128298,523.878096379845,6.273873325830893,7.4542606295914
249.237073294651,523.1189800172032,6.301377795626925,7.460554930599442
248.58551412416628,522.6685052735199,6.305309756490569,7.495380164562235
248.575226370938,521.3755416194646,6.325885262947127,7.475728370116982
248.13531016365675,520.272232586546,6.337079319348475,7.510750540551123
247.69449205453216,520.1458125332911,6.347194909172575,7.545710489954602
247.69171516493452,519.4894295184677,6.352748688367867,7.546982803398203
247.57746190261807,517.9390658117674,6.362563877166498,7.586031515119007
247.3467582828637,517.9388070505463,6.385067975124479,7.5865490375611255
246.68022859491452,517.2784840266796,6.399195449765745,7.588263184037424
246.6653726645438,516.1833464247313,6.428907310507134,7.5777797019796145
246.21970501528227,516.2983007051944,6.43867392929742,7.5682633109866515
245.77443068680316,514.9829775622921,6.447613411971871,7.554082073939708
246.09656949891996,514.5392032892123,6.464316647534546,7.560322807037773
245.21795297618547,513.7505977054847,6.456015337818572,7.59269141370624
245.10229674599415,512.9760069907674,6.466269435447592,7.594464303865633
244.4406720115227,512.7436244298266,6.462015240774354,7.616728204541742
244.66073908562828,512.1745724836704,6.46493306205439,7.647202173126098
244.65149693561398,512.1771282774728,6.4834173620830216,7.642090585521355
244.53944732172343,511.17103008479404,6.485254816092953,7.653931006938513
243.98314776342502,510.3788500515088,6.485483379298104,7.680972298760616
243.19780107783743,508.82003088598367,6.495910996548147,7.678079121960592
243.07570075141976,508.8323648891596,6.517093380802468,7.65341111560868
242.28447240939647,507.949437775169,6.538703304125995,7.635440474192081
242.27613650924727,507.50574506765065,6.5553751044243835,7.630634885921006
242.0361854493526,506.39437565928466,6.588794747993699,7.620961321552895
242.0292262101474,506.1645431630898,6.602713226404007,7.633370213851917
241.568661102319,504.93566532583475,6.627670008491661,7.626648946046643
240.77644338399776,504.045850231134,6.641728212805431,7.6115622985011155
240.76116093875632,503.37066049933327,6.672293103288309,7.615953792759425
240.52317530647247,503.0370792531253,6.698486279144576,7.608449152108148
240.06306957236723,502.0316327705328,6.717929302366466,7.592613116068998
240.27833861104745,501.2501289968708,6.7379064405574844,7.578817408962978
239.49723627176243,501.1435435877512,6.722570337295205,7.566625258368978
239.1680457747599,499.44625318449135,6.706165724835263,7.58727803256356
238.8389243731833,499.6587127207111,6.689448558983133,7.612332272794204
239.0703455938551,498.7570697573455,6.67682138582739,7.614757126773826
238.95861794548827,496.724835048334,6.675333658647737,7.630252114357027
238.96325140472626,496.6110171724627,6.666066740171764,7.632728562476495
238.62782331952008,496.61445608012224,6.6617753133747835,7.625850747157447
237.84035057557944,495.8334100549281,6.662603548564806,7.6138255448543815
237.841432048295,494.49009455180686,6.660440603133691,7.604046244127369
237.84518416607543,494.4951393811254,6.6529363675728055,7.593956585490332
237.51523364208487,493.59754389216727,6.640123017360686,7.595242501557844
236.84913586296855,493.13560892220175,6.628001774084774,7.622901240483167
236.96777745037198,492.22640334004353,6.615005500749284,7.647017193028607
236.63687679950925,491.20631716481984,6.603451606328168,7.6671239550362476
235.84994992016806,490.3120911946778,6.605263898385539,7.658957076320291
235.9607456063748,489.7641267720445,6.608152654466853,7.632485279113043
235.50549606473703,488.1965345159131,6.622184028082627,7.630032807567094
235.17054937699584,488.3072971376793,6.619165343688771,7.632811583993361
235.49582671555754,487.52786393399776,6.641506525900009,7.621587652908968
234.36817952954218,486.96510030483597,6.651970429864164,7.6246996771992075
234.24800248712054,486.0756697654646,6.667625566865336,7.605969173205534
233.7919176578342,485.4074436213564,6.681156999406595,7.5944641223748
234.23802606957963,485.05803283125283,6.687731700671115,7.619192059015246
233.44400122749516,484.14413674827057,6.699476039857418,7.645492402142481
233.31525656320449,483.23595809705563,6.731183197076476,7.6555923336737735
232.9717646700242,482.6521812171645,6.738827661513344,7.690913890249973
233.30581256504945,482.42111463521275,6.752080862873395,7.698814393213134
232.49723104421716,481.51100394771623,6.777086721825919,7.699427559392447
232.37516816907643,480.7167989853437,6.793351577786255,7.692811223889867
232.25343039232635,479.6813681119375,6.808808547341842,7.711505715201331
231.56649448913845,478.8875377309359,6.811345135984038,7.69927538984874
231.57381509847886,477.95533640762125,6.796703917303231,7.736424217902059
231.58861571461645,477.3847402994349,6.767102685028029,7.73387385210787
231.48315199657688,477.49293129325616,6.749795199170152,7.745726786402288
230.68834430590636,476.2223444914463,6.742422188034339,7.777347201844175
230.80459386668585,475.7616901115765,6.738435596737568,7.784605840534524
230.80597540917708,474.72226569904643,6.73567251175514,7.806406410483824
229.9992517853111,473.1291179061463,6.747142662551024,7.78874780241194
230.10998148499573,473.13956920294487,6.754447950113757,7.767845208814822
230.10889893913105,472.33688450660395,6.756613041843164,7.773306635612503
230.1034681730471,472.2276164161388,6.767474574011052,7.763165267076383
229.8770459231868,471.64603655935235,6.762929819967863,7.782851846239819
229.3102196276862,469.9280463610066,6.751949375688715,7.784933137090174
228.39332209942253,469.24482310471683,6.755482485738462,7.778683189811562
228.2722625316262,469.11622020309176,6.768858963714465,7.807146335445052
227.80831043480245,467.9721423090193,6.779172141846489,7.801324584801265
227.91668593981188,466.8333889472456,6.791894152936538,7.784101097259375
227.90755039977927,466.0400747993373,6.8101652330017775,7.764857717299769
227.7838695762935,465.93346463587557,6.828122091388311,7.748673255638225
227.54834326019773,465.01060709623874,6.840291992097763,7.7588574089832685
227.08584838344652,464.2176845300383,6.846105481132326,7.736144078565438
226.28355692420283,464.106376117771,6.84394505803834,7.729226140016971
226.51669620188486,462.9623513369769,6.8364522456775605,7.723346986588799
226.64042397542607,462.1557951121719,6.818178503851869,7.732186799401281
226.53627076480885,461.7964027547935,6.79745836381503,7.763891830344203
225.8472078656276,460.1809342673819,6.800466344253565,7.786220563344806
225.95397466189894,460.05314017104655,6.816513184618308,7.812228323108121
225.9602770967776,459.21907079919,6.803908314860996,7.868684057307701
225.26586082131013,458.3993065318283,6.8072671202564,7.891826555568349
224.806868696898,458.1471671527823,6.799954527229777,7.933456892734934
224.57965502010202,456.2990351220609,6.79068088064733,7.920112952782928
224.68837256589768,455.50348471959677,6.804741075898352,7.890746749815168
224.45624137752847,455.51311669028325,6.806469520749399,7.871482808442192
224.2330309419276,454.82316901870263,6.79089701715225,7.865398027206963
223.65742749782436,453.0886137983159,6.788840532477196,7.874718349335657
223.7698020569208,452.8547986681038,6.794855255161898,7.880820928004656
224.0024322188653,451.9241438948888,6.791504470755275,7.894492316505466
224.00236672690053,451.1124540188116,6.791635454684789,7.900085182306688
223.8868550832501,450.30152044217266,6.791457746212303,7.903545365171257
223.42597915673494,450.0662560333784,6.78820303042208,7.911570898349513
222.62134672341273,449.1465629060128,6.778203762944709,7.900369571227349
222.61298917577247,448.3417350567545,6.794918858225241,7.893097383691123
222.14189825757256,447.883295084937,6.812518066724115,7.885394699425165
221.32555952999925,446.1556312761569,6.826032670414733,7.871087635294105
221.4320004379568,446.28268731309714,6.844455242612978,7.848279949526785
221.5435997552061,445.5959187408715,6.852503220416265,7.834337420166643
221.4214211258434,443.8590033686622,6.865700892722552,7.840774368299265
221.65633421073392,444.4449911729217,6.858816198056593,7.826152447567999
220.94863088755798,443.87905080284656,6.887419565182467,7.8023637883632295
221.0520449030076,442.14213403145936,6.911814499362253,7.807852854952024
220.34491769959885,441.33716159113703,6.935878577476643,7.795909018776255
220.5700815053188,441.1133966633217,6.949346565069647,7.7796432753740765
219.18222609876713,439.4985670264717,6.942732080442017,7.763256368387906
219.99590047696262,439.62599640889584,6.935884940700042,7.7398978344895015
220.10489958412444,439.51792928375727,6.948914691104379,7.725004120038702
218.60454081830076,438.4888672475056,6.946573449231633,7.704087503181899
219.18668822363716,437.80052681698083,6.935488419309732,7.696916627330357
218.38333885157354,436.0736658498376,6.929712206858753,7.695335083235053
218.3843238517093,435.7296715678331,6.92774220658723,7.692613267267786
218.27076345395864,434.80221768306563,6.9246999659874175,7.7062167479935
217.69597456145507,434.0144702729902,6.922648014714632,7.669429937352451
217.6967075822912,432.99057942104736,6.921181973042383,7.649720317913622
217.6938654647482,432.3166927212037,6.926866208128385,7.621145850802995
217.234802426708,432.10693175944124,6.928843005356205,7.582593134901649
216.43818231730802,430.62637186487893,6.92280323505934,7.573621515703654
216.43521860139057,430.7599260216146,6.928730666894215,7.534745831720005
216.20426283761984,429.0651620288482,6.935199606422423,7.508454407153249
215.51420174732385,428.3909925332962,6.950835827164616,7.492307438407433
215.62777200818087,428.2764587136838,6.9511064169445875,7.493963966138248
215.6309026974442,427.3623151499297,6.944845038417874,7.502721011233284
215.51970400991564,426.4509636510165,6.939764097221099,7.505597479027816
215.1810893686011,425.6658230877999,6.9346662551163325,7.483781981082127
214.38953047125543,425.09964122353585,6.928637003849587,7.481040676782847
214.39423040788907,424.0803875788346,6.919237130582289,7.477606657231313
214.29018052707522,423.05862449161054,6.900657576517445,7.481018990446316
213.96414515285622,422.1463830856822,6.873417359701151,7.494005894958016
214.19302728364772,421.3597496332167,6.868064819066136,7.483831776570969
213.40264599125314,421.372583513693,6.8670926557165135,7.458164015618397
213.4023677851893,420.48228865628886,6.8676490678441775,7.434381089389635
213.29215002614995,419.8126606702662,6.862899976199746,7.422529403096097
212.61708674162514,418.1383361902896,6.863481157014367,7.397314892461774
212.84637486195302,417.57842538041155,6.853985165558908,7.394435889216973
212.85084474695157,417.0141733166843,6.845045395561856,7.401218884871749
212.73342634247524,416.1205183581735,6.85557433209755,7.39406582255764
212.50880570165958,415.3368683421181,6.856088173105555,7.390819812486871
211.8357915758334,414.55965419815,6.85618896086361,7.37499939254639
212.05337360663185,414.45432297231116,6.869176834571617,7.361585876571711
212.0576849108006,413.5654787849614,6.86055422623413,7.346690594450318
212.06370490785312,412.77860035152537,6.848514232129062,7.354523719500473
211.8465609173933,411.99679469815305,6.835533415178091,7.3526942336980285
210.95695805411623,411.1055513224701,6.827542777692822,7.34798462102442
210.96102967180806,410.3019281392323,6.819399542309161,7.392837739169265
211.19241036409505,409.5122334758997,6.804176577805789,7.405842595587474
210.2953005279473,408.8322630641243,6.808558842096026,7.423405363134403
209.7424926486979,407.14182831527756,6.793808970043343,7.4431779691734565
209.736759331385,406.46954068895906,6.805275604669108,7.442875981320459
209.6167725278465,406.1390416404294,6.8209250450211405,7.430901578204699
209.27102540912477,405.250952082944,6.839258831257877,7.411986156624416
208.3717117886469,404.02419493236334,6.842816137061735,7.397279296951863
208.3656854253609,403.2439649037398,6.854868863633716,7.3882625687764945
208.371686702675,402.5759043730279,6.84286630900557,7.378811883581898
208.26449039681484,402.0243093829739,6.833335246361258,7.362383491867108
208.26910904000638,401.2477276336632,6.824097959978171,7.35093631963431
208.0507158438669,400.585474681011,6.81450367613192,7.336300196563143
207.83042305472543,399.69198290909856,6.809470401542978,7.3408083289003425
207.05529120863463,398.8093477556945,6.800135795012903,7.323680580038106
207.0558147262894,397.69489142792236,6.799088759703345,7.328752242309174
207.05984849123786,396.805578741036,6.791021229806451,7.327804879304307
207.0700850339233,396.02136564003916,6.770548144435552,7.340106291220541
206.63153991102382,395.2385389045827,6.758959306197397,7.350571365068555
206.30812190382025,394.90762627912534,6.73934983020869,7.345951125587358
206.53278790750238,393.9057568018545,6.733546486488586,7.353811093730442
206.42341482054897,393.13526921970015,6.730498276225702,7.342225568851561
206.43462512864693,392.67650024444015,6.708077660029814,7.373502130054577
206.3389295447708,391.44735258214035,6.677773573205042,7.3931496543071855
205.5546798751296,389.79781589538396,6.695648763122637,7.369456993466933
205.78921865652265,389.677402902415,6.669439553531359,7.388848802807372
204.91799246294966,388.8831646083938,6.641348849880146,7.428100186402302
204.81072568884215,388.32168527615636,6.634402891718464,7.443661318993905
204.82682793190355,387.4187381168112,6.602198405595682,7.476673984907047
204.04622735422404,386.5510677908643,6.612146509002906,7.439154005998829
204.0485777522369,385.5603079762173,6.607445712977235,7.430013259672088
204.049218165078,385.45439622217424,6.606164887295021,7.420869325654817
203.8244658854751,384.47735157188146,6.614059427371116,7.3877135401566445
203.15755449705716,382.92590329088875,6.625385022068276,7.404783343818396
203.26319782092276,382.61334453485495,6.6349606612427445,7.367313995168997
202.91176560970734,381.747715812526,6.676526539442051,7.33510865520944
202.1258183037909,380.9865706708258,6.704258049197839,7.313235836532686
202.56039504080394,380.8769472537042,6.717887972461486,7.3117868214535235
202.44175844655138,379.4541194784888,6.734270895543098,7.285868921378693
202.32091132878713,378.58250535013417,6.755218251602769,7.263122142337414
202.2077672456808,378.4582083664386,6.7607813792721485,7.2909910711853
201.31428470549724,376.69476964174106,6.77775950466158,7.277894610625042
201.41411331007248,376.138830813268,6.7994161448491965,7.283203020880438
201.415797208453,376.1303739833446,6.796048348088168,7.30011668072727
201.19316856462865,375.1238676320126,6.797402904702851,7.315567093737979
200.52086419770905,374.235983977093,6.808727381679248,7.313622061093495
200.6303779081356,373.4600233309299,6.8120636288883185,7.308997676984349
199.7487394339238,372.2276185316444,6.796584648258559,7.328017873106975
199.1927577307551,371.56262059172747,6.796571446205105,7.323641822871879
199.8648594590881,369.9996633919372,6.786328977214748,7.336980584542564
199.09730648867804,369.32191799765684,6.764830515939517,7.358239028450074
199.10157552783096,367.98485718708173,6.756292437633713,7.364023160333457
199.10831517850264,368.09397703082936,6.74281313629036,7.368099152669268
199.00311073543628,367.6438589306154,6.731057480904297,7.379677187022076
198.33346676814963,366.5430960223716,6.737399840389396,7.35962704502922
198.54939744039672,365.6638765936493,6.74943120186531,7.342495078593443
198.54818815923431,364.8866870547587,6.7518497641901085,7.343777429626597
198.43789834220627,364.3374675518447,6.750499954206554,7.332569215256191
197.99532073983417,363.23689805823375,6.748722141610212,7.3163756591267965
197.3240815155267,363.2447565767899,6.7624855886270625,7.300658622014571
197.5535081253217,362.23725453633415,6.7464849549303425,7.322826066406248
197.55758441387118,361.5737533912857,6.73833237783138,7.320723519295888
197.3372365130641,360.0226962457456,6.736318261124967,7.323868382132177
196.67337952177516,359.34526947484363,6.735800694952333,7.350490375185552
195.8930600656826,357.9065816236995,6.743989778027523,7.344744966269719
195.8911539451493,357.905859918716,6.747802019094067,7.346188376236686
195.89111424802138,356.9079820784225,6.747881413349948,7.344820764835809
195.55348692292284,356.1389352657864,6.757488448957121,7.3297366227315806
195.7689772840142,355.36751142363636,6.770108326914339,7.319982206542075
194.97930262409707,353.70991180182006,6.796515045245612,7.307447304096804
194.64283299171285,353.38847098600326,6.803234694851096,7.284109320567539
194.20617083902795,352.5049843498532,6.789296510730346,7.276557613886608
194.32777363488412,351.7293240944955,6.767567203105019,7.277544135992704
194.32347076441562,350.9621131511648,6.776172944042036,7.263941212143751
194.31655205476292,350.6459117706615,6.79001036334743,7.23313157320578
193.9843895291091,348.98580720155525,6.791907467962448,7.2412009779552395
193.53502483630987,348.8740502954573,6.806774792457461,7.243749274875245
193.63502889328566,347.9963034302241,6.828008020457831,7.229312269725949
192.75033029207174,346.76498187463136,6.826584665057681,7.25707711389777
192.74805561227478,345.87927665491145,6.831134024651578,7.254375196057475
191.96326021192786,345.1071246496067,6.848166777068558,7.246121158390152
192.0709089930122,344.5547054569461,6.854804385413177,7.241283691144779
192.07700791550607,343.66715756202706,6.842606540425443,7.240661247543596
191.74578662551457,342.8934860693671,6.839764331180166,7.235673057997535
190.97016768475123,342.12457032121824,6.839532649491316,7.222034991079763
191.31371216606263,341.224107610413,6.816708268518769,7.251588194956432
191.31956082607152,340.4431530576552,6.805010948500996,7.262846719537889
191.32980776857795,338.8863641347169,6.7845170634881,7.27526030850958
191.2219852957517,338.87385700957344,6.77878191319137,7.300274558796585
190.4419123636581,338.0011021257203,6.787171995720122,7.272349147464694
190.55824658260914,337.1029340235826,6.775880378722822,7.297670784501825
190.44121457530213,336.2314852796581,6.788351752069668,7.2678271422131795
190.43376966891722,336.24757187687527,6.803241564839502,7.235653947778759
189.76544748360496,334.92285373516864,6.813533440587993,7.2323852414400545
188.88912593118985,333.4983161325547,6.7968086946064705,7.206237689098919
189.01105372957966,332.8406691703549,6.773449946868796,7.198550519246753
188.91418914299862,331.95706315229063,6.747173078257571,7.205714221188868
188.81276238463604,331.84628171459536,6.730325752271671,7.2075762538683374
188.15620137485004,330.52929372333926,6.72667367868006,7.208004050053298
188.71741043895986,329.53929149548867,6.701310614632841,7.213309390244161
187.72860526512906,328.88053718932997,6.707103892167143,7.216273289143347
187.07013323398922,328.1186007758279,6.708673199956854,7.205542235909271
187.17824822091472,327.3619942403564,6.711529799237091,7.185149294933795
187.288065303422,327.26172505828754,6.710709197065876,7.166874096228172
187.29969376304823,326.39459518544624,6.6874522778134295,7.153013040237693
186.98336842329053,325.28978711843354,6.666315195130116,7.183336633600771
186.22152316669084,324.31183665590765,6.6635384167441485,7.176636755185665
186.22006375344,323.5614872566766,6.66645724324582,7.1519090907944465
186.11160306292913,322.14582588637654,6.665800130194348,7.1547114084423535
185.67458261524772,322.049928346514,6.669393818142004,7.1288946863137905
184.90837766305174,321.0822221118027,6.6809434173992805,7.108915334848875
185.02438650818442,320.2150320733459,6.666062709410598,7.106199553549251
185.135121788931,319.7806536967299,6.661450477091032,7.107522990087027
185.14311281510876,318.15147222637665,6.645468424735514,7.113799255362221
185.02767624311002,317.19256112281556,6.659691569748736,7.081771471626573
184.70860340403433,316.44468906776655,6.648710836196135,7.062887287748618
184.39012953083417,316.013037166607,6.6379404317355695,7.062566888919966
184.3841152801878,314.6186312167827,6.649968933028299,7.046887326794484
183.72950136726337,313.87110580114853,6.665141476303092,7.0322069950598465
183.71872372790725,313.1294387738647,6.686696755015385,7.005732675203215
183.70507919200685,311.4073145161968,6.713985826816143,7.000154368534952
183.06330605879361,311.4107036301425,6.701778352924469,6.993376140643443
183.9265757562736,310.6538530180887,6.700514974667338,6.99746085013609
182.9606183330445,308.9172370890531,6.69109847717968,7.019436985636877
182.9638562847678,308.915773316702,6.684622573733115,7.0223645303391535
182.75895493909593,307.83234110547505,6.662741900861298,7.0308121317153764
182.76905743315896,307.1758122190278,6.642536912735255,7.050107639782396
182.558653601149,305.6610852848909,6.632127946310771,7.0610450949453485
182.34745534169855,305.33358849031094,6.623296322102444,7.069196469441427
181.58835334032952,304.47815028551634,6.632291774680725,7.055263107419496
181.59319894251217,304.0482645377361,6.62260057031541,7.052929345795088
181.6017664593488,302.4320803744351,6.605465536642169,7.055257397565203
181.7134445418344,302.31242121328887,6.597209711551879,7.079475379976687
181.50168355465095,301.77004141349244,6.59003690711986,7.087498032572
180.86789073956595,300.8979342651442,6.56547074563926,7.10884327373431
180.8726006125131,300.0322378846477,6.556050999744976,7.11782787447348
180.87414852656343,298.41143368423457,6.552955171644343,7.130067715789358
180.67084371002076,298.4051613332333,6.528699295433377,7.142612417791793
179.9202101447228,296.7818913301596,6.523272614355278,7.160522827494931
180.1381807387009,296.5718750676424,6.518200256956455,7.149686521971957
180.2566101963735,295.7055066357986,6.496526212263185,7.1609444204443875
179.40563272619997,294.94754985386965,6.478364031410658,7.171755503252741
179.18462171241808,293.33831498850094,6.49059972800655,7.166827751730822
179.94410602134477,292.68530208895055,6.476712853628812,7.182783484995255
178.9742901298665,292.36088074276836,6.480999744560038,7.186511213351237
178.74758914313634,291.39983532338033,6.504072334652453,7.172119826971499
178.10123908193043,290.31784598792325,6.5049193075754195,7.183009915404392
178.20421022668944,289.4593932567448,6.514468822165666,7.175980944894937
178.09596901161814,288.8109442735984,6.515416548158379,7.17967068628846
177.65151653561216,288.1819161816892,6.54189256509644,7.144083467495992
176.88724318832539,286.5759129343292,6.562114145245425,7.12396471702038
176.98307044266306,286.6936574281137,6.585943028266335,7.103959121147822
176.97245672178514,285.8392278656195,6.607170470022192,7.088414874751208
176.85955378120622,284.9757127480278,6.617331132334686,7.090283359171776
176.0989027850906,284.2303574766665,6.6277823853633855,7.070143162691845
176.0957154982266,283.484188623267,6.634156959091321,7.052670190383686
176.31070198966694,282.0768741889605,6.63521476057622,7.065598960620608
175.66214130081914,281.4345562478732,6.637930753312747,7.055829457836147
175.44382443973973,280.5745484464802,6.643315153652419,7.050847773345441
175.0154470317238,279.81781305427995,6.637541034703562,7.0548929215297616
175.12202461454928,279.06429902705156,6.6399897072957295,7.052694108285008
175.11320410639823,277.45219505826657,6.657630723597851,7.042777123629945
174.24275481340743,277.7878873890192,6.672664191589591,7.018591881370737
173.48156056632186,276.9302613728335,6.685900805050597,7.009098907216282
173.57810170032627,276.0763869757372,6.7084728087922585,6.991613527405272
174.22829216919035,274.7742249358226,6.702519101490289,7.007083146382171
173.68422571894087,273.81576503500816,6.711222358605384,6.981029589920047
173.57043852112557,273.28206439413685,6.723181205259654,6.970353126781105
173.46315940221962,272.08368688784736,6.722102015814015,6.995096439527238
173.6854877054298,271.8674268241138,6.709461765605791,6.9956002107822
172.83371856064122,271.1098804159727,6.686472156553069,6.999981115763162
173.1654701003521,269.5905318399977,6.669530757515451,7.0213904259203685
172.42822824555986,269.6789980712932,6.634903672678478,7.060045219675146
172.4386799268844,268.9209461133361,6.614000310029449,7.066651602688916
172.23182604852192,267.93743292486954,6.596880360384258,7.094953300956525
171.69950339540907,267.2761200096761,6.5836068752045485,7.124076581656965
172.45927367232585,266.40805535616505,6.574855870067613,7.13358926159715
172.143422121907,265.5333329880391,6.559050394256197,7.156344460118223
171.61569003009478,263.79279641278805,6.5348182777817545,7.182389450303952
171.83271689115173,263.58935363472244,6.532682219406347,7.157357342696579
171.7262817919602,262.6123115640255,6.530017360852818,7.171625971660699
171.83826802077883,261.85382209909227,6.521759662767983,7.178601584660178
171.40888612439971,261.5420215565165,6.517756571919932,7.15512750710708
170.5542997065499,259.91256133095004,6.504829295658709,7.185110248313422
170.43657157659212,258.9465201804846,6.524762511109177,7.177485149058334
170.65914718134601,258.8388349527096,6.511055725467083,7.1771333926755005
170.01804634627217,257.54018532272966,6.500268069208317,7.188453999822388
170.34668361964816,256.9975403483331,6.48950045121682,7.196232400681408
169.4719954331536,255.7131157380702,6.515264839068811,7.1796636435016055
169.344947319261,255.71399436942085,6.553756361487176,7.17790638080035
169.6631968351684,254.73943891989853,6.565829742471041,7.18130004144883
169.76182131186673,253.11997598532483,6.585016772750285,7.1736861554579034
169.00668489370452,253.00819500897578,6.578929295520884,7.180625206219774
168.90408586541437,252.12688132504587,6.567493255412751,7.210179800572158
168.4687141640698,251.2625000089581,6.570587831353789,7.203644779251569
168.46301809559696,250.18834771324632,6.581979968299465,7.183351692383828
168.46146900031025,249.43175754117382,6.585078158872946,7.179455964810604
167.80140772779544,248.0300633096506,6.604917983334614,7.165565199959757
167.25723488894948,247.9233593618853,6.609198335408807,7.1621600303667945
167.47512858352243,247.17243918257157,6.607067094309123,7.146203870832602
167.57911567668393,246.73883401851867,6.61563824498207,7.147232850954645
167.69144504132174,245.54869460251157,6.607677220170198,7.143836933867327
167.58341592219537,244.68053931256816,6.6072173347231065,7.148002524155071
167.25510147205586,243.80884185741715,6.614118897025814,7.158791199853698
166.71899974255516,242.93510852499566,6.602053274233186,7.171427333826242
165.84760220401384,242.06184063702747,6.6099774013857235,7.1830921598324915
165.6231694668424,241.1979634525682,6.624509251819397,7.173512033114276
166.37977272017727,240.44011802559817,6.632043431733737,7.168462200470257
166.04896513389244,239.46507053650893,6.641789355729618,7.162949432927241
165.50659168056978,238.71854425335948,6.6397426247171865,7.134490906505307
165.6248978030954,237.84055656954288,6.620012458908652,7.155409640197165
165.7434155961902,237.82250208620735,6.599871687714837,7.191518606868196
164.88271916263915,236.95991606340206,6.584166319486929,7.179592417148803
164.5597460042426,235.9782486123184,6.580008452274968,7.192614767301033
165.43134548017449,235.23185788183116,6.571513967433813,7.167529819630753
164.77524781675868,234.69571694400113,6.585837348748515,7.158251740693394
164.02201818637676,233.40237533091758,6.577528713163505,7.148190001691116
164.02818578370227,233.40501933953448,6.565193518512529,7.142901984457276
163.9278895629143,232.54127207868896,6.549958372278997,7.143775803672622
164.03548615932436,231.14734005582557,6.550363840836454,7.128857251490571
164.03097788075027,229.85957189317713,6.559380397984604,7.11992188655878
163.81582708022006,229.86512730925725,6.558928273205131,7.108811054398515
163.16472359906894,228.3522967967438,6.569956620475447,7.12172197768433
163.26995649912692,226.73208947284502,6.575064030513717,7.128538473168779
162.9524961163099,226.08205592493272,6.562702531471862,7.134041039641654
162.9538032171541,225.21452745402755,6.560088329783479,7.143899344083373
162.19983418139708,225.3290773394493,6.557693347684408,7.130561438041764
162.94935733860942,224.5761478515819,6.567258103402398,7.127809343633829
162.61476978127962,223.82144466987057,6.5895576669913485,7.127839421224998
162.60561194400606,223.06891896417002,6.607873341538514,7.121027910523189
162.49263931630915,222.74087790459174,6.617653187856117,7.1286138024511265
162.3848482336169,221.1067515488138,6.61679609844768,7.150277692114108
162.1653258451736,220.9918209856124,6.622313648238954,7.163375204969224
161.51126027402972,219.9019962524893,6.628110855520905,7.1724681128723295
161.72302223665426,219.02500389282105,6.639166291477733,7.1881353873851985
160.84086374352134,218.26374346863457,6.661804282326438,7.186687114768186
160.506720887717,217.51023250562056,6.675948052696626,7.167377844573002
161.26578879329816,216.52566790142308,6.683607758031973,7.17476996032812
160.61115280228793,215.53517241636038,6.683632344341637,7.191889836887215
160.71171418140887,214.67137020153064,6.700985095001446,7.171690195333159
159.83815185615848,213.7914946301348,6.700622659330882,7.183954251953474
159.94484269333074,213.58457358147027,6.705862616705624,7.160553085843957
160.0519148962683,212.6149611705083,6.71005761037189,7.134723311895611
159.9464499810578,211.18163781694324,6.7029850378485465,7.167338780748867
159.62043278952905,211.08103851187272,6.699820343800457,7.1501376985213865
160.06571707197784,209.99127956052914,6.681574784874952,7.1488480862783295
159.1953218518074,209.22904592385504,6.680198381229455,7.148919371138435
159.30862846460354,208.89015652925303,6.671335262241277,7.173447840530154
159.32102909858762,207.35175113716136,6.646533994273137,7.198367398398417
159.33543879699099,207.22949103875092,6.6177145974663905,7.224900953784932
159.23559739900838,206.34232249187542,6.599455881909522,7.25570595535941
158.9145288401023,205.46045991399964,6.587202013276413,7.274388480590195
158.1465685619905,203.93190721550283,6.595542725436354,7.276334189456525
158.14397558273993,203.81626556300793,6.600728683937501,7.2892285200003
158.0461293571344,202.50228237237735,6.57774884241539,7.2931273884631205
157.82767655818705,201.41278901398226,6.577921728985564,7.288450548630675
157.7355887509005,200.52218889705196,6.543800957864702,7.323279696938949
157.42160666108438,199.75317741637616,6.516886270294977,7.333251968152757
157.54108704975152,198.8667192645692,6.495943163409563,7.362026908176199
157.54212883346298,198.10403541981032,6.49385959598664,7.360490390882545
157.55031529441834,197.88215389845067,6.477486674075909,7.368109432430711
157.12128499841762,196.23845531972566,6.463834947874356,7.386585396619483
156.33922133264517,196.13731178818804,6.501991634001259,7.370876653206428
156.66331493960644,195.25774199527024,6.508894063611665,7.38311052295432
156.77268045403167,194.47756089843284,6.50882643848682,7.41282889054949
155.8931704628144,192.8349919169772,6.5148617631192085,7.411120620081634
155.8931966389383,192.72718638843256,6.514809410871423,7.407538444842094
155.7876509019603,192.07080011075715,6.506764025494622,7.405489844196306
155.34700493485389,191.65217438720248,6.512150774725226,7.366836106323409
156.1229788023249,190.6738663224193,6.489444673344559,7.357284421310947
156.02858461542593,189.80587615034196,6.4602814176317045,7.3496517293788015
155.82120124240586,189.1619460462328,6.440315194421199,7.333313029845293
155.93704934712395,189.17020065012355,6.425412516592237,7.316803822063779
156.04159290735808,189.18049412775255,6.432624402503664,7.2962168668057545
156.04484469488256,188.2188498757202,6.426120827454722,7.274648002058567
157.0051662079802,188.23363065544206,6.446387795751122,7.245086442614797
154.82949007742033,184.60084816119337,6.474469054509185,7.207671470916408
154.67779641942926,183.7496296553594,6.5095126759472315,7.1736368507160835
154.52893438068665,182.92955058594424,6.540598130864598,7.137675306275231
154.35487148772324,182.09116710598082,6.579545424258118,7.110343071860848
154.19898736240972,181.24695475926293,6.620138654499782,7.084387713701967
154.01681369430236,180.40552351373643,6.647242449158925,7.052363115261631
153.89908448786844,178.26806660241365,6.666982626293412,7.0129122232408845
154.21206839047775,177.21057576211618,6.6872574043667194,6.973751959529335
153.7800284916363,177.12183714032753,6.6908484896962985,6.9361070250183205
154.10962320568382,176.05960535442682,6.675426167041825,6.914680245351081
154.44090036865438,175.31700322618542,6.654899237626331,6.901820576607352
153.70584938474366,175.42094839200539,6.630621624613596,6.907413042229458
153.7120829510473,174.45339562745787,6.618154492006299,6.923842267154929
153.60609056971825,173.70080871328264,6.616893047052795,6.936292642224046
153.1871477612224,173.68664699738684,6.601093954130945,6.964616074015634
153.39621789011508,172.60865559513084,6.6101818004313175,6.984458358099075
152.64257576781125,171.95448005809632,6.618986290079335,7.008398213631347
152.52272229751273,171.19628286975131,6.6441106563711605,7.022714570184558
152.08618035911152,169.5881728012684,6.65637474521483,7.010860502305032
152.72410512951095,169.36936789138386,6.67180891304741,7.018042419196919
152.51031759985625,168.49562240257177,6.668242028938173,7.040965623146603
152.5145688006144,167.30375231047452,6.659739627421861,7.050101871840578
152.52280513269253,167.29569347990162,6.643266963265627,7.066219532986391
152.53482556409864,166.32645745148758,6.619226100453348,7.061845952369377
151.79370972833874,164.80484407965432,6.5935054319808,7.089168016051171
151.79937702135013,164.68849589454632,6.582170845958056,7.106424562539065
151.92077087854372,163.81832650161348,6.554912035618114,7.122532116026848
151.9315329003777,162.9344977871391,6.5333879919500975,7.167417982953025
151.50244803998714,161.97171847657634,6.528745878343581,7.151649976706212
151.5045477972676,160.99268865469185,6.524546363782611,7.171258426681214
151.40027807512772,159.78900871336032,6.517463964549411,7.206778030701341
151.39927859159448,159.46159462175572,6.519462931615881,7.213421318247614
151.2984307191529,157.8263917132518,6.504961824379206,7.240874353457924
150.97647881137016,157.8299830734158,6.499688767568458,7.233691633129933
150.4331191191095,156.96013701866158,6.505425807389705,7.243811991118395
151.08736364394383,156.1970588020181,6.495608896706913,7.2548509289217975
150.33078377503708,155.65025295194556,6.493547690745253,7.266161954941766
150.99570174138486,154.8685977302874,6.463329308683423,7.313251922518695
150.36063355872804,153.33895118283152,6.432360915940718,7.336633915299009
150.3671589220376,152.4608070844369,6.419310189321601,7.359181090363844
150.26843385909814,151.47697887192857,6.399902440675249,7.375116644653071
150.1696935859137,151.04293826187245,6.380589502945935,7.376023928372745
