169.10000610351562,269.3999938964844,5.199999809265137,3.799999952316284
168.17882493789645,268.89631532787826,5.194544542096533,3.807357089528469
169.9469499111304,268.18714931169575,5.1918147787347655,3.812281048651148
169.80723773727772,267.54823592743816,5.188478910814554,3.8176868468514105
170.3032534057001,267.54594892951405,5.186374075137299,3.822260842699635
171.64476174337398,267.40473615154974,5.19111776719565,3.821764254690717
171.4995152034263,266.8395701101461,5.198560826363387,3.8198962545877135
171.64253421530134,267.0479490611989,5.195737721763136,3.8279607312067494
171.00807052004976,264.6359431228154,5.189394047581665,3.83428191916523
171.64898669213576,263.64087085883483,5.182897471135622,3.8405708084415835
172.0772421799261,263.5666131004155,5.176635929906745,3.8473780862216502
174.9091275197468,265.19940114272924,5.181845026814691,3.841465373110065
175.33481748728596,264.7015171406969,5.180706422807031,3.845285157592222
176.6771613086572,265.19792973933977,5.189309255753772,3.844724872402649
176.3248329158001,264.34314436561107,5.1845972089117565,3.8518104217253137
177.53196042170634,263.8455449402249,5.182950716833742,3.8535822349599385
177.74291280338772,264.19745213664646,5.1868122982022715,3.8593784166690477
178.44978809274977,263.2013490356542,5.193819117719605,3.8625242611156447
178.94363822339375,262.63383679878376,5.201755586477381,3.859678186232711
179.72321078521563,262.77646627269763,5.207997586707668,3.8590350791094252
180.36013584398876,262.7762837973956,5.215678176725832,3.8594000297134547
179.36566065148563,260.56345875436296,5.209417873354833,3.86708359151478
179.93861162881353,259.70517073121925,5.203881591678517,3.873111128332919
180.43847399194564,259.41812488477586,5.202078185310716,3.876962066993096
180.36944831618726,258.98796348984195,5.197533751931945,3.8817101474877185
181.7979300578247,259.34229838089266,5.1926569776975215,3.886062042646493
181.72938429498663,258.6975825084008,5.187147194282042,3.892082005805509
181.73094325138212,258.6230197678274,5.184029281491078,3.8985916022425493
182.80425125652334,257.9776851681052,5.177535743295783,3.9051873184345305
183.37615305648964,257.7615379031333,5.175201892989336,3.909430692268523
184.37602893601684,257.40167038789707,5.173494995460696,3.9155782721960026
185.09265983021385,256.8277469514379,5.168152165257348,3.921089978561778
185.80750128931743,256.4683736833805,5.166473891708141,3.9258341923477085
186.23895585088067,255.96611753184482,5.160678737721279,3.930380198089429
187.0271068078095,256.39159025967973,5.155596543546812,3.936463680428591
187.38671911438823,255.31628417992536,5.150671409120372,3.9441774037444146
188.3189179041874,254.88418788003435,5.1441111071128285,3.9509066446383714
188.89348084468767,255.38158582255073,5.1383463748818805,3.956551764778966
189.25374255578498,254.66373026965937,5.132443620698434,3.9630215345393762
189.97112051136517,254.44574007389136,5.127081619946504,3.970183752952912
190.54498435287078,253.87167789932562,5.123146873135208,3.9745151658844358
190.47650298955804,254.3690008548967,5.117125091416278,3.980760813153512
193.61885969715692,254.9431072438256,5.124152862894343,3.9765009783277048
194.4730889291197,255.44581920233009,5.132080860329492,3.9723024971125507
194.89996457198808,254.8023211642777,5.136839530269402,3.971533639702339
195.6881818624449,254.87043844467553,5.135001806647699,3.9784442477514608
196.25809156944746,254.29823396727392,5.1410193291487145,3.9770162660485937
195.64064802386144,251.89663430642275,5.150350094871422,3.9733177273226277
196.33243540999123,251.54312599637245,5.1442528344669265,3.9804780884456834
196.6941209080506,251.39662022386153,5.13790218780886,3.986681493683299
196.69681355638326,250.81999238508257,5.132516891143523,3.9926729400191276
198.26517621733743,250.51003982583026,5.125993266063703,3.999890677777142
198.94741906550234,250.1678691796966,5.120753101033557,4.005707066586478
198.8073263352546,249.8056869617829,5.114027850042517,4.012794723697498
198.95358239528008,250.0171817824834,5.108451107146705,4.020208148029224
199.52996947887476,248.86530362286732,5.103699417396866,4.027919512382412
200.1067968185476,249.5082134739419,5.098487345643462,4.034097743774519
200.8982171659074,248.57172361320232,5.09498079191651,4.0405916622623375
201.47581360867613,248.63944728475707,5.088808142842462,4.048771848710751
201.76554790456115,248.42173834584494,5.084002286086835,4.053192675274188
202.55822071000347,247.84408719174206,5.078957743250508,4.0591851158084875
203.13490115675157,247.98399887219327,5.075065392360044,4.066728890557479
204.57449591070625,246.75875232756042,5.070799129564426,4.073537221476545
204.2891883650969,247.47393891993403,5.066250043025937,4.0810744811223065
205.58670247645537,247.11036842998456,5.060401872737593,4.0889987797910345
205.8739339226808,246.17265835806836,5.061466518858958,4.093954423263697
206.81178515431645,246.16876484226194,5.057483912277249,4.101741454876569
207.0301476262147,246.0209854700559,5.052888922933237,4.109213562986981
208.11373925980465,245.15234726209326,5.047109956298368,4.117366538476265
208.76485473035646,245.00449158659697,5.042109038763906,4.124804550897895
208.83895310505082,244.63953997704215,5.0380923275561935,4.133807579102609
209.5630421118398,244.77940956339842,5.032551891005839,4.142595921795606
209.782507166244,244.63108013775317,5.026583253798022,4.150613792018998
210.86751834143365,243.61629438030695,5.021932463750107,4.159171850602161
211.51983473625137,243.54052588683888,5.017121395741148,4.166284201802013
212.10025274019904,242.88647392695438,5.012007795270891,4.174200413217709
212.82573646275333,243.09906330513314,5.006182388982517,4.182564268506224
213.40457284752824,241.93955093323456,5.004983832098215,4.18864058697228
214.56285837747802,241.2868190783535,5.002632388276869,4.192355762690375
214.05922577734646,241.71779331877758,4.997261222790343,4.198381309627681
215.14329432350954,241.5726576983787,4.999272872443805,4.199299384828156
215.86734905679285,241.0657430948405,4.998387298336252,4.200071867183192
216.44594863824832,240.55898724997175,4.99895752937879,4.200535337211377
217.67822903066718,240.62801560661728,4.994933085762653,4.2072160557568585
217.3171411911144,240.55232565727988,4.993194074644939,4.213813016387036
218.62174011938265,240.4035257364409,4.991517741345976,4.2216882443719
218.6251446582493,239.52984672512795,4.984708663612735,4.2294881171172864
219.27925259784564,239.52538779581013,4.981344821424491,4.238405975752952
220.80346057443757,239.08687552013987,4.979504493974522,4.244980348312394
221.3139504583526,239.2283403988772,4.974590808267281,4.25235518572993
221.314586701909,238.71685937989315,4.97331832115445,4.258952863430838
221.97030886452328,238.2042233026727,4.96940521616735,4.267256291017364
223.1360451075958,238.56436881890926,4.963598779892122,4.273735899128536
223.13841138895162,237.39898972691097,4.9588662171804545,4.278599938187689
223.72228704868502,236.8866038400478,4.95410097682356,4.285758892692903
224.88313988896905,236.95899917408295,4.959025856560439,4.286382634641662
225.68581124697693,236.81024417495357,4.9541899406762315,4.292891396512863
226.19528239843854,236.44433408754975,4.9539590607514485,4.297060554893022
226.34277575550053,236.00366500464565,4.950159342760351,4.3048377323026195
227.21853100949699,236.43668150503106,4.946561433720522,4.3127610310083995
227.72986036821865,235.55779544461126,4.944017447940061,4.321765040426049
228.82540239119277,235.26226890820502,4.940466674762021,4.3294759071664615
229.48235100979258,235.77030468414523,4.939705911131403,4.3347327236174635
229.70094710208133,234.74479371884743,4.940443073456034,4.342084368669723
230.43190180405935,234.5946927150298,4.9395895526221,4.3500751996805445
230.87178805107797,234.0790270805841,4.937138694532809,4.35786455996602
231.8973242836666,234.22099275627355,4.9343631355458974,4.366547052328611
232.92261984229083,233.70577463996693,4.933410835949556,4.372163876115813
233.51158044220017,233.1156703992038,4.927312305724974,4.380549688047951
233.43991492518066,233.18568713983674,4.924126073859011,4.387033472687077
234.10218335011282,232.8892013143892,4.918732139143843,4.393719383515829
234.1043830218856,232.227086617847,4.914332795598266,4.398598251950843
234.7657530323101,232.2249548008935,4.9110296674442635,4.402861885857829
236.30780725402178,231.92911756448157,4.905959476267458,4.408052882063233
236.30982750916243,231.5594646580988,4.90191896598617,4.414233920019481
236.82295945730164,230.82628591857483,4.902280708515402,4.413983343627914
237.70198517916884,230.82625477808608,4.904178430473285,4.41404562460543
238.5079635869067,230.2386718464312,4.90584382030253,4.415668065875188
239.0970505860271,230.45598836590645,4.901627531163531,4.421269167837848
239.16931223874926,229.42763798675713,4.903872767490245,4.423210341341581
239.97399340113927,228.9134682510017,4.909689169099016,4.423708805150553
241.22503017448383,228.98740999893838,4.905473644418614,4.422758134101207
241.29814613478746,228.9131368567439,4.906093831249249,4.424452311052351
241.8877650482829,228.54443908557127,4.901966283421942,4.427403928920345
242.99026556468056,227.95519295382704,4.900040584142389,4.430922681200407
244.01664045999365,227.8817117994688,4.9038609554884784,4.430987121204552
244.3124541488887,227.51172248360947,4.900066857067777,4.43617415371148
244.31262856993604,226.99476391745551,4.899718014973078,4.441217024926465
244.90220855429018,227.14114079994448,4.897014287989233,4.442577320379668
246.07742099879158,226.99343541217553,4.899175793704491,4.443914796577828
245.928027866931,226.40508640331316,4.903778837284247,4.443879933736615
247.0326702970231,225.4480620520987,4.901934134835307,4.44481383279503
247.69508045103046,225.4478467085788,4.901453623321395,4.445244519834845
248.28539889596973,224.85656359682758,4.8980027873031,4.450624689477015
248.43350574374537,225.07625517039114,4.8961497511717225,4.452782531479801
249.09456053164996,225.07544948853223,4.898713128206876,4.4543938951975885
249.68713567276833,224.62966700143176,4.891574591319012,4.462450060386923
250.86889626457312,223.96346039035885,4.88435287664702,4.46944483125529
251.60757054422,223.96032050357596,4.879680995513197,4.475724604821088
251.90473391901634,223.80912963264197,4.874533776357825,4.483516581470367
252.93829359950385,223.65664469156758,4.870156303556667,4.493809051022862
253.60411722037168,223.06334741227013,4.8654172503798065,4.500929664232213
253.67598216930483,222.8424858094199,4.869160955048484,4.500232062327519
254.78019528417224,222.39961687204053,4.87354818396922,4.500844553624131
255.22462114167288,221.8075976380496,4.870290830666901,4.504090539340645
255.5928534680035,221.73108122518957,4.871825630451108,4.509523474571582
256.62998983959335,221.43229132193582,4.865496184453658,4.516262339027018
257.54145696231046,220.69247032925568,4.864917742427964,4.516368850803259
257.9873636947108,220.68852129168937,4.859372093812608,4.52426692593585
259.0986755741184,220.16861643600575,4.853002588377191,4.529824652392483
258.58179389318747,220.2424878650071,4.852591934642096,4.529820939475076
260.17808269453315,219.42272048365055,4.846460856178924,4.535436683634098
260.2535330805493,218.90537963219387,4.84328620360691,4.5360355503258525
260.478543198349,219.41820581982128,4.836324088165048,4.544185455438524
261.14654145807765,218.74940630542565,4.829687409485597,4.552424643451953
261.6670899700536,218.74716562110177,4.822726046188533,4.556906012099695
263.37713165077224,217.86751038561178,4.818508864488871,4.563171111787619
263.01048462790277,218.08595704632975,4.8131563545760905,4.569465723742729
264.61862720038005,217.24360092418962,4.805690578617142,4.576871404638867
264.7691149139508,216.3550899753177,4.8002069439307355,4.580942547652269
265.4348317312752,216.35375303411973,4.79829425076443,4.5836164300482105
266.1774620861204,216.2029386007578,4.790403088442591,4.589771387298376
266.47468813063153,216.6458998341553,4.786794341073576,4.590113932983183
267.87349265966253,215.5592704092796,4.785077878838421,4.590948765463694
268.3930392077205,215.40750963223746,4.779507135958736,4.599178218623324
268.9113185309518,214.96265720823777,4.776771537415465,4.602749025548968
269.9458655093749,215.18332872791186,4.775514391624147,4.6045138742840015
270.6124382789855,215.10835794786885,4.771766447050102,4.606744590520331
271.1311841913904,214.5897625962268,4.768086220541595,4.610123695503273
271.13224892034833,213.92368121231857,4.765956762625731,4.6131384954919366
272.6289729387139,213.34340740617372,4.772026469307945,4.607721341221858
273.21805990033243,212.53113140397932,4.775507731812659,4.6074974652155865
273.3641325246111,212.68008990660852,4.778878361825425,4.605096338527169
274.471527171519,212.60720690789256,4.780680975320127,4.603089542138377
275.06053367237206,212.0185756806501,4.7848223528089955,4.598197617428478
276.16582884493096,212.02128702520181,4.790583812052785,4.592774928325008
276.82979159132674,211.29812120595562,4.789248116132436,4.593825071376791
277.55784105805344,210.9178169493349,4.791446535409777,4.5922128531539
277.8516678999482,210.99317295461384,4.794856197001848,4.589266678941465
278.5889266136196,210.8473036627428,4.79806472969987,4.585460070675377
279.10398069666445,210.25954185585502,4.802294493755354,4.578883192856518
280.3352937227059,209.57450414040983,4.795091267105427,4.588646657022661
280.77916366922426,209.49854661038586,4.793950131020756,4.592795257578584
281.2231441340343,209.4225910733195,4.792874858512463,4.596892055525977
281.66998239431325,208.90122220897518,4.786372093739624,4.6045937357988045
282.7821292792054,208.82507109367765,4.780312809780054,4.609013667338898
283.37647048757316,208.37875861652628,4.7744884491933295,4.6144950795300055
283.52519744922864,207.78628883116585,4.772739808585274,4.6166135194391495
284.41092913647225,207.8622398922577,4.775581091799663,4.612570118730632
284.9287121207234,207.6402700263118,4.7748904271403365,4.612991863261056
286.10999619072237,207.047952728675,4.777685003753035,4.6149451002293915
287.14445525772254,207.1977285102427,4.779505246304842,4.61121330517282
286.6278713547068,206.01482191228453,4.777517291253281,4.610956190042266
287.8119415438825,206.60482935051783,4.774883458675524,4.61369458646244
288.77204266244604,206.01472919366523,4.776681497075456,4.611125499843325
289.58294447792883,205.94320389048073,4.781048927787877,4.606342373332512
290.02684967946794,205.4249931583649,4.780197724499613,4.607978104475749
291.13533967723413,204.46568166774318,4.7808037717340195,4.604693181988139
290.98845297326295,204.3912064993842,4.778983986775434,4.605846922255631
292.17034195038417,204.02222152343276,4.779787231478013,4.6048852494881976
292.09447449894355,204.31944050622354,4.783738433312689,4.601582088093134
293.64700309042775,203.28455555186065,4.782341884767894,4.602244907203219
293.79283229076634,202.91655803939344,4.786247413482596,4.599330108657909
294.8995830611027,203.43420765933845,4.7897015093190065,4.598610165805492
295.41683768752694,202.62280409092483,4.7900706552003225,4.595179818914472
295.78449377215657,202.62471861751303,4.793714752168898,4.591350765738098
296.96837585113803,202.03351385180702,4.79055407688628,4.59145855580992
297.5548287442578,202.33103846773466,4.799567596791221,4.5873689770269115
298.222970410643,201.66398308235784,4.793631232092121,4.591132779709342
298.5937672988782,201.2203441263495,4.790952244842185,4.591712944661471
299.7023100876463,200.63076045134818,4.790119342034049,4.588878868142496
300.14435643971694,200.6338623057511,4.792180192707295,4.582675159336623
300.73168901686836,200.19272240001723,4.798525443858546,4.579197166713836
301.54473840359105,200.78249882362508,4.796802971817695,4.581008902337712
302.0616452492769,200.19253963329942,4.796695390959902,4.579548870972968
303.38923112494757,199.897781961691,4.799178461831934,4.578474253697931
303.1660342406987,199.7504682296139,4.8025641954255756,4.577763027916108
303.6817893492757,199.1589429625301,4.8050315596904785,4.579124897604998
305.3053640545464,198.788918572628,4.808850435841067,4.580317248615537
305.7495690726733,198.1221265129717,4.807540148618491,4.583251744381363
306.78276829446713,198.1224438009719,4.811404880438221,4.582617168381004
307.3748320097198,197.8262738644987,4.81068853889726,4.583251496845189
307.66788096235575,197.16256459127965,4.816291528091829,4.5793430307335345
308.7003646297853,197.09069450344708,4.82263799009943,4.5751322209082135
309.2161917722376,196.87108433224242,4.8268685487605865,4.570401916075103
309.730237951133,196.35625939550636,4.834599317032852,4.564228663484187
310.7635960171568,195.76682652118436,4.8398513775773235,4.559112587789864
311.50056502599983,195.84449451517756,4.8459000889167845,4.551775272705998
312.020733982542,195.62039873177807,4.84139953502649,4.5560365427075045
313.13139542528376,195.17337981818542,4.8396875582885786,4.562230006394607
313.12798778667786,195.24940769425567,4.846502835500322,4.558219829242018
313.9454343237766,194.06224503359363,4.840582959423138,4.5631295896638875
315.20312670249325,194.6524366256807,4.842453584360825,4.567337173664274
315.425804203462,194.0564745639517,4.8416081217163365,4.573902525674019
316.1695869937798,193.97942227406585,4.8366502828335705,4.579746331270424
316.7630675577483,193.75330238249663,4.835896455280278,4.5871583767649895
317.95327659655845,193.3034646735913,4.829584597881821,4.5965439619924044
318.9174212667143,192.48849008880265,4.830906416690657,4.593745227698376
319.51113690551534,192.4130396795341,4.830738840088582,4.596238083610509
319.8804580414217,191.9671700659831,4.8343207989904995,4.5973082338549585
320.6942713056778,192.26502719963275,4.840390798238183,4.595665431195643
321.29256991173605,191.22124986557097,4.832488115001033,4.603004673780226
322.3347970557958,190.62426299689454,4.828146131525346,4.608342808479462
322.4862014413537,190.99258296378167,4.822529452876291,4.614683105872187
323.0838430321333,191.0639469208973,4.81611434529077,4.620563700887597
324.8658437186788,190.46761947516427,4.818539994944277,4.624409584772184
325.01497489986775,189.72179934753598,4.817677654428622,4.629049730717368
325.7606036800647,189.7197320182135,4.814019553707072,4.633184389362325
326.35767253588773,189.492863415143,4.810026251196229,4.640617442077647
326.4323891168672,188.89619760191033,4.8094161457812135,4.64336461619074
327.1778090718507,188.89456228114435,4.807145706451944,4.646635257722732
327.92021036012477,188.52266095829833,4.81107388674115,4.646072524996066
329.3306417969872,187.9278946898864,4.819800690002077,4.644198882036383
329.40157467310377,188.07891287372757,4.826967887109172,4.640228413034444
330.0697433351639,188.07895018342364,4.832372653641989,4.640153793642307
331.33666581389,188.07872383505068,4.8343491247829675,4.64060649038824
331.70972801558247,187.626613112479,4.834245225277765,4.649603330875998
332.82705886409263,186.88139466602516,4.839756566285042,4.646591531765301
333.49910422005905,186.7294460492889,4.840117945629018,4.651721633842964
333.5690958352294,186.28083587403012,4.849605142863998,4.652119418906309
334.38848908505724,185.53498044844866,4.856697796378782,4.647576494459726
334.98397213763803,185.53639149530886,4.863048115136337,4.644754400739313
336.0285457590876,185.16212739176743,4.869971173183068,4.64468607177008
336.77501725154156,185.68650291593553,4.875294399731585,4.6447213714533735
337.29563211781266,185.01427334597017,4.883438270928022,4.639985878005959
337.74131792533154,184.71401589025044,4.89184424762242,4.64064906162396
338.8654513749376,184.04188587587694,4.8951519593826065,4.633964323787562
339.68763330904636,184.04465141990178,4.90134612301086,4.628433235737861
340.2845283989422,183.8961804447798,4.908034979704395,4.625255426860544
340.8064840085233,183.37024415796054,4.914922075988302,4.626329685052892
341.9291126684969,182.6961446379686,4.923245993967133,4.622379982281202
342.6038000170489,182.69648541275467,4.926626648748435,4.6216984327090325
343.20007348912986,182.321920551926,4.936864934033838,4.619087385961781
343.1985341572219,181.72142178520065,4.9399435978497594,4.6163518434301105
343.7223592544343,181.8733755501754,4.945592296734127,4.61338685442603
345.00071633715413,181.87506435974416,4.947588527178489,4.610009235288522
345.978000954584,181.49936770366952,4.949387697896068,4.608953160677315
346.50228450620983,180.89869519719662,4.954328873719932,4.606288711822436
346.876114227109,180.9753063527218,4.95934925226351,4.60360236484051
347.77920606000913,180.89761301469386,4.96002490501133,4.608417431017375
348.53065683627784,180.44518803430384,4.963710305772939,4.609315219818
349.0598513811499,179.83966249847947,4.960434568759262,4.614522459774768
349.0573012825013,180.1416650080522,4.965534766056407,4.613565932970754
349.88582165646153,180.14072870974493,4.9675857339206475,4.615438529585282
351.54765902403784,179.83689677909416,4.963453437204329,4.6195492202620505
351.69381720403163,179.0848935721573,4.972915339466358,4.614664322887663
352.60243461090135,179.1569211504447,4.967190360365633,4.621568319199465
353.0573727910928,179.07899046801944,4.963191291125275,4.626450135526246
353.20819234616005,178.54983062028015,4.963541573922433,4.62780695574454
353.88742463346875,177.9460973863237,4.964272506867679,4.627099639157198
355.39390481849716,178.02494377086586,4.971750064209921,4.620428766442856
355.92501895534707,177.87042058386598,4.966750008973565,4.627409935167325
356.604537015968,177.41661660068243,4.967303429291972,4.628624873827615
357.0576747549396,176.81331366585533,4.96758864636605,4.62648315012539
357.13021008853207,177.11602439106923,4.973581848914651,4.62531717863187
357.95847134190564,177.19467774037165,4.979587119513758,4.619149368876674
359.3908755164553,175.98793552097976,4.986335395510181,4.614480860211408
359.99417502717284,176.06183849355457,4.989061195981796,4.617840517800127
361.05237310641314,175.53334716292926,4.990326754536012,4.615992320533343
360.5212759972483,174.55310100997542,4.993757684836356,4.61020994867249
361.6540202885089,174.25174704324147,4.9964705402484295,4.608064165358222
362.71422905895827,173.7199633546287,4.993155292587583,4.61308039596475
363.3928448843747,173.64374721312262,4.997170917095354,4.614262981716792
363.3127969505493,173.49387182715586,5.005935652685829,4.6113514895297625
364.3742643161683,172.8860177537367,5.0029014855882465,4.6156878854306145
365.0529766398552,172.96450150389947,5.008465280511222,4.610163545360279
365.12891896449474,173.03875893891507,5.008022630050192,4.613090674146951
365.88646352581094,173.0357161233238,5.00775030612776,4.619176305329498
367.625905368275,172.50706265670803,5.015074741851522,4.615463375753932
367.7759896256995,171.82593528028454,5.018164973485555,4.613053769427524
368.83659894771694,171.82761288185944,5.019894979253918,4.609698566277782
369.4427707558909,171.67661323478828,5.020453300683999,4.60847237597557
369.66666111763027,171.14813789983796,5.027478343808491,4.604209590468555
370.72554922668587,171.302575228125,5.03271119452443,4.598621943726926
371.32829501319577,170.1677273043013,5.040307778836662,4.593777496376509
371.7035541464925,170.77606469417282,5.048175173534197,4.590519774699028
372.9196497360856,170.2429029549833,5.043947035680629,4.594609422495053
373.52530050278057,169.71306835877064,5.046621899991578,4.592049266932098
373.75006296477653,170.09444667846284,5.0523406458850095,4.588032077356696
374.8106866148907,170.1723237299983,5.055913473933018,4.584050840591199
375.79291801501944,169.71796086785045,5.064395521340258,4.582186635195564
376.6265727436382,169.18574266335318,5.067625512077892,4.583552486387657
377.15601376533976,169.4909796030827,5.072318240361996,4.580835619321288
377.30961029840756,168.8040175066029,5.069062982796273,4.5870396737167205
378.1415855277261,168.42544581878388,5.077302108852361,4.58409687449429
378.6709858977648,167.89296732154165,5.083190484411779,4.584364753341812
379.8093720311064,168.0466286319367,5.089332565608845,4.581430712269097
380.7187573474259,168.0498005392206,5.097477530592078,4.575086897701269
381.5557821059836,167.9729195555111,5.0983793327529146,4.576580563367866
381.856626005876,167.44165080163648,5.105916193781936,4.572974914692927
382.91975267286574,166.83372622183876,5.112782736210725,4.569898430626426
383.6086866500673,166.98395912101745,5.106723928232746,4.574279109252416
384.21456241003284,166.98773034639666,5.114165083350573,4.566736658494008
384.7497837073358,166.9120590365632,5.110481869050734,4.56568508097431
385.74364017795006,166.60555623267754,5.1029313807207215,4.569409934007655
386.5007440693508,165.7724365590103,5.111347537816825,4.560762947454783
386.96037743070434,165.77180674248115,5.105610762210212,4.562022580513108
387.0374334677707,165.77247538655516,5.103684703866301,4.56068529236504
387.79627381654694,165.24033427214,5.107351351687183,4.560024379434011
389.0134683158264,164.63154590915002,5.107860376470773,4.560152093742739
389.2390912046348,164.70983198725403,5.113187817298577,4.55577101034958
390.1514502403733,164.63320609205996,5.114915307734118,4.556819003911677
390.6848537441126,164.55638066992967,5.113839883684202,4.5582224791110795
392.1286973977936,164.02515609460946,5.118961466696883,4.5548999332977145
392.1254784051133,164.5594851729546,5.125399452057405,4.55219840095161
392.96255588520296,163.80020236194417,5.126943455390504,4.54740132887034
393.64934819997296,163.79958562427154,5.1239105912916365,4.548634804215619
394.94473468388657,163.34085186374577,5.121492735693105,4.552565226833592
394.9459765993311,162.80472194723671,5.11900890480397,4.558854614091646
395.6302598577974,163.03459292955552,5.121533562871036,4.556143041120617
396.92365075665674,163.0362477942602,5.124520201861783,4.552833311711255
397.91227681579034,162.9597492262891,5.127594127878152,4.553497675016299
398.59559438701257,162.42717471385657,5.132478952057887,4.551908948062459
398.9743027430595,161.7421616526022,5.137269826091241,4.549961415542098
399.0487501625932,161.66727843686485,5.140859701519085,4.547243132521675
400.11410797195765,161.28497239381088,5.145101135370627,4.549370556993746
400.72264967656406,160.67585938368845,5.148791850971565,4.5468224524247915
401.94224046298405,161.21130508039477,5.151422280697012,4.544223810134554
401.9396290320161,161.29040709938639,5.156645142632848,4.538632238796827
402.6247946638652,160.22234229539907,5.159749570837159,4.538306326034455
403.9201143127519,160.6824438649977,5.1641072448106335,4.533984470983138
403.9182862734281,160.14598556567861,5.1677633234582165,4.538384396945156
404.98460938761724,160.37676730897402,5.173930166173088,4.5351379970171735
405.59293470791215,159.69113370359213,5.17980717359433,4.531061603768565
406.81470593624374,159.69141809856612,5.181732368628601,4.530492813820591
408.1892341257332,159.15601425518122,5.184199970314784,4.531263396998449
408.11452527920045,159.68825985146253,5.180704644981469,4.537163333227504
409.18315452916437,159.46001123142113,5.184793415370554,4.534800443956671
410.3277363648688,159.0004383768178,5.190312935799183,4.536072876428314
411.089999973611,158.38841974962597,5.196633492804844,4.535431911220039
411.6229266590009,158.3885673725833,5.202987041710616,4.535136665305326
411.62050485563435,158.38648289143254,5.207830648443633,4.539305627606886
412.3103016996827,158.308157403826,5.208908264413522,4.542548680145897
413.8456001665025,157.84564160674853,5.207843102527923,4.5467207427746175
414.3043330863194,157.2302407121155,5.211538954181361,4.54930694365773
415.3782960412491,157.38155043353274,5.214371990411166,4.55393877883595
416.0695108160198,157.45568739361516,5.21563613160265,4.559408602085836
416.6053261261736,157.38060833047857,5.220962276594693,4.555715761887677
416.68176244513137,157.22607882396593,5.221963939890795,4.557026172489857
417.29492938666993,156.841551848824,5.226916581851622,4.556526044625086
419.0657508553718,156.22612442319843,5.226802342436982,4.5555448270104755
419.30071054861924,156.68268101289314,5.218768994871682,4.566203725480314
420.454404618193,156.6849155568268,5.221506339524062,4.561734637612975
420.22438248042636,156.22419602835913,5.219613090424276,4.559298645282363
421.53648506236584,155.8368259173986,5.211891776962032,4.564484793551454
421.5368164746229,155.1434907235197,5.211228952447835,4.566286762970922
422.53950490321785,155.14279621915767,5.206459268698915,4.567675771695024
423.07532810030614,155.22262211014558,5.211701167186507,4.561865174385504
424.8447120447551,155.2230726400882,5.211008416730628,4.560964114500276
425.8283976024869,154.49683669890274,5.2141835110361345,4.559317322392193
426.61644632960275,154.31261458041908,5.2226040424057985,4.5501687267739515
426.5440507809794,155.38405927501168,5.213584312510505,4.560630917577356
427.2337877285838,154.84793376323464,5.21865925567105,4.556010622399746
428.46798683485264,154.3842738596319,5.211754698311899,4.560270308913323
428.4720734759911,154.76544963437712,5.203581416034929,4.566941934842714
430.3968373784346,155.22701975863885,5.198674323467953,4.566510657276014
432.16494771499464,155.45962860467938,5.197596439089236,4.562398546335156
432.7830922347582,155.4573393593544,5.190261873913058,4.56697703698515
433.1705507832911,155.37908274503067,5.183239325832795,4.569911355835454
433.943289627085,154.91731973456913,5.172931455529041,4.572335486388142
434.70382184106586,153.53886490867555,5.166964667993732,4.584241002190367
435.1684279869315,154.0737255762008,5.158714752487719,4.588975772736035
436.3499548849351,153.25222485472722,5.152991497313022,4.598351023969255
437.122028826751,153.48082610348854,5.143866974755972,4.601655534769013
438.04496571253196,153.0067244584105,5.135578956718304,4.607418731132619
437.35485598233345,151.39213278105794,5.135408444999055,4.615692150899831
438.58705298013643,152.23064616311595,5.127112083871194,4.62723251048751
440.3344289793318,152.36693328149957,5.122183726032818,4.630241936490162
441.1671085316583,152.22651899782394,5.124091534083598,4.628725805227671
441.0947552622946,152.1443286410044,5.11525993499973,4.639568381055431
441.7130439341056,151.98440007693372,5.1072719789416245,4.652278162305789
441.87110873322223,151.98072312179622,5.098446263655956,4.659632072580814
442.3354728922103,150.35931501614195,5.091507997066983,4.676183104034593
443.4929946013117,150.50645701363635,5.083271677829834,4.6894733889078575
443.4198271138031,150.34594394040087,5.075736395763518,4.7027590212116595
445.1945599742877,150.95503300393446,5.067443748279408,4.716293267530592
445.3460809155794,148.873719930794,5.07250144004427,4.719575160110463
446.88858181102967,148.94971827733488,5.071117428283661,4.721759355985728
447.20052438432396,149.40611706827335,5.064008266211159,4.7341257508829875
447.96900522471685,149.40671987159485,5.069841170090559,4.732920144239997
448.6617220864511,149.4085354583657,5.073570019689255,4.729288970698272
449.1289977329447,149.48034604094008,5.065130297694876,4.740019734048312
450.2876324696166,149.0928594917071,5.063719676189529,4.743039881901434
451.2954425432282,148.5476535678642,5.055514222820407,4.7525361252042195
451.6855214471711,149.0837455989059,5.047551720084561,4.761425490330674
451.68938117603193,148.53886953016595,5.03983226236294,4.769988066993576
452.3886164264013,148.99740341830207,5.031598485564885,4.779744773348495
453.9370844244597,148.14316276625945,5.024594804774801,4.788763304004052
454.24985754628,148.05950146584007,5.0171682244258875,4.801555989019939
455.33457169911645,147.12920121708987,5.0123675254824445,4.80676139503802
456.41770340660486,147.20350783928814,5.010832779478006,4.812771626996679
457.57856652148206,146.81788385078858,5.009525109436923,4.810546750758026
457.03430116660746,146.66516514330328,5.0155837700248345,4.80670643739681
458.2686827203657,146.1274767443016,5.021588524640661,4.7993722957173475
459.3496224892065,146.67149478837266,5.024821619350562,4.793892523770964
460.50746732478507,145.82388105344438,5.028352863673632,4.788357988942067
460.2748567605985,145.98001677024232,5.0298270276377375,4.785251198285476
461.58592866330616,145.8300713178403,5.035138004395849,4.776029775774987
461.81429179174296,145.5253664970013,5.041891072438693,4.767466984231092
462.8156564663932,146.06962810131526,5.047180284510949,4.760184539419253
463.66167108850385,145.53349245652447,5.053882766134371,4.751444730736024
463.96842721572887,145.6141465738983,5.057955479746605,4.744532738003939
464.89121498406547,145.6957748492419,5.064581922301941,4.735626352252433
465.50479332278377,144.54323361366949,5.071923254887415,4.726025054605803
465.5780470667714,145.31930560563572,5.079690125646456,4.716624658015467
466.7306655477375,144.8612739465296,5.088145921214043,4.707210873227753
467.8071282086871,144.32626401315585,5.094418514562061,4.697631782351583
468.42268270754556,144.8695079643864,5.096700420871989,4.6903609209139425
470.03939934338814,144.25581580306408,5.099235630531352,4.68499534590353
470.42190771697517,144.25881592854284,5.104458134647153,4.678995094946028
471.42516319356486,144.18030212308068,5.100385319923533,4.681989002912199
472.2696412119197,143.87689919352658,5.105626277353499,4.6727232277878
472.9586017638035,143.34266241047996,5.1132733930561125,4.663532623182027
473.4956547319595,143.96101384406415,5.11664048577205,4.658227503474097
473.956799385335,143.42511286988645,5.117706801669769,4.652781225406005
475.0331860705745,143.96718781222947,5.118446991192907,4.645388120721024
475.56845891680683,143.3557626271402,5.12391370905634,4.638510021953235
475.71980267626884,143.82103908388095,5.1286090682891725,4.6301057429424555
476.4861681329848,143.28754992209056,5.132182275848745,4.621671181829106
477.1747938791361,143.2907385244259,5.1368932422973845,4.615293977158462
478.4774263322829,143.14079385622372,5.141516352313751,4.608137664585164
478.1699683507721,142.6065601391645,5.1425106862944325,4.602242247882132
479.4709205242157,142.99408110132583,5.1484352582304655,4.5942088290957415
479.77394045882704,142.23073620029,5.155856949888484,4.587244728965668
480.6934341724901,142.30983134352724,5.157301535335034,4.582423776888981
481.3040745554808,142.313909950847,5.1625383049286295,4.57426656224943
482.6053091081883,142.23963639597176,5.165583202077376,4.5695481424373225
483.13815723348114,142.0135813279244,5.172548071547319,4.561946369936788
484.287293005249,141.63305549984238,5.172632210192481,4.556879465373856
484.59309639934173,142.24796068164125,5.173601126168114,4.552220510098325
