468.20001220703125,151.10000610351562,5.699999809265137,3.4000000953674316
467.8373744732088,150.102712926082,5.709591580129006,3.3994793889682176
466.69268680305714,150.67075238139202,5.722294919005248,3.4017364790617637
466.0480052428145,150.2399079153931,5.728987130068602,3.408311471444992
465.11584707601577,150.87961213260272,5.737819810957254,3.413468642747323
464.9679332098472,150.44852670056974,5.747751708555054,3.417952002595389
464.3214733552431,150.01508099041348,5.752129818344605,3.4258156899621253
462.73763164955767,151.09026454872364,5.7656917925096325,3.4259859168911824
462.87370932543286,151.16317559327618,5.78068379153734,3.423737503175126
462.07545887559485,151.59530364637686,5.795840694972376,3.4220326676505746
461.20916564399863,150.94786008583387,5.80096755109563,3.4213250834347058
460.2027135180068,151.44737851338328,5.797603332726564,3.4304224635121847
459.6264537022832,150.86556307502485,5.7971393885037426,3.4410697645589625
459.1191913930143,151.43899860111807,5.801592537602646,3.4485661060168242
458.2516180789198,150.93065997098978,5.802874445236979,3.4538222792831283
457.5961132493116,151.50740669690876,5.812515267065291,3.457101127345781
457.16285726711493,151.0684786953665,5.810255763371191,3.466185662342934
456.0766783060088,151.6421122484993,5.808888570778777,3.4782386173064856
455.6407502542893,151.78219860697908,5.810156378943305,3.48826199877169
454.25884607727903,151.19860496332842,5.813531299530868,3.4931615246274847
454.25524175236774,151.70349153510585,5.820739949353423,3.501320064894884
453.66686761127755,152.72488501537129,5.832179012510684,3.497824237654424
452.495611859582,152.57962390789936,5.842291451092708,3.4967965694971417
453.43988714556303,152.36052772067433,5.85054571581766,3.497264750865545
452.0459957955735,152.36007867081824,5.86359207331423,3.4981628505777036
450.79818114396625,152.35917389471263,5.873006054161381,3.499972402788954
449.6955370464475,152.57843133317542,5.882016663515045,3.500713043000106
449.02983788944044,152.65218309509905,5.894330006370664,3.499774515948255
448.2954594523632,152.79455454920375,5.895764725938687,3.508496038656124
448.2893089586358,152.0604577472403,5.908065713393468,3.507681411153277
447.62163959854274,152.35401377277373,5.919774896456429,3.5088491543634457
446.07334158228457,152.86621387483075,5.923832722484182,3.515295019078822
446.1482042452768,152.71243500911368,5.921540320225885,3.5279869030608833
445.63169456224864,153.3708573065325,5.9212676004977975,3.539660704231799
444.8947827066579,153.3654989471928,5.917030106112473,3.55037742291117
444.8967238871071,153.28643563084128,5.913147745214088,3.560580201225474
443.8639216518633,153.28146301255197,5.906218889169237,3.570525437804148
442.3052393030384,153.27843460302023,5.913430520043331,3.576582256867598
442.0849553569373,153.4210401549372,5.909062550982542,3.587995060542288
441.493972471747,153.48976720073628,5.903515540069305,3.5989800666059235
440.233020185934,154.0797521957665,5.9002173036061905,3.6073408097639317
439.7906296949118,153.55507106214725,5.893201255096669,3.6162732080228137
439.12445018614216,153.922108977063,5.887454350795704,3.6255895569914354
438.5318458064636,153.39731773605914,5.882668680952161,3.6339269134486605
438.4535885869303,153.76901445061773,5.890365154081504,3.634623314017915
437.7863163720336,153.2446863709491,5.884409029795492,3.640667931293381
436.5166796802111,153.91251489458026,5.89141090672202,3.6456252111172245
436.36219822342616,153.46628334362995,5.902084038096177,3.6432189664306014
435.7649572892149,154.2850669789235,5.902455879428633,3.6475529830922713
434.6450879804141,154.20602043113797,5.902063029409086,3.656303980821919
434.12273323693705,154.1285129032846,5.900390234971433,3.6618358534727347
433.45340894221295,154.12345938854966,5.893079134106203,3.671942882942601
432.92936390411825,154.1179787917409,5.893888653636039,3.682904076560065
432.4045394012786,154.11250505123851,5.89488554280142,3.6938515575648725
431.732850480908,154.1075040345035,5.888210437499983,3.7038535910349077
429.1017882755512,154.70461979694517,5.8977542299115475,3.7102119217634346
429.7721460782753,154.1748881142436,5.909944937953281,3.717414821118951
428.6453997598673,154.7724926378987,5.904050079534751,3.727212437933822
427.8935141139479,154.69137006569562,5.90080336101354,3.738755781303959
427.36295458659083,154.68551893187993,5.905997009070382,3.750458048935361
427.5926957341605,154.6802332634344,5.8998747586852085,3.7610293858264123
426.08138026669013,154.67514803477954,5.89840133565021,3.771199843136129
426.61056518865144,154.67063595364485,5.899503889111291,3.7802240054055143
424.64374257348186,155.19471254694267,5.893615327333298,3.7927145320721083
423.5073853652002,155.7958073969308,5.891714988441657,3.8036527016718704
424.57189815659973,155.25963557223392,5.887821349650366,3.8134303790617468
422.8279351722586,156.01414764074167,5.8820483189451105,3.8234058069973695
422.0641815202691,155.9358254088443,5.889757678909072,3.828070476390597
421.97970726058935,155.78462599720385,5.906532989050439,3.8261228812352686
421.0663652800579,155.77905634483213,5.904509777148757,3.8372621859786977
420.3777889097798,155.77604761562174,5.908732805062359,3.8432796443994883
420.44999765598453,155.77404918347605,5.917026745926629,3.8472765086908622
419.8348093179956,155.8498353050356,5.924183583229161,3.848606745406163
418.9175672486937,156.53697595557708,5.922283742893894,3.8516134285275703
418.53594328665275,156.68837267729697,5.92026342455616,3.854927282055619
417.9997293370727,156.68807800662933,5.921141107952441,3.8555166233908733
416.7752463344343,156.6808198050898,5.920481612295007,3.8700330264699274
416.69777056726207,156.75428631936418,5.922099478292932,3.87643366626777
415.850106956264,157.13939715394037,5.929316111821936,3.873534991873154
414.84516634003904,156.98438879270432,5.943377613605017,3.876502525011836
414.0675776533097,157.7530650148804,5.9607046566080495,3.87700041111531
412.8299556129635,157.90886478267552,5.9710967400322135,3.873507375183663
412.6679489023794,157.91103781190196,5.98680849088366,3.869161316730747
412.5057725347525,157.91314310085082,6.0025335026670605,3.8649507388330364
411.34173632273945,158.14096483520677,6.0134175774183465,3.872744939976097
410.48457166205003,157.36729550664361,6.025249848502252,3.8723590059251465
410.0159525369882,157.52268638725394,6.032828385368636,3.871463815790256
408.84767532756234,158.0650472225628,6.043755005060679,3.872035118113695
408.8407416117248,157.5994471360816,6.057622436735811,3.8719450042090644
408.753508124464,158.2232429281053,6.076668217202568,3.867722972599962
407.11391466868463,158.4528432176056,6.087505475425272,3.875429486933091
406.48653146635957,158.7591132818479,6.094857571992492,3.8865965124899122
406.0085086692994,159.070511239003,6.113561655882221,3.8886949383335403
404.82901468435705,158.36523780084994,6.124470256348671,3.890394192988726
405.2953607021111,158.44164474335557,6.132159957910595,3.8943105974891643
403.7180356683938,158.67848430846755,6.1485925158085415,3.891364093695699
403.3994574002231,159.22251476434175,6.157319452351336,3.903054981594796
402.2918799420253,158.66467629272336,6.1684036834191245,3.9166965821676225
401.81159217923295,159.3754993955736,6.182012841410255,3.9154999278573466
401.8884608888705,159.3680612085789,6.1862867268872845,3.9303763018467546
400.85041438544346,159.447384594041,6.2041653135384145,3.9300537170919814
400.2892070446311,159.60380758302267,6.216476080094164,3.934380286291244
399.1731945314646,160.31451616341334,6.224701323489936,3.942548700255215
398.53588103456525,159.91061126906374,6.226507493685593,3.954845474202506
398.4484154619637,160.78655260471916,6.242103237465422,3.9556522185471437
397.3278513164837,160.94118396391553,6.249080253970094,3.965553967933739
396.6829618645983,161.18005713234734,6.260040624244016,3.967364581131386
396.6013982451894,160.45578780797226,6.263121271811411,3.9754839086274245
395.95465114259054,161.01394317495283,6.274787067081165,3.980773033353236
394.66925283805483,160.44605855259564,6.277718173951624,3.9931011208546296
394.7456405719032,161.00230647699001,6.285684415246411,4.005797235007222
393.4578618693281,161.3186821870553,6.284069295442137,4.017338946115287
391.6743316065497,161.80454332379102,6.303804168103062,4.013069123433577
391.74460454157816,161.2425201267664,6.324724399953603,4.006852804130392
391.1729625395215,161.80555436631596,6.336282564606794,4.012510164491406
390.84158431546774,161.72624290172348,6.351268186078197,4.0091903870173455
389.7788605022296,161.64649029628674,6.369269479185996,4.0065843414778275
389.36695103157047,161.72718203197334,6.381404673244035,4.007537619556674
388.7110191170575,162.29746309172558,6.392995597877469,4.0047142913956035
388.619976399622,162.78547821470235,6.4124210195955555,4.004644124359767
387.63865457968774,162.62262071532263,6.419675944727768,4.004461003996501
386.98652602105744,162.12889791650616,6.419498205082109,4.013580458949805
386.24457607258495,163.02798238447454,6.43455634745461,4.010662556379505
385.99275357552705,163.18999236471583,6.448059440279884,4.013403863423972
384.76095722375624,163.75823091354565,6.4572279092057,4.022324741918317
384.59096851082336,163.43039536486296,6.4693755931770465,4.02233635549485
383.85226777870616,164.08023526086924,6.469908849646386,4.035428303717898
383.1878606828017,164.07975714439613,6.48413043618547,4.036384536664137
383.01724990621835,164.1579128581398,6.496246960593051,4.0446256235563665
382.108572829074,164.56419143598922,6.500012151395016,4.056427087624228
381.28106333158496,163.9868874202357,6.503771888341706,4.055153638509306
380.3763467106378,164.64456938996955,6.496437175723914,4.061075484141311
379.14321835821386,164.47320199763013,6.4854367449885775,4.0735093174090595
378.97155165923255,164.388915622901,6.498381105851407,4.076887548317424
378.4735242253111,165.37880238380157,6.5017684079226274,4.082449158059437
377.56719915107044,165.45455860506172,6.492945886589406,4.0965251400677625
376.99366987319996,164.7861354823054,6.48015810188135,4.1078327107815635
376.90718301356156,165.28122531394558,6.487441448327481,4.111795284485151
375.83367788550663,166.0207873471652,6.478198282155951,4.125462048856032
375.25126162347465,165.9340507424305,6.4813388858713745,4.132979269704242
374.75365327327546,165.9261991326755,6.479783331156743,4.148682489214268
373.6734516675073,165.9184134290104,6.477403446988416,4.164253896544457
373.0054398947467,165.99817111220943,6.4806874369512375,4.171330974591166
372.6714860886507,166.07592461208978,6.481555682456048,4.182583816502313
371.9149222638438,166.15517804693994,6.4920366645359415,4.191037687639082
370.8238957299481,166.8238196698682,6.499723464939146,4.191825990944504
370.2347991745862,166.81722530706477,6.50620546329351,4.205014716551333
370.22833291942294,166.89567057645885,6.51913797362012,4.215828785692077
369.5527381640504,167.22937176026736,6.525695945839781,4.220742187337729
368.8764223894065,167.39473592882976,6.532253534332547,4.226532340411667
367.69759505943597,166.8824591711707,6.531549769520241,4.240360816549775
367.4412564428986,167.05017588202128,6.53820399746277,4.242276064936745
366.42927683530087,167.46633020370217,6.536490438737433,4.253997744041912
365.66906555949015,168.05128550439915,6.5361302647851955,4.2669181514275
365.5041128153104,167.79196351603304,6.5276640566679225,4.278004583444539
365.0017597569713,169.0570412044436,6.516909018514875,4.286502093701632
363.4851505180665,168.3716067514318,6.504103032727682,4.3035823492378
362.89685893967817,169.29477016191018,6.495477680445774,4.319726042516049
361.4610417115315,168.8617637130394,6.48638819561732,4.338467192868779
361.3793434367924,168.42742561428298,6.480155634687541,4.35899783834171
360.61576683728936,169.1846802824288,6.478422645570092,4.3733746901736374
360.0188765425574,169.26046873497535,6.481582144313855,4.391886512326279
358.8233532545022,169.4264243814952,6.48642203676174,4.400861888381188
357.87847367864504,170.53663864589677,6.498865700173328,4.399078936663058
357.6142911787234,170.87984856701854,6.514762003065823,4.39595069035393
357.6958860719516,169.67702525859445,6.522582577845973,4.407452249891486
357.3517468708154,170.69925807277454,6.525585344121273,4.41881352952224
356.2381862770216,171.12025753691523,6.522523299553127,4.434577382839256
355.4678760836977,170.59507319968858,6.517233761375419,4.454339440742268
355.03578907957063,171.2755992139434,6.521330448551774,4.469411125957161
353.83116437005253,170.92131501881852,6.5180047665678345,4.488672344486879
353.1481846706232,171.08621019058805,6.503200940698878,4.504072807129723
352.4631284079898,171.5120325557316,6.492299937519042,4.515561532121767
352.6388477456138,172.0267331774625,6.486165200563007,4.522072103535908
351.9562697353426,171.41657019367616,6.469986349927972,4.533730058828182
349.9632241712325,172.11039506523628,6.485935273890054,4.526999343275945
349.3663951547216,172.1898100626154,6.470379993435935,4.540914107585635
349.37031430635636,172.70445447239388,6.462541690166406,4.548061611980951
348.9404836623944,173.30953373899612,6.458508954282966,4.5470747121067845
348.16874896975395,173.21895041347332,6.448024416200695,4.555579816112086
347.2249177272184,173.21087050040452,6.4366113976282096,4.571739642249671
346.7923514095401,173.29236347111035,6.43805977424296,4.581490552586406
346.01846706260716,173.4596295501167,6.429553929956677,4.592797180829781
344.7260220023679,174.05902208408125,6.419792475955004,4.604849514324784
344.8103266488426,173.70686988875096,6.42421042957434,4.617044918710574
343.51403100390024,173.43996523982202,6.417379671552533,4.630969806987157
343.34353570118174,174.7324532752554,6.4115298150242666,4.6472972008602165
342.3023557659013,174.38183482641492,6.410691667063893,4.654134759034211
341.95994234763174,174.7249597892034,6.400720748619775,4.662682588440601
340.7499238122521,174.45812311658264,6.389118710003262,4.675290410244497
341.0176874259673,175.32095381229504,6.374749411064201,4.686822113790587
339.8892186698892,175.9258665510013,6.373714133469709,4.69282813855155
338.8448908647651,175.48949643959517,6.3770942894354,4.696703588746079
338.1433200953213,176.18575119456924,6.3891330798752755,4.6952968272456115
338.1392161731137,176.0108083563523,6.397340924290463,4.697087143374949
336.9146950603291,176.00772819152584,6.407559117703535,4.70324747302789
336.3085083217721,176.26447433165254,6.398726940130625,4.71312904478322
335.6859738741864,176.70293788131727,6.4223952601141345,4.7086309277307565
335.06167733697174,176.53323856227766,6.447587291414343,4.698486410630277
333.8235449003326,177.76203479426647,6.474026125870251,4.690719985475008
333.1100462168846,177.4137425326914,6.498934170757137,4.686259847620612
333.1040032521422,178.03032848952316,6.511020100241972,4.682046875819249
332.57529068470717,178.120867404159,6.514368342304102,4.676648528682218
332.3177762808597,178.29487777502942,6.502472864894214,4.679910643677968
330.6399673487511,178.4756054581523,6.523309368135159,4.66948489437702
330.8097997233271,179.44668275634731,6.534962663125384,4.659579540769237
329.31719173141283,179.26994475805878,6.533746879088932,4.661710623479873
329.317081795171,179.70935318425296,6.533966751572461,4.6613394459185145
328.0809684213593,179.181552338252,6.54658455299138,4.662823018118431
327.7271255795065,179.71168032175026,6.550662912070198,4.657978038062041
326.13227792005557,179.3604307715904,6.574450259925741,4.656942033704782
326.3916669712797,180.0623785033787,6.58435228508125,4.662860243738175
325.7628501221007,180.5966449859149,6.6066674819681825,4.653171708498024
324.8792231872459,180.14898485645628,6.607402513179825,4.665232548166278
324.523669385914,180.94172665132118,6.6110625600132344,4.671505959054855
323.28387428322344,181.11503794184648,6.612363230804604,4.678924740088517
322.3120098763006,181.28445360166666,6.607302881367014,4.694418722863294
321.50812749219165,181.37818649065068,6.618995178271172,4.684294330596801
321.05648075822734,181.64914656674017,6.635531175790786,4.6744286606632075
320.8666691619186,181.7378089237731,6.6602764557054615,4.674542902948753
320.1492949499611,182.26870331848187,6.67250508916772,4.679643956370686
319.43643586744776,182.8007075419431,6.6735512752343045,4.684139493668225
318.53839190135176,183.06746920518808,6.687899242095474,4.68513815677757
317.91553770825334,184.23055270460145,6.684756200613468,4.678266666497052
317.5587445123672,183.51803367438106,6.68535690253994,4.677333347246249
316.8528335544872,184.0523964573377,6.6712580760499725,4.678048338020455
316.14652191746075,184.85297725995554,6.6595708214915375,4.6792360774724155
315.8818993963652,184.31838730453882,6.655170633105545,4.681125527151614
314.6358045431402,184.49372298273266,6.6575109068452525,4.686146946865377
314.00873861730895,184.66995741227277,6.665890526752431,4.689607296858152
313.91581672657054,185.47477336107696,6.673585919512272,4.683310897702778
313.2132315598729,185.65057997644075,6.653469474026313,4.688019361695458
311.5148426841378,185.83124839123346,6.669494132937185,4.682551278695285
311.7755204492386,186.1030044746251,6.682397980065115,4.673298489241566
310.89171181482277,186.99518347043352,6.6687275533378925,4.670228193183652
309.91069287451387,186.9994096937483,6.674178924558672,4.661775746554088
309.47334517070334,187.2634927676722,6.659802666768264,4.667052597953115
308.68286991569937,186.63852867761662,6.64159537210514,4.673191374431179
308.0552740450429,186.72699447825696,6.6542153819543755,4.67377002050245
308.1492171992913,187.16434806368224,6.644039669139685,4.687615828062304
307.53584055817703,187.33532306891288,6.626297215262177,4.70123602791701
306.12192759226826,187.50681898018493,6.61026430824106,4.7137265602277
306.1258798187036,188.12784477245398,6.602359855370443,4.71560441866957
305.42267948679796,189.28015132122985,6.587837127374389,4.7199918328046255
303.65341015727995,189.09792101980105,6.577022634560808,4.729517120477296
303.21294294859626,190.0726217813451,6.5706546167442195,4.7321809547935905
303.3097245683753,190.59770772591466,6.554499152261752,4.746455716108055
301.8958127883281,189.886265869002,6.543963492540263,4.750159820025422
301.7236200861603,191.03607821180935,6.533751917664731,4.7554154992827735
301.0221371886363,191.03247666086006,6.518878823698258,4.762618601181398
299.86796223277986,191.2961885895308,6.524638125019787,4.766561807776356
299.254352352782,191.11283844521643,6.510936395161972,4.778713099304105
298.37555160312615,191.19879623988854,6.495880007176091,4.784063298689659
297.7583569169796,191.29079659982463,6.490395890999735,4.777187362884553
297.763525554665,191.73181050212918,6.480058615628932,4.779803252991378
297.0604772228257,192.26140166527927,6.471638948372562,4.781508174892459
296.71335972455245,191.995090941223,6.459015879910844,4.783986074248828
295.7457685680963,193.22831693086295,6.452002779018631,4.78941916708371
294.8691063709176,193.13512912462056,6.439871548898958,4.799249217120809
294.15925653244375,193.04785328403946,6.447395514043899,4.79727893430766
293.62756577313405,194.3763313154194,6.45115199365343,4.789385469072552
292.8431919095835,193.75587196834832,6.431111069811113,4.794579656925413
291.42667680490956,193.75937604342502,6.44314514728338,4.787571506771995
292.0375610306284,193.76381562836676,6.45604089621796,4.778692336888516
290.7224022209475,194.6425599618475,6.43988939851868,4.785516414634444
290.27296973756756,194.2075378395221,6.457267188548284,4.774073482554959
289.65621699290347,194.82715240423624,6.4561529537032065,4.769464077299984
289.48018521050153,194.39030490402132,6.455652949055591,4.761750154101173
288.60011023461095,195.27548580834215,6.454325172566651,4.752866073729512
287.98471164328436,195.89299259149573,6.45324852344028,4.749726339201952
286.66867870423874,195.45328339885674,6.44660221004902,4.749573993985776
286.7547756618055,196.15852169926794,6.450218958408987,4.745582701111877
286.14050601374265,196.51206105878117,6.448156962324261,4.741704720491394
284.82250519250107,197.04194369084965,6.4485794593479255,4.736171114538182
283.5067328769149,196.9522651334318,6.445809736288352,4.739907272425065
283.685649551486,197.21372526360486,6.439256679899806,4.74390745120943
283.2534865473847,198.0017999555608,6.425551874399593,4.748213531962618
282.0276048327255,198.00388254381966,6.420756918242095,4.744048355444939
281.32894840863287,197.91540844498127,6.415451161078613,4.745669227453081
280.89742275753264,198.70051258376355,6.4021363060591145,4.752920032884444
279.4954384123907,198.61266874121006,6.403072279298672,4.753418173176145
279.50223432431176,199.83431655943932,6.389480455456554,4.763089636309141
278.8899260268599,199.2185439370461,6.387952434750255,4.7684902654853945
277.5753662335536,199.82951383463515,6.388642363201383,4.773150977449264
277.66134045653183,199.73813011200502,6.392009317266694,4.780603022687757
277.13579487203816,199.82296780987812,6.390169161845122,4.786416181009707
276.1685206098836,200.26170537010356,6.393605762047915,4.786719207879891
275.63934270059315,200.87579946533,6.398284196411343,4.787821299014054
275.1991842328109,200.87237918672403,6.400090456987429,4.7946618562260195
274.31261196473736,200.6970837902972,6.41481985845215,4.793569622143213
273.78113725187904,201.045060694581,6.421482266827645,4.801807158469692
273.3463776042237,201.83246634333238,6.409581592150591,4.813551806944922
272.37521846915035,201.56973742160287,6.412655947197754,4.810124946285871
271.50021330518564,203.0607313536357,6.399809482039734,4.824993630469083
271.32994157771503,202.61174977357615,6.387686759313648,4.841291346419855
270.2732935693626,201.98871182708382,6.384007726574459,4.852465127228818
270.10350590633783,203.39908132344087,6.370501205862697,4.85638090860485
268.8737358948517,203.65954202310616,6.360457171937789,4.8646560928951255
267.8165556640018,203.30740127149758,6.358250036092523,4.863415063597253
267.9887277204833,204.01612507283667,6.366559359752508,4.85658120741131
266.6713122899255,204.1906316937115,6.356260118839291,4.8602519792654695
266.7629620498892,204.7178522749284,6.349205369747547,4.863279441846241
266.14366486018844,204.629306492916,6.354494267448011,4.8641845084852084
264.8262154225238,204.80143247888316,6.345163736198036,4.8724964574281
265.0038514718273,205.42068075317732,6.342441792704311,4.867925451736591
264.0340497791314,205.95052049638073,6.344295951705908,4.8652000888153655
262.71891641444586,206.03346733712786,6.332419322591284,4.875449297886778
262.80520807740857,206.47153627288748,6.335964636970527,4.8799546278908315
262.2770756992027,207.17172860814668,6.334692298842032,4.88961941675933
261.13694713161306,207.07890087869842,6.321824802621432,4.8988806732404715
260.34440897087256,207.16536573504288,6.31976507354884,4.902299410613087
260.2647779435978,207.2488158707606,6.30265449807446,4.9117717692015495
259.3837141637169,207.68493497364915,6.3021297337393865,4.920859725472906
258.8542190361658,207.06370287538968,6.302689817005625,4.928488721516413
258.23263265584035,207.33095481417683,6.310098988291832,4.923597810812678
257.7884854242641,207.94663632509483,6.315536321029219,4.928234771558065
256.46686056272756,209.0096218917632,6.307836199453186,4.9230235139405885
255.6745039898141,209.18499761140816,6.303801989549505,4.92532704259076
254.79467430081246,208.39133541830515,6.298428836488608,4.9241221508390955
254.79142202439965,209.098197922304,6.304933389314211,4.921609002876058
254.080659234261,209.09913034425608,6.31477825929217,4.919744158971885
253.47017852810768,209.1832471470289,6.299677669355109,4.928090839461047
252.15282257922556,209.79930037882363,6.287112850569186,4.931380176928303
251.8098863810137,209.88404222867072,6.267599760446823,4.938242848870646
251.8190124260285,210.49566142548156,6.249347670417266,4.948119210516714
250.5794353810777,211.3800341578194,6.263939697885711,4.939775219007554
250.40948017521134,211.37914427413207,6.251593890062634,4.941554986382235
249.18118711127073,211.81776832143555,6.2446283097348125,4.944146787564252
248.47900482049099,211.64392380828897,6.241765855365747,4.940029054875259
247.77664957981256,211.7288148473381,6.240134792414737,4.946039669815486
247.68645706943033,212.43482567098377,6.244654537077555,4.940940231337178
246.98784317011302,213.3130457736078,6.2350685224989215,4.943017292605646
245.84519066083448,213.31634317708964,6.235771553161847,4.936422485641969
245.84787367468584,213.4018494995835,6.230405525459122,4.941052178020222
245.32523922799595,213.6634723581454,6.2218626842115405,4.944712328210145
244.275403990691,213.3976143500281,6.214767581074058,4.949736950007896
243.5775200782227,214.62093769127281,6.206242766317649,4.960602386981154
243.30681137226983,213.74634837686506,6.220913893697954,4.953960067378529
242.1660481332755,214.274063670031,6.2183497139485135,4.952725169233461
241.5527332830668,214.97490523358607,6.215499756278691,4.95616165136587
241.46144390155865,214.97308412908635,6.222426515295221,4.95980386036529
240.4923601873921,215.14600409629992,6.226604208424231,4.9655984232479495
239.96311970756904,215.76434891082712,6.229233598974861,4.9607356248049586
239.17517707940968,215.58733882208892,6.221688604286314,4.962882413168658
238.5550590892874,215.67845703940102,6.230933533880735,4.956501842923024
238.37452470868092,216.29684397007728,6.240214159341469,4.9509864567032205
237.66843708205565,216.99826972278936,6.244815202451985,4.955709161419076
237.58174437067964,216.72991970718513,6.2421067190612245,4.964127474199213
236.61456819808282,217.4349479354776,6.238380068182833,4.963583014757525
235.99677257734407,218.05193513413306,6.241109901936241,4.962470025170689
234.67595747591594,217.96115821690506,6.240537582842644,4.967877024830041
235.03678395222013,218.48629707024375,6.223787747274797,4.974953993713488
233.1803509397519,218.92599633639077,6.238894354766002,4.975974370334991
233.17067831024468,218.30911140358194,6.258239613780395,4.975420760278536
232.91021209970947,219.01552270126862,6.249313730129613,4.975553644161878
231.57955178250143,218.92826443069524,6.263362303125813,4.97358538121399
230.6059732393704,220.25899098202527,6.267169770271944,4.962154486439279
230.42804733903785,219.81825983817896,6.269939667241964,4.960912014894154
229.44838955834888,220.52599186956752,6.287059973734627,4.957953592033567
229.35810504812974,220.52727163053288,6.290851676934964,4.955394070102869
228.20651817046613,220.7916133735184,6.295706185123634,4.957091948856113
228.20813939172677,221.498609886392,6.292463742602287,4.95826435067846
227.59138180200898,221.40864431609756,6.287923293290359,4.961330401446244
226.35311819147523,221.93889696056053,6.28861522378567,4.96189737990843
226.52827649133323,222.56063453155085,6.292028983420664,4.956478495656373
225.28875820901942,222.3861131167112,6.295453590897919,4.951862474314203
225.46894226414733,222.47302532303274,6.2886991865540285,4.954844914627093
224.14380298382116,222.73814736510337,6.287698976394573,4.9548565846481605
224.1450386538172,223.44465075931956,6.2852276364024595,4.955744166886066
223.35057468483552,223.5356945381209,6.283735153594361,4.950369989369085
223.17429606215424,223.80275534328445,6.2830859197044875,4.94605809792076
222.030437197043,224.42089013954933,6.276001321451301,4.945451297647068
221.23370196838454,224.598735676362,6.281827202056462,4.942570129957698
220.88003992770498,223.89820590981103,6.283361987335805,4.93205107090016
220.179477491348,224.6894294527166,6.274087786971968,4.9363029423015385
219.5652665119955,225.1261848309649,6.2689204178939075,4.9439274199357275
218.95247452087804,225.8284567067526,6.260601793894184,4.949558075485633
218.25381993354878,225.73710522402263,6.248024050768475,4.956025176222589
217.5530719059482,226.17513404828188,6.240334555076349,4.960708497012377
217.4609432473039,226.6178074709789,6.248485497684526,4.955893525020437
216.66430098175698,226.35725430949404,6.256391891346693,4.948540468846277
216.0464933539215,227.85925158913204,6.258923044186271,4.939178730732275
214.7193327645647,227.25078001152724,6.272619968509798,4.923830567226585
214.80595827854546,227.9593775490563,6.275370857177945,4.914650825205636
214.27814798961072,228.049862312344,6.275622674358485,4.909576092078381
212.954225508185,228.05509477575387,6.286225533200492,4.899111165258656
212.07108613429196,228.23245128176998,6.294423389258274,4.8960143315720694
211.5398596401862,229.02849735450582,6.3015781981258465,4.886869455116228
211.53613164078504,228.94426493991762,6.309034196928175,4.879490738800752
210.92183483429955,229.02937566720544,6.30676652505946,4.885106610630789
209.60429861221496,229.64263828077532,6.303427118013541,4.889840247391446
209.69607700422583,229.1982280635155,6.295790491675369,4.89905989349327
209.42995777386494,229.99095357990325,6.300168502705346,4.897190209793113
208.55027718029513,230.07425576616657,6.299629885504919,4.906575817700437
207.84222551564324,230.24721169521163,6.30665752702156,4.912932881557145
207.84408418345623,231.04291856383563,6.3029401913955745,4.908627052012165
206.87910913971095,231.03650696066504,6.2944874302406175,4.921450258353349
205.38505512211893,231.56172543314577,6.285533656497816,4.928799834189566
205.20861349067195,231.20737241876654,6.285856380164447,4.932384784493379
204.40858873242468,232.08873622500576,6.298814622575678,4.93309192099641
203.43506484737063,232.0857551149023,6.303776965065944,4.939054141203328
202.99599550360563,232.25890404778625,6.298285360240528,4.94620839237758
203.0876692659097,232.34437027762243,6.291696151402202,4.95203424847505
202.38009849256161,232.96182799214685,6.292820627006517,4.954383756631608
201.05841321716227,234.28568218063475,6.284078455418788,4.958788102042194
201.1458366464325,233.57957000985542,6.285976820371946,4.957050655651652
200.61902235552978,234.2876307567222,6.27912898529509,4.954897717761247
199.4716308511467,234.28170254866194,6.27803057343664,4.966754133881735
198.769570749146,234.98327949753912,6.267895077330035,4.977855936235437
198.68080425522763,235.7775631512352,6.268621172786068,4.980550660269278
197.7977600442472,235.865819353662,6.266092175159195,4.98089999737445
197.18284045043768,236.3093718228515,6.2581307520443605,4.977938352376841
197.1809434381776,235.6969165565168,6.261924776564538,4.9662386086780845
197.00363843397693,236.05583353213467,6.263480984505481,4.954512258363128
195.15718510938123,236.75694292706018,6.252819404778759,4.9631766033380975
194.71432198906788,236.67113087200624,6.256857072266289,4.958462998818128
194.62657489988905,236.76195653269122,6.25602818020854,4.953134747863606
194.0105306546514,237.37821339584008,6.254549470822114,4.954188221427595
192.5973985551904,238.0890026067569,6.261320271780006,4.9423564985760216
191.97457005121072,238.09134720292505,6.274067787782251,4.937667306239767
191.1785378617279,238.17959172809,6.279892005067003,4.937427162763312
190.64397443148619,238.27153705951073,6.291013992329453,4.92987064545866
191.07654897979614,238.54049738650428,6.3077724962457635,4.921094551793335
189.75075975344583,238.98476295423225,6.311923914898285,4.915039094353387
189.83585646690364,238.81034515105833,6.318190590203483,4.9109544962596425
189.13224136425717,239.34123078942758,6.313505323596801,4.908119823445798
187.98841359511016,239.60914013805728,6.30832887520538,4.901416200036896
186.92802207686057,239.34892713740314,6.314910156917849,4.893291762648535
186.92995216882318,240.05150519384435,6.311049972992615,4.897350128637441
186.04682189015665,240.58298514632898,6.315721648710876,4.8913435526370925
185.34162583211557,240.49689818073878,6.317053842201436,4.887384993493529
185.0770272306274,241.20069382163896,6.317985880792659,4.888500816720206
184.37342831804074,241.46338231029625,6.3162173360906,4.891486228108864
183.66134803010613,242.17154391082002,6.3312388189042945,4.884302120116841
183.22058046110206,242.343523428237,6.3314997337998165,4.892852774527908
182.5132408218445,242.87371092125775,6.33499419046082,4.890866404877048
182.33264727170152,242.34862068867844,6.34334304130148,4.882532121699777
181.36001614072876,243.14201720163513,6.348086079774711,4.88343664226372
180.38595231899427,242.79132901555602,6.354735801670212,4.878821042940742
180.02550543722174,243.14979343301266,6.369532456234891,4.867989317007837
179.57647770240834,243.50662889568184,6.38472064684044,4.860612214886458
178.78910056919278,244.1276773264175,6.369312058361862,4.855308685011507
178.8745019308466,244.30982552615598,6.374872565091442,4.843738745608958
177.37880884061855,244.92557649555621,6.369852296469581,4.846051227017093
177.29136090137848,244.9268639612921,6.368527773281077,4.843476295545308
176.4940688636647,245.019323018851,6.377688230311354,4.834716360249443
175.78971174459224,245.72587627456323,6.377163855363765,4.830848461917475
175.61681233262573,245.37360399161713,6.37079533102928,4.831058331274679
174.82107938789707,246.16970703704854,6.378350934613071,4.822762526285352
173.5058270051246,246.3431828665978,6.3693101409287,4.827750275084105
173.50536032610103,246.95724612145995,6.370243498975785,4.831017416828555
173.42465784046726,246.6910220278246,6.3556675180849505,4.83552274762398
172.989212158497,246.6001334429375,6.3473975038069765,4.841467641754464
172.0303876230793,247.03549718271242,6.331211814080828,4.8497559624599145
171.33314790278354,247.73532885407616,6.320159972349476,4.855623902055296
171.3384424850571,247.38141950162,6.309570807802318,4.8609690344061365
170.64440863071377,248.69258937318622,6.293287880340047,4.871786734052965
170.55828710532194,248.07830566881623,6.2900596077607345,4.872054879251818
169.77721229713737,248.95214539805036,6.27337192250917,4.878639089250926
169.52287339046612,249.03517305711676,6.256214199520884,4.887862283228412
168.2973619635545,249.564518929184,6.254910052172955,4.880167825310166
167.25545859629776,249.73373851995873,6.238463211936957,4.891770906218961
166.55936890918127,250.08312909849792,6.230976730991118,4.892822676729968
166.389652390202,250.7824319093052,6.220688217123464,4.893103262420372
165.6076134200476,250.78219581808492,6.212395201891091,4.893575444860935
165.0872647388345,250.8675862236134,6.205560846752364,4.897383253398125
164.30449265722476,251.1319466603076,6.200192463264596,4.8922998955788
163.69307939756888,251.74688709761193,6.20235135191052,4.883086651635948
163.60815640922007,251.74911859218085,6.197932839059307,4.878623662498091
162.99889200834548,251.7530036484344,6.197591162763523,4.870853549991035
162.12985178951993,252.01754724259825,6.195742800917996,4.863745001512334
161.35557919778438,252.53918071482943,6.179646280495789,4.863572526312188
160.65964647549916,252.9767302877756,6.182712227219149,4.856473066574191
160.66267288215084,252.45801073836114,6.176659413915811,4.8527231298143185
160.0628845415538,253.93383524277107,6.162590489776248,4.848499162519049
158.7632008307694,253.4177729587616,6.1655479591756945,4.8420597496702324
159.29063601169236,254.106158107965,6.148885346316683,4.8495664499126026
158.08642739497458,254.53916362048545,6.13668099484074,4.848063133768756
157.39749358036943,255.14700952792083,6.13302649311342,4.841203183468363
157.30718084161367,255.15352405236285,6.141129058291,4.828174134584295
156.1053691185592,255.15428309693814,6.130658306354906,4.8266560454337295
155.07182344092456,255.6754078665429,6.130745145234127,4.81790876441914
154.64080864649628,255.07650701971207,6.1322268073835415,4.810943360690837
154.64229399460902,256.02686056172143,6.129256111158024,4.802445955419656
154.04527248571094,256.1121226647884,6.1204506914677665,4.803757240355235
152.92712182021063,256.6315831532486,6.124364942647073,4.795168761813915
152.93031911161174,256.63371365310513,6.117970359844827,4.790907762100845
152.07147694879882,256.72539808216516,6.120901958834305,4.779014176644435
150.7920212639646,257.4130016625355,6.10991256258285,4.7744207577276185
151.22289808241985,258.2720753468215,6.10357870119664,4.7671129402040915
