561.280029296875,156.08599853515625,6.401000022888184,4.408999919891357
560.3477097058917,156.10073840449715,6.418078735500751,4.396592744434235
559.2329916111398,155.42645174692035,6.443178484962361,4.38865132725412
558.628049382294,155.68624709117827,6.464384869380231,4.378494098712811
558.6190013722708,155.86241492496688,6.482480889426693,4.366082949261812
557.4179069275875,155.09227792096328,6.504266168702907,4.376097493639741
556.2193719887813,155.1802115271725,6.514015112056362,4.370753205096919
555.6219059678269,155.2632937817047,6.514880807215391,4.375169602711079
555.1007262172498,155.34438274412383,6.53323676357224,4.383658935339045
553.1233033680859,155.34956171744903,6.553141271434733,4.373300988688662
553.1186655159744,155.34390736606176,6.562416975657786,4.384609691463175
552.4327658086719,155.33540662354696,6.561903285111411,4.401611176492795
551.7427376423149,154.90156379110923,6.567449293148654,4.410227888445314
550.7079706974497,154.72687301970993,6.572499541197718,4.415528824297069
550.6953114779333,155.4113799323591,6.597817980230403,4.424149405268018
550.092285190692,154.97222842735368,6.594771887218891,4.438810509925894
548.7037349321487,154.36328216864305,6.605057465021619,4.446221491410405
547.4928374097847,154.53030891887977,6.602000188225538,4.4585754654404335
547.4021695571818,154.70199090002237,6.609973192201527,4.461936905614711
546.7112892188577,154.95569867488237,6.603425835358766,4.47513686845383
544.8902596291445,154.34139817448386,6.598649354614829,4.48812598252734
544.1873304537546,154.43237296268234,6.614090054604985,4.479978612479029
544.5265725808141,154.52344670332278,6.631204752738418,4.471730869261228
543.4798371371552,154.5200563684284,6.636428111212295,4.478511539049972
542.3429381385787,154.17021795699316,6.645473190168101,4.481341310167501
541.7350242612129,153.6451274460898,6.640536786001928,4.485153052919132
540.4251010852618,154.33904471930305,6.644626109265546,4.492388921766516
540.2472395084935,154.0736726086514,6.6512184624168125,4.499436942491912
539.3747363505368,153.8946998498727,6.648409121430621,4.507819328669382
538.6725545014057,153.62810329061296,6.653746761274441,4.516377675282054
538.0567389682576,154.240004369188,6.659674020696503,4.5182793250063185
536.7447557567555,153.62738933592976,6.65532013121466,4.516959912362523
535.5182524126755,154.06349388599028,6.656452265721088,4.520420295689223
535.5108570165636,153.2744404775437,6.6712430579448405,4.521652286982993
534.9720604292781,153.27986374996988,6.696127035152993,4.5108057421306125
533.3025007887799,153.27466182898718,6.697966893280651,4.521209584096
532.7730672370506,153.18302119151616,6.701754352540781,4.52864425167166
531.4511826739079,153.00590288527613,6.70511901256176,4.530826935316454
531.4464104964469,152.82866933175276,6.71466336748351,4.533066379899924
530.7455918604979,152.47305712593828,6.705943186309777,4.539112064992997
529.341642116055,153.08414371046183,6.693624163920617,4.550784494628771
529.2496565485902,152.55290050813392,6.701323687475296,4.555641231034861
527.9296315188099,152.55234731800687,6.694352113519153,4.556747611288972
526.7789143870767,152.55090816658304,6.702828146298779,4.559625914136603
526.3391520020962,151.9328415723558,6.699568841762306,4.5598613982947125
525.1995073086958,152.11087564312848,6.68420733283154,4.556816471477244
524.7544166973423,152.11171070875986,6.693240216333919,4.555146340214472
523.703953155689,152.1091939509373,6.678109939940036,4.560179855859587
522.9133605902962,152.02345362151746,6.673553703829897,4.555467029488687
522.2053005838951,151.67154447817384,6.681299748635038,4.555098332177405
521.8543240836029,152.2934274562265,6.678623214509485,4.5444340618141705
520.3508600352772,151.5970751903886,6.694565387612115,4.529615805937433
519.8156506168331,151.77954449798605,6.70937525364642,4.516546847693797
519.0293208625392,151.07687169806448,6.698566049874876,4.514364703217585
517.702990774024,151.34781904060506,6.715095373791427,4.499696188759205
516.826540428279,151.6171383730847,6.710523148776825,4.488299398751242
516.1261467878994,151.88466980940703,6.707396638626434,4.479704197697743
515.6857468436709,151.10181908863996,6.711699475660127,4.467710946670258
514.3739919183174,151.1939478878307,6.707737322976615,4.4586181485148195
514.2825382640445,151.28497358739307,6.715690550232395,4.4515208306798915
513.4062467167731,151.37770966234194,6.718717709539474,4.441004274305702
512.7041194790006,151.29545990739138,6.724363130654892,4.430677652403123
511.3067661909881,151.21078156756778,6.723244551854599,4.425295259873735
511.036601455639,151.12739978030302,6.739676001673891,4.417426160776858
510.41899201529424,150.95737639479162,6.751656648540721,4.407976293564626
509.80905493746917,150.52043118041283,6.748136212288358,4.4080134423919235
508.49459097569826,151.2220923039496,6.756287347711865,4.4024388156481065
508.4073706496394,150.70129141233718,6.755980176521027,4.395553659021232
507.5353326864349,151.3984548502846,6.75377192587438,4.398254124770899
506.7414624936436,150.79122472552348,6.769749412327874,4.390232119414973
505.3458612723958,151.31265778709053,6.765013438969087,4.395842902226292
505.17102289426936,150.69782099295404,6.765152751465854,4.402135437353107
503.768734383753,150.87261071886803,6.771717809289067,4.4023074809262805
502.89087204674667,150.17133849576118,6.777671660613137,4.405035268989118
502.013476010498,150.43388847270697,6.781345061677152,4.405270916527582
501.3103146695469,150.52036478026008,6.78630064605159,4.407489188612322
500.6909012803942,150.78045076809192,6.798152013576658,4.413163817568771
499.28972158472345,150.77738024453336,6.791638212328609,4.419304864685891
499.28532918999406,150.77784950222852,6.800423001787367,4.4183663492956
498.31923761109886,150.77535876415973,6.800176706542871,4.42334782543316
497.80073515370054,151.29709303344646,6.78265290296952,4.434408005229712
495.86560490516706,150.59695919469357,6.788035768558846,4.429265634925481
495.6090270161107,150.680977385775,6.774177581060026,4.436900574633113
495.52453629530186,150.76610358454457,6.767568430917627,4.4422387688540566
494.1995250365388,150.85807423102415,6.7838864091633315,4.433877778513573
493.41314009132714,150.06270566172597,6.77548292723036,4.44344154475371
492.8007995953617,150.1494794559578,6.770129903668913,4.445613101360385
490.8580326855927,149.98072670942616,6.790814747210231,4.431768687514815
490.76505352643466,149.63245561610418,6.801018328282813,4.425291925184331
489.88237743145254,150.33363134532505,6.808372239075796,4.429339090079688
489.27400770584876,150.1532778453696,6.7932683832589325,4.438090859412188
488.82644113316303,149.54216251585302,6.808916917684903,4.429043063121684
487.41217184335494,150.24645257414096,6.821761922651907,4.428309733870404
487.40483883464464,149.89518325049855,6.836427940072498,4.426203359821109
486.24775720916955,149.28440419427164,6.858093066258119,4.4133394050940336
484.921502750097,149.98987896451848,6.863762554893551,4.414037560338839
484.56655832224953,149.9905911623626,6.867441162093236,4.412613164650643
483.1451810695594,149.99559908590388,6.8848536033569285,4.40259731756806
482.4372033513341,150.08531805967675,6.887390660131604,4.399836667481788
481.72816581384774,150.1724721157019,6.892112654981574,4.402197690446847
481.0224983864058,150.1723659277531,6.8892131030589425,4.402410066344415
480.4038878070134,150.26008405260058,6.889258181344659,4.4037132567207715
478.98613653772185,150.2614989055879,6.8965703251831005,4.4008835507461415
478.3581570795155,150.26746974460858,6.914760794347287,4.388941872704773
477.02699329217666,150.26773923416982,6.9236399453959425,4.388402893582286
477.0251459196628,150.4442771005858,6.927334690423638,4.389367926060878
476.39345857254517,149.6508325993987,6.95106674436791,4.3824306766324215
474.5350649781323,149.73835539632813,6.943911536947241,4.384715673071001
473.83399203063976,149.82888711303843,6.927962531968244,4.380914102145912
473.21094696909444,149.9211105093939,6.935334829194927,4.373426998844164
472.2332126021518,149.92682343337296,6.9444132914761765,4.36200115088603
470.6311758565493,149.93407003211956,6.964486956445726,4.347507953392819
470.0133846496353,149.94016641654366,6.961448387924003,4.335315184544632
470.0057410742131,149.94560108638447,6.976735538768414,4.324445844863039
468.7574459903159,149.95256673828786,6.998940797478928,4.310514541056238
468.1304261818829,149.9583285424811,7.015106332494073,4.298990932669754
466.7936509696103,149.96043973850445,7.0353584601146775,4.294768540623055
466.70403738574333,150.0498616703936,7.037468175303615,4.293042129389829
465.9902545535011,150.31718894307397,7.04807503336112,4.289747136439226
464.38923624475547,150.58556246143303,7.060107175855235,4.2846675122206905
464.03461831187843,149.96497370352924,7.060078146809625,4.284631462128798
462.69566716837835,150.59155448675483,7.078252669859734,4.272676185520994
461.9750470174888,150.05872971044712,7.100417122608316,4.27401885136353
460.63890906026546,150.67764141190113,7.106636932740564,4.280354963802203
460.55069102340855,150.32496064135745,7.105136544926013,4.273970658776115
459.75923219784977,151.03510298675374,7.087795625234523,4.276138030924881
458.86384861081245,150.8649091074763,7.102713813911114,4.2613559924001425
458.05162168471657,150.78106037052967,7.129147929807124,4.251495717816086
456.6161304840139,150.69782747767337,7.155576331773241,4.240176878563759
455.2753567678545,150.6158033861618,7.167327601760349,4.226238650764773
454.5663504275175,150.34766381801225,7.1619364895553606,4.22874136473429
453.93237581545475,151.06367057185844,7.1846719198850435,4.2198293356655645
452.5984121910752,151.06792717585043,7.181478521686831,4.211316127681605
452.59035668006965,151.0718858598163,7.197589543697961,4.2033987597498745
451.4266581640475,151.07659337801448,7.211136635624251,4.193983723353471
450.80407529302687,151.07462675942108,7.210091936815842,4.197916960540277
450.2642196673631,151.0750578431908,7.221316109984412,4.197054793000837
448.83803500804726,151.0745382942591,7.221955647907853,4.198093890864235
448.7511317885002,151.16540682126507,7.217501885380708,4.194617038473635
447.49955599340745,151.16823689343462,7.226760281890666,4.188956894134478
446.52567436972436,151.52074413690957,7.214580197508212,4.19664907327503
445.18539924924903,150.81043698332158,7.223235919337084,4.192252970252762
444.48121875458094,151.2510091923414,7.206154982604902,4.202009756005877
444.400933003072,151.6037893297715,7.188634420739608,4.20881774067827
442.88082592840493,150.98764630316808,7.2037454348296865,4.19547309113756
442.6223302802534,151.52052775814704,7.186899875497869,4.197383892449474
441.29240586746255,151.07767317044244,7.1808291305193945,4.194453211005318
440.1463594453728,151.78683578351416,7.164274681599208,4.196834011384853
439.2679592520802,151.6090948609379,7.147247078351116,4.197550258570724
438.64479775840033,151.4369157029248,7.153575506693589,4.187624414877685
437.32256426992376,151.25737561405433,7.142020845222933,4.192568374162128
436.60534979913297,151.96938488697603,7.160608207440923,4.184391407682414
435.81214978494853,151.96900094140213,7.152948137955154,4.185159298830222
435.1073049384455,151.87874557149016,7.146501213940163,4.188652961526522
433.78446264247066,151.87996137857255,7.137478553402632,4.1862213473617675
433.61628808296507,151.8751572106609,7.120216925755433,4.195829683185062
432.0300384671674,151.8750888414206,7.111908974626488,4.195966421665659
430.7127030505469,151.87307599361097,7.09772382067395,4.199992117284894
430.1006815004928,152.5737073013413,7.086633291034726,4.210310792964396
429.4761540511893,152.1299489375005,7.100488324560119,4.215541902730643
428.95126091701127,152.65105196898952,7.08976595116847,4.233844481500405
428.6894491188559,152.02523678612044,7.082686556239683,4.247167867679708
427.3660764204636,152.1953541198536,7.074125128367982,4.260974110167575
426.394116215401,152.80735421252083,7.069661530372571,4.276854657273605
425.5138183103331,152.44478148481562,7.056987827001125,4.292692307281095
424.45931473604804,152.2671729752228,7.037136809118004,4.293099632057879
423.1166894234205,152.975954137352,7.065649240822111,4.292464344360011
422.22944599565176,152.88246203456563,7.06483552401278,4.301918492698045
421.52043431711263,152.87777500505175,7.061442323173797,4.311292551725866
420.7191082087036,152.8777491346661,7.064036441112873,4.311344292497142
420.640592550576,153.14044649703368,7.043243988131375,4.319420875471883
418.7694486840773,153.31980585307372,7.054889561520733,4.316001416687821
418.7777141558264,153.6700895429202,7.0383586180225315,4.326497080893426
417.9874803283389,153.043141265792,7.019564776445389,4.3365235822758414
416.92799393849845,153.57355351603266,7.007531914107316,4.34120190280404
416.2263515101564,153.0366922571773,6.990954519030869,4.350027731694427
414.81128921052266,153.74597456072445,6.98294437852213,4.35053049448823
414.28508855020175,153.74138360597217,6.971712288474057,4.359712403992791
413.0513521160784,153.7379221411363,6.957566814336816,4.366635333664558
411.8187173518091,153.82606219772038,6.942552515066148,4.367518351054196
411.7349864429993,153.91217012152862,6.933060826618128,4.372256009505264
410.94435616446094,154.0856909579466,6.922302770570205,4.37899625069693
410.24495469221864,154.52176301488262,6.906362263080375,4.391066794308915
408.9266129511634,153.89785474718013,6.890949093637343,4.401238225655626
408.7381797052247,154.25303943214675,6.914323904311323,4.397852218129105
407.32877589700746,154.86721992803277,6.900506001561239,4.408764891000306
405.9047936435103,154.51358930794075,6.916234517968248,4.407967133537591
405.735639005377,154.42069309698226,6.900070063902921,4.416522690288568
405.03572900712385,154.41597016396005,6.882786905150578,4.425968556332978
403.9706682376746,154.415607801873,6.888466286373903,4.42669328050712
403.44358309457107,154.4108971771185,6.879832371067954,4.43611453001607
402.561655114477,154.49480715322454,6.87206827875394,4.445456583054234
401.32805440994395,154.57869159553073,6.858447614837546,4.454889275083468
400.5375493630713,154.66270691500534,6.845065154526786,4.464013364362714
399.7438593008407,155.2819761395845,6.838490060727147,4.4652178627406025
398.95299941965834,155.1041686195518,6.826961753612729,4.466777776255008
398.24200746405796,155.8169351066398,6.83390113815357,4.456289328739033
396.65615558945916,155.81047027963461,6.82302684882406,4.469218982749377
396.1273712706577,155.81008094289666,6.819422394836961,4.469997656225302
394.9860422616953,155.89295346930703,6.8034067377253304,4.481073655330448
395.07354612109066,155.89478555726535,6.805164053975344,4.477409479413794
393.38458163014775,155.9899301030499,6.825214991214391,4.463850811247223
392.66754862761644,156.0850609618341,6.844836344241649,4.4503946751831975
391.95653948302987,156.4459227353924,6.8518495304584475,4.436173679544763
390.6195018197008,155.83413125672334,6.8747712802550485,4.422551634347464
389.99057543751246,156.63506954048609,6.89460621013859,4.412412282598778
389.8012682841786,156.63656992332514,6.919245758732064,4.409411516920645
388.46884230759383,156.72595417730076,6.924506333194937,4.407949100883194
387.3101033430534,156.90887819816288,6.936299460446176,4.396821797901984
386.4130076522399,157.35682452429208,6.956984194377789,4.387682469491295
385.2588771572658,156.82298760520786,6.9576538485469355,4.390314152684702
384.2719760960724,157.5390776147483,6.978283745380027,4.378623024915536
383.7273147749729,157.0987951307475,7.001564474195606,4.3708197317641995
383.18624603649704,157.81561856225113,7.016357922811587,4.3602982398711685
381.84469338641503,157.82155570686567,7.0304369433610185,4.348423950642059
381.7577588300466,157.99802487171485,7.026360145267328,4.3513774426047584
380.4155058939575,158.535555383011,7.04184614235376,4.343924370049138
379.4313801497085,158.17837417371317,7.051651195463548,4.346124448503702
378.80728668062835,158.88900319323253,7.052271293631833,4.350657083741583
378.0040304496558,158.80228884247543,7.054000639396588,4.345776550124594
376.49774953391085,158.88468457128587,7.036260799789646,4.359238131979937
376.59272680751513,158.88006946219414,7.02452066777343,4.36846835016341
375.2614004676362,159.41643525572542,7.014262291066109,4.364901185686938
374.46443441874834,159.06023260376762,7.006365096973857,4.3653823598834895
373.1356043106549,159.77775943358486,6.995957764609663,4.353298059476258
372.34669006117963,159.86726231358523,6.976169206327328,4.351805305834699
371.73030009168696,159.954590744387,6.968602146289906,4.354340872663065
371.20450838192716,159.95986203397962,6.957454057143395,4.343798293477799
370.24138225168946,160.13512265397898,6.939141889759295,4.346834222180826
368.2821855069505,160.2101102231304,6.942854730912502,4.345076387778522
368.2913388780328,160.91009951300413,6.924547988747964,4.357753084326244
366.968818183264,160.9919735776878,6.921778007517171,4.37052571301014
367.3309413104282,160.98612336055274,6.9043048138048055,4.3822261472802015
365.83831935857256,161.15578644961104,6.886876994626083,4.396155465974208
364.6016513822093,161.41282175533834,6.887814330811654,4.411884558064092
363.90228175481,160.69783888925,6.871538769578225,4.426835474208808
363.6455316982276,160.86666742604226,6.854390494142758,4.442943993024471
362.32657562574354,160.32685488822,6.838883191054127,4.461201289446227
360.51121422069457,161.6433515268529,6.856854754731877,4.460607484154216
361.0380040359534,161.46301273841433,6.8666323372491025,4.4668326566863925
360.3347857384486,161.27752579542573,6.8532556500408415,4.482853222109158
358.6341633564663,161.282855461249,6.881183067268848,4.472193890462616
358.018890073607,161.36285606480607,6.8672395438450975,4.489976981797392
357.67156312939727,161.3541753335357,6.850407134964718,4.507338444338144
356.3461234615039,162.0577186430678,6.832665288882125,4.523516455604165
355.4632034698974,162.7638057173436,6.819397094000926,4.534628849528026
353.72344131622924,162.64088554326466,6.811512122678675,4.541404158049362
353.7303776655968,162.99364283721727,6.797639423943511,4.547450701206862
353.11575083142907,163.52779126980565,6.782418277626663,4.545846534303481
351.24494564537673,163.445448194706,6.795972038656934,4.533006179213519
350.6207269675794,163.44658418977025,6.801789995820093,4.530734189085
350.7040214095692,163.44959638020427,6.812767887713318,4.5247098082169765
349.3784816891819,163.71110493743376,6.799372563978508,4.534587646659896
348.4986839926807,163.97546858703964,6.783023257931541,4.538643757162874
347.78530402743354,164.5955534979364,6.79045535143864,4.54038579273323
347.07998782232414,164.50696680109155,6.780634133108948,4.540002482854371
346.54625606790097,164.51085650978067,6.7836819826733485,4.532223065476139
345.2169180839049,165.04263164809996,6.782569554080616,4.532588147471527
343.9693979639224,165.4919185340901,6.795289935094041,4.520557182259675
343.87971088719934,165.40830431700792,6.797364196520029,4.51048572440384
343.17966297951426,165.5770381416212,6.78015108290804,4.527345307422796
340.88336917723643,165.42326702856712,6.796274220562879,4.519843715256317
341.6770403414248,165.6887493273635,6.804657340821511,4.5207876005420555
340.35394856796466,166.0390553553002,6.789172923434025,4.529953668484042
338.93065390623826,166.83783901769337,6.797936739226057,4.528663191756889
339.0229433635365,166.74521278518193,6.7908322464784945,4.536441234930788
338.4055428828375,166.74438047898937,6.783155320102687,4.538105847315944
336.81441003000646,166.82983434381663,6.77205846565605,4.5446071487785655
336.27728295930706,166.83110944976565,6.782212247068834,4.542056936880523
334.8495293168926,167.27592771691513,6.798352001804388,4.539722755735747
334.39654777996816,167.0991521509358,6.815992824491253,4.5379449872296584
332.9716030014115,168.07671619973695,6.819479848652563,4.5397186310318665
332.97201719004795,168.2511534138911,6.818651471379695,4.546808329035537
332.2666854063461,167.62327706263198,6.804615516718027,4.555948949746581
330.2963856544013,168.15595898927154,6.8285945149748235,4.5587543252763965
329.6801035125132,168.9500593340448,6.8121105699241395,4.576472787078767
328.9662964258956,168.94955308666914,6.811870609674479,4.577485281830098
328.34451263734695,168.94712140186454,6.805973439262991,4.5823486514392915
327.01303433153157,169.02977720991387,6.791626002632622,4.5955239718913745
326.4653839155155,169.74465911559517,6.815989728822689,4.593676301651582
325.1284791682834,169.74091337051993,6.807413984214458,4.601167791802015
324.23178246784374,169.74136371964192,6.812598766606467,4.6002670935580605
323.337182945476,170.27583493866348,6.812957956535302,4.604628568398939
322.7097505825186,169.73472512933805,6.815090481686196,4.613077729252152
322.53188347266706,170.44816989476882,6.81255672372453,4.619260109049548
321.28054087671,170.08772880082753,6.80646510816997,4.623348923369654
319.934552720425,170.89493302649254,6.81082593460871,4.621509763718369
319.92865979146194,171.0750029792915,6.822611792534881,4.619788998148169
319.19998266024265,171.43559407288893,6.845097627754442,4.616041024562817
317.6692944969054,171.16079944773008,6.852679818987343,4.626725427449689
317.3088645848622,171.97114056354593,6.853834199579072,4.625380443681184
315.95366678554853,171.96643738270393,6.865408395800558,4.63478680536522
315.9603452884484,172.0529878588904,6.852051390000852,4.641937584501662
315.4258775193898,172.58875482667952,6.839971711856926,4.651418865184571
313.06574357408533,172.58961224955527,6.876484845576263,4.649704019433041
312.0687298246013,172.77272563263148,6.883186867362539,4.6448091582227615
311.35169733282305,173.1297045723519,6.87176655949445,4.653593924494185
310.6219595198173,173.8538417479082,6.885966892509079,4.650594866378439
310.16208134288223,173.85639834607454,6.901605746796083,4.645481670045728
308.8860633978677,173.94868428145188,6.920004577701885,4.641883874942709
308.62354056228526,174.39887049462985,6.901476594081917,4.647467539894861
307.7209664409286,174.31079711813425,6.8965739415362695,4.642609203360138
306.63920259730884,174.31084682763924,6.889893593569663,4.642509784350208
305.9184024780136,174.40446275983666,6.885506079065433,4.636026389092216
305.2735022842778,174.67814548601905,6.911282611616038,4.6303854459792975
303.9233909159651,175.39813234446842,6.89846947933289,4.637364192498398
303.28292281672134,175.39679349394197,6.913860694461169,4.640041893551295
301.8337618530415,175.57875029126103,6.915091517996958,4.638264686891171
301.8343429621916,176.21784343054142,6.913929299696753,4.627478835503376
300.56174497994664,176.21693805415518,6.927076904201946,4.629289588275857
299.8476751461037,176.3022713145937,6.906509147919341,4.639711495394897
299.4045738075228,176.65928932345307,6.8879513759564865,4.649483836975904
297.40835103022727,177.38540478102743,6.902028117387555,4.643932490248955
296.9599274924073,177.47437330202058,6.8941015898346,4.646950168901215
296.4204777738054,177.56440683224108,6.887688064315036,4.647768602247505
294.7079195746481,177.74300411253373,6.877556481951441,4.652179092259898
294.07383378294264,177.56274703303544,6.880666083278726,4.651246970661126
292.54215056758744,177.2868792305181,6.871205942805726,4.660719063134001
292.36308831542914,177.46379602134405,6.867792229431863,4.668423699172653
291.00940731523116,177.99700130218173,6.862473234757929,4.687085535525286
291.01711359324526,178.62020017974345,6.8470606787297,4.7082088945036515
289.57128260285344,177.33999196664095,6.8396546586594305,4.731940819961558
288.9376481018635,178.24092666628738,6.836615831379572,4.744796891039826
287.36872654722885,179.24499980313615,6.830685122214753,4.762759564952784
286.63707324108555,178.6111215600145,6.8392206367064965,4.7575913406255665
285.8275579413046,178.05414265468514,6.8212418105241825,4.780209534121496
285.63836802336033,179.69377972157622,6.835638037824247,4.776787877635414
284.2711639103531,180.41622242652178,6.837753181622495,4.789125444926227
283.54793398590704,179.5826318654142,6.825104957102101,4.814809984552376
282.7184320218718,180.86078771188178,6.840519711253457,4.815192562157937
281.62921041577454,181.30928559424638,6.8246375992158335,4.8324990158588506
280.89349975496833,181.21741947831129,6.832814447890085,4.833325688611764
280.7970454097302,181.2206203211519,6.8426802402505,4.826924002930497
279.4175704781819,181.3055677926303,6.8553312067956975,4.840115653077133
277.8600069913939,182.04208347024098,6.851035450796178,4.83504793530309
277.6804846098178,182.86759328323572,6.843386370978485,4.834150602678109
276.3862644854264,183.3261073010076,6.866796643365708,4.833204701561321
275.2939336707814,182.95093783874003,6.848799697804299,4.849324101146012
274.5625377585887,183.76996398057796,6.843203991475138,4.863207789524209
273.92140867479213,184.04618802943824,6.839614504636285,4.861837257988711
273.8343289437609,184.41098458362174,6.83015835340568,4.866706602794407
273.009112951174,184.2240164014558,6.828616430715258,4.873537654267586
271.81226484776965,184.22488199582384,6.834969455885928,4.8718064655315185
271.0764931601705,184.9563449431593,6.836837005963445,4.878556395981409
270.3386782751534,185.872509398764,6.841675623376849,4.88471642554781
268.86284460477475,185.95987054113203,6.848965680790303,4.894017721020774
268.77201245175644,186.13626627703553,6.846342888894538,4.909800445078565
267.0180273037631,186.5000127087757,6.848678354189731,4.920335967006952
266.651082021275,187.1452408123328,6.843705726456003,4.922890347135152
265.63684561014225,187.13980562914034,6.840671594733104,4.933760713520004
264.2540770519909,187.31759889775964,6.833980770666916,4.947804568330664
263.86652677567014,187.96760090218842,6.869303097517239,4.9424124546077355
263.38586544829684,187.50592709838173,6.903668481209582,4.938802791166963
263.1937385221704,188.80821465478886,6.916216809882629,4.93616634341141
261.2226608431853,188.3514062140798,6.9523845515966,4.919786173339972
260.9441204035094,189.09383502554508,6.950634342838044,4.925144785370386
259.8176124051183,189.18969985126947,6.96758398029831,4.919753997198429
258.50301390266776,189.94009104110359,6.985690931280845,4.911023076912274
258.77774798271946,189.65939569869462,6.996131553294573,4.91250497961302
257.0001611174024,190.03145990588155,7.001752784754886,4.915650775591543
256.2645957583102,190.5919455352833,6.977240019094877,4.916412129671388
255.61018239925554,190.50294634374535,6.97988516851654,4.907813145791923
254.21619298880967,191.80792461935278,6.9704310796726014,4.908793976997075
254.12282108402312,191.622048414615,6.970806134005406,4.90780887599211
252.8234971439431,191.70701281707642,6.960439513732105,4.92423824967166
251.99623981729658,191.8868270758971,6.936703660952151,4.937554288935422
251.2521906827169,192.34896482186585,6.93414226809678,4.944941085757146
250.50212133956384,193.09792418688724,6.942958417220372,4.938344892896869
249.94690642166466,193.09808375004243,6.934747258657727,4.938025766586464
248.63820817940257,193.2874231020073,6.943795286708081,4.931968270724437
247.15087103994173,194.03277844242135,6.936904868164545,4.93203993862891
247.32659795871714,194.21868092315327,6.957940388363833,4.932724334915205
246.30256491613753,194.77470114944845,6.953688929709632,4.940129815314002
245.45021914025904,194.77765426480056,6.97869254376753,4.934223584609772
244.8775176948519,194.87427196879804,7.002617323403711,4.927901195144482
243.37285683217766,195.34620453039315,7.017209263567911,4.919889129824341
243.2776922579408,196.27788574587876,7.020279397836549,4.929116840903965
242.34191829913252,196.93408231366536,7.017250344897025,4.928927584720069
241.6787512415587,196.65768700746057,7.031722978206422,4.919491847770358
239.80653755319872,196.7471011220671,7.026714295341773,4.928135421536509
239.06005835502697,197.49240870401854,7.019362508238485,4.937830441080463
238.20214468647734,198.34108516619634,7.04690150558521,4.928765856477424
237.45496351625297,198.52703191071478,7.038429688579672,4.932580906804132
237.45953881646926,198.80775214846048,7.029279088147103,4.934508073077114
236.50984648391926,198.71474546485325,7.051836729109381,4.93283873787779
234.9197488908383,198.7141039419226,7.0360984758914995,4.934121783739129
234.3601940519818,199.27721055060096,7.028531699207837,4.934585020778941
234.2588722756342,200.0312469888889,7.043502577957611,4.927893535766937
232.8576961186531,200.21872034854573,7.029027285104303,4.928523830695411
231.5492107282305,200.87374948452657,7.0198760518644905,4.931526565776208
230.1456565379175,200.87010288335338,7.01461404477771,4.938819768122606
230.132976714088,201.24283149784182,7.039973692436739,4.943490986814223
229.37793851503943,201.90298743547183,7.0461093385702265,4.939127269522342
229.09582945012804,201.89677737925726,7.046287481329038,4.951547381951475
227.59130233212198,201.98352437650655,7.043806216971465,4.966274356226003
226.27619745020715,202.63621126236285,7.036046864872336,4.97988514247783
225.60061617950828,202.9229493309282,7.067475703405346,4.972009163717781
224.28086716030626,203.39382204577885,7.0626694272231285,4.974658132082982
224.57160597391476,204.14745899803194,7.0477414899113295,4.9781834006574215
222.6674787974029,204.71305776280553,7.082350790788227,4.979079386754255
222.0052756770286,204.61183095771122,7.082214091301976,4.992312576909339
221.34449685696248,204.61112871219683,7.0777153493981855,4.993717067938125
220.97044849433433,205.27195545962994,7.068245085923548,4.997805803351149
220.22308117419038,206.02566833068258,7.048452484615028,5.004907302842265
219.37597379785765,206.118849347357,7.040466271917407,5.007678710089281
218.71934962615757,206.8715554789232,7.030307135457236,5.014732138225966
217.21060116728225,207.05987838232744,7.02347515459998,5.016127443743492
217.01999731691828,207.8198052098096,7.026802718579997,5.007794335770777
216.06949157224395,207.8250429889686,7.039281619831687,4.997318777452773
215.20822110633853,208.39592420357434,7.0619959762225175,4.988774065187932
214.27254331401411,209.15077270847215,7.042626763772837,4.991656893071176
213.13880969081364,209.71578112585837,7.044170594840415,4.994601765965435
213.1346424619447,209.05428360470987,7.052505052578301,4.99530492616343
212.2002348545917,209.8073175987729,7.03095483029328,5.001529287630223
210.7747626567463,209.9960344691467,7.04970508884115,5.001721431834968
210.02588488073297,210.6521220237831,7.034661373743372,5.013245681296109
209.36004128812988,210.55715042769452,7.042914483217225,5.014126862654361
208.59405841295472,210.74597920121755,7.061268438784748,5.014872264303943
207.167618277955,211.12877441159108,7.071774991682705,5.007248168117313
206.96883502326963,211.88703849792614,7.09029160692429,5.006919571964075
205.64872228007124,211.87968012031314,7.0733219111685095,5.0216363271900875
204.88062751699667,212.06917824019231,7.091227857950157,5.022210982273625
204.41163202608945,212.82462024556602,7.078889422254613,5.031854039542245
204.02048456229605,212.82514051690495,7.101032187445702,5.030813496864354
202.68804782542705,213.48634869644073,7.100921574181344,5.040889181294009
201.64150036154467,213.38492178487985,7.09829258479888,5.053222648311483
200.68340670071836,214.62363490941377,7.1076426977215,5.054684770592659
199.8126808966153,214.43042199975332,7.13145018076259,5.059411895432419
199.33029438757632,215.19669422483184,7.139785390602641,5.057167938456091
198.46780424087896,215.7720323330077,7.142375244890295,5.05475201484241
197.03930496586077,215.1893998268464,7.128732548382746,5.0717605285474106
196.940977600513,216.33551641564551,7.1339374246194565,5.076925604455087
195.4996737346379,217.10140588861213,7.142339398903886,5.078056395836959
194.62611173972869,217.09995539578523,7.163627618528789,5.080957381490773
193.84870719967665,217.67625863556094,7.181400514596994,5.081128039966248
193.7442637175359,218.2527685563791,7.197886217177171,5.082515768537887
193.44587390577763,217.9695929664874,7.216645253356434,5.070846360983954
191.90006672794377,218.35476401656885,7.224023731961868,5.071563230086596
190.4526255858151,219.21553894975932,7.225584294093228,5.086006396981298
190.3485075659687,219.88802674538994,7.240670347460684,5.093080709997105
189.00635625301985,220.55722914119212,7.216045937875233,5.10913943613432
188.14294803605952,220.74592995542656,7.202378211708468,5.118512065462665
187.47565322779315,220.83473156085316,7.183624760234117,5.134243578610478
186.90440570535085,221.60855929207528,7.16626087190751,5.133066693781119
186.50920875954014,222.09490980890635,7.184545012024844,5.125502849499124
185.6522188665426,222.08748152650185,7.15990599344867,5.140359414308145
184.68720721120425,222.0882949482551,7.15941790776669,5.138732570801605
183.34242503549726,222.4792449342585,7.146744512399619,5.128900526446554
182.5772706625529,223.15762707050396,7.135747597833006,5.120778706854022
181.79540313716856,223.1582608632453,7.160578888749367,5.119511121371386
181.22538057698617,223.25099431402026,7.1443143150380255,5.126762502167457
179.9695262183919,223.92051627637687,7.152337269329301,5.1358570651681354
178.80501295858036,225.17304373557715,7.1670151230694135,5.1380132014740365
179.09521923055811,224.59539213024092,7.16596334525528,5.134594879863678
177.73517693663806,225.850420454557,7.1833748618908855,5.134163225921517
177.3615115485867,226.4250292186308,7.157486778998439,5.144773986266676
175.9150421066972,226.43044963732757,7.154119266472331,5.133933148873162
175.9191590696665,226.71691850551838,7.145885340533736,5.139568637668969
175.13811901376633,227.39423911115298,7.165360166181097,5.1347070517836295
173.58497436725918,227.39850958009893,7.182996911124458,5.126166113891724
172.91747614411736,227.7874543547199,7.165821946454266,5.1209459423376575
171.66026797071405,228.55812289518977,7.173561276074845,5.1221793335124
171.1803367441756,229.130778151413,7.168629620697811,5.134621751210601
170.41605776051702,229.12181464320005,7.152476301048191,5.152548767636491
169.64306895760024,229.31531729403332,7.153341855994062,5.151821478691864
169.07406838882136,230.08140499177708,7.132501985579318,5.164767427167766
167.81658279655213,230.07948553055573,7.137992455530123,5.168606349610459
167.81374212122125,230.26696537814925,7.143673806191859,5.180013307061265
166.94284551491072,231.03932407456625,7.144354860584038,5.1829511659862995
165.29955413326545,231.0330241983108,7.1411741589882896,5.195550918497164
164.63128812004794,231.3144453978785,7.121986998223575,5.213731028161697
163.83782476203686,232.08945054055033,7.159463218194154,5.2131712388696085
163.2641182117256,232.1816201517136,7.141430213633573,5.223073034073634
162.49866287484798,232.46610971604554,7.119302414456059,5.236483332759533
161.31626470374323,233.63227089845748,7.155934403276771,5.232325321324449
160.6466797380199,234.2072089578857,7.133591457714673,5.24946023990401
160.07035720034426,234.10596482061723,7.119575280121554,5.257504972283565
158.61249921532468,234.68183099276487,7.119855068001204,5.271947100852093
158.6170599545119,235.4537808477393,7.110733589626782,5.284873641614621
157.64173627267462,235.55110748942639,7.114618258565409,5.284896627714043
156.77276143005244,236.23321216999048,7.099946394999305,5.283837360105134
155.8883647256034,236.143342749273,7.118282771807252,5.269080975752253
155.20334303139714,236.5377151137499,7.126599167764174,5.258465956773079
153.8526036761111,237.4052529643763,7.1052891331352335,5.273754448863757
153.7527856328558,237.5051461237414,7.110513815771855,5.268379534007529
152.88601040105476,238.1833371730215,7.094438879443937,5.272817190948421
151.80552377876836,238.19303488011536,7.118870648947933,5.253421776760728
150.53834496889732,238.87812856958593,7.127526004504104,5.243227924688951
149.7633254585013,239.66041376870234,7.123571323576115,5.232651228176119
